2024-01-02,11.96,12.15,12.25,11.90,75725,91596068.00,2.91,0.91,0.11,0.85
2024-01-03,12.09,11.26,12.12,11.00,225649,254278223.00,9.22,-7.33,-0.89,2.54
2024-01-04,11.24,11.65,11.70,11.24,157599,180421674.00,4.09,3.46,0.39,1.78
2024-01-05,11.55,11.39,11.70,11.34,74020,84935096.00,3.09,-2.23,-0.26,0.83
2024-01-08,11.35,11.22,11.41,11.20,57043,64438101.00,1.84,-1.49,-0.17,0.64
2024-01-09,11.22,11.36,11.55,11.18,50398,57272279.00,3.30,1.25,0.14,0.57
2024-01-10,11.21,11.26,11.45,11.21,43630,49287716.00,2.11,-0.88,-0.10,0.49
2024-01-11,11.21,11.22,11.29,11.01,71267,79332209.00,2.49,-0.36,-0.04,0.80
2024-01-12,11.27,11.21,11.38,11.12,41282,46517226.00,2.32,-0.09,-0.01,0.47
2024-01-15,11.10,11.24,11.38,11.10,46709,52681510.00,2.50,0.27,0.03,0.53
2024-01-16,11.30,11.13,11.31,10.94,43048,47830056.00,3.29,-0.98,-0.11,0.48
2024-01-17,11.16,10.90,11.16,10.87,39026,42936226.00,2.61,-2.07,-0.23,0.44
2024-01-18,10.76,10.74,10.86,10.41,72928,77499627.00,4.13,-1.47,-0.16,0.82
2024-01-19,10.69,10.74,10.92,10.56,60054,64557872.00,3.35,0.00,0.00,0.68
2024-01-22,10.59,9.97,10.82,9.88,123736,126472965.00,8.75,-7.17,-0.77,1.39
2024-01-23,9.82,9.98,10.07,9.56,82984,82125826.00,5.12,0.10,0.01,0.93
2024-01-24,10.05,10.00,10.20,9.72,71623,71412201.00,4.81,0.20,0.02,0.81
2024-01-25,10.15,10.20,10.26,9.84,60605,61221662.00,4.20,2.00,0.20,0.68
2024-01-26,10.15,9.77,10.27,9.69,77225,76821341.00,5.69,-4.22,-0.43,0.87
2024-01-29,9.96,9.62,9.96,9.56,70625,68450461.00,4.09,-1.54,-0.15,0.80
2024-01-30,9.43,9.24,9.58,9.20,57432,54185802.00,3.95,-3.95,-0.38,0.65
2024-01-31,9.35,9.29,9.82,9.22,178897,170984602.00,6.49,0.54,0.05,2.02
2024-02-01,9.28,9.15,9.29,8.96,118932,108613657.00,3.55,-1.51,-0.14,1.34
2024-02-02,9.07,8.60,9.23,8.24,123574,107860872.00,10.82,-6.01,-0.55,1.39
2024-02-05,8.36,8.07,8.48,7.82,157218,127014812.00,7.67,-6.16,-0.53,1.77
2024-02-06,8.10,8.50,8.77,7.78,124550,103109357.00,12.27,5.33,0.43,1.40
2024-02-07,8.48,8.87,9.24,8.41,134760,119998231.00,9.76,4.35,0.37,1.52
2024-02-08,9.10,9.07,9.24,8.50,143186,128513385.00,8.34,2.25,0.20,1.61
2024-02-19,9.24,9.42,9.57,9.19,112303,105416800.00,4.19,3.86,0.35,1.27
2024-02-20,9.29,9.32,9.50,9.10,56825,52686547.00,4.25,-1.06,-0.10,0.64
2024-02-21,9.27,9.44,9.68,9.16,68354,64789997.00,5.58,1.29,0.12,0.77
2024-02-22,9.39,9.45,9.60,9.35,39100,36966039.00,2.65,0.11,0.01,0.44
2024-02-23,9.50,9.50,9.55,9.31,57520,54279817.00,2.54,0.53,0.05,0.65
2024-02-26,9.52,9.42,9.60,9.29,70425,66480976.00,3.26,-0.84,-0.08,0.79
2024-02-27,9.42,9.65,9.65,9.31,73342,69995800.00,3.61,2.44,0.23,0.83
2024-02-28,9.53,9.15,9.87,9.13,89822,85421741.00,7.67,-5.18,-0.50,1.01
2024-02-29,8.96,9.38,9.39,8.96,82734,76709477.00,4.70,2.51,0.23,0.93
2024-03-01,9.39,9.38,9.52,9.22,72656,67790678.00,3.20,0.00,0.00,0.82
2024-03-04,9.36,9.23,9.39,9.00,91354,83201926.00,4.16,-1.60,-0.15,1.03
2024-03-05,9.15,9.19,9.33,9.00,69899,64187516.00,3.58,-0.43,-0.04,0.79
2024-03-06,9.17,9.62,9.69,9.16,97001,91790771.00,5.77,4.68,0.43,1.09
2024-03-07,9.62,9.46,9.69,9.37,63285,60268495.00,3.33,-1.66,-0.16,0.71
2024-03-08,9.41,9.82,9.85,9.38,72294,69872875.00,4.97,3.81,0.36,0.81
2024-03-11,9.71,9.69,9.85,9.47,94182,90753703.00,3.87,-1.32,-0.13,1.06
2024-03-12,9.64,9.72,9.83,9.61,66146,64415119.00,2.27,0.31,0.03,0.75
2024-03-13,9.99,9.97,10.17,9.70,71370,70795304.00,4.84,2.57,0.25,0.80
2024-03-14,10.00,10.15,10.19,9.91,62962,63393656.00,2.81,1.81,0.18,0.71
2024-03-15,10.07,10.29,10.38,10.06,53556,54843050.00,3.15,1.38,0.14,0.60
2024-03-18,10.30,10.37,10.40,10.21,56665,58425557.00,1.85,0.78,0.08,0.64
2024-03-19,9.35,9.49,9.72,9.33,491485,462499966.00,3.76,-8.49,-0.88,5.54
2024-03-20,9.33,9.37,9.53,9.30,269550,253541405.00,2.42,-1.26,-0.12,3.04
2024-03-21,9.42,9.40,9.48,9.30,138688,130180032.00,1.92,0.32,0.03,1.56
2024-03-22,9.41,9.44,9.52,9.20,123931,116469234.00,3.40,0.43,0.04,1.40
2024-03-25,9.31,9.16,9.43,9.13,90543,84352169.00,3.18,-2.97,-0.28,1.02
2024-03-26,9.14,9.08,9.25,8.96,66428,60442606.00,3.17,-0.87,-0.08,0.75
2024-03-27,9.06,8.83,9.09,8.82,58932,52953253.00,2.97,-2.75,-0.25,0.66
2024-03-28,8.81,9.11,9.17,8.81,62596,56673807.00,4.08,3.17,0.28,0.71
2024-03-29,9.04,9.25,9.26,9.01,49487,45190557.00,2.74,1.54,0.14,0.56
2024-04-01,9.16,9.72,9.77,9.16,100709,96067290.00,6.59,5.08,0.47,1.13
2024-04-02,9.72,9.94,10.03,9.62,92999,91942141.00,4.22,2.26,0.22,1.05
2024-04-03,9.94,10.05,10.10,9.82,78890,78469182.00,2.82,1.11,0.11,0.89
2024-04-08,10.24,9.88,10.27,9.85,69428,69714432.00,4.18,-1.69,-0.17,0.78
2024-04-09,9.84,10.21,10.31,9.80,112133,113078630.00,5.16,3.34,0.33,1.26
2024-04-10,10.21,10.30,10.37,10.08,83453,85180789.00,2.84,0.88,0.09,0.94
2024-04-11,10.28,10.40,10.52,10.25,68480,71095086.00,2.62,0.97,0.10,0.77
2024-04-12,10.33,10.37,10.52,10.31,47679,49518075.00,2.02,-0.29,-0.03,0.54
2024-04-15,10.37,10.21,10.45,10.05,82721,84810735.00,3.86,-1.54,-0.16,0.93
2024-04-16,10.21,9.90,10.34,9.89,80855,81368381.00,4.41,-3.04,-0.31,0.91
2024-04-17,10.03,10.22,10.29,10.03,68604,69621571.00,2.63,3.23,0.32,0.77
2024-04-18,10.21,10.28,10.40,10.10,59126,60873680.00,2.94,0.59,0.06,0.67
2024-04-19,10.20,10.07,10.24,10.02,52147,52717880.00,2.14,-2.04,-0.21,0.59
2024-04-22,10.15,10.22,10.32,10.06,49207,50143663.00,2.58,1.49,0.15,0.55
2024-04-23,10.20,10.09,10.32,10.07,37949,38531042.00,2.45,-1.27,-0.13,0.43
2024-04-24,10.09,10.25,10.26,10.05,38893,39487318.00,2.08,1.59,0.16,0.44
2024-04-25,10.26,10.35,10.39,10.19,34703,35721806.00,1.95,0.98,0.10,0.39
2024-04-26,10.29,10.35,10.50,10.26,59594,61770804.00,2.32,0.00,0.00,0.67
2024-04-29,10.43,11.06,11.20,10.40,136938,150545972.00,7.73,6.86,0.71,1.54
2024-04-30,11.16,11.13,11.24,10.94,93645,104173201.00,2.71,0.63,0.07,1.06
2024-05-06,11.30,11.29,11.40,11.15,76193,85777767.00,2.25,1.44,0.16,0.86
2024-05-07,11.28,11.51,11.74,11.28,99473,114770963.00,4.07,1.95,0.22,1.12
2024-05-08,11.48,11.58,11.68,11.48,55874,64653206.00,1.74,0.61,0.07,0.63
2024-05-09,11.58,11.52,11.72,11.47,57702,66794460.00,2.16,-0.52,-0.06,0.65
2024-05-10,11.63,11.53,11.63,11.30,63323,72641268.00,2.86,0.09,0.01,0.71
2024-05-13,11.54,12.68,12.68,11.34,228292,280576930.00,11.62,9.97,1.15,2.57
2024-05-14,12.63,12.86,13.04,12.31,208800,266412048.00,5.76,1.42,0.18,2.35
2024-05-15,12.89,12.64,13.00,12.53,109502,139416681.00,3.65,-1.71,-0.22,1.23
2024-05-16,12.66,12.27,12.76,12.16,127789,158313802.00,4.75,-2.93,-0.37,1.44
2024-05-17,12.18,12.13,12.31,11.97,65846,79700439.00,2.77,-1.14,-0.14,0.74
2024-05-20,12.17,11.98,12.26,11.90,84726,101933431.00,2.97,-1.24,-0.15,0.95
2024-05-21,11.98,11.98,12.20,11.91,66701,80226047.00,2.42,0.00,0.00,0.75
2024-05-22,11.92,11.63,12.15,11.54,122933,143564463.00,5.09,-2.92,-0.35,1.38
2024-05-23,11.62,11.53,11.69,11.42,58555,67576887.00,2.32,-0.86,-0.10,0.66
2024-05-24,11.50,11.39,11.64,11.38,41198,47341330.00,2.25,-1.21,-0.14,0.46
2024-05-27,11.42,11.40,11.52,11.22,59373,67199395.00,2.63,0.09,0.01,0.67
2024-05-28,11.40,11.46,11.60,11.25,76555,87701520.00,3.07,0.53,0.06,0.86
2024-05-29,11.45,11.37,11.52,11.21,67265,76580996.00,2.71,-0.79,-0.09,0.76
2024-05-30,11.36,11.51,11.62,11.26,62954,72554509.00,3.17,1.23,0.14,0.71
2024-05-31,11.45,11.53,11.68,11.45,42757,49418771.00,2.00,0.17,0.02,0.48
2024-06-03,11.53,11.47,11.73,11.46,27434,31821921.00,2.34,-0.52,-0.06,0.31