MjAxMy0wMS0wNCwyLjAxLDEuOTMsMi4wMSwxLjkyLDIxNzk1LDE4ODg1MzQyLjAwLDQuNjIsLTEuMDMsLTAuMDIsMC44NQ==
2013-01-07,1.98,2.08,2.09,1.98,59416,52700195.00,5.70,7.77,0.15,2.31
2013-01-08,2.43,2.43,2.43,2.39,198211,196168013.00,1.92,16.83,0.35,7.72
2013-01-09,2.46,2.35,2.59,2.34,316238,317411504.00,10.29,-3.29,-0.08,12.32
2013-01-10,2.29,2.38,2.42,2.24,121598,117684441.00,7.66,1.28,0.03,4.74
2013-01-11,2.38,2.35,2.50,2.34,112477,110731215.00,6.72,-1.26,-0.03,4.38
2013-01-14,2.43,2.60,2.63,2.42,200300,202537336.00,8.94,10.64,0.25,7.80
2013-01-15,2.60,2.53,2.61,2.51,151955,155028863.00,3.85,-2.69,-0.07,5.92
2013-01-16,2.53,2.40,2.53,2.35,131655,129780020.00,7.11,-5.14,-0.13,5.13
2013-01-17,2.41,2.36,2.45,2.35,58478,57394434.00,4.17,-1.67,-0.04,2.28
2013-01-18,2.37,2.39,2.41,2.27,66623,64797175.00,5.93,1.27,0.03,2.60
2013-01-21,2.40,2.37,2.41,2.33,53331,52017291.00,3.35,-0.84,-0.02,2.08
2013-01-22,2.37,2.33,2.45,2.30,64740,63331180.00,6.33,-1.69,-0.04,2.52
2013-01-23,2.28,2.28,2.33,2.22,60754,57666590.00,4.72,-2.15,-0.05,2.37
2013-01-24,2.28,2.18,2.34,2.15,60425,56936045.00,8.33,-4.39,-0.10,2.35
2013-01-25,2.18,2.21,2.25,2.16,37401,34934695.00,4.13,1.38,0.03,1.46
2013-01-28,2.21,2.31,2.34,2.21,56497,53650030.00,5.88,4.52,0.10,2.20
2013-01-29,2.31,2.32,2.36,2.29,57648,55523042.00,3.03,0.43,0.01,2.25
2013-01-30,2.31,2.35,2.36,2.27,57719,55544505.00,3.88,1.29,0.03,2.25
2013-01-31,2.35,2.27,2.37,2.21,49689,47134974.00,6.81,-3.40,-0.08,1.94
2013-02-01,2.26,2.25,2.27,2.21,27218,25618205.00,2.64,-0.88,-0.02,1.06
2013-02-04,2.25,2.12,2.26,2.10,68437,62749506.00,7.11,-5.78,-0.13,2.67
2013-02-05,2.47,2.47,2.47,2.47,78889,78967678.00,0.00,16.51,0.35,3.07
2013-02-06,2.61,2.85,2.85,2.58,508132,548056176.00,10.93,15.38,0.38,19.79
2013-02-07,2.77,2.92,3.01,2.73,382539,422261312.00,9.82,2.46,0.07,14.90
2013-02-08,2.89,3.35,3.35,2.86,316152,379177776.00,16.78,14.73,0.43,12.32
2013-02-22,3.50,3.62,3.81,3.49,478791,623263600.00,9.55,8.06,0.27,18.65
2013-02-25,3.60,3.67,3.69,3.52,310966,403773872.00,4.70,1.38,0.05,12.11
2013-02-26,3.62,3.68,4.15,3.55,430539,587426176.00,16.35,0.27,0.01,16.77
2013-02-27,3.68,3.67,3.86,3.60,274721,363567120.00,7.07,-0.27,-0.01,10.70
2013-02-28,3.62,3.61,3.68,3.46,251272,323062272.00,5.99,-1.63,-0.06,9.79
2013-03-01,3.57,3.87,3.92,3.56,335375,450135712.00,9.97,7.20,0.26,13.07
2013-03-04,3.86,3.75,3.96,3.64,235137,316003136.00,8.27,-3.10,-0.12,9.16
2013-03-05,3.80,3.88,3.89,3.70,214046,287981600.00,5.07,3.47,0.13,8.34
2013-03-06,3.93,3.97,4.11,3.88,251957,350701568.00,5.93,2.32,0.09,9.82
2013-03-07,3.94,3.65,4.05,3.60,266560,357962688.00,11.34,-8.06,-0.32,10.38
2013-03-08,3.66,3.58,3.75,3.56,140210,183021203.00,5.21,-1.92,-0.07,5.46
2013-03-11,3.59,3.59,3.68,3.52,101221,130820562.00,4.47,0.28,0.01,3.94
2013-03-12,3.57,3.46,3.64,3.35,136941,172724047.00,8.08,-3.62,-0.13,5.33
2013-03-13,3.45,3.50,3.52,3.37,78984,99415547.00,4.34,1.16,0.04,3.08
2013-03-14,3.48,3.37,3.54,3.37,92198,115586855.00,4.86,-3.71,-0.13,3.59
2013-03-15,3.37,3.44,3.59,3.30,115890,145513867.00,8.61,2.08,0.07,4.51
2013-03-18,3.37,3.47,3.56,3.37,88140,111444428.00,5.52,0.87,0.03,3.43
2013-03-19,3.45,3.41,3.50,3.28,66439,82235960.00,6.34,-1.73,-0.06,2.59
2013-03-20,3.41,3.73,3.73,3.41,147417,190637577.00,9.38,9.38,0.32,5.74
2013-03-21,3.75,3.92,3.93,3.70,198249,267369552.00,6.17,5.09,0.19,7.72
2013-03-22,3.93,4.07,4.08,3.81,196465,272708560.00,6.89,3.83,0.15,7.65
2013-03-25,4.04,4.05,4.07,3.90,109787,153164579.00,4.18,-0.49,-0.02,4.28
2013-03-26,3.96,3.90,4.04,3.78,101292,138410457.00,6.42,-3.70,-0.15,3.95
2013-03-27,3.87,3.94,3.98,3.84,99944,137802737.00,3.59,1.03,0.04,3.89
2013-03-28,3.87,3.71,3.88,3.56,89586,118572712.00,8.12,-5.84,-0.23,3.49
2013-03-29,3.70,3.74,3.80,3.68,55234,73503465.00,3.23,0.81,0.03,2.15
2013-04-01,3.96,4.06,4.23,3.81,352924,492200576.00,11.23,8.56,0.32,13.75
2013-04-02,3.96,3.74,3.97,3.71,189737,258371648.00,6.40,-7.88,-0.32,7.39
2013-04-03,4.18,3.93,4.18,3.89,302607,424817504.00,7.75,5.08,0.19,11.79
2013-04-08,4.00,3.83,4.20,3.79,332242,463855664.00,10.43,-2.54,-0.10,12.94
2013-04-16,3.31,3.31,3.36,3.31,59241,72238859.00,1.31,-13.58,-0.52,2.31
2013-04-17,3.21,3.32,3.33,3.12,194917,233029531.00,6.34,0.30,0.01,7.59
2013-04-18,3.23,3.25,3.33,3.18,114001,137481623.00,4.52,-2.11,-0.07,4.44
2013-04-19,3.26,3.38,3.42,3.24,125326,153831519.00,5.54,4.00,0.13,4.88
2013-04-22,3.41,3.62,3.68,3.41,154151,196532852.00,7.99,7.10,0.24,6.01
2013-04-23,3.61,3.56,3.73,3.54,134835,175507594.00,5.25,-1.66,-0.06,5.25
2013-04-24,3.58,3.61,3.64,3.43,116677,149626076.00,5.90,1.40,0.05,4.55
2013-04-25,3.60,3.46,3.71,3.46,122982,159218073.00,6.93,-4.16,-0.15,4.79
2013-04-26,3.47,3.26,3.51,3.25,79290,97954611.00,7.51,-5.78,-0.20,3.09
2013-05-02,3.26,3.38,3.38,3.25,59316,72758130.00,3.99,3.68,0.12,2.31
2013-05-03,3.40,3.43,3.49,3.38,54992,68981031.00,3.25,1.48,0.05,2.14
2013-05-06,3.41,3.44,3.49,3.41,56925,71580386.00,2.33,0.29,0.01,2.22
2013-05-07,3.45,3.46,3.54,3.40,63377,79897316.00,4.07,0.58,0.02,2.47
2013-05-08,3.46,3.62,3.66,3.45,108517,139640871.00,6.07,4.62,0.16,4.23
2013-05-09,3.60,3.60,3.62,3.48,76277,97828859.00,3.87,-0.55,-0.02,2.97
2013-05-10,3.58,3.73,3.79,3.56,105206,138843969.00,6.39,3.61,0.13,4.10
2013-05-13,3.78,3.71,3.82,3.68,64413,85563348.00,3.75,-0.54,-0.02,2.51
2013-05-14,3.71,3.64,3.81,3.58,78430,103140867.00,6.20,-1.89,-0.07,3.06
2013-05-15,3.72,3.70,3.73,3.58,60873,79592048.00,4.12,1.65,0.06,2.37
2013-05-16,3.70,3.80,3.83,3.62,108988,146012609.00,5.68,2.70,0.10,4.25
2013-05-17,3.80,3.77,3.81,3.71,71518,95632107.00,2.63,-0.79,-0.03,2.79
2013-05-20,3.78,3.76,3.81,3.62,102604,135952494.00,5.04,-0.27,-0.01,4.00
2013-05-21,3.73,3.83,3.87,3.66,113160,151074329.00,5.59,1.86,0.07,4.41
2013-05-22,3.80,4.05,4.18,3.78,184552,260127937.00,10.44,5.74,0.22,7.19
2013-05-23,4.00,4.00,4.11,3.93,98536,138160259.00,4.44,-1.23,-0.05,3.84
2013-05-24,4.02,4.27,4.33,3.97,135856,195803441.00,9.00,6.75,0.27,5.29
2013-05-27,4.27,4.40,4.49,4.25,137359,205865362.00,5.62,3.04,0.13,5.35
2013-05-28,4.37,4.39,4.45,4.28,85289,127566514.00,3.86,-0.23,-0.01,3.32
2013-05-29,4.35,4.16,4.39,4.14,143504,209103962.00,5.69,-5.24,-0.23,5.59
2013-05-30,4.11,4.33,4.35,4.10,106128,155639222.00,6.01,4.09,0.17,4.13
2013-05-31,4.33,4.28,4.48,4.26,100034,149814938.00,5.08,-1.15,-0.05,3.90
2013-06-03,4.28,4.33,4.46,4.28,76072,113915752.00,4.21,1.17,0.05,2.96
2013-06-04,4.37,4.09,4.41,3.98,95159,136691634.00,9.93,-5.54,-0.24,3.71
2013-06-05,4.09,4.05,4.15,3.96,57053,80300521.00,4.65,-0.98,-0.04,2.22
2013-06-06,4.03,3.88,4.06,3.86,58070,80042893.00,4.94,-4.20,-0.17,2.26
2013-06-07,3.89,3.79,3.97,3.73,55861,75708696.00,6.19,-2.32,-0.09,2.18
2013-06-13,3.73,3.58,3.73,3.41,44438,57002388.00,8.44,-5.54,-0.21,1.73
2013-06-14,3.63,3.68,3.71,3.58,41400,54201616.00,3.63,2.79,0.10,1.61
2013-06-17,3.81,3.88,4.00,3.81,81023,111451093.00,5.16,5.43,0.20,3.16
2013-06-18,3.88,4.06,4.08,3.84,69125,96289467.00,6.19,4.64,0.18,2.69
2013-06-19,4.00,3.93,4.13,3.91,86236,120919888.00,5.42,-3.20,-0.13,3.36
2013-06-20,3.86,3.54,3.95,3.53,83537,110744777.00,10.69,-9.92,-0.39,3.25
2013-06-21,3.40,3.53,3.69,3.35,94105,60461600.00,9.60,-0.28,-0.01,1.83
2013-06-24,3.49,3.04,3.49,3.04,164504,97311350.00,12.75,-13.88,-0.49,3.20
2013-06-25,3.00,2.96,3.08,2.60,160335,87883271.00,15.79,-2.63,-0.08,3.12
2013-06-26,2.96,3.10,3.11,2.90,128368,73774291.00,7.09,4.73,0.14,2.50
2013-06-27,3.10,2.88,3.17,2.83,131151,74775267.00,10.97,-7.10,-0.22,2.55
2013-06-28,2.93,2.89,3.00,2.80,89574,49960149.00,6.94,0.35,0.01,1.74
2013-07-01,2.90,3.00,3.01,2.81,81109,45293389.00,6.92,3.81,0.11,1.58
2013-07-02,3.00,3.28,3.29,2.96,156849,91751331.00,11.00,9.33,0.28,3.06
2013-07-03,3.23,3.16,3.23,3.01,143522,84112990.00,6.71,-3.66,-0.12,2.80
2013-07-04,3.11,3.14,3.22,3.03,105147,61555672.00,6.01,-0.63,-0.02,2.05
2013-07-05,3.13,2.98,3.16,2.97,96341,55764105.00,6.05,-5.10,-0.16,1.88
2013-07-08,2.86,2.66,2.92,2.65,84223,45738541.00,9.06,-10.74,-0.32,1.64
2013-07-09,2.70,2.71,2.80,2.64,54566,28973380.00,6.02,1.88,0.05,1.06
2013-07-10,2.73,2.85,2.86,2.68,68702,37013961.00,6.64,5.17,0.14,1.34
2013-07-11,2.86,2.99,3.11,2.86,110510,62925365.00,8.77,4.91,0.14,2.15
2013-07-12,3.01,3.00,3.13,2.99,104843,60361649.00,4.68,0.33,0.01,2.04
2013-07-15,3.02,3.13,3.14,3.00,121580,70451890.00,4.67,4.33,0.13,2.37
2013-07-16,3.11,3.10,3.14,3.03,90274,52403357.00,3.51,-0.96,-0.03,1.76
2013-07-17,3.10,3.04,3.11,2.99,87467,50309092.00,3.87,-1.94,-0.06,1.70
2013-07-18,3.03,2.96,3.03,2.92,70122,39548352.00,3.62,-2.63,-0.08,1.37
2013-07-19,2.93,2.88,3.02,2.84,70344,39589087.00,6.08,-2.70,-0.08,1.37
2013-07-22,2.96,3.13,3.15,2.91,152742,88037275.00,8.33,8.68,0.25,2.98
2013-07-23,3.13,3.14,3.17,3.03,142230,83074978.00,4.47,0.32,0.01,2.77
2013-07-24,3.13,3.23,3.27,3.06,166939,98804116.00,6.69,2.87,0.09,3.25
2013-07-25,3.24,3.45,3.56,3.19,283599,175738203.00,11.46,6.81,0.22,5.52
2013-07-26,3.39,3.36,3.45,3.28,120654,74249309.00,4.93,-2.61,-0.09,2.35
2013-07-29,3.34,3.23,3.35,3.16,85186,51466369.00,5.65,-3.87,-0.13,1.66
2013-07-30,3.23,3.21,3.29,3.10,70955,42361237.00,5.88,-0.62,-0.02,1.38
2013-07-31,3.22,3.28,3.36,3.22,69052,41998017.00,4.36,2.18,0.07,1.35
2013-08-01,3.29,3.33,3.34,3.26,91566,55802295.00,2.44,1.52,0.05,1.78
2013-08-02,3.36,3.33,3.37,3.30,75515,46236955.00,2.10,0.00,0.00,1.47
2013-08-05,3.38,3.56,3.75,3.38,203362,131359061.00,11.11,6.91,0.23,3.96
2013-08-06,3.58,3.68,3.73,3.46,169921,111227587.00,7.58,3.37,0.12,3.31
2013-08-07,3.69,3.60,3.73,3.54,122027,79391567.00,5.16,-2.17,-0.08,2.38
2013-08-08,3.66,3.85,3.92,3.66,236150,160271841.00,7.22,6.94,0.25,4.60
2013-08-09,3.81,4.10,4.16,3.80,288019,201371247.00,9.35,6.49,0.25,5.61
2013-08-12,4.26,4.07,4.26,4.00,296708,211600279.00,6.34,-0.73,-0.03,5.78
2013-08-13,4.06,3.99,4.06,3.88,216802,150820839.00,4.42,-1.97,-0.08,4.22
2013-08-14,3.96,4.05,4.14,3.96,194231,137350912.00,4.51,1.50,0.06,3.78
2013-08-15,4.00,3.91,4.04,3.86,156339,108089189.00,4.44,-3.46,-0.14,3.05
2013-08-16,3.84,3.65,3.91,3.63,192147,128806977.00,7.16,-6.65,-0.26,3.74
2013-08-19,3.64,3.75,3.77,3.58,97832,64584083.00,5.21,2.74,0.10,1.91
2013-08-20,3.75,3.76,3.87,3.72,113638,76406499.00,4.00,0.27,0.01,2.21
2013-08-21,3.79,3.76,3.81,3.66,82128,54426513.00,3.99,0.00,0.00,1.60
2013-08-22,3.73,3.71,3.80,3.69,89516,59534522.00,2.93,-1.33,-0.05,1.74
2013-08-23,3.71,3.60,3.76,3.44,122830,80009063.00,8.63,-2.96,-0.11,2.39
2013-08-26,3.60,3.69,3.70,3.54,82489,53911912.00,4.44,2.50,0.09,1.61
2013-08-27,3.68,3.96,3.98,3.66,178166,120299875.00,8.67,7.32,0.27,3.47
2013-08-28,3.90,3.83,3.96,3.81,152918,104689572.00,3.79,-3.28,-0.13,2.98
2013-08-29,3.82,3.74,3.88,3.72,89214,59832301.00,4.18,-2.35,-0.09,1.74
2013-08-30,3.73,3.71,3.80,3.70,77604,51575383.00,2.67,-0.80,-0.03,1.51
2013-09-02,3.70,3.76,3.77,3.63,50999,33795244.00,3.77,1.35,0.05,0.99
2013-09-03,3.74,3.82,3.83,3.73,78064,52540947.00,2.66,1.60,0.06,1.52
2013-09-04,3.82,3.83,3.94,3.79,108792,74363058.00,3.93,0.26,0.01,2.12
2013-09-05,3.83,3.80,3.83,3.72,81908,54892146.00,2.87,-0.78,-0.03,1.60
2013-09-06,3.76,3.71,3.80,3.66,110318,72967009.00,3.68,-2.37,-0.09,2.15
2013-09-09,3.70,3.73,3.76,3.65,84764,56046932.00,2.96,0.54,0.02,1.65
2013-09-10,3.71,3.64,3.73,3.63,121288,79382207.00,2.68,-2.41,-0.09,2.36
2013-09-11,3.66,3.56,3.68,3.50,117836,75613974.00,4.95,-2.20,-0.08,2.30
2013-09-12,3.56,3.58,3.66,3.52,70770,45934566.00,3.93,0.56,0.02,1.38
2013-09-13,3.57,3.63,3.63,3.54,54621,35295034.00,2.51,1.40,0.05,1.06
2013-09-16,3.63,3.73,3.75,3.63,116440,76860381.00,3.31,2.75,0.10,2.27
2013-09-17,3.73,3.53,3.73,3.53,87358,56650228.00,5.36,-5.36,-0.20,1.70
2013-09-18,3.53,3.85,3.90,3.52,239910,160642341.00,10.76,9.07,0.32,4.67
2013-09-23,3.84,3.90,3.94,3.80,145024,99024302.00,3.64,1.30,0.05,2.82
2013-09-24,3.90,4.08,4.10,3.77,266692,184871171.00,8.46,4.62,0.18,5.19
2013-09-25,4.04,3.98,4.26,3.96,262938,188722718.00,7.35,-2.45,-0.10,5.12
2013-09-26,3.99,4.00,4.08,3.92,150520,105524086.00,4.02,0.50,0.02,2.93
2013-09-27,4.04,4.11,4.15,3.98,140903,99922746.00,4.25,2.75,0.11,2.74
2013-09-30,4.16,4.40,4.50,4.16,260138,193295556.00,8.27,7.06,0.29,5.07
2013-10-08,4.32,4.41,4.49,4.24,185643,139471443.00,5.68,0.23,0.01,3.62
2013-10-09,4.37,4.80,4.87,4.27,306976,240532615.00,13.61,8.84,0.39,5.98
2013-10-24,4.69,4.31,4.69,4.19,337654,255774457.00,10.42,-10.21,-0.49,6.58
2013-10-25,4.26,3.92,4.36,3.89,223806,157966039.00,10.90,-9.05,-0.39,4.36
2013-10-28,4.09,4.08,4.26,3.93,168139,119661408.00,8.42,4.08,0.16,3.28
2013-10-29,4.06,3.91,4.09,3.71,128554,87769337.00,9.31,-4.17,-0.17,2.50
2013-10-30,3.89,3.86,3.89,3.68,99952,67279077.00,5.37,-1.28,-0.05,1.95
2013-10-31,3.83,3.83,3.93,3.76,68854,46857673.00,4.40,-0.78,-0.03,1.34
2013-11-01,3.80,3.85,3.89,3.76,59675,40449133.00,3.39,0.52,0.02,1.16
2013-11-04,3.85,4.04,4.06,3.80,73463,50321503.00,6.75,4.94,0.19,1.43
2013-11-05,3.95,4.20,4.29,3.95,149991,108115855.00,8.42,3.96,0.16,2.92
2013-11-06,4.20,3.98,4.33,3.98,127671,91738518.00,8.33,-5.24,-0.22,2.49
2013-11-07,3.91,3.85,4.00,3.83,63931,43894902.00,4.27,-3.27,-0.13,1.25
2013-11-08,3.82,3.86,3.90,3.77,50403,34119348.00,3.38,0.26,0.01,0.98
2013-11-11,3.86,3.94,3.96,3.80,50288,34438773.00,4.15,2.07,0.08,0.98
2013-11-12,3.92,3.95,4.01,3.90,53772,37312939.00,2.79,0.25,0.01,1.05
2013-11-13,3.94,3.75,3.94,3.73,55388,37567715.00,5.32,-5.06,-0.20,1.08
2013-11-14,3.75,3.77,3.81,3.68,47799,31867081.00,3.47,0.53,0.02,0.93
2013-11-15,3.78,3.87,3.90,3.77,61661,42038638.00,3.45,2.65,0.10,1.20
2013-11-18,3.86,3.95,3.96,3.86,76026,52418620.00,2.58,2.07,0.08,1.48
2013-11-19,3.95,4.03,4.06,3.90,85095,59615652.00,4.05,2.03,0.08,1.66
2013-11-20,4.05,4.03,4.07,3.94,78222,54636389.00,3.23,0.00,0.00,1.52
2013-11-21,4.03,3.88,4.03,3.81,106186,72687872.00,5.46,-3.72,-0.15,2.07
2013-11-22,3.88,3.80,3.90,3.79,60604,41097178.00,2.84,-2.06,-0.08,1.18
2013-11-25,3.78,3.83,3.86,3.76,49927,33786496.00,2.63,0.79,0.03,0.97
2013-11-26,3.83,3.80,3.86,3.77,44053,29689705.00,2.35,-0.78,-0.03,0.86
2013-11-27,3.81,3.83,3.84,3.78,55846,37643798.00,1.58,0.79,0.03,1.09
2013-11-28,3.83,3.87,3.93,3.83,68136,46692287.00,2.61,1.04,0.04,1.33
2013-11-29,3.87,3.91,3.93,3.86,64270,44101716.00,1.81,1.03,0.04,1.25
2013-12-02,3.85,3.60,3.86,3.56,100442,66372169.00,7.67,-7.93,-0.31,1.96
2013-12-03,3.60,3.71,3.73,3.54,46341,30332950.00,5.28,3.06,0.11,0.90
2013-12-04,3.72,3.81,3.82,3.63,219484,144976402.00,5.12,2.70,0.10,4.28
2013-12-05,3.76,3.75,3.82,3.68,101781,67860145.00,3.67,-1.57,-0.06,1.98
2013-12-06,3.73,3.71,3.76,3.70,55261,36706544.00,1.60,-1.07,-0.04,1.08
2013-12-09,3.72,3.76,3.80,3.72,52655,35104589.00,2.16,1.35,0.05,1.03
2013-12-10,3.76,3.66,3.77,3.66,100543,66387957.00,2.93,-2.66,-0.10,1.96
2013-12-11,3.66,3.52,3.66,3.49,102639,66012378.00,4.64,-3.83,-0.14,2.00
2013-12-12,3.52,3.50,3.59,3.48,125166,79965891.00,3.13,-0.57,-0.02,2.44
2013-12-13,3.49,3.53,3.53,3.45,53055,33646166.00,2.29,0.86,0.03,1.03
2013-12-16,3.54,3.51,3.65,3.48,94732,60711677.00,4.82,-0.57,-0.02,1.85
2013-12-17,3.51,3.51,3.53,3.48,58987,37484758.00,1.42,0.00,0.00,1.15
2013-12-18,3.54,3.64,3.67,3.50,130452,84579368.00,4.84,3.70,0.13,2.54
2013-12-19,3.64,3.54,3.69,3.53,113678,73909553.00,4.40,-2.75,-0.10,2.21
2013-12-20,3.55,3.63,3.74,3.55,149110,97842941.00,5.37,2.54,0.09,2.90
2013-12-23,3.70,3.94,3.98,3.64,319596,217254894.00,9.37,8.54,0.31,6.23
2013-12-24,3.89,3.79,3.96,3.70,179308,121215384.00,6.60,-3.81,-0.15,3.49
2013-12-25,3.80,3.68,3.80,3.58,133154,87190046.00,5.80,-2.90,-0.11,2.59
2013-12-26,3.70,3.63,3.83,3.63,98992,65790561.00,5.43,-1.36,-0.05,1.93
2013-12-27,3.64,3.66,3.69,3.53,79880,51734650.00,4.41,0.83,0.03,1.56
2013-12-30,3.66,3.59,3.70,3.58,65683,42612360.00,3.28,-1.91,-0.07,1.28
2013-12-31,3.56,3.60,3.63,3.52,47706,30791988.00,3.06,0.28,0.01,0.93