2009-01-05,3.26,3.50,3.56,3.05,87253,117414372.00,17.23,18.24,0.54,2.99
2009-01-06,3.40,3.51,3.66,3.03,76923,103644477.00,18.00,0.29,0.01,2.64
2009-01-07,3.40,4.15,4.86,3.31,135353,194302161.00,44.16,18.23,0.64,4.64
2009-01-08,3.89,4.18,4.50,3.80,85230,121469400.00,16.87,0.72,0.03,2.92
2009-01-09,4.28,4.62,4.99,4.25,89585,132453560.00,17.70,10.53,0.44,3.07
2009-01-12,4.55,3.99,4.87,3.70,128621,183070211.00,25.32,-13.64,-0.63,4.41
2009-01-13,3.73,3.37,3.88,3.26,90388,122725745.00,15.54,-15.54,-0.62,3.10
2009-01-14,3.60,3.75,3.76,3.37,58979,80737302.00,11.57,11.28,0.38,2.02
2009-01-15,3.55,3.76,3.95,3.38,54189,74508080.00,15.20,0.27,0.01,1.86
2009-01-16,3.90,3.89,4.25,3.77,62050,87701879.00,12.77,3.46,0.13,2.13
2009-01-19,3.99,3.45,4.19,3.34,61777,84450603.00,21.85,-11.31,-0.44,2.12
2009-01-20,3.57,4.06,4.12,3.40,57633,80528593.00,20.87,17.68,0.61,1.98
2009-01-22,4.21,3.87,4.27,3.70,43502,61060936.00,14.04,-4.68,-0.19,1.49
2009-01-23,3.88,3.55,3.93,3.50,34269,47037255.00,11.11,-8.27,-0.32,1.17
2009-02-02,3.67,3.91,4.00,3.58,41534,57976867.00,11.83,10.14,0.36,1.42
2009-02-03,3.93,4.14,4.17,3.79,55287,78139111.00,9.72,5.88,0.23,1.89
2009-02-04,4.30,4.37,4.55,4.02,67370,96687821.00,12.80,5.56,0.23,2.31
2009-02-05,4.30,4.56,4.98,4.20,90485,133232545.00,17.85,4.35,0.19,3.10
2009-02-06,4.58,4.99,5.03,4.50,95835,142566166.00,11.62,9.43,0.43,3.28
2009-02-09,5.20,4.92,5.25,4.76,89993,135594600.00,9.82,-1.40,-0.07,3.08
2009-02-10,4.90,5.01,5.05,4.68,71587,107101645.00,7.52,1.83,0.09,2.45
2009-02-11,4.89,5.85,6.28,4.72,144765,227722570.00,31.14,16.77,0.84,4.96
2009-02-12,5.90,7.04,7.10,5.62,167548,275859380.00,25.30,20.34,1.19,5.74
2009-02-13,6.85,7.27,7.60,6.70,126756,219291359.00,12.78,3.27,0.23,4.34
2009-02-16,7.06,7.29,7.60,6.93,97025,167997215.00,9.22,0.28,0.02,3.33
2009-02-17,7.18,6.61,7.20,6.47,101355,171461001.00,10.01,-9.33,-0.68,3.47
2009-02-18,6.29,6.60,6.96,6.15,124995,209232103.00,12.25,-0.15,-0.01,4.28
2009-02-19,6.95,7.99,8.27,6.95,162480,292748128.00,20.00,21.06,1.39,5.57
2009-02-20,7.91,8.72,9.36,7.80,100200,185410382.00,19.52,9.14,0.73,3.43
2009-02-23,8.61,9.19,9.60,8.41,57859,111315509.00,13.65,5.39,0.47,1.98
2009-02-24,8.95,8.10,9.30,8.07,75311,140375019.00,13.38,-11.86,-1.09,2.58
2009-02-25,8.32,8.86,8.98,7.75,77145,142134294.00,15.19,9.38,0.76,2.64
2009-02-26,9.23,8.38,10.70,7.78,156285,305516942.00,32.96,-5.42,-0.48,5.36
2009-02-27,8.12,9.04,9.10,6.92,116702,213818719.00,26.01,7.88,0.66,4.00
2009-03-02,9.05,10.95,10.95,8.80,231194,476181238.00,23.78,21.13,1.91,7.92
2009-03-03,10.50,10.95,11.43,10.15,157078,329132700.00,11.69,0.00,0.00,5.38
2009-03-04,10.81,11.46,11.77,10.55,125897,268169196.00,11.14,4.66,0.51,4.31
2009-03-05,11.40,12.59,12.67,10.78,166667,364052761.00,16.49,9.86,1.13,5.71
2009-03-06,12.08,12.06,13.69,11.91,156499,357346518.00,14.14,-4.21,-0.53,5.36
2009-03-09,11.94,11.11,12.25,10.81,119839,256770422.00,11.94,-7.88,-0.95,4.11
2009-03-10,10.71,11.44,11.58,10.70,65244,139587910.00,7.92,2.97,0.33,2.24
2009-03-11,11.78,12.02,12.57,11.10,84299,185169258.00,12.85,5.07,0.58,2.89
2009-03-12,11.58,10.42,11.98,9.88,104967,218741293.00,17.47,-13.31,-1.60,3.60
2009-03-13,10.39,10.19,10.90,9.70,71247,145619424.00,11.52,-2.21,-0.23,2.44
2009-03-16,9.88,10.36,10.55,9.30,57314,114941773.00,12.27,1.67,0.17,1.96
2009-03-17,10.32,10.70,11.17,10.28,66500,139030110.00,8.59,3.28,0.34,2.28
2009-03-18,10.75,10.71,11.05,10.60,55749,116869527.00,4.21,0.09,0.01,1.91
2009-03-19,10.65,11.85,11.87,10.61,65882,142440221.00,11.76,10.64,1.14,2.26
2009-03-20,11.90,11.16,12.00,11.02,68056,146115255.00,8.27,-5.82,-0.69,2.33
2009-03-23,11.18,11.30,11.73,11.10,67487,144519852.00,5.65,1.25,0.14,2.31
2009-03-24,11.43,11.88,12.20,11.18,77227,169122847.00,9.03,5.13,0.58,2.65
2009-03-25,11.70,10.35,11.90,10.30,68539,145706907.00,13.47,-12.88,-1.53,2.35
2009-03-26,10.41,10.61,10.75,10.02,58170,118780431.00,7.05,2.51,0.26,1.99
2009-03-27,10.62,10.65,10.85,10.30,41015,84645535.00,5.18,0.38,0.04,1.41
2009-03-30,10.70,11.02,11.56,10.70,45211,96613879.00,8.08,3.47,0.37,1.55
2009-03-31,10.55,10.65,11.08,10.10,41902,86487639.00,8.89,-3.36,-0.37,1.44
2009-04-01,10.85,11.25,11.28,10.65,46559,98322046.00,5.92,5.63,0.60,1.60
2009-04-02,11.38,11.35,12.05,11.30,66105,144243194.00,6.67,0.89,0.10,2.27
2009-04-03,11.01,10.70,11.29,10.51,52685,110441488.00,6.87,-5.73,-0.65,1.81
2009-04-07,10.77,11.46,11.70,10.66,51638,109982569.00,9.72,7.10,0.76,1.77
2009-04-09,10.68,11.15,11.33,10.17,43150,90060262.00,10.12,-2.71,-0.31,1.48
2009-04-10,11.33,12.19,12.38,11.17,97366,214813425.00,10.85,9.33,1.04,3.34
2009-04-13,12.10,12.19,13.03,11.98,76771,173063678.00,8.61,0.00,0.00,2.63
2009-04-14,12.27,12.44,12.85,12.17,49766,112324740.00,5.58,2.05,0.25,1.71
2009-04-15,12.54,12.25,12.89,11.99,58760,131989226.00,7.23,-1.53,-0.19,2.01
2009-04-16,12.30,12.59,12.67,12.09,54119,121706934.00,4.73,2.78,0.34,1.85
2009-04-17,12.68,14.86,14.86,12.59,184898,453643828.00,18.03,18.03,2.27,6.34
2009-04-20,14.86,15.15,15.40,14.25,102473,256426110.00,7.74,1.95,0.29,3.51
2009-04-21,14.80,14.28,14.89,13.90,69370,169681701.00,6.53,-5.74,-0.87,2.38
2009-04-22,14.38,12.20,14.85,11.91,110100,256876893.00,20.59,-14.57,-2.08,3.77
2009-04-23,11.97,11.57,12.00,11.11,58356,126202331.00,7.30,-5.16,-0.63,2.00
2009-04-24,11.60,11.54,12.19,11.51,44540,97749244.00,5.88,-0.26,-0.03,1.53
2009-04-27,11.60,10.29,11.94,9.86,59615,122988229.00,18.02,-10.83,-1.25,2.04
2009-04-28,10.10,10.63,10.70,10.00,37266,76551165.00,6.80,3.30,0.34,1.28
2009-04-29,10.64,10.77,10.96,10.20,40003,83218676.00,7.15,1.32,0.14,1.37
2009-04-30,11.05,10.74,11.12,10.52,41871,87233529.00,5.57,-0.28,-0.03,1.44
2009-05-04,10.90,11.63,11.68,10.46,42266,90609725.00,11.36,8.29,0.89,1.45
2009-05-05,11.90,11.72,12.00,11.40,38513,83550623.00,5.16,0.77,0.09,1.32
2009-05-06,11.63,12.45,12.66,11.50,59686,131693874.00,9.90,6.23,0.73,2.05
2009-05-07,12.50,11.85,12.65,11.75,61631,137006933.00,7.23,-4.82,-0.60,2.11
2009-05-08,11.75,11.26,11.78,10.80,53967,115187293.00,8.27,-4.98,-0.59,1.85
2009-05-11,10.95,10.16,11.53,10.08,47789,100513409.00,12.88,-9.77,-1.10,1.64
2009-05-12,9.90,10.39,10.46,9.76,38562,78165409.00,6.89,2.26,0.23,1.32
2009-05-13,10.20,10.61,10.96,10.20,34108,70971448.00,7.31,2.12,0.22,1.17
2009-05-14,11.07,11.13,11.83,10.88,77115,165600626.00,8.95,4.90,0.52,2.64
2009-05-15,11.30,10.82,11.38,10.68,52352,110375515.00,6.29,-2.79,-0.31,1.79
2009-05-18,10.60,10.56,10.60,10.15,44509,91138496.00,4.16,-2.40,-0.26,1.53
2009-05-19,10.75,10.73,10.83,10.37,37798,78160877.00,4.36,1.61,0.17,1.30
2009-05-20,10.73,10.51,10.83,10.35,31101,64211197.00,4.47,-2.05,-0.22,1.07
2009-05-21,10.48,10.42,10.80,10.28,35698,73592363.00,4.95,-0.86,-0.09,1.22
2009-05-22,10.34,10.07,10.50,9.90,34706,70044410.00,5.76,-3.36,-0.35,1.19
2009-05-25,9.70,9.75,9.85,9.37,40173,79037465.00,4.77,-3.18,-0.32,1.38
2009-05-26,9.82,9.84,10.04,9.78,26922,53877216.00,2.67,0.92,0.09,0.92
2009-05-27,9.90,9.72,10.08,9.52,21285,42259762.00,5.69,-1.22,-0.12,0.73
2009-06-01,9.95,10.06,10.11,9.75,29854,59905110.00,3.70,3.50,0.34,1.02
2009-06-02,10.23,9.96,10.24,9.71,39880,79681273.00,5.27,-0.99,-0.10,1.37
2009-06-03,10.00,10.16,10.38,10.00,36894,74278267.00,3.82,2.01,0.20,1.26
2009-06-04,10.17,9.57,10.22,9.45,63554,125063021.00,7.58,-5.81,-0.59,2.18
2009-06-05,9.60,10.44,10.90,8.90,153949,305929386.00,20.90,9.09,0.87,5.28
2009-06-08,10.20,10.17,10.69,10.12,77348,157991932.00,5.46,-2.59,-0.27,2.65
2009-06-09,10.16,10.19,10.32,9.82,44736,89506584.00,4.92,0.20,0.02,1.53
2009-06-10,10.19,9.86,10.26,9.50,49096,97432839.00,7.46,-3.24,-0.33,1.68
2009-06-11,9.83,9.64,9.92,9.61,35539,70119179.00,3.14,-2.23,-0.22,1.22
2009-06-12,9.62,9.07,9.62,9.00,55038,105956518.00,6.43,-5.91,-0.57,1.89
2009-06-15,9.06,9.32,9.35,8.79,43638,82745663.00,6.17,2.76,0.25,1.50
2009-06-16,9.10,8.90,9.28,8.88,36351,69079388.00,4.29,-4.51,-0.42,1.25
2009-06-17,8.90,9.35,9.59,8.90,46673,90338518.00,7.75,5.06,0.45,1.60
2009-06-18,9.34,10.54,10.84,9.11,129628,260077929.00,18.50,12.73,1.19,4.44
2009-06-19,10.95,10.22,10.95,10.21,116795,240296539.00,7.02,-3.04,-0.32,4.00
2009-06-22,10.07,10.50,11.53,10.07,113965,236748040.00,14.29,2.74,0.28,3.91
2009-06-23,10.11,10.27,10.97,10.10,57329,117133581.00,8.29,-2.19,-0.23,1.96
2009-06-24,10.35,10.45,10.73,10.11,45774,93458036.00,6.04,1.75,0.18,1.57
2009-06-25,10.48,9.99,10.69,9.88,50052,100885568.00,7.75,-4.40,-0.46,1.72
2009-06-26,10.01,9.61,10.05,9.60,47777,94136091.00,4.50,-3.80,-0.38,1.64
2009-06-29,9.61,9.74,9.93,9.58,33898,66799667.00,3.64,1.35,0.13,1.16
2009-06-30,9.80,9.76,9.88,9.60,31796,62682015.00,2.87,0.21,0.02,1.09
2009-07-01,9.78,9.75,9.92,9.62,27411,53970624.00,3.07,-0.10,-0.01,0.94
2009-07-02,9.70,9.74,9.84,9.60,43755,86030304.00,2.46,-0.10,-0.01,1.50
2009-07-03,9.73,9.84,10.20,9.50,61251,121891683.00,7.19,1.03,0.10,2.10
2009-07-06,9.85,10.63,10.83,9.71,106732,217856443.00,11.38,8.03,0.79,3.66
2009-07-07,10.57,10.79,10.95,10.26,89147,184527068.00,6.49,1.51,0.16,3.06
2009-07-08,10.60,10.87,11.00,10.60,69122,143881010.00,3.71,0.74,0.08,2.37
2009-07-09,10.99,11.88,12.33,10.85,139102,301734619.00,13.62,9.29,1.01,4.77
2009-07-10,11.90,11.66,12.25,11.59,76508,167128444.00,5.56,-1.85,-0.22,2.62
2009-07-13,11.59,11.49,12.16,11.43,68542,149540876.00,6.26,-1.46,-0.17,2.35
2009-07-14,11.49,11.58,11.88,11.25,66963,144082118.00,5.48,0.78,0.09,2.29
2009-07-15,11.41,11.88,12.35,11.41,87698,192318914.00,8.12,2.59,0.30,3.01
2009-07-16,11.90,11.36,12.15,11.20,55346,119709123.00,8.00,-4.38,-0.52,1.90
2009-07-17,11.48,10.97,11.60,10.79,59731,125215648.00,7.13,-3.43,-0.39,2.05
2009-07-20,10.98,11.13,11.25,10.90,69630,146411304.00,3.19,1.46,0.16,2.39
2009-07-21,11.19,11.59,11.90,11.00,107010,230622562.00,8.09,4.13,0.46,3.67
2009-07-22,11.59,11.52,11.79,11.31,62168,133710609.00,4.14,-0.60,-0.07,2.13
2009-07-23,11.62,11.81,12.15,11.42,74563,163091717.00,6.34,2.52,0.29,2.56
2009-07-24,11.72,11.13,11.81,10.77,80568,171220657.00,8.81,-5.76,-0.68,2.76
2009-07-27,11.11,11.16,11.34,10.90,48580,102412169.00,3.95,0.27,0.03,1.66
2009-07-28,11.20,11.65,11.78,11.19,66262,142892907.00,5.29,4.39,0.49,2.27
2009-07-29,11.66,12.24,12.80,11.00,206816,458364716.00,15.45,5.06,0.59,7.09
2009-07-30,12.45,13.60,13.77,12.06,233550,538076829.00,13.97,11.11,1.36,8.00
2009-07-31,13.70,13.65,13.80,13.10,134204,314804022.00,5.15,0.37,0.05,4.60
2009-08-03,13.55,13.71,14.25,13.26,100332,237374688.00,7.25,0.44,0.06,3.44
2009-08-04,13.72,12.89,13.75,12.71,87732,201864308.00,7.59,-5.98,-0.82,3.01
2009-08-05,12.80,12.53,13.06,12.16,74506,168460064.00,6.98,-2.79,-0.36,2.55
2009-08-06,12.45,12.04,12.46,11.72,65322,144062147.00,5.91,-3.91,-0.49,2.24
2009-08-07,11.92,11.72,12.59,11.57,57761,127841908.00,8.47,-2.66,-0.32,1.98
2009-08-10,11.90,12.00,12.23,11.70,42454,93122042.00,4.52,2.39,0.28,1.46
2009-08-11,12.11,12.89,12.95,11.91,86297,194182632.00,8.67,7.42,0.89,2.96
2009-08-12,12.70,11.94,13.35,11.57,75077,170112860.00,13.81,-7.37,-0.95,2.57
2009-08-13,11.88,11.87,12.30,11.41,43020,94251608.00,7.45,-0.59,-0.07,1.47
2009-08-14,12.00,9.68,12.00,9.68,88391,181801725.00,19.55,-18.45,-2.19,3.03
2009-08-17,9.48,7.75,9.58,7.72,78392,144910055.00,19.21,-19.94,-1.93,2.69
2009-08-18,7.71,8.12,8.21,7.60,36767,66048715.00,7.87,4.77,0.37,1.26
2009-08-19,8.13,6.32,8.23,6.31,63238,107971339.00,23.65,-22.17,-1.80,2.17
2009-08-20,6.40,7.00,7.04,6.34,63219,105985241.00,11.08,10.76,0.68,2.17
2009-08-21,7.22,7.41,7.44,6.81,54745,93597884.00,9.00,5.86,0.41,1.88
2009-08-24,7.50,7.89,7.98,6.90,64324,112592081.00,14.57,6.48,0.48,2.20
2009-08-25,8.00,9.32,9.68,7.95,148824,283854033.00,21.93,18.12,1.43,5.10
2009-08-26,9.30,9.34,9.60,8.61,77055,147894951.00,10.62,0.21,0.02,2.64
2009-08-27,9.35,9.58,10.50,9.35,84612,168779656.00,12.31,2.57,0.24,2.90
2009-08-28,9.43,9.24,9.55,8.64,53775,101887152.00,9.50,-3.55,-0.34,1.84
2009-08-31,9.15,8.37,9.15,7.35,59785,108212799.00,19.48,-9.42,-0.87,2.05
2009-09-01,7.99,8.79,8.97,7.76,41004,75792865.00,14.46,5.02,0.42,1.41
2009-09-02,8.58,8.97,9.10,8.41,29294,55117838.00,7.85,2.05,0.18,1.00
2009-09-03,8.95,9.64,9.69,8.75,47676,92175235.00,10.48,7.47,0.67,1.63
2009-09-04,10.00,9.58,10.00,9.51,35320,69723462.00,5.08,-0.62,-0.06,1.21
2009-09-07,9.53,10.08,10.50,9.48,56636,113708600.00,10.65,5.22,0.50,1.94
2009-09-08,10.00,10.27,10.45,9.88,51582,104286768.00,5.65,1.88,0.19,1.77
2009-09-09,10.25,9.98,10.28,9.57,39259,77697873.00,6.91,-2.82,-0.29,1.35
2009-09-10,9.80,9.70,9.85,9.25,36778,71647341.00,6.01,-2.81,-0.28,1.26
2009-09-11,9.60,9.84,10.25,9.50,37418,74597532.00,7.73,1.44,0.14,1.28
2009-09-14,9.80,10.13,10.26,9.61,54057,107525897.00,6.61,2.95,0.29,1.85
2009-09-15,10.18,9.91,10.23,9.80,36243,72248139.00,4.24,-2.17,-0.22,1.24
2009-09-16,9.84,10.06,10.15,9.69,34965,69727607.00,4.64,1.51,0.15,1.20
2009-09-17,9.90,10.88,10.90,9.88,82477,169136561.00,10.14,8.15,0.82,2.83
2009-09-18,11.30,11.62,12.78,11.21,158593,348838102.00,14.43,6.80,0.74,5.44
2009-09-21,11.92,12.19,12.38,11.41,83304,183675878.00,8.35,4.91,0.57,2.86
2009-09-22,12.22,11.73,12.24,11.35,60071,130960879.00,7.30,-3.77,-0.46,2.06
2009-09-23,11.50,10.42,11.80,10.36,53995,113396855.00,12.28,-11.17,-1.31,1.85
2009-09-24,10.04,9.70,10.32,9.10,52301,103222632.00,11.71,-6.91,-0.72,1.79
2009-09-25,9.70,9.98,10.28,9.62,27370,54721401.00,6.80,2.89,0.28,0.94
2009-09-28,10.00,9.97,10.24,9.81,26556,52982510.00,4.31,-0.10,-0.01,0.55
2009-09-29,10.08,9.55,10.18,9.48,56495,112459815.00,7.02,-4.21,-0.42,1.17
2009-09-30,9.39,9.94,10.15,9.36,24948,49736776.00,8.27,4.08,0.39,0.52
2009-10-09,10.10,10.91,11.10,10.01,33634,69051804.00,10.97,9.76,0.97,0.69
2009-10-12,11.08,11.27,11.79,10.70,40823,87280008.00,9.99,3.30,0.36,0.84
2009-10-13,11.31,11.68,11.89,11.02,31111,66820550.00,7.72,3.64,0.41,0.64
2009-10-14,11.85,11.09,12.13,10.98,51422,110352968.00,9.85,-5.05,-0.59,1.06
2009-10-15,11.11,11.35,11.37,10.82,29960,63350081.00,4.96,2.34,0.26,0.62
2009-10-16,11.49,11.20,11.50,10.98,20302,42931689.00,4.58,-1.32,-0.15,0.42
2009-10-19,11.18,13.32,13.32,11.16,111632,255106929.00,19.29,18.93,2.12,2.31
2009-10-20,13.89,13.43,14.50,13.32,160271,383170311.00,8.86,0.83,0.11,3.31
2009-10-21,13.30,13.85,14.06,13.20,74497,176791439.00,6.40,3.13,0.42,1.54
2009-10-22,13.88,13.37,14.26,13.28,70676,167182643.00,7.08,-3.47,-0.48,1.46
2009-10-23,13.30,12.84,13.77,12.75,66650,154445022.00,7.63,-3.96,-0.53,1.38
2009-10-26,12.84,12.86,13.10,12.65,40126,91709825.00,3.50,0.16,0.02,0.83
2009-10-27,12.86,12.66,13.00,12.34,46909,106368840.00,5.13,-1.56,-0.20,0.97
2009-10-28,12.67,13.87,13.99,12.67,90933,213801114.00,10.43,9.56,1.21,1.88
2009-10-29,13.40,14.13,14.16,13.33,80151,190961331.00,5.98,1.87,0.26,1.66
2009-10-30,14.24,14.50,14.62,13.80,79337,192518304.00,5.80,2.62,0.37,1.64
2009-11-02,14.30,15.05,15.30,13.87,68259,168918410.00,9.86,3.79,0.55,1.41
2009-11-03,14.88,15.02,15.49,14.75,55852,139940989.00,4.92,-0.20,-0.03,1.15
2009-11-04,14.90,14.74,14.95,14.45,52845,130277397.00,3.33,-1.86,-0.28,1.09
2009-11-05,14.78,14.63,15.05,14.53,31005,76659451.00,3.53,-0.75,-0.11,0.64
2009-11-06,14.71,15.26,15.88,14.70,61171,155731866.00,8.07,4.31,0.63,1.26
2009-11-09,15.11,14.79,15.41,14.50,33288,82761283.00,5.96,-3.08,-0.47,0.69
2009-11-10,14.75,14.75,15.02,14.57,24378,60347096.00,3.04,-0.27,-0.04,0.50
2009-11-11,14.61,14.67,14.97,14.30,25256,62104457.00,4.54,-0.54,-0.08,0.52
2009-11-12,14.78,14.72,15.16,14.46,28524,70835341.00,4.77,0.34,0.05,0.59
2009-11-13,14.65,15.91,16.30,14.62,66422,170425207.00,11.41,8.08,1.19,1.37
2009-11-16,16.07,16.41,16.74,16.00,67368,177538299.00,4.65,3.14,0.50,1.39
2009-11-17,16.15,16.17,16.44,15.90,30421,79496874.00,3.29,-1.46,-0.24,0.63
2009-11-18,16.04,16.22,16.72,16.04,25267,66486083.00,4.21,0.31,0.05,0.52
2009-11-19,16.22,16.08,16.70,15.81,41223,107605949.00,5.49,-0.86,-0.14,0.85
2009-11-20,16.07,16.17,16.45,15.82,28446,74510608.00,3.92,0.56,0.09,0.59
2009-11-23,16.30,16.82,17.07,16.19,41196,110194306.00,5.44,4.02,0.65,0.85
2009-11-24,16.85,15.00,16.85,14.51,72726,186651841.00,13.91,-10.82,-1.82,1.50
2009-11-25,14.80,15.29,15.42,14.49,48067,120024157.00,6.20,1.93,0.29,0.99
2009-11-26,15.30,13.52,15.45,13.20,73513,177639286.00,14.72,-11.58,-1.77,1.52
2009-11-27,13.20,13.78,14.09,13.01,65300,154750353.00,7.99,1.92,0.26,1.35
2009-11-30,14.05,14.32,14.52,13.78,38542,93211113.00,5.37,3.92,0.54,0.80
2009-12-01,14.30,14.73,14.80,14.25,32672,80466003.00,3.84,2.86,0.41,0.68
2009-12-02,14.91,14.84,15.20,14.49,41395,102797519.00,4.82,0.75,0.11,0.86
2009-12-03,14.58,14.45,14.80,14.20,37839,92517482.00,4.04,-2.63,-0.39,0.78
2009-12-04,14.30,14.51,14.68,13.27,54313,130510816.00,9.76,0.42,0.06,1.12
2009-12-07,14.52,14.24,14.52,13.99,32444,78587943.00,3.65,-1.86,-0.27,0.67
2009-12-08,14.15,13.79,14.16,13.53,35989,85502289.00,4.42,-3.16,-0.45,0.74
2009-12-09,13.71,14.31,14.96,13.53,49079,118485310.00,10.37,3.77,0.52,1.01
2009-12-10,14.30,14.50,14.76,14.21,39336,96469405.00,3.84,1.33,0.19,0.81
2009-12-14,14.51,14.29,14.65,13.85,28854,69478340.00,5.52,-1.45,-0.21,0.60
2009-12-15,14.29,14.73,14.96,14.05,37435,92542530.00,6.37,3.08,0.44,0.77
2009-12-16,14.63,14.30,14.90,14.20,18574,45601130.00,4.75,-2.92,-0.43,0.38
2009-12-17,14.49,13.51,14.49,13.50,23562,56160686.00,6.92,-5.52,-0.79,0.49
2009-12-18,13.45,12.44,13.45,12.40,26767,60956588.00,7.77,-7.92,-1.07,0.55
2009-12-21,12.55,12.80,13.02,12.40,27865,63436494.00,4.98,2.89,0.36,0.58
2009-12-22,12.80,11.78,13.03,11.72,26389,58856995.00,10.23,-7.97,-1.02,0.55
2009-12-23,11.58,11.99,12.18,11.58,25729,56462638.00,5.09,1.78,0.21,0.53
2009-12-24,12.18,12.54,12.68,12.00,23686,53099248.00,5.67,4.59,0.55,0.49
2009-12-25,12.53,12.83,13.20,12.16,27127,61594200.00,8.29,2.31,0.29,0.56
2009-12-28,12.81,12.87,12.95,12.72,27790,63416840.00,1.79,0.31,0.04,0.57
2009-12-29,12.96,13.42,13.45,12.71,29825,69076731.00,5.75,4.27,0.55,0.62
2009-12-30,13.50,13.35,13.57,12.82,32886,76478409.00,5.59,-0.52,-0.07,0.68
2009-12-31,13.33,13.52,13.64,13.16,34049,79789218.00,3.60,1.27,0.17,0.70