MjAxOC0wMS0wMiwxMC43MSwxMC44MCwxMC45MywxMC42MSw0MjI0NzIsNDYxNDAxMDI0LjAwLDMuMDIsMi4wOCwwLjIyLDUuMzM=
2018-01-03,10.74,10.65,10.80,10.57,311054,335344464.00,2.13,-1.39,-0.15,3.92
2018-01-04,10.63,10.66,10.75,10.46,255529,274254480.00,2.72,0.09,0.01,3.22
2018-01-05,10.60,10.43,10.68,10.38,210275,225121974.00,2.81,-2.16,-0.23,2.65
2018-01-08,10.35,10.43,10.46,10.19,236694,247599858.00,2.59,0.00,0.00,2.99
2018-01-09,10.38,10.39,10.60,10.34,212417,226062303.00,2.49,-0.38,-0.04,2.68
2018-01-10,10.38,10.81,10.87,10.28,488475,529101744.00,5.68,4.04,0.42,6.16
2018-01-11,10.72,10.79,10.80,10.63,282220,306713200.00,1.57,-0.19,-0.02,3.56
2018-01-12,10.75,10.39,10.80,10.38,275152,294451104.00,3.89,-3.71,-0.40,3.47
2018-01-15,10.34,9.80,10.34,9.75,318552,323503408.00,5.68,-5.68,-0.59,4.02
2018-01-16,9.75,9.98,10.03,9.68,183877,184375345.00,3.57,1.84,0.18,2.32
2018-01-17,9.93,10.00,10.10,9.86,158480,160763175.00,2.40,0.20,0.02,2.00
2018-01-18,9.89,10.08,10.18,9.89,169874,173410857.00,2.90,0.80,0.08,2.14
2018-01-19,10.01,9.96,10.14,9.85,152572,154501383.00,2.88,-1.19,-0.12,1.92
2018-01-22,9.87,10.05,10.07,9.85,122075,123509018.00,2.21,0.90,0.09,1.54
2018-01-23,10.03,10.24,10.31,10.01,201474,208187059.00,2.99,1.89,0.19,2.54
2018-01-24,10.19,10.25,10.33,10.08,174370,180390913.00,2.44,0.10,0.01,2.20
2018-01-25,10.25,10.27,10.41,10.15,166771,173770371.00,2.54,0.20,0.02,2.10
2018-01-26,10.22,10.27,10.35,10.12,139346,144570541.00,2.24,0.00,0.00,1.76
2018-01-29,10.23,9.96,10.44,9.91,213382,220642915.00,5.16,-3.02,-0.31,2.69
2018-01-30,9.93,10.12,10.19,9.85,145133,147898021.00,3.41,1.61,0.16,1.83
2018-01-31,10.14,10.28,10.37,9.90,241074,249407701.00,4.64,1.58,0.16,3.04
2018-02-01,10.23,9.30,10.30,9.24,292390,292056336.00,10.31,-9.53,-0.98,3.69
2018-02-02,9.25,8.83,9.26,8.77,259032,237140798.00,5.27,-5.05,-0.47,3.27
2018-02-05,8.60,8.70,8.91,8.58,194014,172884405.00,3.74,-1.47,-0.13,2.45
2018-02-06,8.57,8.02,8.68,7.99,242305,205206682.00,7.93,-7.82,-0.68,3.06
2018-02-07,8.20,8.05,8.32,7.84,181640,149653870.00,5.99,0.37,0.03,2.29
2018-02-08,8.01,8.13,8.27,7.92,189622,156107343.00,4.35,0.99,0.08,2.39
2018-02-09,7.87,7.68,7.95,7.46,210725,166612321.00,6.03,-5.54,-0.45,2.66
2018-02-12,7.75,7.85,7.89,7.70,114110,90836649.00,2.47,2.21,0.17,1.44
2018-02-13,7.93,7.90,8.03,7.86,115724,93663458.00,2.17,0.64,0.05,1.46
2018-02-14,7.90,7.78,7.94,7.75,117498,93730642.00,2.41,-1.52,-0.12,1.48
2018-02-22,7.88,7.97,7.98,7.85,95679,77288432.00,1.67,2.44,0.19,1.21
2018-02-23,7.98,8.07,8.09,7.92,128877,105355105.00,2.13,1.25,0.10,1.63
2018-02-26,8.13,8.26,8.28,8.01,166076,138158328.00,3.35,2.35,0.19,2.10
2018-02-27,8.23,8.25,8.58,8.10,259364,218345976.00,5.81,-0.12,-0.01,3.27
2018-02-28,8.14,8.30,8.40,8.06,176019,147861513.00,4.12,0.61,0.05,2.22
2018-03-01,8.25,8.40,8.44,8.22,140238,118986377.00,2.65,1.20,0.10,1.77
2018-03-02,8.34,8.22,8.38,8.20,130800,110421008.00,2.14,-2.14,-0.18,1.65
2018-03-05,8.21,8.32,8.33,8.21,89408,75383605.00,1.46,1.22,0.10,1.13
2018-03-06,8.30,8.45,8.49,8.30,153171,131133565.00,2.28,1.56,0.13,1.93
2018-03-07,8.41,8.36,8.46,8.30,113052,96407790.00,1.89,-1.07,-0.09,1.43
2018-03-08,8.37,8.42,8.43,8.30,89466,76270677.00,1.56,0.72,0.06,1.13
2018-03-09,8.40,8.50,8.54,8.37,149281,128508600.00,2.02,0.95,0.08,1.88
2018-03-12,8.52,8.58,8.61,8.48,148817,129561233.00,1.53,0.94,0.08,1.88
2018-03-13,8.58,8.43,8.58,8.42,138548,119564261.00,1.86,-1.75,-0.15,1.75
2018-03-14,8.38,8.31,8.41,8.27,124607,105683632.00,1.66,-1.42,-0.12,1.57
2018-03-15,8.29,8.39,8.60,8.27,128067,109544376.00,3.97,0.96,0.08,1.62
2018-03-16,8.42,8.49,8.63,8.38,226429,196916161.00,2.98,1.19,0.10,2.86
2018-03-19,8.44,8.59,8.72,8.38,174082,152151364.00,4.00,1.18,0.10,2.20
2018-03-20,8.51,8.77,8.83,8.47,224400,198148246.00,4.19,2.10,0.18,2.83
2018-03-21,8.85,8.63,8.91,8.58,238840,212540858.00,3.76,-1.60,-0.14,3.01
2018-03-22,8.62,8.57,8.66,8.43,124787,108433377.00,2.67,-0.70,-0.06,1.57
2018-03-23,8.25,7.72,8.33,7.71,278084,226082198.00,7.23,-9.92,-0.85,3.51
2018-03-26,7.59,7.94,7.95,7.50,141459,111585847.00,5.83,2.85,0.22,1.78
2018-03-27,8.03,8.08,8.15,7.97,132255,108652639.00,2.27,1.76,0.14,1.67
2018-03-28,8.00,7.89,8.10,7.88,109132,88861771.00,2.72,-2.35,-0.19,1.38
2018-03-29,7.96,8.11,8.14,7.92,129871,106525243.00,2.79,2.79,0.22,1.64
2018-03-30,8.13,8.10,8.18,8.07,111175,91901215.00,1.36,-0.12,-0.01,1.40
2018-04-02,8.09,8.06,8.22,8.05,114902,95196231.00,2.10,-0.49,-0.04,1.45
2018-04-03,7.94,7.89,7.95,7.82,108771,87342982.00,1.61,-2.11,-0.17,1.37
2018-04-04,7.95,7.88,8.08,7.86,91374,74080673.00,2.79,-0.13,-0.01,1.15
2018-04-09,7.86,7.92,7.98,7.84,90540,72943894.00,1.78,0.51,0.04,1.14
2018-04-10,7.95,8.02,8.04,7.92,97711,79422750.00,1.52,1.26,0.10,1.23
2018-04-11,8.07,8.07,8.14,8.04,108762,89493661.00,1.25,0.62,0.05,1.37
2018-04-12,8.04,8.00,8.10,7.97,74175,60706915.00,1.61,-0.87,-0.07,0.94
2018-04-13,8.03,7.93,8.08,7.92,62237,50623584.00,2.00,-0.88,-0.07,0.79
2018-04-16,7.93,7.77,7.94,7.70,96204,76591743.00,3.03,-2.02,-0.16,1.21
2018-04-17,7.82,7.60,7.82,7.55,79016,62103223.00,3.47,-2.19,-0.17,1.00
2018-04-18,7.68,7.77,7.77,7.55,77110,60381903.00,2.89,2.24,0.17,0.97
2018-04-19,7.75,7.75,7.82,7.72,67532,53525326.00,1.29,-0.26,-0.02,0.85
2018-04-20,7.71,7.54,7.73,7.54,88419,68618288.00,2.45,-2.71,-0.21,1.12
2018-04-23,7.59,7.55,7.62,7.45,57380,44102737.00,2.25,0.13,0.01,0.72
2018-04-24,7.55,7.82,7.94,7.55,115226,91335866.00,5.17,3.58,0.27,1.45
2018-04-25,7.76,7.82,7.85,7.71,71365,56581980.00,1.79,0.00,0.00,0.90
2018-04-26,7.83,7.82,7.88,7.72,78329,62229018.00,2.05,0.00,0.00,0.99
2018-04-27,7.82,7.73,7.85,7.67,66208,52323479.00,2.30,-1.15,-0.09,0.84
2018-05-02,7.78,7.62,7.81,7.56,53349,41533337.00,3.23,-1.42,-0.11,0.67
2018-05-03,7.60,7.65,7.70,7.48,66403,51362717.00,2.89,0.39,0.03,0.84
2018-05-04,7.61,7.59,7.68,7.58,42003,32624851.00,1.31,-0.78,-0.06,0.53
2018-05-07,7.67,7.72,7.73,7.64,70961,55697141.00,1.19,1.71,0.13,0.90
2018-05-08,7.71,7.78,7.79,7.68,69756,55061962.00,1.42,0.78,0.06,0.88
2018-05-09,7.75,7.69,7.77,7.64,65461,51404256.00,1.67,-1.16,-0.09,0.83
2018-05-10,7.70,7.69,7.74,7.64,53050,41598287.00,1.30,0.00,0.00,0.67
2018-05-11,7.70,7.58,7.71,7.56,60022,46652925.00,1.95,-1.43,-0.11,0.76
2018-05-14,7.58,7.55,7.64,7.52,42342,32746849.00,1.58,-0.40,-0.03,0.53
2018-05-15,7.58,7.64,7.65,7.50,53653,41472859.00,1.99,1.19,0.09,0.68
2018-05-16,7.58,7.54,7.63,7.48,60889,46877015.00,1.96,-1.31,-0.10,0.77
2018-05-17,7.53,7.51,7.57,7.48,53197,40718996.00,1.19,-0.40,-0.03,0.67
2018-05-18,7.52,7.64,7.75,7.50,105080,81998898.00,3.33,1.73,0.13,1.33
2018-05-21,7.73,7.82,7.87,7.65,128232,101722601.00,2.88,2.36,0.18,1.62
2018-05-22,7.83,7.81,7.84,7.74,64863,51452973.00,1.28,-0.13,-0.01,0.82
2018-05-23,7.80,7.67,7.81,7.65,54812,43170589.00,2.05,-1.79,-0.14,0.69
2018-05-24,7.70,7.76,7.87,7.65,68439,54214327.00,2.87,1.17,0.09,0.86
2018-05-25,7.79,7.65,7.81,7.57,60622,47880151.00,3.09,-1.42,-0.11,0.76
2018-05-28,7.64,7.91,8.10,7.64,214513,172861004.00,6.01,3.40,0.26,2.71
2018-05-29,7.93,7.92,7.97,7.80,140017,112587396.00,2.15,0.13,0.01,1.77
2018-05-30,7.76,7.97,8.13,7.68,291199,236791873.00,5.68,0.63,0.05,3.67
2018-05-31,8.01,8.12,8.18,7.94,243737,201153933.00,3.01,1.88,0.15,3.07
2018-06-01,8.06,8.15,8.18,8.01,198610,163759691.00,2.09,0.37,0.03,2.51
2018-06-04,8.12,8.01,8.28,7.93,200042,165020588.00,4.29,-1.72,-0.14,2.52
2018-06-05,7.93,7.99,8.09,7.82,169586,137349805.00,3.37,-0.25,-0.02,2.14
2018-06-06,7.94,7.97,7.98,7.86,126094,101696242.00,1.50,-0.25,-0.02,1.59
2018-06-07,8.00,7.87,8.03,7.81,128416,103238137.00,2.76,-1.25,-0.10,1.62
2018-06-08,7.78,7.64,7.84,7.53,164729,128256828.00,3.94,-2.92,-0.23,2.08
2018-06-11,7.57,6.87,7.58,6.86,359053,258794155.00,9.42,-10.08,-0.77,4.53
2018-06-12,6.83,6.86,6.89,6.63,121303,84346757.00,3.78,-0.15,-0.01,1.53
2018-06-13,6.84,6.65,6.85,6.63,96043,65936830.00,3.21,-3.06,-0.21,1.21
2018-06-14,6.66,6.64,6.75,6.61,57531,38704772.00,2.11,-0.15,-0.01,0.73
2018-06-15,6.67,6.36,6.67,6.26,141257,91180982.00,6.17,-4.22,-0.28,1.78
2018-06-19,6.20,5.72,6.20,5.72,187583,112074334.00,7.55,-10.06,-0.64,2.37
2018-06-20,5.74,5.87,5.93,5.70,98145,57537977.00,4.02,2.62,0.15,1.24
2018-06-21,5.90,5.72,5.99,5.70,93188,54873024.00,4.94,-2.56,-0.15,1.18
2018-06-22,5.65,5.82,5.84,5.55,62504,36190001.00,5.07,1.75,0.10,0.79
2018-06-25,5.88,5.84,5.94,5.82,72263,42872351.00,2.06,0.34,0.02,0.91
2018-06-26,5.70,5.90,5.92,5.65,59546,34998579.00,4.62,1.03,0.06,0.75
2018-06-27,5.88,6.08,6.31,5.87,158082,97635618.00,7.46,3.05,0.18,1.99
2018-06-28,6.05,5.88,6.10,5.87,73238,44361997.00,3.78,-3.29,-0.20,0.92
2018-06-29,5.89,6.06,6.08,5.88,60177,36492083.00,3.40,3.06,0.18,0.76
2018-07-02,6.05,5.93,6.12,5.87,65712,39716006.00,4.13,-2.15,-0.13,0.83
2018-07-03,5.92,6.09,6.21,5.92,90184,55212731.00,4.89,2.70,0.16,1.14
2018-07-04,6.05,6.02,6.22,5.98,70259,43008222.00,3.94,-1.15,-0.07,0.89
2018-07-05,6.02,5.83,6.15,5.81,75072,45008223.00,5.65,-3.16,-0.19,0.95
2018-07-06,5.83,5.81,5.92,5.60,86465,50368154.00,5.49,-0.34,-0.02,1.09
2018-07-09,5.87,5.95,5.95,5.81,52756,31399271.00,2.41,2.41,0.14,0.67
2018-07-10,5.92,6.01,6.10,5.90,61350,37073425.00,3.36,1.01,0.06,0.77
2018-07-11,5.95,5.86,5.96,5.76,84391,49711043.00,3.33,-2.50,-0.15,1.06
2018-07-12,5.81,5.99,6.01,5.81,74253,44540026.00,3.41,2.22,0.13,0.94
2018-07-13,5.97,5.95,6.01,5.94,55760,33555662.00,1.17,-0.67,-0.04,0.70
2018-07-16,5.96,5.97,6.00,5.91,40482,24331838.00,1.51,0.34,0.02,0.51
2018-07-17,5.94,6.03,6.10,5.92,78852,47769253.00,3.02,1.01,0.06,0.99
2018-07-18,5.99,5.95,6.04,5.95,52716,31889720.00,1.49,-1.33,-0.08,0.67
2018-07-19,5.96,5.89,5.99,5.86,44918,26744361.00,2.18,-1.01,-0.06,0.57
2018-07-20,5.89,5.97,5.98,5.85,57518,34392092.00,2.21,1.36,0.08,0.73
2018-07-23,5.95,6.23,6.29,5.91,199208,123341958.00,6.37,4.36,0.26,2.51
2018-07-24,6.23,6.45,6.65,6.18,276088,178066074.00,7.54,3.53,0.22,3.48
2018-07-25,6.35,6.36,6.42,6.30,138342,88523883.00,1.86,-1.40,-0.09,1.75
2018-07-26,6.36,6.39,6.43,6.31,107662,69057100.00,1.89,0.47,0.03,1.36
2018-07-27,6.35,6.29,6.52,6.28,124858,80672912.00,3.76,-1.56,-0.10,1.58
2018-07-30,6.26,6.66,6.85,6.24,317327,212016461.00,9.70,5.88,0.37,4.00
2018-07-31,6.60,6.48,6.65,6.44,155675,101904605.00,3.15,-2.70,-0.18,1.96
2018-08-01,6.54,6.34,6.68,6.31,167863,110052417.00,5.71,-2.16,-0.14,2.12
2018-08-02,6.35,6.29,6.38,5.84,211212,130515755.00,8.52,-0.79,-0.05,2.66
2018-08-03,6.22,6.06,6.30,6.04,120260,74874690.00,4.13,-3.66,-0.23,1.52
2018-08-06,6.05,6.03,6.17,5.97,75926,46381853.00,3.30,-0.50,-0.03,0.96
2018-08-07,6.04,6.64,6.64,6.04,342587,223087666.00,9.95,10.12,0.61,4.32
2018-08-08,6.75,6.74,7.00,6.66,546235,374356880.00,5.12,1.51,0.10,6.89
2018-08-09,6.68,6.82,6.92,6.54,297383,202467565.00,5.64,1.19,0.08,3.75
2018-08-10,6.78,6.72,6.92,6.68,199530,136095503.00,3.52,-1.47,-0.10,2.52
2018-08-13,6.66,6.64,6.69,6.51,167705,111609881.00,2.68,-1.19,-0.08,2.12
2018-08-14,6.61,6.65,6.74,6.53,143755,96417207.00,3.16,0.15,0.01,1.81
2018-08-15,6.63,6.64,6.79,6.56,171022,114894393.00,3.46,-0.15,-0.01,2.16
2018-08-16,6.48,6.36,6.59,6.28,175454,113567724.00,4.67,-4.22,-0.28,2.21
2018-08-17,6.43,6.06,6.48,6.05,146574,91595150.00,6.76,-4.72,-0.30,1.85
2018-08-20,6.07,6.18,6.18,6.00,92939,57057440.00,2.97,1.98,0.12,1.17
2018-08-21,6.16,6.24,6.42,6.11,119904,76053552.00,5.02,0.97,0.06,1.51
2018-08-22,6.21,6.15,6.27,6.12,82674,51556769.00,2.40,-1.44,-0.09,1.04
2018-08-23,6.16,6.20,6.24,6.09,73674,45865693.00,2.44,0.81,0.05,0.93
2018-08-24,6.17,6.09,6.19,6.08,69413,42838911.00,1.77,-1.77,-0.11,0.88
2018-08-27,6.12,6.24,6.26,6.06,104907,65286052.00,3.28,2.46,0.15,1.32
2018-08-28,6.22,6.27,6.30,6.19,75417,47411958.00,1.76,0.48,0.03,0.95
2018-08-29,6.23,6.16,6.29,6.15,78054,48751726.00,2.23,-1.75,-0.11,0.98
2018-08-30,6.17,5.95,6.19,5.92,94947,57814802.00,4.38,-3.41,-0.21,1.20
2018-08-31,5.95,5.96,6.07,5.91,73836,44647754.00,2.69,0.17,0.01,0.93
2018-09-03,5.98,6.04,6.04,5.91,57362,34558919.00,2.18,1.34,0.08,0.72
2018-09-04,6.03,6.07,6.10,6.00,49539,30229109.00,1.66,0.50,0.03,0.62
2018-09-05,6.06,5.93,6.07,5.93,62877,37939692.00,2.31,-2.31,-0.14,0.79
2018-09-06,5.91,5.90,6.01,5.89,45390,27225065.00,2.02,-0.51,-0.03,0.57
2018-09-07,5.90,5.95,6.10,5.87,70437,42519494.00,3.90,0.85,0.05,0.89
2018-09-10,5.95,5.81,5.98,5.81,55230,32793668.00,2.86,-2.35,-0.14,0.70
2018-09-11,5.83,5.84,5.88,5.73,47106,27634256.00,2.58,0.52,0.03,0.59
2018-09-12,5.85,5.83,5.91,5.81,30146,17825366.00,1.71,-0.17,-0.01,0.38
2018-09-13,5.91,5.92,5.94,5.84,39817,23669451.00,1.72,1.54,0.09,0.50
2018-09-14,5.94,5.79,5.94,5.79,44854,26579619.00,2.53,-2.20,-0.13,0.57
2018-09-17,5.80,5.74,5.83,5.73,38697,22519195.00,1.73,-0.86,-0.05,0.49
2018-09-18,5.75,6.01,6.04,5.72,122208,73061595.00,5.57,4.70,0.27,1.54
2018-09-19,5.97,5.98,6.05,5.94,80849,48790981.00,1.83,-0.50,-0.03,1.02
2018-09-20,5.96,5.98,6.02,5.93,61639,37150969.00,1.51,0.00,0.00,0.78
2018-09-21,5.99,6.15,6.41,5.96,201507,126065609.00,7.53,2.84,0.17,2.54
2018-09-25,6.06,6.07,6.15,5.97,114362,69765312.00,2.93,-1.30,-0.08,1.44
2018-09-26,6.07,6.07,6.14,6.05,87162,53555260.00,1.48,0.00,0.00,1.10
2018-09-27,6.05,6.03,6.18,6.01,89378,54857705.00,2.80,-0.66,-0.04,1.13
2018-09-28,6.04,6.07,6.12,6.02,62643,38378583.00,1.66,0.66,0.04,0.79
2018-10-08,5.95,5.76,6.03,5.72,99135,58998618.00,5.11,-5.11,-0.31,1.25
2018-10-09,5.81,5.86,5.88,5.79,60105,35356529.00,1.56,1.74,0.10,0.76
2018-10-10,5.86,5.89,6.00,5.84,61221,36594137.00,2.73,0.51,0.03,0.77
2018-10-11,5.67,5.35,5.88,5.30,158485,88662631.00,9.85,-9.17,-0.54,2.00
2018-10-12,5.28,5.21,5.35,4.89,112150,58343398.00,8.60,-2.62,-0.14,1.41
2018-10-15,5.23,5.01,5.26,4.98,63242,32738289.00,5.37,-3.84,-0.20,0.80
2018-10-16,5.05,4.89,5.09,4.85,62785,31434965.00,4.79,-2.40,-0.12,0.79
2018-10-17,4.95,5.00,5.04,4.86,50580,25375058.00,3.68,2.25,0.11,0.64
2018-10-18,5.01,4.90,5.01,4.85,50383,25054554.00,3.20,-2.00,-0.10,0.64
2018-10-19,4.78,4.97,5.00,4.69,61891,30507071.00,6.33,1.43,0.07,0.78
2018-10-22,4.99,5.24,5.27,4.99,110132,57347920.00,5.63,5.43,0.27,1.39
2018-10-23,5.24,5.13,5.26,5.08,81617,42585560.00,3.44,-2.10,-0.11,1.03
2018-10-24,5.06,5.24,5.26,5.06,97714,51133271.00,3.90,2.14,0.11,1.23
2018-10-25,5.05,5.20,5.25,5.00,93238,48220847.00,4.77,-0.76,-0.04,1.18
2018-10-26,5.20,5.15,5.28,5.14,78176,40971278.00,2.69,-0.96,-0.05,0.99
2018-10-29,5.14,5.08,5.18,5.03,52689,27174379.00,2.91,-1.36,-0.07,0.66
2018-10-30,5.08,5.18,5.20,5.05,62024,32216440.00,2.95,1.97,0.10,0.78
2018-10-31,5.17,5.30,5.42,5.17,129085,69363362.00,4.83,2.32,0.12,1.63
2018-11-01,5.38,5.25,5.40,5.25,90550,48672056.00,2.83,-0.94,-0.05,1.14
2018-11-02,5.29,5.37,5.39,5.29,89051,48053083.00,1.90,2.29,0.12,1.12
2018-11-05,5.37,5.41,5.42,5.30,85083,46103261.00,2.23,0.74,0.04,1.07
2018-11-06,5.40,5.45,5.47,5.34,94435,51626789.00,2.40,0.74,0.04,1.19
2018-11-07,5.48,5.34,5.49,5.33,88005,48032439.00,2.94,-2.02,-0.11,1.11
2018-11-08,5.37,5.34,5.65,5.33,155680,85376941.00,5.99,0.00,0.00,1.96
2018-11-09,5.31,5.25,5.37,5.24,79946,42719350.00,2.43,-1.69,-0.09,1.01
2018-11-12,5.28,5.38,5.40,5.25,66091,35667704.00,2.86,2.48,0.13,0.83
2018-11-13,5.31,5.50,5.60,5.30,147439,81259687.00,5.58,2.23,0.12,1.86
2018-11-14,5.47,5.52,5.63,5.47,132811,74464368.00,2.91,0.36,0.02,1.68
2018-11-15,5.57,5.65,5.69,5.50,166328,94445602.00,3.44,2.36,0.13,2.10
2018-11-16,5.67,5.70,5.80,5.62,150902,87021795.00,3.19,0.88,0.05,1.90
2018-11-19,5.73,5.85,5.90,5.67,128153,74709106.00,4.04,2.63,0.15,1.62
2018-11-20,5.79,5.62,5.85,5.54,153832,88188384.00,5.30,-3.93,-0.23,1.94
2018-11-21,5.55,6.00,6.19,5.51,435827,264276124.00,12.10,6.76,0.38,5.50
2018-11-22,5.95,5.93,5.99,5.86,185399,110645868.00,2.17,-1.17,-0.07,2.34
2018-11-23,5.91,5.81,6.21,5.71,318921,192760398.00,8.43,-2.02,-0.12,4.02
2018-11-26,5.86,5.72,5.91,5.49,168463,96157571.00,7.23,-1.55,-0.09,2.13
2018-11-27,5.74,5.65,5.78,5.57,131427,74850772.00,3.67,-1.22,-0.07,1.66
2018-11-28,5.66,5.78,5.78,5.52,136226,77524571.00,4.60,2.30,0.13,1.72
2018-11-29,5.79,5.61,5.91,5.60,172466,100571165.00,5.36,-2.94,-0.17,2.18
2018-11-30,5.55,5.67,5.74,5.53,107086,60816645.00,3.74,1.07,0.06,1.35
2018-12-03,5.78,5.86,6.01,5.71,169451,99829893.00,5.29,3.35,0.19,2.14
2018-12-04,5.84,6.05,6.07,5.80,192199,115248781.00,4.61,3.24,0.19,2.42
2018-12-05,5.87,5.98,6.02,5.84,151078,90559876.00,2.98,-1.16,-0.07,1.91
2018-12-06,5.92,5.82,5.95,5.75,115153,67730750.00,3.34,-2.68,-0.16,1.45
2018-12-07,5.82,6.11,6.24,5.82,297675,181775872.00,7.22,4.98,0.29,3.76
2018-12-10,6.03,6.03,6.12,5.93,168859,102641551.00,3.11,-1.31,-0.08,2.13
2018-12-11,6.04,6.13,6.16,5.97,174033,106613717.00,3.15,1.66,0.10,2.20
2018-12-12,6.14,6.18,6.30,6.05,195362,121645330.00,4.08,0.82,0.05,2.46
2018-12-13,6.14,6.47,6.73,6.14,454980,297107792.00,9.55,4.69,0.29,5.74
2018-12-14,6.46,6.33,6.54,6.31,291066,188021071.00,3.55,-2.16,-0.14,3.67
2018-12-17,6.34,6.40,6.49,6.27,227993,146749994.00,3.48,1.11,0.07,2.88
2018-12-18,6.31,6.18,6.40,6.10,171565,107774179.00,4.69,-3.44,-0.22,2.16
2018-12-19,6.18,6.09,6.24,6.02,102649,63372415.00,3.56,-1.46,-0.09,1.29
2018-12-20,6.07,6.08,6.16,5.98,103491,63364072.00,2.96,-0.16,-0.01,1.31
2018-12-21,6.08,6.12,6.16,5.98,97520,59703177.00,2.96,0.66,0.04,1.23
2018-12-24,6.12,6.09,6.20,6.03,108861,67060743.00,2.78,-0.49,-0.03,1.37
2018-12-25,5.96,5.55,5.99,5.48,332601,187200537.00,8.37,-8.87,-0.54,4.20
2018-12-26,5.46,5.40,5.57,5.37,123776,68115438.00,3.60,-2.70,-0.15,1.56
2018-12-27,5.52,5.28,5.54,5.26,104030,56984515.00,5.19,-2.22,-0.12,1.31
2018-12-28,5.32,5.30,5.42,5.28,71055,38329115.00,2.65,0.38,0.02,0.90