2013-01-04,1040.95,1040.95,1040.95,1040.95,112619,113026466.00,0.00,-1.19,-12.51,0.26
2013-01-07,1047.24,1047.24,1047.24,1047.24,104631,104008625.00,0.00,0.60,6.29,0.24
2013-01-08,1047.84,1047.84,1047.84,1047.84,135162,136119021.00,0.00,0.06,0.60,0.31
2013-01-09,1096.08,1096.08,1096.08,1096.08,323792,334714085.00,0.00,4.60,48.24,0.75
2013-01-10,1107.66,1107.66,1107.66,1107.66,279170,300961679.00,0.00,1.06,11.58,0.65
2013-01-11,1089.10,1089.10,1089.10,1089.10,224414,248277832.00,0.00,-1.68,-18.56,0.52
2013-01-14,1129.62,1129.62,1129.62,1129.62,200693,223715530.00,0.00,3.72,40.52,0.47
2013-01-15,1174.08,1174.08,1174.08,1174.08,323604,358363969.00,0.00,3.94,44.46,0.75
2013-01-16,1193.21,1193.21,1193.21,1193.21,349091,388736225.00,0.00,1.63,19.13,0.81
2013-01-17,1162.73,1162.73,1162.73,1162.73,199839,223507818.00,0.00,-2.55,-30.48,0.46
2013-01-18,1203.83,1203.83,1203.83,1203.83,217348,246169065.00,0.00,3.53,41.10,0.50
2013-01-21,1222.78,1222.78,1222.78,1222.78,234179,269281705.00,0.00,1.57,18.95,0.54
2013-01-22,1224.31,1224.31,1224.31,1224.31,219271,254109722.00,0.00,0.13,1.53,0.51
2013-01-23,1186.03,1186.03,1186.03,1186.03,154259,176258029.00,0.00,-3.13,-38.28,0.36
2013-01-24,1147.46,1147.46,1147.46,1147.46,223315,248488827.00,0.00,-3.25,-38.57,0.52
2013-01-25,1129.42,1129.42,1129.42,1129.42,136614,150363377.00,0.00,-1.57,-18.04,0.32
2013-01-28,1148.08,1148.08,1148.08,1148.08,153303,168020295.00,0.00,1.65,18.66,0.36
2013-01-29,1137.27,1137.27,1137.27,1137.27,213636,235420768.00,0.00,-0.94,-10.81,0.50
2013-01-30,1134.85,1134.85,1134.85,1134.85,151094,162150480.00,0.00,-0.21,-2.42,0.35
2013-01-31,1201.25,1201.25,1201.25,1201.25,358399,393110295.00,0.00,5.85,66.40,0.83
2013-02-01,1210.84,1210.84,1210.84,1210.84,399573,462320401.00,0.00,0.80,9.59,0.93
2013-02-04,1155.93,1155.93,1155.93,1155.93,268482,299282217.00,0.00,-4.53,-54.91,0.62
2013-02-05,1200.32,1200.32,1200.32,1200.32,248827,278241127.00,0.00,3.84,44.39,0.58
2013-02-06,1213.36,1213.36,1213.36,1213.36,205517,235639949.00,0.00,1.09,13.04,0.48
2013-02-07,1224.70,1224.70,1224.70,1224.70,149736,171810444.00,0.00,0.93,11.34,0.35
2013-02-08,1242.13,1242.13,1242.13,1242.13,166861,195233222.00,0.00,1.42,17.43,0.39
2013-02-18,1257.53,1257.53,1257.53,1257.53,268353,322671982.00,0.00,1.24,15.40,0.62
2013-02-19,1227.05,1227.05,1227.05,1227.05,205731,237683203.00,0.00,-2.42,-30.48,0.48
2013-02-20,1238.34,1238.34,1238.34,1238.34,146807,170240597.00,0.00,0.92,11.29,0.34
2013-02-21,1230.27,1230.27,1230.27,1230.27,181273,211677133.00,0.00,-0.65,-8.07,0.42
2013-02-22,1231.42,1231.42,1231.42,1231.42,129975,150963833.00,0.00,0.09,1.15,0.30
2013-02-25,1232.77,1232.77,1232.77,1232.77,225008,263322377.00,0.00,0.11,1.35,0.52
2013-02-26,1189.58,1189.58,1189.58,1189.58,190848,221051882.00,0.00,-3.50,-43.19,0.44
2013-02-27,1190.82,1190.82,1190.82,1190.82,119069,137330472.00,0.00,0.10,1.24,0.28
2013-02-28,1200.94,1200.94,1200.94,1200.94,74809,80632478.00,0.00,0.85,10.12,0.17
2013-03-01,1204.26,1204.26,1204.26,1204.26,55329,60382810.00,0.00,0.28,3.32,0.13
2013-03-04,1146.38,1146.38,1146.38,1146.38,101241,108593516.00,0.00,-4.81,-57.88,0.23
2013-03-05,1180.78,1180.78,1180.78,1180.78,77211,82196493.00,0.00,3.00,34.40,0.18
2013-03-06,1170.83,1170.83,1170.83,1170.83,73547,77550226.00,0.00,-0.84,-9.95,0.17
2013-03-07,1168.25,1168.25,1168.25,1168.25,57220,60133215.00,0.00,-0.22,-2.58,0.13
2013-03-08,1148.42,1148.42,1148.42,1148.42,42324,44178636.00,0.00,-1.70,-19.83,0.10
2013-03-11,1131.84,1131.84,1131.84,1131.84,41640,42517092.00,0.00,-1.44,-16.58,0.10
2013-03-12,1069.26,1069.26,1069.26,1069.26,60671,59788567.00,0.00,-5.53,-62.58,0.14
2013-03-13,1032.43,1032.43,1032.43,1032.43,49519,46864459.00,0.00,-3.44,-36.83,0.11
2013-03-14,1027.32,1027.32,1027.32,1027.32,33325,31188268.00,0.00,-0.49,-5.11,0.08
2013-03-15,1016.61,1016.61,1016.61,1016.61,54192,49630869.00,0.00,-1.04,-10.71,0.13
2013-03-18,1000.41,1000.41,1000.41,1000.41,35973,32812920.00,0.00,-1.59,-16.20,0.08
2013-03-19,1014.68,1014.68,1014.68,1014.68,36177,33598285.00,0.00,1.43,14.27,0.08
2013-03-20,1036.75,1036.75,1036.75,1036.75,45144,42412204.00,0.00,2.18,22.07,0.10
2013-03-21,1039.26,1039.26,1039.26,1039.26,38949,36888975.00,0.00,0.24,2.51,0.09
2013-03-22,1030.89,1030.89,1030.89,1030.89,31913,29921775.00,0.00,-0.81,-8.37,0.07
2013-03-25,1016.72,1016.72,1016.72,1016.72,32305,29960804.00,0.00,-1.37,-14.17,0.07
2013-03-26,1005.65,1005.65,1005.65,1005.65,32137,29237520.00,0.00,-1.09,-11.07,0.07
2013-03-27,1005.46,1005.46,1005.46,1005.46,23957,21880858.00,0.00,-0.02,-0.19,0.06
2013-03-28,966.19,966.19,966.19,966.19,38493,34131535.00,0.00,-3.91,-39.27,0.09
2013-03-29,928.29,928.29,928.29,928.29,65170,56566859.00,0.00,-3.92,-37.90,0.15
2013-04-01,925.47,925.47,925.47,925.47,40526,33932919.00,0.00,-0.30,-2.82,0.09
2013-04-02,995.73,995.73,995.73,995.73,95015,82798267.00,0.00,7.59,70.26,0.22
2013-04-03,956.41,956.41,956.41,956.41,83719,73675845.00,0.00,-3.95,-39.32,0.19
2013-04-08,863.37,863.37,863.37,863.37,103399,80717000.00,0.00,-9.73,-93.04,0.24
2013-04-09,903.19,903.19,903.19,903.19,130832,103741094.00,0.00,4.61,39.82,0.30
2013-04-10,893.43,893.43,893.43,893.43,69296,55877980.00,0.00,-1.08,-9.76,0.16
2013-04-11,890.19,890.19,890.19,890.19,37541,30434139.00,0.00,-0.36,-3.24,0.09
2013-04-12,880.59,880.59,880.59,880.59,37457,29766488.00,0.00,-1.08,-9.60,0.09
2013-04-15,816.56,816.56,816.56,816.56,89252,66782919.00,0.00,-7.27,-64.03,0.21
2013-04-16,859.35,859.35,859.35,859.35,75524,57151989.00,0.00,5.24,42.79,0.18
2013-04-17,904.88,904.88,904.88,904.88,105363,84615099.00,0.00,5.30,45.53,0.24
2013-04-18,949.12,949.12,949.12,949.12,127391,108225225.00,0.00,4.89,44.24,0.30
2013-04-19,978.15,978.15,978.15,978.15,106349,93101164.00,0.00,3.06,29.03,0.25
2013-04-22,953.82,953.82,953.82,953.82,84260,73080322.00,0.00,-2.49,-24.33,0.20
2013-04-23,941.21,941.21,941.21,941.21,57687,49375172.00,0.00,-1.32,-12.61,0.13
2013-04-24,943.85,943.85,943.85,943.85,44788,38444338.00,0.00,0.28,2.64,0.10
2013-04-25,956.66,956.66,956.66,956.66,73420,63654953.00,0.00,1.36,12.81,0.17
2013-04-26,1009.51,1009.51,1009.51,1009.51,122991,110745732.00,0.00,5.52,52.85,0.29
2013-05-02,1099.41,1099.41,1099.41,1099.41,159032,153719392.00,0.00,8.91,89.90,0.37
2013-05-03,1078.99,1078.99,1078.99,1078.99,476654,506152259.00,0.00,-1.86,-20.42,1.11
2013-05-06,1090.55,1090.55,1090.55,1090.55,262374,276510030.00,0.00,1.07,11.56,0.61
2013-05-07,1083.04,1083.04,1083.04,1083.04,198221,209029602.00,0.00,-0.69,-7.51,0.46
2013-05-08,1074.93,1074.93,1074.93,1074.93,145731,151467435.00,0.00,-0.75,-8.11,0.34
2013-05-09,1101.07,1101.07,1101.07,1101.07,202642,213455718.00,0.00,2.43,26.14,0.47
2013-05-10,1118.63,1118.63,1118.63,1118.63,220706,242127339.00,0.00,1.59,17.56,0.51
2013-05-13,1156.52,1156.52,1156.52,1156.52,314112,351999257.00,0.00,3.39,37.89,0.73
2013-05-14,1156.95,1156.95,1156.95,1156.95,180035,201252645.00,0.00,0.04,0.43,0.42
2013-05-15,1161.77,1161.77,1161.77,1161.77,165116,187486234.00,0.00,0.42,4.82,0.38
2013-05-16,1157.52,1157.52,1157.52,1157.52,198208,227111029.00,0.00,-0.37,-4.25,0.46
2013-05-17,1171.17,1171.17,1171.17,1171.17,214817,243776933.00,0.00,1.18,13.65,0.50
2013-05-20,1177.21,1177.21,1177.21,1177.21,247603,284796306.00,0.00,0.52,6.04,0.57
2013-05-21,1195.10,1195.10,1195.10,1195.10,225568,251203351.00,0.00,1.52,17.89,0.52
2013-05-22,1189.39,1189.39,1189.39,1189.39,231759,266631582.00,0.00,-0.48,-5.71,0.54
2013-05-23,1152.02,1152.02,1152.02,1152.02,157408,179614275.00,0.00,-3.14,-37.37,0.37
2013-05-24,1159.65,1159.65,1159.65,1159.65,142266,161159810.00,0.00,0.66,7.63,0.33
2013-05-27,1187.71,1187.71,1187.71,1187.71,205525,229476905.00,0.00,2.42,28.06,0.48
2013-05-28,1177.02,1177.02,1177.02,1177.02,145542,164197833.00,0.00,-0.90,-10.69,0.34
2013-05-29,1173.12,1173.12,1173.12,1173.12,126091,145281149.00,0.00,-0.33,-3.90,0.29
2013-05-30,1179.86,1179.86,1179.86,1179.86,173920,194247825.00,0.00,0.57,6.74,0.40
2013-05-31,1184.68,1184.68,1184.68,1184.68,222087,247537544.00,0.00,0.41,4.82,0.52
2013-06-03,1144.82,1144.82,1144.82,1144.82,148719,167488451.00,0.00,-3.36,-39.86,0.35
2013-06-04,1106.83,1106.83,1106.83,1106.83,134307,145843145.00,0.00,-3.32,-37.99,0.31
2013-06-05,1103.54,1103.54,1103.54,1103.54,96125,105215070.00,0.00,-0.30,-3.29,0.22
2013-06-06,1105.86,1105.86,1105.86,1105.86,68892,76417768.00,0.00,0.21,2.32,0.16
2013-06-07,1066.24,1066.24,1066.24,1066.24,100020,105923805.00,0.00,-3.58,-39.62,0.23
2013-06-13,1015.72,1015.72,1015.72,1015.72,89938,90288054.00,0.00,-4.74,-50.52,0.21
2013-06-14,1027.12,1027.12,1027.12,1027.12,98665,97370008.00,0.00,1.12,11.40,0.23
2013-06-17,1009.92,1009.92,1009.92,1009.92,107021,103710106.00,0.00,-1.67,-17.20,0.25
2013-06-18,1016.86,1016.86,1016.86,1016.86,64863,67069572.00,0.00,0.69,6.94,0.15
2013-06-19,1058.81,1058.81,1058.81,1058.81,158456,169273397.00,0.00,4.13,41.95,0.37
2013-06-20,1027.23,1027.23,1027.23,1027.23,110262,114801129.00,0.00,-2.98,-31.58,0.26
2013-06-21,1043.10,1043.10,1043.10,1043.10,68749,69106837.00,0.00,1.54,15.87,0.16
2013-06-24,979.27,979.27,979.27,979.27,112228,112867196.00,0.00,-6.12,-63.83,0.26
2013-06-25,948.72,948.72,948.72,948.72,221278,209361537.00,0.00,-3.12,-30.55,0.51
2013-06-26,941.72,941.72,941.72,941.72,121623,115578406.00,0.00,-0.74,-7.00,0.28
2013-06-27,896.97,896.97,896.97,896.97,108436,101221171.00,0.00,-4.75,-44.75,0.25
2013-06-28,885.54,885.54,885.54,885.54,138605,122429089.00,0.00,-1.27,-11.43,0.32
2013-07-01,916.81,916.81,916.81,916.81,101557,90861378.00,0.00,3.53,31.27,0.24
2013-07-02,1006.38,1006.38,1006.38,1006.38,200819,192697908.00,0.00,9.77,89.57,0.47
2013-07-03,1029.61,1029.61,1029.61,1029.61,206525,203488868.00,0.00,2.31,23.23,0.48
2013-07-04,1013.60,1013.60,1013.60,1013.60,130554,129628452.00,0.00,-1.55,-16.01,0.30
2013-07-05,1003.66,1003.66,1003.66,1003.66,142310,140726644.00,0.00,-0.98,-9.94,0.33
2013-07-08,1000.42,1000.42,1000.42,1000.42,141633,137714386.00,0.00,-0.32,-3.24,0.33
2013-07-09,978.20,978.20,978.20,978.20,109793,104311962.00,0.00,-2.22,-22.22,0.25
2013-07-10,1024.12,1024.12,1024.12,1024.12,144500,139251616.00,0.00,4.69,45.92,0.34
2013-07-11,1049.51,1049.51,1049.51,1049.51,187164,190482217.00,0.00,2.48,25.39,0.43
2013-07-12,1049.09,1049.09,1049.09,1049.09,121887,125159750.00,0.00,-0.04,-0.42,0.28
2013-07-15,1047.32,1047.32,1047.32,1047.32,126359,129248608.00,0.00,-0.17,-1.77,0.29
2013-07-16,1085.89,1085.89,1085.89,1085.89,159776,166892295.00,0.00,3.68,38.57,0.37
2013-07-17,1056.20,1056.20,1056.20,1056.20,121663,127483889.00,0.00,-2.73,-29.69,0.28
2013-07-18,1063.91,1063.91,1063.91,1063.91,81456,83872821.00,0.00,0.73,7.71,0.19
2013-07-19,1050.83,1050.83,1050.83,1050.83,105461,110287781.00,0.00,-1.23,-13.08,0.24
2013-07-22,1021.94,1021.94,1021.94,1021.94,153039,151093653.00,0.00,-2.75,-28.89,0.36
2013-07-23,1040.31,1040.31,1040.31,1040.31,114418,115535825.00,0.00,1.80,18.37,0.27
2013-07-24,1025.65,1025.65,1025.65,1025.65,87245,87024536.00,0.00,-1.41,-14.66,0.20
2013-07-25,985.61,985.61,985.61,985.61,84530,81507213.00,0.00,-3.90,-40.04,0.20
2013-07-26,987.32,987.32,987.32,987.32,64861,62468375.00,0.00,0.17,1.71,0.15
2013-07-29,994.79,994.79,994.79,994.79,64528,63304957.00,0.00,0.76,7.47,0.15
2013-07-30,1005.33,1005.33,1005.33,1005.33,69220,68330266.00,0.00,1.06,10.54,0.16
2013-07-31,1015.95,1015.95,1015.95,1015.95,65096,64226445.00,0.00,1.06,10.62,0.15
2013-08-01,1059.48,1059.48,1059.48,1059.48,158393,162903402.00,0.00,4.28,43.53,0.37
2013-08-02,1114.59,1114.59,1114.59,1114.59,222011,236036236.00,0.00,5.20,55.11,0.52
2013-08-05,1202.18,1202.18,1202.18,1202.18,403027,456535991.00,0.00,7.86,87.59,0.93
2013-08-06,1203.59,1203.59,1203.59,1203.59,309462,362055302.00,0.00,0.12,1.41,0.72
2013-08-07,1198.19,1198.19,1198.19,1198.19,177557,206240242.00,0.00,-0.45,-5.40,0.41
2013-08-08,1176.35,1176.35,1176.35,1176.35,149836,173252506.00,0.00,-1.82,-21.84,0.35
2013-08-09,1171.77,1171.77,1171.77,1171.77,139580,159172431.00,0.00,-0.39,-4.58,0.32
2013-08-12,1147.79,1147.79,1147.79,1147.79,215729,239426881.00,0.00,-2.05,-23.98,0.50
2013-08-13,1215.05,1215.05,1215.05,1215.05,233047,265373524.00,0.00,5.86,67.26,0.54
2013-08-14,1226.24,1226.24,1226.24,1226.24,311151,380410261.00,0.00,0.92,11.19,0.72
2013-08-15,1188.44,1188.44,1188.44,1188.44,141113,166239001.00,0.00,-3.08,-37.80,0.33
2013-08-16,1167.68,1167.68,1167.68,1167.68,167107,195180640.00,0.00,-1.75,-20.76,0.39
2013-08-19,1167.93,1167.93,1167.93,1167.93,139706,159468561.00,0.00,0.02,0.25,0.32
2013-08-20,1150.62,1150.62,1150.62,1150.62,108369,123103961.00,0.00,-1.48,-17.31,0.25
2013-08-21,1163.94,1163.94,1163.94,1163.94,81854,92562619.00,0.00,1.16,13.32,0.19
2013-08-22,1150.65,1150.65,1150.65,1150.65,77946,87873774.00,0.00,-1.14,-13.29,0.18
2013-08-23,1170.35,1170.35,1170.35,1170.35,183726,207020840.00,0.00,1.71,19.70,0.43
2013-08-26,1173.05,1173.05,1173.05,1173.05,191422,220844148.00,0.00,0.23,2.70,0.44
2013-08-27,1170.02,1170.02,1170.02,1170.02,102981,117909807.00,0.00,-0.26,-3.03,0.24
2013-08-28,1128.01,1128.01,1128.01,1128.01,122809,137843923.00,0.00,-3.59,-42.01,0.28
2013-08-29,1119.31,1119.31,1119.31,1119.31,65624,72093639.00,0.00,-0.77,-8.70,0.15
2013-08-30,1087.07,1087.07,1087.07,1087.07,84597,90536527.00,0.00,-2.88,-32.24,0.20
2013-09-02,1132.24,1132.24,1132.24,1132.24,127280,138062610.00,0.00,4.16,45.17,0.30
2013-09-03,1157.94,1157.94,1157.94,1157.94,178712,200193872.00,0.00,2.27,25.70,0.41
2013-09-04,1145.19,1145.19,1145.19,1145.19,83973,93282943.00,0.00,-1.10,-12.75,0.19
2013-09-05,1126.82,1126.82,1126.82,1126.82,117622,128383055.00,0.00,-1.60,-18.37,0.27
2013-09-06,1105.26,1105.26,1105.26,1105.26,124473,133533853.00,0.00,-1.91,-21.56,0.29
2013-09-09,1113.85,1113.85,1113.85,1113.85,144300,154354397.00,0.00,0.78,8.59,0.33
2013-09-10,1111.02,1111.02,1111.02,1111.02,96916,104288924.00,0.00,-0.25,-2.83,0.22
2013-09-11,1128.01,1128.01,1128.01,1128.01,260911,280498226.00,0.00,1.53,16.99,0.61
2013-09-12,1125.45,1125.45,1125.45,1125.45,170371,184259431.00,0.00,-0.23,-2.56,0.40
2013-09-13,1116.59,1116.59,1116.59,1116.59,85911,91790332.00,0.00,-0.79,-8.86,0.20
2013-09-16,1100.22,1100.22,1100.22,1100.22,95176,101297888.00,0.00,-1.47,-16.37,0.22
2013-09-17,1059.26,1059.26,1059.26,1059.26,118413,121724879.00,0.00,-3.72,-40.96,0.27
2013-09-18,1059.58,1059.58,1059.58,1059.58,71100,71551170.00,0.00,0.03,0.32,0.16
2013-09-23,1068.53,1068.53,1068.53,1068.53,142981,144696121.00,0.00,0.84,8.95,0.33
2013-09-24,1049.75,1049.75,1049.75,1049.75,121000,121877791.00,0.00,-1.76,-18.78,0.28
2013-09-25,1048.21,1048.21,1048.21,1048.21,105027,106058009.00,0.00,-0.15,-1.54,0.24
2013-09-26,1024.16,1024.16,1024.16,1024.16,193758,192776713.00,0.00,-2.29,-24.05,0.45
2013-09-27,998.90,998.90,998.90,998.90,152510,147813797.00,0.00,-2.47,-25.26,0.35
2013-09-30,993.75,993.75,993.75,993.75,119050,113193518.00,0.00,-0.52,-5.15,0.28
2013-10-08,1053.16,1053.16,1053.16,1053.16,184907,182817700.00,0.00,5.98,59.41,0.43
2013-10-09,1056.36,1056.36,1056.36,1056.36,184116,188082786.00,0.00,0.30,3.20,0.43
2013-10-10,1034.37,1034.37,1034.37,1034.37,150151,151597920.00,0.00,-2.08,-21.99,0.35
2013-10-11,1043.93,1043.93,1043.93,1043.93,139000,140049187.00,0.00,0.92,9.56,0.32
2013-10-14,1076.41,1076.41,1076.41,1076.41,253427,265078323.00,0.00,3.11,32.48,0.59
2013-10-15,1043.38,1043.38,1043.38,1043.38,274919,281537561.00,0.00,-3.07,-33.03,0.64
2013-10-16,994.97,994.97,994.97,994.97,175992,170914031.00,0.00,-4.64,-48.41,0.41
2013-10-17,994.15,994.15,994.15,994.15,109122,106467486.00,0.00,-0.08,-0.82,0.25
2013-10-18,989.03,989.03,989.03,989.03,81240,78319773.00,0.00,-0.52,-5.12,0.19
2013-10-21,1002.01,1002.01,1002.01,1002.01,199149,188701079.00,0.00,1.31,12.98,0.46
2013-10-22,1009.67,1009.67,1009.67,1009.67,160701,155889570.00,0.00,0.76,7.66,0.37
2013-10-23,989.78,989.78,989.78,989.78,104689,99935300.00,0.00,-1.97,-19.89,0.24
2013-10-24,965.30,965.30,965.30,965.30,91131,85231223.00,0.00,-2.47,-24.48,0.21
2013-10-25,939.37,939.37,939.37,939.37,145670,133754015.00,0.00,-2.69,-25.93,0.34
2013-10-28,946.61,946.61,946.61,946.61,129829,124500629.00,0.00,0.77,7.24,0.30
2013-10-29,934.13,934.13,934.13,934.13,167435,159922268.00,0.00,-1.32,-12.48,0.39
2013-10-30,951.68,951.68,951.68,951.68,140552,137844015.00,0.00,1.88,17.55,0.33
2013-10-31,936.79,936.79,936.79,936.79,95201,90886558.00,0.00,-1.56,-14.89,0.22
2013-11-01,961.02,961.02,961.02,961.02,92055,87076679.00,0.00,2.59,24.23,0.21
2013-11-04,967.62,967.62,967.62,967.62,143864,145450725.00,0.00,0.69,6.60,0.33
2013-11-05,1018.86,1018.86,1018.86,1018.86,215334,212798122.00,0.00,5.30,51.24,0.50
2013-11-06,1006.42,1006.42,1006.42,1006.42,196957,197127535.00,0.00,-1.22,-12.44,0.46
2013-11-07,1010.63,1010.63,1010.63,1010.63,214648,221983139.00,0.00,0.42,4.21,0.50
2013-11-08,987.21,987.21,987.21,987.21,110115,109578160.00,0.00,-2.32,-23.42,0.26
2013-11-11,966.71,966.71,966.71,966.71,99773,99741227.00,0.00,-2.08,-20.50,0.23
2013-11-12,954.95,954.95,954.95,954.95,126898,125937577.00,0.00,-1.22,-11.76,0.29
2013-11-13,960.17,960.17,960.17,960.17,156587,156283016.00,0.00,0.55,5.22,0.36
2013-11-14,966.87,966.87,966.87,966.87,90559,87594030.00,0.00,0.70,6.70,0.21
2013-11-15,977.89,977.89,977.89,977.89,146271,143197913.00,0.00,1.14,11.02,0.34
2013-11-18,1003.67,1003.67,1003.67,1003.67,179570,181187750.00,0.00,2.64,25.78,0.42
2013-11-19,1012.11,1012.11,1012.11,1012.11,125196,125092738.00,0.00,0.84,8.44,0.29
2013-11-20,1024.92,1024.92,1024.92,1024.92,150310,145554087.00,0.00,1.27,12.81,0.35
2013-11-21,1043.40,1043.40,1043.40,1043.40,215163,210830965.00,0.00,1.80,18.48,0.50
2013-11-22,1060.81,1060.81,1060.81,1060.81,334913,335067598.00,0.00,1.67,17.41,0.78
2013-11-25,1030.49,1030.49,1030.49,1030.49,198750,196153109.00,0.00,-2.86,-30.32,0.46
2013-11-26,1035.66,1035.66,1035.66,1035.66,114532,110702627.00,0.00,0.50,5.17,0.27
2013-11-27,1041.43,1041.43,1041.43,1041.43,126168,126522727.00,0.00,0.56,5.77,0.29
2013-11-28,1042.72,1042.72,1042.72,1042.72,135484,136500241.00,0.00,0.12,1.29,0.31
2013-11-29,1044.09,1044.09,1044.09,1044.09,135406,131777901.00,0.00,0.13,1.37,0.31
2013-12-02,982.08,982.08,982.08,982.08,144107,138725307.00,0.00,-5.94,-62.01,0.33
2013-12-03,1002.06,1002.06,1002.06,1002.06,69341,65209183.00,0.00,2.03,19.98,0.16
2013-12-04,1036.36,1036.36,1036.36,1036.36,203221,205198565.00,0.00,3.42,34.30,0.47
2013-12-05,1031.97,1031.97,1031.97,1031.97,133093,132283478.00,0.00,-0.42,-4.39,0.31
2013-12-06,1030.15,1030.15,1030.15,1030.15,84914,84417614.00,0.00,-0.18,-1.82,0.20
2013-12-09,1037.61,1037.61,1037.61,1037.61,94753,94444692.00,0.00,0.72,7.46,0.22
2013-12-10,1031.95,1031.95,1031.95,1031.95,65567,64040336.00,0.00,-0.55,-5.66,0.15
2013-12-11,1010.62,1010.62,1010.62,1010.62,113273,105990891.00,0.00,-2.07,-21.33,0.26
2013-12-12,1002.71,1002.71,1002.71,1002.71,69194,64016896.00,0.00,-0.78,-7.91,0.16
2013-12-13,1003.47,1003.47,1003.47,1003.47,64673,62407009.00,0.00,0.08,0.76,0.15
2013-12-16,1001.49,1001.49,1001.49,1001.49,90195,84696104.00,0.00,-0.20,-1.98,0.21
2013-12-17,990.85,990.85,990.85,990.85,49177,45296933.00,0.00,-1.06,-10.64,0.11
2013-12-18,982.20,982.20,982.20,982.20,68923,64692515.00,0.00,-0.87,-8.65,0.16
2013-12-19,963.73,963.73,963.73,963.73,106526,99067838.00,0.00,-1.88,-18.47,0.25
2013-12-20,932.55,932.55,932.55,932.55,96658,87017921.00,0.00,-3.24,-31.18,0.22
2013-12-23,904.51,904.51,904.51,904.51,123266,107598754.00,0.00,-3.01,-28.04,0.29
2013-12-24,909.76,909.76,909.76,909.76,82121,71933388.00,0.00,0.58,5.25,0.19
2013-12-25,906.33,906.33,906.33,906.33,56996,49613936.00,0.00,-0.38,-3.43,0.13
2013-12-26,897.49,897.49,897.49,897.49,94655,83147293.00,0.00,-0.98,-8.84,0.22
2013-12-27,913.32,913.32,913.32,913.32,89707,79210434.00,0.00,1.76,15.83,0.21
2013-12-30,961.36,961.36,961.36,961.36,162055,145503460.00,0.00,5.26,48.04,0.38
2013-12-31,945.56,945.56,945.56,945.56,141496,128748512.00,0.00,-1.64,-15.80,0.33