MjAwNC0wMS0wMiwzLjg3LDMuODksMy45MiwzLjg1LDExODQwLDU1MjI5MDIuMDAsMS44MSwwLjUyLDAuMDIsMC41Nw==
2004-01-05,3.89,4.00,4.01,3.83,29362,13785484.00,4.63,2.83,0.11,1.40
2004-01-06,4.06,4.26,4.31,4.05,123169,61780632.00,6.50,6.50,0.26,5.88
2004-01-07,4.25,4.23,4.28,4.18,46522,23525828.00,2.35,-0.70,-0.03,2.22
2004-01-08,4.23,4.21,4.23,4.13,30376,15235394.00,2.36,-0.47,-0.02,1.45
2004-01-09,4.21,4.12,4.23,4.12,28739,14326271.00,2.61,-2.14,-0.09,1.37
2004-01-12,4.10,4.16,4.20,4.04,19997,9880153.00,3.88,0.97,0.04,0.96
2004-01-13,4.15,4.20,4.22,4.09,27600,13739065.00,3.13,0.96,0.04,1.32
2004-01-14,4.22,4.13,4.23,4.12,16339,8138145.00,2.62,-1.67,-0.07,0.78
2004-01-15,4.13,4.10,4.17,4.09,14228,7047150.00,1.94,-0.73,-0.03,0.68
2004-01-16,4.11,4.18,4.21,4.09,19106,9532566.00,2.93,1.95,0.08,0.91
2004-01-29,4.20,4.30,4.31,4.19,29775,15270736.00,2.87,2.87,0.12,1.42
2004-01-30,4.33,4.22,4.33,4.21,29306,14939738.00,2.79,-1.86,-0.08,1.40
2004-02-02,4.26,4.38,4.45,4.17,69192,35981568.00,6.64,3.79,0.16,3.30
2004-02-03,4.38,4.41,4.42,4.33,31682,16647934.00,2.05,0.68,0.03,1.51
2004-02-04,4.40,4.63,4.65,4.36,113170,61887596.00,6.58,4.99,0.22,5.40
2004-02-05,4.67,4.64,4.70,4.56,112161,62168348.00,3.02,0.22,0.01,5.36
2004-02-06,4.67,4.55,4.68,4.54,53487,29532318.00,3.02,-1.94,-0.09,2.55
2004-02-09,4.57,4.63,4.64,4.57,33573,18567660.00,1.54,1.76,0.08,1.60
2004-02-10,4.63,4.63,4.68,4.59,43689,24320278.00,1.94,0.00,0.00,2.09
2004-02-11,4.67,4.70,4.78,4.63,43128,24285448.00,3.24,1.51,0.07,2.06
2004-02-12,4.72,4.61,4.72,4.59,35189,19614994.00,2.77,-1.91,-0.09,1.68
2004-02-13,4.61,4.46,4.67,4.44,34774,19003714.00,4.99,-3.25,-0.15,1.66
2004-02-16,4.46,4.58,4.59,4.44,23944,13046553.00,3.36,2.69,0.12,1.14
2004-02-17,4.60,4.64,4.67,4.56,38002,21090024.00,2.40,1.31,0.06,1.81
2004-02-18,4.65,4.80,4.80,4.58,73521,41443404.00,4.74,3.45,0.16,3.51
2004-02-19,4.80,4.73,4.83,4.71,40252,22925716.00,2.50,-1.46,-0.07,1.92
2004-02-20,4.74,4.76,4.79,4.68,39280,22307912.00,2.33,0.63,0.03,1.88
2004-02-23,4.76,4.65,4.87,4.63,48721,27916116.00,5.04,-2.31,-0.11,2.33
2004-02-24,4.64,4.75,4.75,4.55,53186,29675948.00,4.30,2.15,0.10,2.54
2004-02-25,4.86,4.76,4.96,4.73,182556,106767776.00,4.84,0.21,0.01,8.72
2004-02-26,4.73,4.65,4.73,4.58,40024,22333148.00,3.15,-2.31,-0.11,1.91
2004-02-27,4.65,4.78,4.83,4.61,35453,20037506.00,4.73,2.80,0.13,1.69
2004-03-01,4.78,4.90,4.91,4.75,50802,29551820.00,3.35,2.51,0.12,2.43
2004-03-02,4.91,4.81,4.91,4.78,30173,17479392.00,2.65,-1.84,-0.09,1.44
2004-03-03,4.81,4.71,4.89,4.68,25753,14720085.00,4.37,-2.08,-0.10,1.23
2004-03-04,4.70,4.73,4.73,4.59,21974,12274548.00,2.97,0.42,0.02,1.05
2004-03-05,4.73,4.63,4.75,4.63,15673,8768906.00,2.54,-2.11,-0.10,0.75
2004-03-08,4.63,4.48,4.65,4.46,23215,12649311.00,4.10,-3.24,-0.15,1.11
2004-03-09,4.47,4.39,4.53,4.38,14047,7529030.50,3.35,-2.01,-0.09,0.67
2004-03-10,4.38,4.50,4.50,4.38,13366,7110743.50,2.73,2.51,0.11,0.64
2004-03-11,4.51,4.54,4.56,4.43,16002,8663440.00,2.89,0.89,0.04,0.76
2004-03-12,4.53,4.50,4.53,4.47,11826,6379976.00,1.32,-0.88,-0.04,0.56
2004-03-15,4.48,4.60,4.63,4.43,18578,10210279.00,4.44,2.22,0.10,0.89
2004-03-16,4.61,4.63,4.67,4.58,17589,9771427.00,1.96,0.65,0.03,0.84
2004-03-17,4.63,4.62,4.65,4.55,19328,10649325.00,2.16,-0.22,-0.01,0.92
2004-03-18,4.62,4.48,4.66,4.46,22029,12052176.00,4.33,-3.03,-0.14,1.05
2004-03-19,4.47,4.58,4.63,4.47,17025,9269292.00,3.57,2.23,0.10,0.81
2004-03-22,4.58,4.71,4.72,4.57,44812,25060484.00,3.28,2.84,0.13,2.14
2004-03-23,4.71,4.81,4.82,4.60,54672,31041762.00,4.67,2.12,0.10,2.61
2004-03-24,4.80,4.73,4.84,4.69,56852,32569052.00,3.12,-1.66,-0.08,2.72
2004-03-25,4.69,4.70,4.77,4.69,20356,11527560.00,1.69,-0.63,-0.03,0.97
2004-03-26,4.72,4.68,4.73,4.65,16181,9082086.00,1.70,-0.43,-0.02,0.77
2004-03-29,4.68,4.71,4.72,4.63,21655,12122786.00,1.92,0.64,0.03,1.03
2004-03-30,4.71,4.82,4.84,4.67,56782,32447792.00,3.61,2.34,0.11,2.71
2004-03-31,4.80,4.83,4.87,4.79,35291,20458388.00,1.66,0.21,0.01,1.69
2004-04-01,4.86,4.96,5.13,4.86,103707,62124276.00,5.59,2.69,0.13,4.95
2004-04-02,4.96,4.95,4.97,4.90,36202,21418380.00,1.41,-0.20,-0.01,1.73
2004-04-05,4.97,5.00,5.07,4.94,37514,22543188.00,2.63,1.01,0.05,1.79
2004-04-06,5.03,5.00,5.04,4.90,31049,18480718.00,2.80,0.00,0.00,1.48
2004-04-07,5.00,4.88,5.00,4.87,32334,19082120.00,2.60,-2.40,-0.12,1.54
2004-04-08,4.83,4.77,4.86,4.74,37578,21566916.00,2.46,-2.25,-0.11,1.79
2004-04-09,4.76,4.63,4.81,4.61,31057,17523732.00,4.19,-2.94,-0.14,1.48
2004-04-12,4.59,4.68,4.73,4.58,18544,10345009.00,3.24,1.08,0.05,0.89
2004-04-13,4.67,4.64,4.71,4.63,16767,9370105.00,1.71,-0.85,-0.04,0.80
2004-04-14,4.60,4.59,4.65,4.53,17077,9412178.00,2.59,-1.08,-0.05,0.82
2004-04-15,4.59,4.51,4.63,4.51,10514,5754373.50,2.61,-1.74,-0.08,0.50
2004-04-16,4.50,4.47,4.54,4.32,22956,12177844.00,4.88,-0.89,-0.04,1.10
2004-04-19,4.48,4.38,4.50,4.38,9083,4819007.00,2.68,-2.01,-0.09,0.43
2004-04-20,4.38,4.42,4.43,4.32,9561,5014539.50,2.51,0.91,0.04,0.46
2004-04-21,4.48,4.41,4.50,4.38,10055,5342122.00,2.71,-0.23,-0.01,0.48
2004-04-22,4.40,4.44,4.45,4.33,7000,3693536.25,2.72,0.68,0.03,0.33
2004-04-23,4.41,4.36,4.46,4.35,7305,3847039.50,2.48,-1.80,-0.08,0.35
2004-04-26,4.34,4.26,4.38,4.25,7688,3986686.00,2.98,-2.29,-0.10,0.37
2004-04-27,4.26,4.29,4.33,4.23,11071,5686488.00,2.35,0.70,0.03,0.53
2004-04-28,4.33,4.40,4.41,4.33,20684,10839509.00,1.86,2.56,0.11,0.99
2004-04-29,4.38,4.34,4.43,4.33,9433,4966914.50,2.27,-1.36,-0.06,0.45
2004-04-30,4.33,4.33,4.41,4.29,7428,3867516.50,2.76,-0.23,-0.01,0.35
2004-05-10,4.38,4.15,4.38,4.15,11732,5919509.00,5.31,-4.16,-0.18,0.56
2004-05-12,4.17,4.23,4.25,4.16,16591,8367921.00,2.17,1.93,0.08,0.79
2004-05-13,4.25,4.18,4.28,4.17,9508,4811475.00,2.60,-1.18,-0.05,0.45
2004-05-14,4.18,4.10,4.21,4.08,9684,4808233.00,3.11,-1.91,-0.08,0.46
2004-05-17,4.08,4.07,4.14,4.03,6305,3077018.00,2.68,-0.73,-0.03,0.30
2004-05-18,4.07,4.16,4.16,3.92,9305,4527033.50,5.90,2.21,0.09,0.44
2004-05-19,4.13,4.13,4.19,4.06,9417,4677553.50,3.13,-0.72,-0.03,0.45
2004-05-20,4.13,4.11,4.18,4.10,5811,2882539.25,1.94,-0.48,-0.02,0.28
2004-05-21,4.14,4.22,4.23,4.09,13936,7001790.00,3.41,2.68,0.11,0.67
2004-05-24,4.24,4.19,4.25,4.17,7635,3839327.00,1.90,-0.71,-0.03,0.36
2004-05-25,4.23,4.08,4.23,4.04,8339,4124983.75,4.53,-2.63,-0.11,0.40
2004-05-26,4.04,4.08,4.14,4.04,4658,2278489.25,2.45,0.00,0.00,0.22
2004-05-27,4.14,4.27,4.28,4.14,31167,15831194.00,3.43,4.66,0.19,1.49
2004-05-28,4.25,4.25,4.28,4.22,12291,6261200.50,1.41,-0.47,-0.02,0.59
2004-05-31,4.20,4.23,4.27,4.20,5656,2870081.50,1.65,-0.47,-0.02,0.27
2004-06-01,4.27,4.25,4.28,4.22,8879,4524956.00,1.42,0.47,0.02,0.42
2004-06-02,4.25,4.30,4.37,4.25,16399,8484960.00,2.82,1.18,0.05,0.78
2004-06-03,4.33,4.34,4.42,4.33,33421,17536866.00,2.09,0.93,0.04,1.60
2004-06-04,4.34,4.33,4.37,4.29,12879,6681762.00,1.84,-0.23,-0.01,0.62
2004-06-07,4.29,4.18,4.29,4.14,8719,4393182.50,3.46,-3.46,-0.15,0.42
2004-06-08,4.18,4.03,4.18,4.03,12845,6317823.00,3.59,-3.59,-0.15,0.61
2004-06-09,4.00,3.94,4.08,3.93,9238,4443498.50,3.72,-2.23,-0.09,0.44
2004-06-10,3.94,3.89,3.98,3.85,9892,4631538.50,3.30,-1.27,-0.05,0.47
2004-06-11,3.86,3.98,3.98,3.86,9454,4470396.00,3.08,2.31,0.09,0.45
2004-06-14,4.04,3.89,4.07,3.88,11961,5661103.50,4.77,-2.26,-0.09,0.57
2004-06-15,3.89,4.00,4.01,3.85,6279,2975378.00,4.11,2.83,0.11,0.30
2004-06-16,4.01,3.98,4.04,3.92,6321,3031661.50,3.00,-0.50,-0.02,0.30
2004-06-17,3.96,3.88,4.00,3.87,5289,2477614.50,3.27,-2.51,-0.10,0.25
2004-06-18,3.85,3.82,3.90,3.78,5198,2381249.50,3.09,-1.55,-0.06,0.25
2004-06-21,3.82,3.83,3.85,3.76,6068,2764749.50,2.36,0.26,0.01,0.29
2004-06-22,3.83,3.92,3.93,3.78,7269,3381958.00,3.92,2.35,0.09,0.35
2004-06-23,3.90,3.85,3.91,3.81,4489,2065958.62,2.55,-1.79,-0.07,0.21
2004-06-24,3.82,3.83,3.88,3.80,6421,2959590.25,2.08,-0.52,-0.02,0.31
2004-06-25,3.87,3.71,3.87,3.69,10137,4611353.00,4.70,-3.13,-0.12,0.48
2004-06-28,3.68,3.60,3.71,3.59,7187,3126467.50,3.23,-2.96,-0.11,0.34
2004-06-29,3.49,3.26,3.49,3.24,53615,20940902.00,6.94,-9.44,-0.34,2.56
2004-06-30,3.26,3.17,3.26,3.15,22762,8741608.00,3.37,-2.76,-0.09,1.09
2004-07-01,3.17,3.28,3.30,3.17,25217,9832835.00,4.10,3.47,0.11,1.20
2004-07-02,3.28,3.31,3.33,3.26,17375,6858943.00,2.13,0.91,0.03,0.83
2004-07-05,3.29,3.31,3.31,3.25,8272,3252350.00,1.81,0.00,0.00,0.40
2004-07-06,3.31,3.33,3.35,3.28,20785,8308740.50,2.11,0.60,0.02,0.99
2004-07-07,3.33,3.27,3.33,3.25,9599,3786007.25,2.40,-1.80,-0.06,0.46
2004-07-08,3.25,3.25,3.27,3.21,6339,2458612.00,1.83,-0.61,-0.02,0.30
2004-07-09,3.29,3.23,3.29,3.18,9752,3777299.75,3.38,-0.62,-0.02,0.47
2004-07-12,3.23,3.07,3.23,3.06,13215,4916051.50,5.26,-4.95,-0.16,0.63
2004-07-13,3.05,3.01,3.09,2.96,13031,4724245.50,4.23,-1.95,-0.06,0.62
2004-07-14,3.07,2.98,3.07,2.88,15787,5602267.50,6.31,-1.00,-0.03,0.75
2004-07-15,3.03,3.11,3.12,2.97,14161,5173635.00,5.03,4.36,0.13,0.68
2004-07-16,3.13,3.19,3.21,3.09,29330,11096060.00,3.86,2.57,0.08,1.40
2004-07-19,3.19,3.15,3.19,3.13,12398,4705065.00,1.88,-1.25,-0.04,0.59
2004-07-20,3.13,3.16,3.17,3.11,8771,3301043.25,1.90,0.32,0.01,0.42
2004-07-21,3.16,3.15,3.18,3.12,5462,2058995.38,1.90,-0.32,-0.01,0.26
2004-07-22,3.17,3.02,3.17,3.00,10051,3693815.00,5.40,-4.13,-0.13,0.48
2004-07-23,3.00,3.03,3.03,2.95,6343,2271670.00,2.65,0.33,0.01,0.30
2004-07-26,3.02,3.03,3.04,2.96,6193,2232027.00,2.64,0.00,0.00,0.30
2004-07-27,3.02,2.99,3.04,2.97,3674,1317560.12,2.31,-1.32,-0.04,0.18
2004-07-28,2.99,3.00,3.03,2.96,5376,1930073.12,2.34,0.33,0.01,0.26
2004-07-29,3.00,3.06,3.07,2.98,5254,1912477.88,3.00,2.00,0.06,0.25
2004-07-30,3.08,3.08,3.12,3.03,13082,4842034.50,2.94,0.65,0.02,0.62
2004-08-02,3.08,3.18,3.20,3.07,29155,11066373.00,4.22,3.25,0.10,1.39
2004-08-03,3.20,3.16,3.20,3.12,9560,3613543.50,2.52,-0.63,-0.02,0.46
2004-08-04,3.14,3.22,3.25,3.13,15784,6064037.50,3.80,1.90,0.06,0.75
2004-08-05,3.22,3.17,3.22,3.14,7974,3035820.50,2.48,-1.55,-0.05,0.38
2004-08-06,3.26,3.23,3.27,3.18,18786,7280772.00,2.84,1.89,0.06,0.90
2004-08-09,3.21,3.20,3.26,3.20,7995,3094002.00,1.86,-0.93,-0.03,0.38
2004-08-10,3.20,3.17,3.23,3.13,7330,2780546.50,3.13,-0.94,-0.03,0.35
2004-08-11,3.17,3.07,3.17,3.06,8579,3181464.00,3.47,-3.15,-0.10,0.41
2004-08-12,3.07,3.03,3.07,3.00,6156,2232063.00,2.28,-1.30,-0.04,0.29
2004-08-13,3.03,3.06,3.08,3.02,5079,1862499.75,1.98,0.99,0.03,0.24
2004-08-16,3.02,2.98,3.05,2.97,6445,2317448.25,2.61,-2.61,-0.08,0.31
2004-08-17,2.97,2.94,2.99,2.92,6290,2225158.50,2.35,-1.34,-0.04,0.30
2004-08-18,2.96,3.02,3.07,2.96,5812,2112896.50,3.74,2.72,0.08,0.28
2004-08-19,3.02,2.98,3.03,2.97,5437,1950974.38,1.99,-1.32,-0.04,0.26
2004-08-20,2.98,3.09,3.18,2.88,9770,3537922.75,10.07,3.69,0.11,0.47
2004-08-23,3.07,3.12,3.15,3.03,7014,2598258.00,3.88,0.97,0.03,0.33
2004-08-24,3.08,3.23,3.24,3.08,20937,8022786.00,5.13,3.53,0.11,1.00
2004-08-25,3.23,3.18,3.23,3.15,15661,5997759.50,2.48,-1.55,-0.05,0.75
2004-08-26,3.10,2.98,3.10,2.89,15803,5681616.50,6.60,-6.29,-0.20,0.75
2004-08-27,2.98,3.00,3.03,2.97,5948,2134720.50,2.01,0.67,0.02,0.28
2004-08-30,3.00,3.00,3.02,2.94,2758,988059.94,2.67,0.00,0.00,0.13
2004-08-31,3.08,3.12,3.14,3.05,12934,4812586.00,3.00,4.00,0.12,0.62
2004-09-01,3.12,3.06,3.12,3.03,7305,2691291.75,2.88,-1.92,-0.06,0.35
2004-09-02,3.02,3.11,3.13,3.02,6424,2367085.25,3.59,1.63,0.05,0.31
2004-09-03,3.08,3.14,3.20,3.08,10863,4102916.25,3.86,0.96,0.03,0.52
2004-09-06,3.18,3.15,3.18,3.11,2663,999539.44,2.23,0.32,0.01,0.13
2004-09-07,3.14,3.17,3.18,3.09,5822,2191245.25,2.86,0.63,0.02,0.28
2004-09-08,3.17,3.10,3.17,3.10,3843,1436722.88,2.21,-2.21,-0.07,0.18
2004-09-09,3.09,3.02,3.09,3.01,5328,1948374.00,2.58,-2.58,-0.08,0.25
2004-09-10,3.01,3.00,3.03,2.95,4032,1450879.62,2.65,-0.66,-0.02,0.19
2004-09-13,2.98,2.96,3.02,2.94,4593,1637161.25,2.67,-1.33,-0.04,0.22
2004-09-14,2.98,3.06,3.08,2.98,7210,2643987.25,3.38,3.38,0.10,0.34
2004-09-15,3.06,3.21,3.28,3.06,30924,11917036.00,7.19,4.90,0.15,1.48
2004-09-16,3.24,3.29,3.30,3.18,27200,10600732.00,3.74,2.49,0.08,1.30
2004-09-17,3.32,3.36,3.37,3.25,43852,17458988.00,3.65,2.13,0.07,2.09
2004-09-20,3.38,3.49,3.49,3.30,56979,23243990.00,5.65,3.87,0.13,2.72
2004-09-21,3.49,3.39,3.49,3.38,38692,15924265.00,3.15,-2.87,-0.10,1.85
2004-09-22,3.38,3.29,3.42,3.29,25877,10403490.00,3.83,-2.95,-0.10,1.24
2004-09-23,3.30,3.47,3.48,3.28,39504,16127410.00,6.08,5.47,0.18,1.89
2004-09-24,3.48,3.31,3.53,3.30,33382,13678090.00,6.63,-4.61,-0.16,1.59
2004-09-27,3.32,3.38,3.42,3.27,16481,6584719.50,4.53,2.11,0.07,0.79
2004-09-28,3.35,3.34,3.40,3.32,9944,3997717.50,2.37,-1.18,-0.04,0.47
2004-09-29,3.34,3.23,3.34,3.23,10704,4211985.50,3.29,-3.29,-0.11,0.51
2004-09-30,3.25,3.13,3.26,3.13,11430,4384528.50,4.02,-3.10,-0.10,0.55
2004-10-08,3.13,3.18,3.20,3.05,7297,2729159.00,4.79,1.60,0.05,0.35
2004-10-11,3.17,3.17,3.21,3.09,17028,6428518.50,3.77,-0.31,-0.01,0.81
2004-10-12,3.19,3.21,3.21,3.11,13093,4965786.50,3.15,1.26,0.04,0.63
2004-10-13,3.21,3.30,3.31,3.21,29685,11589677.00,3.12,2.80,0.09,1.42
2004-10-14,3.30,3.06,3.30,3.05,16143,6123824.00,7.58,-7.27,-0.24,0.77
2004-10-15,3.08,3.03,3.12,3.01,9258,3401596.50,3.59,-0.98,-0.03,0.44
2004-10-18,3.07,3.04,3.08,3.00,6781,2464714.75,2.64,0.33,0.01,0.32
2004-10-19,3.08,3.02,3.10,3.01,8958,3284828.50,2.96,-0.66,-0.02,0.43
2004-10-20,3.02,2.93,3.03,2.88,11837,4165293.75,4.97,-2.98,-0.09,0.57
2004-10-21,2.95,2.63,2.98,2.63,39539,12709602.00,11.95,-10.24,-0.30,1.89
2004-10-22,2.57,2.63,2.67,2.48,23276,7179769.50,7.22,0.00,0.00,1.11
2004-10-25,2.65,2.67,2.68,2.56,17716,5589847.00,4.56,1.52,0.04,0.85
2004-10-26,2.67,2.74,2.74,2.65,26227,8484333.00,3.37,2.62,0.07,1.25
2004-10-27,2.75,2.77,2.78,2.68,19155,6279776.50,3.65,1.09,0.03,0.91
2004-10-28,2.68,2.68,2.77,2.65,21789,7074488.50,4.33,-3.25,-0.09,1.04
2004-10-29,2.63,2.58,2.64,2.54,15088,4698495.00,3.73,-3.73,-0.10,0.72
2004-11-01,2.55,2.62,2.64,2.55,7522,2357606.50,3.49,1.55,0.04,0.36
2004-11-02,2.61,2.58,2.62,2.54,6740,2080808.38,3.05,-1.53,-0.04,0.32
2004-11-03,2.58,2.65,2.66,2.57,7915,2493466.25,3.49,2.71,0.07,0.38
2004-11-04,2.65,2.59,2.67,2.57,8708,2722949.75,3.77,-2.26,-0.06,0.42
2004-11-05,2.58,2.60,2.63,2.57,6925,2152273.75,2.32,0.39,0.01,0.33
2004-11-08,2.61,2.61,2.62,2.57,10716,3334175.50,1.92,0.38,0.01,0.51
2004-11-09,2.59,2.69,2.70,2.59,19238,6107413.50,4.21,3.07,0.08,0.92
2004-11-10,2.71,2.78,2.80,2.63,33273,10893765.00,6.32,3.35,0.09,1.59
2004-11-11,2.78,2.74,2.85,2.74,27560,9222602.00,3.96,-1.44,-0.04,1.32
2004-11-12,2.72,2.75,2.77,2.68,14374,4705257.00,3.28,0.36,0.01,0.69
2004-11-15,2.78,2.75,2.78,2.71,12109,3988550.00,2.55,0.00,0.00,0.58
2004-11-16,2.75,2.73,2.77,2.70,10628,3475251.50,2.55,-0.73,-0.02,0.51
2004-11-17,2.73,2.77,2.78,2.69,14385,4713802.50,3.30,1.47,0.04,0.69
2004-11-18,2.80,2.83,2.85,2.79,28688,9713191.00,2.17,2.17,0.06,1.37
2004-11-19,2.88,2.90,2.92,2.84,37870,13098678.00,2.83,2.47,0.07,1.81
2004-11-22,2.92,2.88,2.95,2.85,24129,8341761.50,3.45,-0.69,-0.02,1.15
2004-11-23,2.88,2.88,2.88,2.83,14987,5124419.50,1.74,0.00,0.00,0.72
2004-11-24,2.91,2.83,2.91,2.82,10652,3641864.50,3.13,-1.74,-0.05,0.51
2004-11-25,2.79,2.75,2.83,2.74,14551,4845015.50,3.18,-2.83,-0.08,0.69
2004-11-26,2.76,3.03,3.03,2.76,41591,15003432.00,9.82,10.18,0.28,1.99
2004-11-29,3.27,2.92,3.27,2.91,69126,25038788.00,11.88,-3.63,-0.11,3.30
2004-11-30,2.86,2.99,3.05,2.86,38626,13767926.00,6.51,2.40,0.07,1.84
2004-12-01,2.98,3.04,3.08,2.91,41295,14927625.00,5.69,1.67,0.05,1.97
2004-12-02,3.04,3.26,3.31,3.03,106051,40713684.00,9.21,7.24,0.22,5.06
2004-12-03,3.24,3.20,3.24,3.13,44763,17126082.00,3.37,-1.84,-0.06,2.14
2004-12-06,3.19,3.20,3.21,3.12,25354,9599900.00,2.81,0.00,0.00,1.21
2004-12-07,3.20,3.02,3.23,2.99,29043,10722946.00,7.50,-5.63,-0.18,1.39
2004-12-08,3.04,3.03,3.08,3.00,11904,4335454.50,2.65,0.33,0.01,0.57
2004-12-09,3.03,2.98,3.06,2.93,23302,8382347.00,4.29,-1.65,-0.05,1.11
2004-12-10,2.96,3.02,3.06,2.88,29997,10721594.00,6.04,1.34,0.04,1.43
2004-12-13,3.01,2.92,3.01,2.90,10643,3755875.50,3.64,-3.31,-0.10,0.51
2004-12-14,2.89,2.83,2.95,2.77,16073,5459188.00,6.16,-3.08,-0.09,0.77
2004-12-15,3.03,2.88,3.03,2.80,14676,5056238.50,8.13,1.77,0.05,0.70
2004-12-16,2.88,2.78,2.88,2.75,7111,2398127.50,4.51,-3.47,-0.10,0.34
2004-12-17,2.75,2.86,2.88,2.71,21215,7157042.50,6.12,2.88,0.08,1.01
2004-12-20,2.90,2.92,3.03,2.86,44052,15633720.00,5.94,2.10,0.06,2.10
2004-12-21,2.92,2.88,2.92,2.83,14755,5107669.00,3.08,-1.37,-0.04,0.70
2004-12-22,2.89,3.00,3.01,2.83,16175,5695087.00,6.25,4.17,0.12,0.77
2004-12-23,2.99,3.05,3.11,2.97,36931,13455092.00,4.67,1.67,0.05,1.76
2004-12-24,3.04,3.04,3.09,2.97,14534,5273577.50,3.93,-0.33,-0.01,0.69
2004-12-27,3.01,3.06,3.15,3.01,17721,6569439.50,4.61,0.66,0.02,0.85
2004-12-28,3.07,3.09,3.13,3.01,23030,8515551.00,3.92,0.98,0.03,1.10
2004-12-29,3.09,2.97,3.11,2.94,17337,6296940.50,5.50,-3.88,-0.12,0.83
2004-12-30,2.98,2.88,2.99,2.86,14007,4874391.00,4.38,-3.03,-0.09,0.67
2004-12-31,2.88,2.88,2.93,2.83,7223,2504599.00,3.47,0.00,0.00,0.34