2024-01-02,15.60,15.37,15.80,15.37,106462,173578620.00,2.77,-1.03,-0.16,0.34
2024-01-03,15.33,15.30,15.50,15.20,93720,150811560.00,1.95,-0.46,-0.07,0.30
2024-01-04,15.32,15.17,15.37,15.12,90222,143788607.00,1.63,-0.85,-0.13,0.29
2024-01-05,15.17,15.33,15.59,15.06,140626,227147691.00,3.49,1.05,0.16,0.45
2024-01-08,15.33,15.27,15.46,15.20,116053,186403672.00,1.70,-0.39,-0.06,0.37
2024-01-09,15.28,15.45,15.45,15.21,108594,174767092.00,1.57,1.18,0.18,0.34
2024-01-10,15.39,15.43,15.55,15.31,95186,154072544.00,1.55,-0.13,-0.02,0.30
2024-01-11,15.43,15.73,15.77,15.42,102345,167528369.00,2.27,1.94,0.30,0.32
2024-01-12,15.65,15.89,16.00,15.63,88522,147414053.00,2.35,1.02,0.16,0.28
2024-01-15,15.82,15.90,16.04,15.71,84342,140662108.00,2.08,0.06,0.01,0.27
2024-01-16,15.93,16.26,16.26,15.86,139225,234457470.00,2.52,2.26,0.36,0.44
2024-01-17,16.25,15.98,16.30,15.98,124561,210730502.00,1.97,-1.72,-0.28,0.40
2024-01-18,16.10,16.16,16.21,15.57,150822,250861752.00,4.01,1.13,0.18,0.48
2024-01-19,16.05,15.86,16.11,15.75,106711,177778769.00,2.23,-1.86,-0.30,0.34
2024-01-22,15.83,15.32,15.95,15.16,143180,233345727.00,4.98,-3.40,-0.54,0.45
2024-01-23,15.30,15.42,15.55,15.18,102171,164849910.00,2.42,0.65,0.10,0.32
2024-01-24,15.54,15.67,15.71,15.26,89649,145777703.00,2.92,1.62,0.25,0.28
2024-01-25,15.68,15.93,16.00,15.55,112196,185976692.00,2.87,1.66,0.26,0.36
2024-01-26,15.85,15.84,15.97,15.71,105929,175804767.00,1.63,-0.56,-0.09,0.34
2024-01-29,15.90,16.05,16.24,15.90,130986,220680419.00,2.15,1.33,0.21,0.42
2024-01-30,15.99,15.83,16.18,15.81,108295,181220887.00,2.31,-1.37,-0.22,0.34
2024-01-31,15.77,15.49,15.93,15.40,109065,178502744.00,3.35,-2.15,-0.34,0.35
2024-02-01,15.44,15.41,15.59,15.37,123922,201041434.00,1.42,-0.52,-0.08,0.39
2024-02-02,15.53,15.30,15.77,14.84,141788,228546327.00,6.04,-0.71,-0.11,0.45
2024-02-05,15.33,15.18,15.48,14.80,165706,263931537.00,4.44,-0.78,-0.12,0.53
2024-02-06,15.17,15.38,15.54,14.96,230264,369798937.00,3.82,1.32,0.20,0.73
2024-02-07,15.43,15.81,15.81,15.28,190460,311620790.00,3.45,2.80,0.43,0.60
2024-02-08,15.81,16.01,16.11,15.67,205686,343416016.00,2.78,1.27,0.20,0.65
2024-02-19,16.07,16.23,16.39,16.06,169151,287223379.00,2.06,1.37,0.22,0.54
2024-02-20,16.18,16.21,16.30,15.93,114585,193459528.00,2.28,-0.12,-0.02,0.36
2024-02-21,16.13,16.30,16.59,16.05,140994,242290582.00,3.33,0.56,0.09,0.45
2024-02-22,16.31,16.44,16.53,16.26,87842,151053891.00,1.66,0.86,0.14,0.28
2024-02-23,16.48,16.43,16.53,16.23,80693,138243286.00,1.82,-0.06,-0.01,0.26
2024-02-26,16.44,16.45,16.67,16.33,129499,224318574.00,2.07,0.12,0.02,0.41
2024-02-27,16.42,16.71,16.75,16.37,104136,181149618.00,2.31,1.58,0.26,0.33
2024-02-28,16.71,16.46,16.76,16.35,117405,203387108.00,2.45,-1.50,-0.25,0.37
2024-02-29,16.39,16.72,16.81,16.38,116840,203862079.00,2.61,1.58,0.26,0.37
2024-03-01,16.72,16.75,16.88,16.64,83635,146364814.00,1.44,0.18,0.03,0.27
2024-03-04,16.73,16.59,16.89,16.57,109833,191676463.00,1.91,-0.96,-0.16,0.35
2024-03-05,16.62,16.53,16.65,16.34,133960,230908526.00,1.87,-0.36,-0.06,0.42
2024-03-06,16.61,16.42,16.74,16.39,100763,174672853.00,2.12,-0.67,-0.11,0.32
2024-03-07,16.43,16.44,16.61,16.43,81279,140357577.00,1.10,0.12,0.02,0.26
2024-03-08,16.47,16.37,16.55,16.30,95367,163476287.00,1.52,-0.43,-0.07,0.30
2024-03-11,16.43,16.62,16.63,16.39,99130,171160338.00,1.47,1.53,0.25,0.31
2024-03-12,16.65,16.50,16.70,16.35,113560,195743623.00,2.11,-0.72,-0.12,0.36
2024-03-13,16.54,16.56,16.80,16.45,89673,155480845.00,2.12,0.36,0.06,0.28
2024-03-14,16.56,16.40,16.67,16.32,75675,130253784.00,2.11,-0.97,-0.16,0.24
2024-03-15,16.34,16.37,16.42,16.22,95693,163334236.00,1.22,-0.18,-0.03,0.30
2024-03-18,16.41,16.51,16.53,16.32,116479,200193098.00,1.28,0.86,0.14,0.37
2024-03-19,16.48,16.32,16.49,16.30,75145,128655621.00,1.15,-1.15,-0.19,0.24
2024-03-20,16.29,16.18,16.36,16.10,97668,165437471.00,1.59,-0.86,-0.14,0.31
2024-03-21,16.25,16.11,16.28,16.01,88150,148555834.00,1.67,-0.43,-0.07,0.28
2024-03-22,16.07,15.91,16.15,15.83,90356,150722619.00,1.99,-1.24,-0.20,0.29
2024-03-25,15.84,15.92,16.13,15.84,101375,170103423.00,1.82,0.06,0.01,0.32
2024-03-26,15.97,15.97,16.04,15.82,101770,169732758.00,1.38,0.31,0.05,0.32
2024-03-27,16.02,15.85,16.18,15.85,121809,203960071.00,2.07,-0.75,-0.12,0.39
2024-03-28,15.80,15.71,15.93,15.60,133828,221335807.00,2.08,-0.88,-0.14,0.42
2024-03-29,16.40,15.96,16.42,15.77,283500,476184693.00,4.14,1.59,0.25,0.90
2024-04-01,16.00,16.89,17.06,16.00,368842,643501246.00,6.64,5.83,0.93,1.17
2024-04-02,16.94,17.01,17.28,16.88,278790,496179464.00,2.37,0.71,0.12,0.88
2024-04-03,16.92,16.64,16.94,16.55,178428,311185489.00,2.29,-2.18,-0.37,0.57
2024-04-08,16.63,16.77,17.04,16.61,161863,284910548.00,2.58,0.78,0.13,0.51
2024-04-09,16.81,16.65,16.91,16.52,159445,277110511.00,2.33,-0.72,-0.12,0.51
2024-04-10,16.63,16.63,16.81,16.51,129441,225568293.00,1.80,-0.12,-0.02,0.41
2024-04-11,16.57,16.70,16.88,16.36,132387,230668166.00,3.13,0.42,0.07,0.42
2024-04-12,16.71,16.58,16.82,16.53,107328,187165414.00,1.74,-0.72,-0.12,0.34
2024-04-15,16.65,16.95,17.08,16.54,212109,373955697.00,3.26,2.23,0.37,0.67
2024-04-16,16.95,16.85,17.16,16.78,235307,417181179.00,2.24,-0.59,-0.10,0.75
2024-04-17,16.85,17.28,17.30,16.71,210307,373416805.00,3.50,2.55,0.43,0.67
2024-04-18,17.20,17.37,17.50,17.14,158044,285935710.00,2.08,0.52,0.09,0.50
2024-04-19,17.32,17.30,17.50,17.19,123530,223346932.00,1.78,-0.40,-0.07,0.39
2024-04-22,17.30,17.25,17.49,17.14,137833,248537690.00,2.02,-0.29,-0.05,0.44
2024-04-23,17.31,16.93,17.40,16.89,141891,252067311.00,2.96,-1.86,-0.32,0.45
2024-04-24,16.83,17.05,17.25,16.83,103292,182891086.00,2.48,0.71,0.12,0.33
2024-04-25,17.08,16.85,17.17,16.75,124936,219962321.00,2.46,-1.17,-0.20,0.40
2024-04-26,16.79,17.00,17.01,16.79,140154,247466240.00,1.31,0.89,0.15,0.44
2024-04-29,16.28,16.05,16.49,15.83,484282,816120637.00,3.88,-5.59,-0.95,1.54
2024-04-30,16.07,15.73,16.14,15.70,326562,541261612.00,2.74,-1.99,-0.32,1.04
2024-05-06,16.04,15.91,16.24,15.79,373469,624877849.00,2.86,1.14,0.18,1.18
2024-05-07,15.92,15.80,15.94,15.73,222929,368787651.00,1.32,-0.69,-0.11,0.71
2024-05-08,15.76,15.63,15.77,15.52,217558,356102919.00,1.58,-1.08,-0.17,0.69
2024-05-09,15.56,15.78,15.79,15.55,176303,290225814.00,1.54,0.96,0.15,0.56
2024-05-10,15.79,15.82,15.88,15.67,168124,278129154.00,1.33,0.25,0.04,0.53
2024-05-13,15.73,15.80,15.86,15.53,198320,325953475.00,2.09,-0.13,-0.02,0.63
2024-05-14,15.79,15.95,16.08,15.77,247719,413669529.00,1.96,0.95,0.15,0.79
2024-05-15,15.92,15.73,15.93,15.68,153348,253370594.00,1.57,-1.38,-0.22,0.49
2024-05-16,15.73,15.71,15.83,15.65,115916,191045707.00,1.14,-0.13,-0.02,0.37
2024-05-17,15.67,15.80,15.83,15.62,134864,221962775.00,1.34,0.57,0.09,0.43
2024-05-20,15.75,15.68,15.90,15.66,164501,271325901.00,1.52,-0.76,-0.12,0.52
2024-05-21,15.66,15.64,15.70,15.53,129912,212374044.00,1.08,-0.26,-0.04,0.41
2024-05-22,15.62,15.71,15.76,15.58,131057,215513616.00,1.15,0.45,0.07,0.42
2024-05-23,15.70,15.49,15.70,15.45,126515,206037679.00,1.59,-1.40,-0.22,0.40
2024-05-24,15.40,15.35,15.55,15.34,83342,134849740.00,1.36,-0.90,-0.14,0.26
2024-05-27,15.41,15.36,15.43,15.25,91713,147238238.00,1.17,0.07,0.01,0.29
2024-05-28,15.33,15.18,15.39,15.16,94467,151080440.00,1.50,-1.17,-0.18,0.30
2024-05-29,15.17,15.32,15.32,15.17,92044,147379765.00,0.99,0.92,0.14,0.29
2024-05-30,15.29,15.39,15.57,15.28,125492,203326540.00,1.89,0.46,0.07,0.40
2024-05-31,15.41,15.32,15.53,15.31,96241,155384441.00,1.43,-0.45,-0.07,0.31
2024-06-03,15.30,15.40,15.52,15.22,128220,206942924.00,1.96,0.52,0.08,0.41
2024-06-04,15.35,15.59,15.59,15.32,154256,250773296.00,1.75,1.23,0.19,0.49
2024-06-05,15.61,15.52,15.70,15.48,92432,150987934.00,1.41,-0.45,-0.07,0.29
2024-06-06,15.50,15.44,15.57,15.35,103517,168055815.00,1.42,-0.52,-0.08,0.33
2024-06-07,15.49,15.41,15.57,15.34,115859,187560634.00,1.49,-0.19,-0.03,0.37
2024-06-11,15.35,15.19,15.38,15.05,146812,233254464.00,2.14,-1.43,-0.22,0.47
2024-06-12,15.16,15.34,15.37,15.13,103914,166225714.00,1.58,0.99,0.15,0.33
2024-06-13,15.22,14.86,15.25,14.86,168390,265024333.00,2.54,-3.13,-0.48,0.53
2024-06-14,14.90,15.26,15.29,14.85,157391,249897400.00,2.96,2.69,0.40,0.50
2024-06-17,15.25,15.36,15.52,15.18,109659,177159205.00,2.23,0.66,0.10,0.35
2024-06-18,15.37,15.53,15.57,15.35,98159,159530244.00,1.43,1.11,0.17,0.31
2024-06-19,15.54,15.42,15.54,15.42,73874,119799692.00,0.77,-0.71,-0.11,0.23
2024-06-20,15.36,15.26,15.42,15.13,87675,140313850.00,1.88,-1.04,-0.16,0.28
2024-06-21,15.15,15.43,15.43,15.15,72269,116250487.00,1.83,1.11,0.17,0.23
2024-06-24,15.31,15.27,15.43,15.26,81036,130377528.00,1.10,-1.04,-0.16,0.26
2024-06-25,15.27,15.53,15.57,15.27,150342,243752136.00,1.96,1.70,0.26,0.48
2024-06-26,15.47,15.66,15.69,15.41,106405,173995701.00,1.80,0.84,0.13,0.34
2024-06-27,15.65,15.59,15.66,15.49,83294,135966985.00,1.09,-0.45,-0.07,0.26
2024-06-28,15.60,15.63,15.77,15.47,131431,215247042.00,1.92,0.26,0.04,0.42
2024-07-01,15.55,15.33,15.60,15.20,146332,235052922.00,2.56,-1.92,-0.30,0.46
2024-07-02,15.32,15.16,15.40,15.12,100472,160432189.00,1.83,-1.11,-0.17,0.32
2024-07-03,15.14,14.92,15.22,14.87,151104,237272165.00,2.31,-1.58,-0.24,0.48
2024-07-04,14.93,14.87,15.03,14.80,94306,147462670.00,1.54,-0.34,-0.05,0.30
2024-07-05,14.85,14.90,14.93,14.64,100236,155508327.00,1.95,0.20,0.03,0.32
2024-07-08,14.93,14.74,14.94,14.61,98656,152793028.00,2.21,-1.07,-0.16,0.31
2024-07-09,14.67,14.98,15.01,14.66,106282,166010229.00,2.37,1.63,0.24,0.34
2024-07-10,14.89,15.12,15.19,14.89,91550,145130583.00,2.00,0.93,0.14,0.29
2024-07-11,15.17,15.13,15.34,15.08,159576,253717233.00,1.72,0.07,0.01,0.51
2024-07-12,15.20,15.34,15.48,15.03,165191,252115199.00,2.97,1.39,0.21,0.52
2024-07-15,15.37,15.40,15.55,15.32,119130,183605117.00,1.50,0.39,0.06,0.38
2024-07-16,15.37,15.61,15.63,15.30,131034,203769228.00,2.14,1.36,0.21,0.42
2024-07-17,15.63,15.69,15.75,15.51,119115,186576017.00,1.54,0.51,0.08,0.38
2024-07-18,15.69,15.75,15.87,15.60,129876,204502491.00,1.72,0.38,0.06,0.41
2024-07-19,15.91,15.63,15.91,15.55,124130,194728869.00,2.29,-0.76,-0.12,0.39
2024-07-22,15.60,15.68,15.74,15.45,124193,193688501.00,1.86,0.32,0.05,0.39
2024-07-23,15.68,15.53,15.79,15.49,143966,225381702.00,1.91,-0.96,-0.15,0.46
2024-07-24,15.43,15.32,15.50,15.26,89367,137297755.00,1.55,-1.35,-0.21,0.28
2024-07-25,15.30,15.48,15.54,15.23,75397,116469789.00,2.02,1.04,0.16,0.24
2024-07-26,15.49,15.37,15.65,15.30,85205,131408883.00,2.26,-0.71,-0.11,0.27
2024-07-29,15.50,15.31,15.50,15.29,73854,113428355.00,1.37,-0.39,-0.06,0.23
2024-07-30,15.31,15.11,15.31,14.98,110674,166831916.00,2.16,-1.31,-0.20,0.35
2024-07-31,15.08,15.59,15.61,15.06,129328,199847856.00,3.64,3.18,0.48,0.41
2024-08-01,15.58,15.28,15.64,15.22,142809,219153887.00,2.69,-1.99,-0.31,0.45
2024-08-02,15.19,15.30,15.35,15.16,72931,111439518.00,1.24,0.13,0.02,0.23
2024-08-05,15.21,15.16,15.45,15.16,96053,146963934.00,1.90,-0.92,-0.14,0.30
2024-08-06,15.28,15.01,15.30,14.88,116879,175635120.00,2.77,-0.99,-0.15,0.37
2024-08-07,15.01,14.95,15.10,14.92,68504,102797373.00,1.20,-0.40,-0.06,0.22
2024-08-08,14.90,14.98,15.04,14.83,81854,122316078.00,1.40,0.20,0.03,0.26
2024-08-09,14.98,14.95,15.06,14.92,60382,90520376.00,0.93,-0.20,-0.03,0.19
2024-08-12,14.82,14.72,14.90,14.66,102148,150805656.00,1.61,-1.54,-0.23,0.32
2024-08-13,14.82,14.57,14.82,14.39,112644,164192095.00,2.92,-1.02,-0.15,0.36
2024-08-14,14.52,14.32,14.60,14.30,92994,133926374.00,2.06,-1.72,-0.25,0.29
2024-08-15,14.35,14.45,14.48,14.25,101764,146274433.00,1.61,0.91,0.13,0.32
2024-08-16,14.43,14.11,14.48,14.04,130738,185761294.00,3.04,-2.35,-0.34,0.41
2024-08-19,14.07,14.07,14.33,14.06,107400,152449315.00,1.91,-0.28,-0.04,0.34
2024-08-20,14.12,13.66,14.14,13.58,178479,244744499.00,3.98,-2.91,-0.41,0.57