2023-11-07,80.00,74.78,93.00,74.48,193742,1559269347.00,31.89,28.75,16.70,73.23
2023-11-08,68.30,65.07,69.55,65.00,132485,875373762.00,6.08,-12.98,-9.71,50.07
2023-11-09,63.90,64.45,67.99,62.22,97442,635346500.00,8.87,-0.95,-0.62,36.83
2023-11-10,63.04,63.41,67.69,61.69,95695,620545439.00,9.31,-1.61,-1.04,36.17
2023-11-13,62.30,61.21,64.69,61.17,84358,524844990.00,5.55,-3.47,-2.20,31.88
2023-11-14,60.80,58.99,60.90,58.90,73054,435035662.00,3.27,-3.63,-2.22,27.61
2023-11-15,59.61,59.68,60.35,59.19,49152,293626551.00,1.97,1.17,0.69,18.58
2023-11-16,59.02,58.35,59.45,58.33,42904,252570217.00,1.88,-2.23,-1.33,16.22
2023-11-17,58.40,58.70,58.86,58.10,26628,155578563.00,1.30,0.60,0.35,10.06
2023-11-20,58.42,62.01,63.50,58.42,86123,526497636.00,8.65,5.64,3.31,32.55
2023-11-21,64.88,65.25,68.21,64.88,101725,677688703.00,5.37,5.22,3.24,38.45
2023-11-22,67.01,66.79,68.19,66.01,42521,284510197.00,3.34,2.36,1.54,16.07