MjAwMC0wMS0wNCw4LjEyLDguMjgsOC4zNCw4LjAwLDYxMTEsNjY5NzcwMS4wMCw0LjI2LDMuNzYsMC4zMCwwLjcx
2000-01-05,8.28,8.18,8.51,8.13,8714,9669295.00,4.59,-1.21,-0.10,1.01
2000-01-06,8.13,8.47,8.50,8.05,8206,9114370.00,5.50,3.55,0.29,0.95
2000-01-07,8.48,8.78,8.90,8.48,21463,24924738.00,4.96,3.66,0.31,2.48
2000-01-10,8.90,8.93,9.03,8.50,17575,20510700.00,6.04,1.71,0.15,2.03
2000-01-11,8.93,8.40,8.93,8.28,12598,14385708.00,7.28,-5.94,-0.53,1.46
2000-01-12,8.36,8.12,8.51,8.05,6650,7283861.50,5.48,-3.33,-0.28,0.77
2000-01-13,8.12,8.02,8.20,7.97,4299,4597268.00,2.83,-1.23,-0.10,0.50
2000-01-14,8.01,7.89,8.06,7.86,5912,6232254.50,2.49,-1.62,-0.13,0.68
2000-01-17,7.86,7.97,8.01,7.67,6102,6316088.50,4.31,1.01,0.08,0.71
2000-01-18,7.97,7.74,8.00,7.73,6713,6958285.00,3.39,-2.89,-0.23,0.78
2000-01-19,7.90,7.83,7.99,7.76,4832,5043862.00,2.97,1.16,0.09,0.56
2000-01-20,7.86,7.95,8.13,7.86,6556,6925430.00,3.45,1.53,0.12,0.76
2000-01-21,8.00,8.13,8.42,7.77,17963,19324552.00,8.18,2.26,0.18,2.08
2000-01-24,8.05,7.97,8.20,7.86,12676,13446099.00,4.18,-1.97,-0.16,1.47
2000-01-25,7.98,7.92,8.13,7.88,10390,11020597.00,3.14,-0.63,-0.05,1.20
2000-01-26,7.93,7.83,8.03,7.80,8365,8718793.00,2.90,-1.14,-0.09,0.97
2000-01-27,7.83,8.27,8.38,7.83,22517,24565436.00,7.02,5.62,0.44,2.61
2000-01-28,8.30,8.65,8.92,8.30,36268,41739664.00,7.50,4.59,0.38,4.20
2000-02-14,9.01,9.53,9.53,8.74,34052,41986100.00,9.13,10.17,0.88,3.94
2000-02-15,9.73,9.53,10.48,9.36,64577,85191808.00,11.75,0.00,0.00,7.48
2000-02-16,9.43,9.36,9.55,9.05,39720,48679440.00,5.25,-1.78,-0.17,4.60
2000-02-17,9.57,8.60,9.93,8.43,37794,45430652.00,16.03,-8.12,-0.76,4.38
2000-02-18,8.43,8.94,8.97,8.13,18640,20854166.00,9.77,3.95,0.34,2.16
2000-02-21,8.97,8.68,9.05,8.59,19071,22083706.00,5.15,-2.91,-0.26,2.21
2000-02-22,8.68,8.49,8.90,8.43,12556,14382158.00,5.41,-2.19,-0.19,1.45
2000-02-23,8.30,8.30,8.45,8.26,9398,10405814.00,2.24,-2.24,-0.19,1.09
2000-02-24,8.28,8.49,8.49,8.28,7804,8690072.00,2.53,2.29,0.19,0.90
2000-02-25,8.51,8.39,8.55,8.32,8617,9631411.00,2.71,-1.18,-0.10,1.00
2000-02-28,8.39,8.79,8.88,8.36,16102,18489714.00,6.20,4.77,0.40,1.86
2000-02-29,8.80,8.62,8.93,8.51,14397,16581382.00,4.78,-1.93,-0.17,1.67
2000-03-01,8.67,9.18,9.50,8.55,27535,32809548.00,11.02,6.50,0.56,3.19
2000-03-02,9.30,9.36,9.71,9.28,61704,77254904.00,4.68,1.96,0.18,7.14
2000-03-03,9.43,9.18,9.55,9.11,25843,31610626.00,4.70,-1.92,-0.18,2.99
2000-03-06,9.33,8.63,9.36,8.61,17490,20790206.00,8.17,-5.99,-0.55,2.02
2000-03-07,8.51,8.79,8.80,8.40,9565,10914800.00,4.63,1.85,0.16,1.11
2000-03-08,8.87,8.82,8.88,8.67,7846,9157177.00,2.39,0.34,0.03,0.91
2000-03-09,8.83,8.73,8.90,8.65,9436,10920632.00,2.83,-1.02,-0.09,1.09
2000-03-10,8.74,8.84,9.20,8.70,15276,18160032.00,5.73,1.26,0.11,1.77
2000-03-13,8.82,8.83,9.03,8.74,7221,8496371.00,3.28,-0.11,-0.01,0.84
2000-03-14,8.78,8.61,8.78,8.42,12228,13873547.00,4.08,-2.49,-0.22,1.42
2000-03-15,8.67,8.70,8.86,8.61,8012,9273483.00,2.90,1.05,0.09,0.93
2000-03-16,8.70,8.27,8.70,8.20,8830,9885476.00,5.75,-4.94,-0.43,1.02
2000-03-17,8.13,8.44,8.50,8.13,8405,9331398.00,4.47,2.06,0.17,0.97
2000-03-20,8.36,8.58,8.67,8.24,7702,8719571.00,5.09,1.66,0.14,0.89
2000-03-21,8.59,8.73,8.84,8.51,9750,11228220.00,3.85,1.75,0.15,1.13
2000-03-22,8.77,8.81,9.03,8.74,11949,14020055.00,3.32,0.92,0.08,1.38
2000-03-23,8.81,8.89,8.90,8.66,11159,12981019.00,2.72,0.91,0.08,1.29
2000-03-24,8.93,8.91,9.25,8.90,28242,33920568.00,3.94,0.22,0.02,3.27
2000-03-27,8.93,9.23,9.28,8.93,23180,28219430.00,3.93,3.59,0.32,2.68
2000-03-28,9.36,9.43,9.56,9.20,32894,40913180.00,3.90,2.17,0.20,3.81
2000-03-29,9.44,9.22,9.58,8.97,20197,24584924.00,6.47,-2.23,-0.21,2.34
2000-03-30,9.27,9.24,9.32,9.12,12934,15756342.00,2.17,0.22,0.02,1.50
2000-03-31,9.24,9.05,9.28,8.97,14012,16876038.00,3.35,-2.06,-0.19,1.62
2000-04-03,9.05,9.33,9.50,8.92,26121,32396526.00,6.41,3.09,0.28,3.02
2000-04-04,9.28,9.03,9.28,9.01,11627,14001394.00,2.89,-3.22,-0.30,1.35
2000-04-05,9.01,9.06,9.13,8.90,9985,11938862.00,2.55,0.33,0.03,1.16
2000-04-06,9.09,9.50,9.67,9.09,36478,45573784.00,6.40,4.86,0.44,4.22
2000-04-07,9.59,9.43,9.62,9.40,23509,29511990.00,2.32,-0.74,-0.07,2.72
2000-04-10,9.47,9.72,9.82,9.47,34603,44398776.00,3.71,3.08,0.29,4.01
2000-04-11,9.32,9.39,9.63,9.07,36072,44716328.00,5.76,-3.40,-0.33,4.18
2000-04-12,9.38,9.24,9.39,9.11,19854,24291510.00,2.98,-1.60,-0.15,2.30
2000-04-13,9.24,9.23,9.42,9.17,13976,17197184.00,2.71,-0.11,-0.01,1.62
2000-04-14,9.20,9.17,9.28,9.06,15403,18682448.00,2.38,-0.65,-0.06,1.78
2000-04-17,9.07,8.85,9.13,8.82,16852,19904594.00,3.38,-3.49,-0.32,1.95
2000-04-18,8.80,9.09,9.17,8.77,10066,12038364.00,4.52,2.71,0.24,1.17
2000-04-19,9.09,9.22,9.39,9.09,12012,14770902.00,3.30,1.43,0.13,1.39
2000-04-20,9.43,9.34,9.43,9.28,15897,19703268.00,1.63,1.30,0.12,1.84
2000-04-21,9.34,9.37,9.55,9.29,10028,12550971.00,2.78,0.32,0.03,1.16
2000-04-24,9.40,9.54,9.69,9.40,22559,28504524.00,3.09,1.81,0.17,2.61
2000-04-25,9.55,9.34,9.67,9.28,12961,16198352.00,4.09,-2.10,-0.20,1.50
2000-04-26,9.34,9.33,9.55,9.32,8956,11166341.00,2.46,-0.11,-0.01,1.04
2000-04-27,9.33,9.08,9.42,9.05,9462,11518130.00,3.97,-2.68,-0.25,1.10
2000-04-28,9.08,9.35,9.36,9.03,11441,13997181.00,3.63,2.97,0.27,1.32
2000-05-08,9.47,9.21,9.51,9.20,5306,6528648.00,3.32,-1.50,-0.14,0.61
2000-05-09,9.19,9.57,9.59,9.07,19942,24724898.00,5.65,3.91,0.36,2.31
2000-05-10,9.57,9.40,9.87,9.37,89001,114047856.00,5.22,-1.78,-0.17,10.30
2000-05-11,9.28,8.88,9.50,8.86,25980,31200828.00,6.81,-5.53,-0.52,3.01
2000-05-12,8.82,8.73,9.17,8.71,13323,15612567.00,5.18,-1.69,-0.15,1.54
2000-05-15,8.74,8.83,8.86,8.37,9482,10784601.00,5.61,1.15,0.10,1.10
2000-05-16,8.83,8.94,9.01,8.73,8804,10396577.00,3.17,1.25,0.11,1.02
2000-05-17,8.90,8.90,9.01,8.80,9082,10753183.00,2.35,-0.45,-0.04,1.05
2000-05-18,8.93,9.20,9.20,8.83,11638,13961429.00,4.16,3.37,0.30,1.35
2000-05-19,9.27,9.59,9.80,9.20,71766,90503920.00,6.52,4.24,0.39,8.31
2000-05-22,9.78,9.74,10.07,9.65,76839,100253384.00,4.38,1.56,0.15,8.90
2000-05-23,9.82,10.17,10.49,9.67,88816,119160408.00,8.42,4.41,0.43,10.28
2000-05-24,10.24,10.28,10.45,9.90,73688,99675936.00,5.41,1.08,0.11,8.53
2000-05-25,10.32,10.37,10.47,10.13,58534,79859320.00,3.31,0.88,0.09,6.78
2000-05-29,10.43,10.47,11.03,10.36,62856,88814912.00,6.46,0.96,0.10,7.28
2000-05-30,10.57,10.10,10.65,9.90,41251,55843200.00,7.16,-3.53,-0.37,4.78
2000-05-31,10.06,10.23,10.35,9.98,23883,32277472.00,3.66,1.29,0.13,2.77
2000-06-01,10.24,10.27,10.40,10.07,17232,23275882.00,3.23,0.39,0.04,2.00
2000-06-02,10.32,10.11,10.35,10.08,17749,23836784.00,2.63,-1.56,-0.16,2.05
2000-06-05,10.10,10.18,10.51,10.07,25348,34633052.00,4.35,0.69,0.07,2.93
2000-06-06,10.28,10.92,11.11,10.28,86278,122968688.00,8.15,7.27,0.74,9.99
2000-06-07,11.07,10.86,11.19,10.73,51230,73942896.00,4.21,-0.55,-0.06,5.93
2000-06-08,10.83,10.62,10.86,10.50,25192,35307088.00,3.31,-2.21,-0.24,2.92
2000-06-09,10.65,10.33,10.74,10.27,20057,27709984.00,4.43,-2.73,-0.29,2.32
2000-06-12,10.28,10.48,10.53,10.05,15332,20786720.00,4.65,1.45,0.15,1.78
2000-06-13,10.49,10.39,10.49,10.23,14002,19164240.00,2.48,-0.86,-0.09,1.62
2000-06-14,10.40,10.29,10.51,10.20,16882,23047618.00,2.98,-0.96,-0.10,1.95
2000-06-15,10.26,10.45,10.57,10.20,15826,21646480.00,3.60,1.55,0.16,1.83
2000-06-16,10.51,10.27,10.51,10.24,11456,15711547.00,2.58,-1.72,-0.18,1.33
2000-06-19,10.27,10.15,10.36,10.13,11281,15186591.00,2.24,-1.17,-0.12,1.31
2000-06-20,10.13,10.03,10.31,9.97,10196,13630659.00,3.35,-1.18,-0.12,1.18
2000-06-21,10.03,10.21,10.33,10.03,10229,13796460.00,2.99,1.79,0.18,1.18
2000-06-22,10.22,10.27,10.43,10.21,9105,12389029.00,2.15,0.59,0.06,1.05
2000-06-23,10.27,10.43,10.47,10.09,16115,22043096.00,3.70,1.56,0.16,1.87
2000-06-26,10.55,10.50,10.68,10.37,13770,19170364.00,2.97,0.67,0.07,1.59
2000-06-27,10.55,10.30,10.56,10.23,8853,12104587.00,3.14,-1.90,-0.20,1.02
2000-06-28,10.30,10.33,10.45,10.28,8318,11409889.00,1.65,0.29,0.03,0.96
2000-06-29,10.34,10.02,10.36,9.97,19783,26338384.00,3.78,-3.00,-0.31,2.29
2000-06-30,9.97,9.68,9.97,9.65,27064,35076320.00,3.19,-3.39,-0.34,3.13
2000-07-03,9.54,9.30,9.54,9.28,17142,21268426.00,2.69,-3.93,-0.38,1.98
2000-07-04,9.30,9.64,9.65,9.23,7236,9087871.00,4.52,3.66,0.34,0.84
2000-07-05,9.63,9.45,9.63,9.43,7278,9147131.00,2.07,-1.97,-0.19,0.84
2000-07-06,9.45,9.37,9.47,9.32,5920,7346668.50,1.59,-0.85,-0.08,0.69
2000-07-07,9.37,9.52,9.66,9.37,7225,9104148.00,3.09,1.60,0.15,0.84
2000-07-10,9.52,9.70,9.80,9.51,9797,12503705.00,3.05,1.89,0.18,1.13
2000-07-11,9.70,10.02,10.03,9.53,15044,19676822.00,5.15,3.30,0.32,1.74
2000-07-12,10.13,9.97,10.14,9.90,14111,18760090.00,2.40,-0.50,-0.05,1.63
2000-07-13,9.99,9.86,10.09,9.74,11128,14544770.00,3.51,-1.10,-0.11,1.29
2000-07-14,9.90,9.82,10.12,9.78,10281,13451925.00,3.45,-0.41,-0.04,1.19
2000-07-17,9.82,9.59,9.91,9.59,8918,11383230.00,3.26,-2.34,-0.23,1.03
2000-07-18,9.59,9.66,9.73,9.53,6917,8806800.00,2.09,0.73,0.07,0.80
2000-07-19,9.67,9.71,9.87,9.63,4546,5849876.00,2.48,0.52,0.05,0.53
2000-07-20,9.71,9.57,9.82,9.49,6606,8386258.00,3.40,-1.44,-0.14,0.76
2000-07-21,9.57,9.60,9.72,9.48,5669,7185286.50,2.51,0.31,0.03,0.66
2000-07-24,9.60,9.48,9.63,9.43,6825,8580146.00,2.08,-1.25,-0.12,0.79
2000-07-25,9.43,9.70,9.88,9.43,5291,6802737.00,4.75,2.32,0.22,0.61
2000-07-26,9.74,9.94,9.95,9.59,10775,14054844.00,3.71,2.47,0.24,1.25
2000-07-27,10.07,9.95,10.20,9.90,13744,18275838.00,3.02,0.10,0.01,1.59
2000-07-28,9.93,9.97,10.19,9.90,10307,13711424.00,2.91,0.20,0.02,1.19
2000-07-31,10.03,10.14,10.17,9.97,10726,14311486.00,2.01,1.71,0.17,1.24
2000-08-01,10.19,9.82,10.20,9.81,10431,13717867.00,3.85,-3.16,-0.32,1.21
2000-08-02,9.82,9.88,10.09,9.76,8764,11533230.00,3.36,0.61,0.06,1.01
2000-08-03,9.90,10.20,10.20,9.83,17841,23770610.00,3.74,3.24,0.32,2.07
2000-08-04,10.30,10.19,10.36,10.13,19300,26183120.00,2.25,-0.10,-0.01,2.23
2000-08-07,10.19,10.13,10.23,10.03,7848,10501582.00,1.96,-0.59,-0.06,0.91
2000-08-08,10.24,10.43,10.46,10.15,20143,27573550.00,3.06,2.96,0.30,2.33
2000-08-09,10.43,10.32,10.60,10.27,19842,27455514.00,3.16,-1.05,-0.11,2.30
2000-08-10,10.34,10.42,10.59,10.28,20222,27850314.00,3.00,0.97,0.10,2.34
2000-08-11,10.47,10.19,10.47,10.17,10864,14731780.00,2.88,-2.21,-0.23,1.26
2000-08-14,10.21,10.24,10.28,10.13,9181,12369822.00,1.47,0.49,0.05,1.06
2000-08-15,10.28,10.20,10.42,10.14,7746,10523217.00,2.73,-0.39,-0.04,0.90
2000-08-16,10.24,10.10,10.25,10.06,8084,10821457.00,1.86,-0.98,-0.10,0.94
2000-08-17,10.13,10.19,10.27,10.13,6876,9245791.00,1.39,0.89,0.09,0.80
2000-08-18,10.20,10.40,10.48,10.20,12662,17367784.00,2.75,2.06,0.21,1.47
2000-08-21,10.55,10.45,10.55,10.30,12970,17909432.00,2.40,0.48,0.05,1.50
2000-08-22,10.46,10.08,10.55,10.05,10130,13918724.00,4.78,-3.54,-0.37,1.17
2000-08-23,9.97,9.95,10.12,9.40,17129,22270482.00,7.14,-1.29,-0.13,1.98
2000-08-24,9.96,10.05,10.17,9.80,11323,15000405.00,3.72,1.01,0.10,1.31
2000-08-25,10.05,9.97,10.13,9.82,7434,9793720.00,3.08,-0.80,-0.08,0.86
2000-08-28,10.01,9.96,10.03,9.88,8611,11305782.00,1.50,-0.10,-0.01,1.00
2000-08-29,9.96,10.04,10.13,9.96,6619,8809298.00,1.71,0.80,0.08,0.77
2000-08-30,10.05,10.09,10.28,10.05,13166,17747862.00,2.29,0.50,0.05,1.52
2000-08-31,10.01,9.67,10.01,9.65,14521,18768622.00,3.57,-4.16,-0.42,1.68
2000-09-01,9.51,9.55,9.73,9.44,5806,7374328.00,3.00,-1.24,-0.12,0.67
2000-09-04,9.50,9.63,9.63,9.34,5919,7416817.50,3.04,0.84,0.08,0.69
2000-09-05,9.72,9.30,9.79,9.27,5316,6661090.00,5.40,-3.43,-0.33,0.62
2000-09-06,9.24,9.05,9.33,9.05,6710,8138128.00,3.01,-2.69,-0.25,0.78
2000-09-07,9.18,9.14,9.30,9.07,4450,5422489.00,2.54,0.99,0.09,0.52
2000-09-08,9.27,9.22,9.34,9.07,5095,6227148.50,2.95,0.88,0.08,0.59
2000-09-11,9.22,9.27,9.36,8.97,3569,4332431.00,4.23,0.54,0.05,0.41
2000-09-12,9.27,9.30,9.34,9.15,2871,3531875.25,2.05,0.32,0.03,0.33
2000-09-13,9.28,9.49,9.53,9.28,5829,7274858.50,2.69,2.04,0.19,0.67
2000-09-14,9.49,9.34,9.51,9.32,2954,3682956.75,2.00,-1.58,-0.15,0.34
2000-09-15,9.36,9.29,9.42,9.20,2675,3294024.25,2.36,-0.54,-0.05,0.31
2000-09-18,9.29,9.07,9.29,9.05,4353,5260641.00,2.58,-2.37,-0.22,0.50
2000-09-19,9.05,8.76,9.06,8.73,6127,7218209.00,3.64,-3.42,-0.31,0.71
2000-09-20,8.86,8.88,8.96,8.67,3073,3586895.25,3.31,1.37,0.12,0.36
2000-09-21,8.93,8.77,8.93,8.70,4000,4661906.50,2.59,-1.24,-0.11,0.46
2000-09-22,8.77,8.56,8.77,8.56,3343,3828592.00,2.39,-2.39,-0.21,0.39
2000-09-25,8.57,8.41,8.63,8.38,3010,3391558.00,2.92,-1.75,-0.15,0.35
2000-09-26,8.43,8.50,8.55,8.41,2210,2490555.50,1.66,1.07,0.09,0.26
2000-09-27,8.61,8.77,8.77,8.48,1748,2002850.62,3.41,3.18,0.27,0.20
2000-09-28,8.82,8.62,8.82,8.60,2062,2368217.25,2.51,-1.71,-0.15,0.24
2000-09-29,8.63,8.71,8.73,8.63,1688,1946371.38,1.16,1.04,0.09,0.20
2000-10-09,8.77,9.10,9.12,8.74,5538,6583539.50,4.36,4.48,0.39,0.64
2000-10-10,9.07,9.13,9.17,9.02,4175,5034797.50,1.65,0.33,0.03,0.48
2000-10-11,9.16,9.04,9.28,9.00,6304,7626358.50,3.07,-0.99,-0.09,0.73
2000-10-12,8.98,8.83,8.98,8.82,4648,5467666.00,1.77,-2.32,-0.21,0.54
2000-10-13,8.90,8.92,9.09,8.86,2932,3482712.00,2.60,1.02,0.09,0.34
2000-10-16,8.91,8.70,8.91,8.69,4030,4679017.50,2.47,-2.47,-0.22,0.47
2000-10-17,8.69,8.84,8.84,8.68,2258,2619548.25,1.84,1.61,0.14,0.26
2000-10-18,8.86,9.19,9.20,8.83,7138,8582907.00,4.19,3.96,0.35,0.83
2000-10-19,9.20,9.00,9.27,8.99,4114,4955515.00,3.05,-2.07,-0.19,0.48
2000-10-20,8.96,9.54,9.62,8.96,19377,24176586.00,7.33,6.00,0.54,2.24
2000-10-23,9.57,9.76,9.77,9.53,19971,25545428.00,2.52,2.31,0.22,2.31
2000-10-24,9.81,9.74,9.84,9.67,11469,14808585.00,1.74,-0.20,-0.02,1.33
2000-10-25,9.82,9.76,9.86,9.59,10163,13100703.00,2.77,0.21,0.02,1.18
2000-10-26,9.77,9.53,9.78,9.46,8810,11274532.00,3.28,-2.36,-0.23,1.02
2000-10-27,9.51,9.64,9.67,9.51,4303,5453205.50,1.68,1.15,0.11,0.50
2000-10-30,9.62,9.45,9.63,9.44,5750,7249136.00,1.97,-1.97,-0.19,0.67
2000-10-31,9.44,9.28,9.44,9.27,6045,7473030.50,1.80,-1.80,-0.17,0.70
2000-11-01,9.27,9.53,9.57,9.27,4313,5386641.00,3.23,2.69,0.25,0.50
2000-11-02,9.48,9.43,9.59,9.40,4249,5363271.00,1.99,-1.05,-0.10,0.49
2000-11-03,9.43,9.40,9.50,9.34,3824,4750945.50,1.70,-0.32,-0.03,0.44
2000-11-06,9.42,9.60,9.63,9.40,3718,4700337.00,2.45,2.13,0.20,0.43
2000-11-07,9.63,9.67,9.73,9.56,4238,5421826.00,1.77,0.73,0.07,0.49
2000-11-08,9.73,9.62,9.73,9.53,3803,4841326.50,2.07,-0.52,-0.05,0.44
2000-11-09,9.63,9.69,9.77,9.62,6443,8254568.00,1.56,0.73,0.07,0.75
2000-11-10,9.73,9.66,9.73,9.59,8155,10438770.00,1.44,-0.31,-0.03,0.94
2000-11-13,9.70,9.82,9.86,9.68,10817,14019824.00,1.86,1.66,0.16,1.25
2000-11-14,9.82,10.09,10.09,9.65,18300,23987060.00,4.48,2.75,0.27,2.12
2000-11-15,10.20,10.46,10.95,10.19,72617,101456640.00,7.53,3.67,0.37,8.41
2000-11-16,10.46,10.47,10.55,10.37,22331,30877216.00,1.72,0.10,0.01,2.59
2000-11-17,10.51,10.44,10.57,10.32,16691,22974144.00,2.39,-0.29,-0.03,1.93
2000-11-20,10.44,10.78,10.82,10.36,34607,48755608.00,4.41,3.26,0.34,4.01
2000-11-21,10.80,10.53,10.82,10.52,18765,26470450.00,2.78,-2.32,-0.25,2.17
2000-11-22,10.52,10.59,10.67,10.40,16826,23405560.00,2.56,0.57,0.06,1.95
2000-11-23,10.59,10.49,10.63,10.44,11973,16666594.00,1.79,-0.94,-0.10,1.39
2000-11-24,10.51,9.98,10.55,9.90,18543,25044234.00,6.20,-4.86,-0.51,2.15
2000-11-27,9.90,9.84,9.98,9.78,12320,16074724.00,2.00,-1.40,-0.14,1.43
2000-11-28,9.85,10.11,10.13,9.84,7191,9521587.00,2.95,2.74,0.27,0.83
2000-11-29,10.11,9.90,10.13,9.86,5730,7562618.00,2.67,-2.08,-0.21,0.66
2000-11-30,9.93,10.20,10.27,9.85,8862,11792077.00,4.24,3.03,0.30,1.03
2000-12-01,10.24,10.15,10.24,10.05,4903,6589297.50,1.86,-0.49,-0.05,0.57
2000-12-04,10.13,10.35,10.50,10.05,6999,9560033.00,4.43,1.97,0.20,0.81
2000-12-05,10.32,10.36,10.49,10.28,6398,8769200.00,2.03,0.10,0.01,0.74
2000-12-06,10.34,10.13,10.43,10.05,6232,8434528.00,3.67,-2.22,-0.23,0.72
2000-12-07,9.97,10.07,10.19,9.96,5671,7544007.00,2.27,-0.59,-0.06,0.66
2000-12-08,10.07,10.20,10.43,9.97,7397,10041453.00,4.57,1.29,0.13,0.86
2000-12-11,10.28,10.32,10.36,10.05,10858,14718494.00,3.04,1.18,0.12,1.26
2000-12-12,10.33,10.59,10.67,10.20,29726,41294272.00,4.55,2.62,0.27,3.44
2000-12-13,10.62,10.55,10.76,10.48,18346,25742306.00,2.64,-0.38,-0.04,2.12
2000-12-14,10.58,10.46,10.67,10.42,10443,14496910.00,2.37,-0.85,-0.09,1.21
2000-12-15,10.46,10.23,10.57,10.20,7408,10143150.00,3.54,-2.20,-0.23,0.86
2000-12-18,10.23,10.47,10.50,10.17,7404,10085775.00,3.23,2.35,0.24,0.86
2000-12-19,10.50,10.40,10.57,10.36,7176,9890183.00,2.01,-0.67,-0.07,0.83
2000-12-20,10.43,11.07,11.36,10.40,76181,110228080.00,9.23,6.44,0.67,8.82
2000-12-21,11.13,11.09,11.27,10.97,39131,57487204.00,2.71,0.18,0.02,4.53
2000-12-22,11.09,11.36,11.59,10.88,42454,63415048.00,6.40,2.43,0.27,4.92
2000-12-25,11.51,11.45,11.69,11.34,28064,42586604.00,3.08,0.79,0.09,3.25
2000-12-26,11.47,11.25,11.57,11.17,23184,34572144.00,3.49,-1.75,-0.20,2.68
2000-12-27,11.28,10.97,11.35,10.96,17810,26095484.00,3.47,-2.49,-0.28,2.06
2000-12-28,11.05,11.03,11.20,10.92,10319,15066908.00,2.55,0.55,0.06,1.19
2000-12-29,11.02,11.14,11.28,11.01,8600,12703590.00,2.45,1.00,0.11,1.00