MjAxNy0wMS0wMywzLjkyLDMuOTUsMy45NiwzLjkyLDExNTgwNSw1MjM3NDEwNC4wMCwxLjAyLDEuMDIsMC4wNCwwLjUy
2017-01-04,3.96,4.00,4.00,3.94,144326,65715202.00,1.52,1.27,0.05,0.64
2017-01-05,4.03,4.04,4.10,4.03,247505,114830383.00,1.75,1.00,0.04,1.10
2017-01-06,4.03,4.03,4.06,4.01,135514,62563552.00,1.24,-0.25,-0.01,0.60
2017-01-09,4.03,4.06,4.07,4.01,99875,46156334.00,1.49,0.74,0.03,0.44
2017-01-10,4.05,4.08,4.11,4.02,165021,76803798.00,2.22,0.49,0.02,0.73
2017-01-11,4.09,4.04,4.09,4.00,166917,77145399.00,2.21,-0.98,-0.04,0.74
2017-01-12,4.03,4.03,4.08,4.01,112312,52005347.00,1.73,-0.25,-0.01,0.50
2017-01-13,4.03,4.00,4.04,3.98,112594,51644233.00,1.49,-0.74,-0.03,0.50
2017-01-16,4.00,3.89,4.00,3.82,227903,102663877.00,4.50,-2.75,-0.11,1.01
2017-01-17,3.89,3.93,3.93,3.88,110022,49356348.00,1.29,1.03,0.04,0.49
2017-01-18,3.93,3.94,3.96,3.90,79463,35852407.00,1.53,0.25,0.01,0.35
2017-01-19,3.92,3.93,3.95,3.91,76882,34651869.00,1.02,-0.25,-0.01,0.34
2017-01-20,3.92,3.96,3.97,3.92,107555,48739896.00,1.27,0.76,0.03,0.48
2017-01-23,3.96,4.03,4.05,3.95,171262,78589419.00,2.53,1.77,0.07,0.76
2017-01-24,4.01,4.02,4.04,4.00,110842,50936149.00,0.99,-0.25,-0.01,0.49
2017-01-25,4.00,4.02,4.03,3.99,84660,38932799.00,1.00,0.00,0.00,0.38
2017-01-26,4.02,4.02,4.04,4.00,82819,38052878.00,1.00,0.00,0.00,0.37
2017-02-03,4.02,4.00,4.03,3.99,68855,31595659.00,1.00,-0.50,-0.02,0.31
2017-02-06,4.00,4.02,4.03,3.97,140759,64577748.00,1.50,0.50,0.02,0.63
2017-02-07,4.02,4.04,4.09,4.00,209423,96733954.00,2.24,0.50,0.02,0.93
2017-02-08,4.03,4.06,4.06,4.00,117962,54445598.00,1.49,0.50,0.02,0.52
2017-02-09,4.07,4.07,4.11,4.04,206360,96034037.00,1.72,0.25,0.01,0.92
2017-02-10,4.07,4.13,4.13,4.06,333434,156154422.00,1.72,1.47,0.06,1.48
2017-02-13,4.16,4.32,4.39,4.11,670349,322820400.00,6.78,4.60,0.19,2.98
2017-02-14,4.24,4.29,4.31,4.22,475036,229939339.00,2.08,-0.69,-0.03,2.11
2017-02-15,4.27,4.22,4.31,4.20,394410,190740002.00,2.56,-1.63,-0.07,1.75
2017-02-16,4.22,4.25,4.28,4.19,261249,125845575.00,2.13,0.71,0.03,1.16
2017-02-17,4.24,4.18,4.25,4.17,255826,122507814.00,1.88,-1.65,-0.07,1.14
2017-02-20,4.19,4.28,4.30,4.18,332581,160702987.00,2.87,2.39,0.10,1.48
2017-02-21,4.32,4.31,4.37,4.28,334091,163708821.00,2.10,0.70,0.03,1.49
2017-02-22,4.29,4.39,4.45,4.25,458062,226572469.00,4.64,1.86,0.08,2.04
2017-02-23,4.37,4.34,4.39,4.31,233848,115169057.00,1.82,-1.14,-0.05,1.04
2017-02-24,4.34,4.32,4.35,4.27,187974,91802628.00,1.84,-0.46,-0.02,0.84
2017-02-27,4.31,4.23,4.32,4.21,209660,101541439.00,2.55,-2.08,-0.09,0.93
2017-02-28,4.22,4.24,4.25,4.21,118124,56871757.00,0.95,0.24,0.01,0.53
2017-03-01,4.24,4.25,4.27,4.22,158080,76362459.00,1.18,0.24,0.01,0.70
2017-03-02,4.23,4.18,4.26,4.17,168673,80894779.00,2.12,-1.65,-0.07,0.75
2017-03-03,4.17,4.20,4.22,4.15,134465,64084353.00,1.67,0.48,0.02,0.60
2017-03-06,4.20,4.23,4.26,4.20,165596,79651682.00,1.43,0.71,0.03,0.74
2017-03-07,4.22,4.20,4.23,4.18,149165,71265184.00,1.18,-0.71,-0.03,0.66
2017-03-08,4.19,4.19,4.21,4.17,100423,47841698.00,0.95,-0.24,-0.01,0.45
2017-03-09,4.18,4.12,4.19,4.11,165915,78243730.00,1.91,-1.67,-0.07,0.74
2017-03-10,4.12,4.12,4.14,4.10,92024,43248261.00,0.97,0.00,0.00,0.41
2017-03-13,4.12,4.18,4.18,4.09,129846,61315683.00,2.18,1.46,0.06,0.58
2017-03-14,4.16,4.16,4.18,4.14,78673,37315242.00,0.96,-0.48,-0.02,0.35
2017-03-15,4.15,4.16,4.17,4.13,82421,38984897.00,0.96,0.00,0.00,0.37
2017-03-16,4.16,4.21,4.22,4.16,189865,90536509.00,1.44,1.20,0.05,0.84
2017-03-17,4.20,4.14,4.21,4.12,141034,67010254.00,2.14,-1.66,-0.07,0.63
2017-03-20,4.14,4.16,4.18,4.11,107693,50832232.00,1.69,0.48,0.02,0.48
2017-03-21,4.16,4.17,4.17,4.14,100143,47464148.00,0.72,0.24,0.01,0.45
2017-03-22,4.14,4.12,4.15,4.09,132601,62293458.00,1.44,-1.20,-0.05,0.59
2017-03-23,4.11,4.12,4.14,4.08,146214,68640230.00,1.46,0.00,0.00,0.65
2017-03-24,4.11,4.18,4.20,4.11,182908,86641908.00,2.18,1.46,0.06,0.81
2017-03-27,4.18,4.19,4.21,4.16,140866,67168143.00,1.20,0.24,0.01,0.63
2017-03-28,4.18,4.14,4.18,4.14,79484,37627776.00,0.95,-1.19,-0.05,0.35
2017-03-29,4.16,4.28,4.39,4.13,698749,340523056.00,6.28,3.38,0.14,3.11
2017-03-30,4.25,4.44,4.47,4.23,812310,398384736.00,5.61,3.74,0.16,3.61
2017-03-31,4.36,4.33,4.40,4.27,554964,271972848.00,2.93,-2.48,-0.11,2.47
2017-04-05,4.39,4.35,4.41,4.29,411129,202320135.00,2.77,0.46,0.02,1.83
2017-04-06,4.35,4.39,4.43,4.27,490179,241570274.00,3.68,0.92,0.04,2.18
2017-04-07,4.35,4.31,4.35,4.29,299728,146776403.00,1.37,-1.82,-0.08,1.33
2017-04-10,4.30,4.29,4.32,4.27,201251,98162057.00,1.16,-0.46,-0.02,0.90
2017-04-11,4.29,4.34,4.34,4.22,375234,182586128.00,2.80,1.17,0.05,1.67
2017-04-12,4.32,4.33,4.43,4.28,418010,206542012.00,3.46,-0.23,-0.01,1.86
2017-04-13,4.31,4.37,4.41,4.30,287283,141863652.00,2.54,0.92,0.04,1.28
2017-04-14,4.36,4.25,4.36,4.24,289010,140860584.00,2.75,-2.75,-0.12,1.29
2017-04-17,4.24,4.21,4.24,4.17,161661,77355529.00,1.65,-0.94,-0.04,0.72
2017-04-18,4.20,4.16,4.23,4.15,124925,59616074.00,1.90,-1.19,-0.05,0.56
2017-04-19,4.16,4.10,4.16,4.04,186576,87088591.00,2.88,-1.44,-0.06,0.83
2017-04-20,4.08,4.07,4.12,4.03,134632,62662240.00,2.20,-0.73,-0.03,0.60
2017-04-21,4.07,4.09,4.11,4.06,94201,43962565.00,1.23,0.49,0.02,0.42
2017-04-24,4.09,4.01,4.09,4.00,141714,65261777.00,2.20,-1.96,-0.08,0.63
2017-04-25,4.02,4.03,4.05,4.00,77465,35703589.00,1.25,0.50,0.02,0.34
2017-04-26,4.11,4.17,4.19,4.09,256729,121127832.00,2.48,3.47,0.14,1.14
2017-04-27,4.14,4.19,4.22,4.12,212645,101065006.00,2.40,0.48,0.02,0.95
2017-04-28,4.20,4.20,4.22,4.17,100376,47917489.00,1.19,0.24,0.01,0.45
2017-05-02,4.18,4.28,4.30,4.18,225213,108965992.00,2.86,1.90,0.08,1.00
2017-05-03,4.28,4.27,4.29,4.23,137496,66564486.00,1.40,-0.23,-0.01,0.61
2017-05-04,4.24,4.27,4.28,4.23,143676,69526503.00,1.17,0.00,0.00,0.64
2017-05-05,4.25,4.21,4.26,4.20,106128,50943365.00,1.41,-1.41,-0.06,0.47
2017-05-08,4.18,4.13,4.18,4.12,163244,77099168.00,1.43,-1.90,-0.08,0.73
2017-05-09,4.11,4.18,4.19,4.11,111933,52944031.00,1.94,1.21,0.05,0.50
2017-05-10,4.18,4.12,4.19,4.11,80994,38395143.00,1.91,-1.44,-0.06,0.36
2017-05-11,4.10,4.13,4.14,4.04,153079,71506005.00,2.43,0.24,0.01,0.68
2017-05-12,4.13,4.17,4.19,4.10,129327,61183225.00,2.18,0.97,0.04,0.58
2017-05-15,4.17,4.17,4.20,4.16,102002,48529363.00,0.96,0.00,0.00,0.45
2017-05-16,4.16,4.26,4.27,4.14,197933,94855159.00,3.12,2.16,0.09,0.88
2017-05-17,4.25,4.25,4.27,4.22,174696,84271701.00,1.17,-0.23,-0.01,0.78
2017-05-18,4.22,4.23,4.24,4.20,110062,52848489.00,0.94,-0.47,-0.02,0.49
2017-05-19,4.22,4.23,4.25,4.19,76663,36846806.00,1.42,0.00,0.00,0.34
2017-05-22,4.21,4.15,4.24,4.13,116525,55474152.00,2.60,-1.89,-0.08,0.52
2017-05-23,4.15,4.12,4.18,4.10,115581,54556122.00,1.93,-0.72,-0.03,0.51
2017-05-24,4.10,4.16,4.16,4.09,109689,51583159.00,1.70,0.97,0.04,0.49
2017-05-25,4.16,4.26,4.26,4.13,227994,109355670.00,3.13,2.40,0.10,1.01
2017-05-26,4.26,4.27,4.28,4.23,177093,85716572.00,1.17,0.23,0.01,0.79
2017-05-31,4.30,4.28,4.32,4.25,168176,81687324.00,1.64,0.23,0.01,0.75
2017-06-01,4.26,4.23,4.29,4.23,144871,70052778.00,1.40,-1.17,-0.05,0.64
2017-06-02,4.24,4.36,4.38,4.20,414035,203119495.00,4.26,3.07,0.13,1.84
2017-06-05,4.35,4.34,4.38,4.31,258413,127346505.00,1.61,-0.46,-0.02,1.15
2017-06-06,4.32,4.36,4.36,4.29,174768,85636810.00,1.61,0.46,0.02,0.78
2017-06-07,4.35,4.39,4.40,4.33,317755,157238942.00,1.61,0.69,0.03,1.41
2017-06-08,4.38,4.35,4.40,4.31,219555,108426309.00,2.05,-0.91,-0.04,0.98
2017-06-09,4.33,4.35,4.37,4.33,145541,71760073.00,0.92,0.00,0.00,0.65
2017-06-12,4.36,4.38,4.49,4.33,458542,229084107.00,3.68,0.69,0.03,2.04
2017-06-13,4.35,4.38,4.40,4.34,225517,111478982.00,1.37,0.00,0.00,1.00
2017-06-14,4.37,4.35,4.41,4.33,153210,75744536.00,1.83,-0.68,-0.03,0.68
2017-06-15,4.36,4.35,4.37,4.34,148448,73269641.00,0.69,0.00,0.00,0.66
2017-06-16,4.35,4.28,4.36,4.27,249643,121964001.00,2.07,-1.61,-0.07,1.11
2017-06-19,4.28,4.33,4.34,4.26,163104,79769403.00,1.87,1.17,0.05,0.73
2017-06-20,4.35,4.37,4.41,4.33,241465,119597166.00,1.85,0.92,0.04,1.07
2017-06-21,4.39,4.38,4.39,4.34,142922,70637687.00,1.14,0.23,0.01,0.64
2017-06-22,4.37,4.37,4.44,4.35,287209,142917669.00,2.05,-0.23,-0.01,1.28
2017-06-23,4.36,4.34,4.37,4.28,242537,118823473.00,2.06,-0.69,-0.03,1.08
2017-06-26,4.32,4.40,4.40,4.32,221710,109827424.00,1.84,1.38,0.06,0.99
2017-06-27,4.42,4.44,4.45,4.37,294565,147109509.00,1.82,0.91,0.04,1.31
2017-06-28,4.46,4.47,4.56,4.44,474571,240872316.00,2.70,0.68,0.03,2.11
2017-06-29,4.45,4.46,4.50,4.43,188312,94822743.00,1.57,-0.22,-0.01,0.84
2017-06-30,4.48,4.46,4.50,4.43,214265,107955110.00,1.57,0.00,0.00,0.95
2017-07-03,4.47,4.56,4.58,4.44,424477,216951826.00,3.14,2.24,0.10,1.89
2017-07-04,4.56,4.52,4.59,4.49,300232,150654325.00,2.19,-0.88,-0.04,1.34
2017-07-05,4.50,4.55,4.57,4.49,241356,121221732.00,1.77,0.66,0.03,1.07
2017-07-06,4.53,4.65,4.67,4.52,480862,245464263.00,3.30,2.20,0.10,2.14
2017-07-07,4.61,4.69,4.71,4.58,403395,207062446.00,2.80,0.86,0.04,1.79
2017-07-10,4.67,4.64,4.76,4.61,342852,176861332.00,3.20,-1.07,-0.05,1.53
2017-07-11,4.65,4.59,4.67,4.58,278774,142457349.00,1.94,-1.08,-0.05,1.24
2017-07-12,4.57,4.62,4.63,4.54,251357,127657789.00,1.96,0.65,0.03,1.12
2017-07-13,4.65,4.66,4.66,4.60,237700,121774525.00,1.30,0.87,0.04,1.06
2017-07-14,4.65,4.64,4.66,4.62,148755,76274092.00,0.86,-0.43,-0.02,0.66
2017-07-17,4.64,4.49,4.65,4.45,373305,187850595.00,4.31,-3.23,-0.15,1.66
2017-07-18,4.49,4.53,4.53,4.47,232412,116149475.00,1.34,0.89,0.04,1.03
2017-07-19,4.52,4.81,4.86,4.51,716790,372279376.00,7.73,6.18,0.28,3.19
2017-07-20,4.81,4.82,4.88,4.74,491779,260209423.00,2.91,0.21,0.01,2.19
2017-07-21,4.83,5.11,5.20,4.79,1007212,556811040.00,8.51,6.02,0.29,4.48
2017-07-24,5.11,5.67,5.67,5.11,483984,290927808.00,10.96,10.96,0.56,2.15
2017-07-25,5.71,5.80,5.98,5.47,1834358,1131648992.00,8.99,2.29,0.13,8.16
2017-07-26,5.71,5.77,5.93,5.58,1369685,849065088.00,6.03,-0.52,-0.03,6.09
2017-07-27,5.69,5.87,6.20,5.66,1393207,890588096.00,9.36,1.73,0.10,6.20
2017-07-28,5.75,5.69,5.77,5.61,859200,530267696.00,2.73,-3.07,-0.18,3.82
2017-07-31,5.69,5.74,5.79,5.54,811470,500375648.00,4.39,0.88,0.05,3.61
2017-08-01,5.71,5.61,5.81,5.55,844758,519167824.00,4.53,-2.26,-0.13,3.76
2017-08-02,5.62,5.58,5.65,5.48,685473,414950816.00,3.03,-0.53,-0.03,3.05
2017-08-03,5.56,5.38,5.59,5.36,665270,394164464.00,4.12,-3.58,-0.20,2.96
2017-08-04,5.39,5.41,5.50,5.36,575602,340859552.00,2.60,0.56,0.03,2.56
2017-08-07,5.39,5.47,5.48,5.24,441171,258753193.00,4.44,1.11,0.06,1.96
2017-08-08,5.44,5.43,5.54,5.38,417671,247989853.00,2.93,-0.73,-0.04,1.86
2017-08-09,5.44,5.40,5.44,5.31,373312,218545920.00,2.39,-0.55,-0.03,1.66
2017-08-10,5.36,5.41,5.51,5.32,465628,275101424.00,3.52,0.19,0.01,2.07
2017-08-11,5.34,4.93,5.35,4.92,733372,411486000.00,7.95,-8.87,-0.48,3.26
2017-08-14,4.93,5.01,5.03,4.93,300907,164780620.00,2.03,1.62,0.08,1.34
2017-08-15,5.01,5.02,5.08,4.98,262539,144979710.00,2.00,0.20,0.01,1.17
2017-08-16,5.00,4.97,5.02,4.91,324153,176562891.00,2.19,-1.00,-0.05,1.44
2017-08-17,4.97,5.01,5.02,4.96,223481,122493742.00,1.21,0.80,0.04,0.99
2017-08-18,4.98,5.14,5.16,4.94,470403,263087878.00,4.39,2.59,0.13,2.09
2017-08-21,5.11,5.10,5.13,5.02,318836,177278890.00,2.14,-0.78,-0.04,1.42
2017-08-22,5.10,5.02,5.10,4.98,285381,157291361.00,2.35,-1.57,-0.08,1.27
2017-08-23,5.01,4.99,5.03,4.95,169312,92723740.00,1.59,-0.60,-0.03,0.75
2017-08-24,4.99,4.89,4.99,4.88,230524,124874859.00,2.20,-2.00,-0.10,1.03
2017-08-25,4.89,4.99,5.00,4.86,292904,159808799.00,2.86,2.04,0.10,1.30
2017-08-28,5.01,5.08,5.12,5.00,385478,214168595.00,2.40,1.80,0.09,1.72
2017-08-29,5.11,5.04,5.11,5.01,265927,147703012.00,1.97,-0.79,-0.04,1.18
2017-08-30,5.06,5.11,5.13,4.99,386465,214862025.00,2.78,1.39,0.07,1.72
2017-08-31,5.11,5.10,5.14,5.06,307996,172194436.00,1.57,-0.20,-0.01,1.37
2017-09-01,5.10,5.20,5.23,5.07,413763,232271018.00,3.14,1.96,0.10,1.84
2017-09-04,5.17,5.20,5.25,5.14,323364,184119091.00,2.12,0.00,0.00,1.44
2017-09-05,5.20,5.12,5.20,5.10,301946,170159204.00,1.92,-1.54,-0.08,1.34
2017-09-06,5.09,5.07,5.09,5.02,251880,139596629.00,1.37,-0.98,-0.05,1.12
2017-09-07,5.08,5.09,5.18,5.06,277666,155494159.00,2.37,0.39,0.02,1.24
2017-09-08,5.06,5.12,5.15,5.05,194949,109257467.00,1.96,0.59,0.03,0.87
2017-09-11,5.10,5.07,5.13,5.01,245124,136250916.00,2.34,-0.98,-0.05,1.09
2017-09-12,5.08,5.04,5.08,5.01,236819,131061735.00,1.38,-0.59,-0.03,1.05
2017-09-13,5.02,5.05,5.06,5.02,131038,72448329.00,0.79,0.20,0.01,0.58
2017-09-14,5.06,4.99,5.06,4.97,237794,130896255.00,1.78,-1.19,-0.06,1.06
2017-09-15,4.98,4.91,4.99,4.90,264694,143354860.00,1.80,-1.60,-0.08,1.18
2017-09-18,4.91,4.98,4.98,4.90,144175,78374175.00,1.63,1.43,0.07,0.64
2017-09-19,4.98,4.94,4.99,4.92,137643,75015463.00,1.41,-0.80,-0.04,0.61
2017-09-20,4.94,4.93,4.95,4.91,116210,62974630.00,0.81,-0.20,-0.01,0.52
2017-09-21,4.93,4.95,4.96,4.91,141125,76586236.00,1.01,0.41,0.02,0.63
2017-09-22,4.94,4.84,4.94,4.83,215213,115311146.00,2.22,-2.22,-0.11,0.96
2017-09-25,4.83,4.82,4.88,4.80,120992,64494973.00,1.65,-0.41,-0.02,0.54
2017-09-26,4.82,4.88,4.89,4.81,83924,44912514.00,1.66,1.24,0.06,0.37
2017-09-27,4.89,4.89,4.90,4.85,94393,50669266.00,1.02,0.20,0.01,0.42
2017-09-28,4.88,4.82,4.89,4.82,116520,62101056.00,1.43,-1.43,-0.07,0.52
2017-09-29,4.83,4.83,4.87,4.82,104419,55693630.00,1.04,0.21,0.01,0.46
2017-10-09,4.89,4.99,5.08,4.87,340085,185721290.00,4.35,3.31,0.16,1.51
2017-10-10,4.95,5.00,5.03,4.95,208279,114076760.00,1.60,0.20,0.01,0.93
2017-10-11,5.01,4.96,5.01,4.95,132837,72602230.00,1.20,-0.80,-0.04,0.59
2017-10-12,4.96,4.98,5.00,4.95,130662,71405806.00,1.01,0.40,0.02,0.58
2017-10-13,4.98,4.96,4.99,4.94,102903,55999812.00,1.00,-0.40,-0.02,0.46
2017-10-16,4.96,4.87,4.97,4.86,152599,82512686.00,2.22,-1.81,-0.09,0.68
2017-10-17,4.86,4.88,4.89,4.83,87592,46923870.00,1.23,0.21,0.01,0.39
2017-10-18,4.86,4.84,4.89,4.83,89962,48147584.00,1.23,-0.82,-0.04,0.40
2017-10-19,4.82,4.71,4.84,4.70,210892,110695381.00,2.89,-2.69,-0.13,0.94
2017-10-20,4.71,4.78,4.79,4.70,85680,44902178.00,1.91,1.49,0.07,0.38
2017-10-23,4.77,4.82,4.86,4.76,104962,55740301.00,2.09,0.84,0.04,0.47
2017-10-24,4.81,4.80,4.83,4.78,77124,40790831.00,1.04,-0.41,-0.02,0.34
2017-10-25,4.81,4.84,4.86,4.80,83619,44532261.00,1.25,0.83,0.04,0.37
2017-10-26,4.84,4.91,4.94,4.81,172574,92857846.00,2.69,1.45,0.07,0.77
2017-10-27,4.91,4.86,4.92,4.85,123022,65976692.00,1.43,-1.02,-0.05,0.55
2017-10-30,4.84,4.76,4.87,4.71,163545,85857789.00,3.29,-2.06,-0.10,0.73
2017-10-31,4.77,4.78,4.80,4.74,96984,50993220.00,1.26,0.42,0.02,0.43
2017-11-01,4.77,4.78,4.80,4.75,108996,57382388.00,1.05,0.00,0.00,0.48
2017-11-02,4.77,4.74,4.79,4.72,96733,50706745.00,1.46,-0.84,-0.04,0.43
2017-11-03,4.73,4.68,4.76,4.63,123781,64166989.00,2.74,-1.27,-0.06,0.55
2017-11-06,4.65,4.71,4.72,4.65,85729,44344109.00,1.50,0.64,0.03,0.38
2017-11-07,4.71,4.73,4.75,4.69,92507,48216710.00,1.27,0.42,0.02,0.41
2017-11-08,4.73,4.75,4.77,4.72,107791,56427549.00,1.06,0.42,0.02,0.48
2017-11-09,4.74,4.78,4.83,4.73,120863,63682156.00,2.11,0.63,0.03,0.54
2017-11-10,4.76,4.74,4.77,4.70,110650,57805236.00,1.46,-0.84,-0.04,0.49
2017-11-13,4.76,4.74,4.76,4.69,129506,67472765.00,1.48,0.00,0.00,0.58
2017-11-14,4.73,4.65,4.73,4.61,200996,103407808.00,2.53,-1.90,-0.09,0.89
2017-11-15,4.65,4.56,4.65,4.56,147090,74783599.00,1.94,-1.94,-0.09,0.65
2017-11-16,4.57,4.66,4.67,4.55,191864,97899113.00,2.63,2.19,0.10,0.85
2017-11-17,4.65,4.55,4.65,4.53,151420,76766825.00,2.58,-2.36,-0.11,0.67
2017-11-20,4.53,4.54,4.54,4.45,127126,63318513.00,1.98,-0.22,-0.01,0.57
2017-11-21,4.51,4.56,4.57,4.50,112696,56758208.00,1.54,0.44,0.02,0.50
2017-11-22,4.56,4.60,4.64,4.54,170839,86880098.00,2.19,0.88,0.04,0.76
2017-11-23,4.58,4.50,4.61,4.49,137953,69418482.00,2.61,-2.17,-0.10,0.61
2017-11-24,4.50,4.52,4.54,4.47,72245,36062163.00,1.56,0.44,0.02,0.32
2017-11-27,4.51,4.48,4.55,4.46,84840,42403257.00,1.99,-0.88,-0.04,0.38
2017-11-28,4.48,4.53,4.53,4.46,79964,39859055.00,1.56,1.12,0.05,0.36
2017-11-29,4.52,4.53,4.53,4.47,110862,55313056.00,1.32,0.00,0.00,0.49
2017-11-30,4.54,4.53,4.59,4.50,138452,69657869.00,1.99,0.00,0.00,0.62
2017-12-01,4.52,4.56,4.58,4.50,97915,49299934.00,1.77,0.66,0.03,0.44
2017-12-04,4.54,4.55,4.57,4.53,73178,36876998.00,0.88,-0.22,-0.01,0.33
2017-12-05,4.55,4.47,4.56,4.42,130315,64873544.00,3.08,-1.76,-0.08,0.58
2017-12-06,4.46,4.45,4.47,4.42,89365,44095362.00,1.12,-0.45,-0.02,0.40
2017-12-07,4.45,4.44,4.49,4.44,75910,37600223.00,1.12,-0.22,-0.01,0.34
2017-12-08,4.43,4.47,4.48,4.42,49207,24370151.00,1.35,0.68,0.03,0.22
2017-12-11,4.47,4.50,4.50,4.45,59297,29435787.00,1.12,0.67,0.03,0.26
2017-12-12,4.48,4.44,4.49,4.43,61505,30442480.00,1.33,-1.33,-0.06,0.27
2017-12-13,4.44,4.46,4.46,4.43,43592,21495260.00,0.68,0.45,0.02,0.19
2017-12-14,4.45,4.46,4.47,4.43,66508,32846730.00,0.90,0.00,0.00,0.30
2017-12-15,4.45,4.39,4.46,4.38,109171,53533204.00,1.79,-1.57,-0.07,0.49
2017-12-18,4.39,4.37,4.40,4.35,58945,28673508.00,1.14,-0.46,-0.02,0.26
2017-12-19,4.37,4.39,4.41,4.37,55003,26839895.00,0.92,0.46,0.02,0.24
2017-12-20,4.38,4.32,4.39,4.31,77834,37644052.00,1.82,-1.59,-0.07,0.35
2017-12-21,4.32,4.29,4.33,4.26,85540,40917019.00,1.62,-0.69,-0.03,0.38
2017-12-22,4.29,4.30,4.32,4.27,64148,30701132.00,1.17,0.23,0.01,0.29
2017-12-25,4.30,4.25,4.31,4.24,78058,37187724.00,1.63,-1.16,-0.05,0.35
2017-12-26,4.25,4.34,4.36,4.22,133419,63953554.00,3.29,2.12,0.09,0.59
2017-12-27,4.32,4.36,4.42,4.32,179629,87585481.00,2.30,0.46,0.02,0.80
2017-12-28,4.35,4.37,4.40,4.32,97584,47495681.00,1.83,0.23,0.01,0.43
2017-12-29,4.35,4.37,4.39,4.32,93218,45124154.00,1.60,0.00,0.00,0.41