2025-01-02,22.22,22.62,23.38,22.21,46634,107719159.00,5.24,1.39,0.31,9.35
2025-01-03,22.54,22.30,23.29,21.73,52626,119950744.00,6.90,-1.41,-0.32,10.55
2025-01-06,22.35,22.67,23.59,20.93,44471,100268477.00,11.93,1.66,0.37,8.92
2025-01-07,22.43,23.06,23.07,22.07,37345,85135202.00,4.41,1.72,0.39,7.49
2025-01-08,22.83,22.58,22.97,21.91,37071,84074959.00,4.60,-2.08,-0.48,7.43
2025-01-09,22.50,22.11,22.64,22.03,30904,69363082.00,2.70,-2.08,-0.47,6.20
2025-01-10,22.11,20.76,22.15,20.68,40464,87562723.00,6.65,-6.11,-1.35,8.11
2025-01-13,20.56,20.59,20.77,20.03,22288,46033699.00,3.56,-0.82,-0.17,4.47
2025-01-14,20.78,21.43,21.43,20.66,25749,54965953.00,3.74,4.08,0.84,5.16
2025-01-15,21.68,22.60,23.75,21.61,69342,158531486.00,9.99,5.46,1.17,13.90
2025-01-16,22.56,22.76,23.23,22.11,51630,118279247.00,4.96,0.71,0.16,10.35
2025-01-17,22.51,23.61,24.28,22.44,89720,212240020.00,8.08,3.73,0.85,17.99
2025-01-20,23.71,23.60,24.46,23.47,64919,156006883.00,4.19,-0.04,-0.01,13.02
2025-01-21,23.71,23.53,23.81,23.14,35746,84344955.00,2.84,-0.30,-0.07,7.17
2025-01-22,23.64,22.92,23.64,22.71,29804,69058598.00,3.95,-2.59,-0.61,5.98
2025-01-23,23.06,22.61,23.27,22.59,30420,70309540.00,2.97,-1.35,-0.31,6.10
2025-01-24,22.52,22.67,22.91,22.15,25184,57246339.00,3.36,0.27,0.06,5.05
2025-01-27,22.70,22.52,23.29,22.52,32047,74070770.00,3.40,-0.66,-0.15,6.43
2025-02-05,22.95,22.23,23.00,22.11,32233,72917435.00,3.95,-1.29,-0.29,6.46
2025-02-06,22.41,22.80,22.84,22.24,32078,73095047.00,2.70,2.56,0.57,6.43
2025-02-07,22.79,22.95,23.17,22.52,37559,86484423.00,2.85,0.66,0.15,7.53
2025-02-10,22.80,23.31,23.33,22.62,37555,87284411.00,3.09,1.57,0.36,7.53
2025-02-11,23.39,24.00,24.01,23.08,62790,149498206.00,3.99,2.96,0.69,12.59
2025-02-12,23.78,23.64,23.89,23.41,41113,97633651.00,2.00,-1.50,-0.36,8.24
2025-02-13,23.66,22.90,23.66,22.79,37482,87436571.00,3.68,-3.13,-0.74,7.52
2025-02-14,22.82,23.54,24.19,22.72,52895,124950864.00,6.42,2.79,0.64,10.61
2025-02-17,23.52,24.51,25.11,23.42,75454,184585260.00,7.18,4.12,0.97,15.13
2025-02-18,24.81,24.11,25.14,23.81,57352,141218587.00,5.43,-1.63,-0.40,11.50
2025-02-19,24.31,25.41,25.59,24.16,77037,193162777.00,5.93,5.39,1.30,15.45
2025-02-20,24.94,25.42,25.80,24.68,61109,155111048.00,4.41,0.04,0.01,12.25
2025-02-21,25.62,24.73,25.66,24.60,53261,133697243.00,4.17,-2.71,-0.69,10.68
2025-02-24,24.75,24.37,25.05,24.18,45154,111588369.00,3.52,-1.46,-0.36,9.05
2025-02-25,24.26,24.03,24.60,23.81,26645,64967071.00,3.24,-1.40,-0.34,5.34
2025-02-26,24.37,24.71,25.31,24.04,45730,114291658.00,5.29,2.83,0.68,9.17
2025-02-27,24.83,28.49,29.61,24.71,143475,391135145.00,19.83,15.30,3.78,28.77
2025-02-28,27.31,27.02,27.45,26.31,84695,229480549.00,4.00,-5.16,-1.47,16.98
2025-03-17,29.44,27.02,30.56,27.02,137911,396932485.00,13.10,0.00,0.00,27.65
2025-03-18,26.36,25.71,26.36,25.39,86357,224931292.00,3.59,-4.85,-1.31,17.31
2025-03-19,25.46,25.61,26.16,25.23,53367,138145606.00,3.62,-0.39,-0.10,10.70
2025-03-20,25.51,24.97,25.56,24.81,55624,140606603.00,2.93,-2.50,-0.64,11.15
2025-03-21,24.83,24.34,24.94,24.26,40169,99134859.00,2.72,-2.52,-0.63,8.05
2025-03-24,24.39,24.50,24.93,23.98,36532,89944587.00,3.90,0.66,0.16,7.32
2025-03-25,24.50,24.57,24.70,23.99,28158,68987816.00,2.90,0.29,0.07,5.65
2025-03-26,24.37,24.71,24.90,24.31,23152,57655601.00,2.40,0.57,0.14,4.64
2025-03-27,24.70,24.65,24.89,24.23,20414,50542276.00,2.67,-0.24,-0.06,4.09
2025-03-28,24.61,23.79,24.76,23.79,23553,57639188.00,3.94,-3.49,-0.86,4.72
2025-03-31,23.83,23.46,24.00,22.91,23727,55803172.00,4.58,-1.39,-0.33,4.76
2025-04-01,23.48,23.57,23.87,23.40,17768,42393474.00,2.00,0.47,0.11,3.56
2025-04-02,23.61,23.51,23.86,23.29,12324,29393911.00,2.42,-0.25,-0.06,2.47
2025-04-03,23.23,22.91,23.36,22.62,24797,57443291.00,3.15,-2.55,-0.60,4.97
2025-04-07,21.48,18.58,21.55,18.35,46143,91301708.00,13.97,-18.90,-4.33,9.25
2025-04-08,18.81,18.98,19.77,18.53,37171,71714795.00,6.67,2.15,0.40,7.45
2025-04-09,18.69,19.15,19.24,17.21,37313,69460598.00,10.70,0.90,0.17,7.48
2025-04-10,19.92,20.04,20.78,19.92,36974,75911182.00,4.49,4.65,0.89,7.41
2025-04-11,19.89,20.14,20.45,19.89,22456,45835644.00,2.79,0.50,0.10,4.50
2025-04-14,20.48,21.06,21.77,20.18,37903,80797415.00,7.89,4.57,0.92,7.60
2025-04-15,21.00,20.59,21.11,20.34,35663,74264003.00,3.66,-2.23,-0.47,7.15
2025-04-16,20.51,19.75,20.56,19.41,30639,61409311.00,5.59,-4.08,-0.84,6.14
2025-04-17,19.61,20.09,20.43,19.52,27647,55904872.00,4.61,1.72,0.34,5.54
2025-04-18,20.17,19.79,20.18,19.59,15764,31531414.00,2.94,-1.49,-0.30,3.16
2025-04-21,19.79,20.79,21.86,19.72,63316,133883817.00,10.81,5.05,1.00,12.70
2025-04-22,20.68,20.31,20.79,20.17,43160,88934396.00,2.98,-2.31,-0.48,8.65
2025-04-23,20.44,20.98,21.05,20.39,36896,77448298.00,3.25,3.30,0.67,7.40
2025-04-24,21.02,25.21,25.21,20.71,119132,284640602.00,21.45,20.16,4.23,23.89
2025-04-25,24.08,23.83,24.56,23.34,145840,348792086.00,4.84,-5.47,-1.38,29.24
2025-04-28,23.39,24.29,24.29,22.89,97124,231655983.00,5.87,1.93,0.46,19.47
2025-04-29,24.09,24.70,26.11,23.59,135679,339743328.00,10.37,1.69,0.41,27.20
2025-04-30,24.02,24.02,25.61,23.89,102088,252117783.00,6.96,-2.75,-0.68,20.47
2025-05-06,24.31,24.71,24.72,23.86,76027,186221960.00,3.58,2.87,0.69,15.24
2025-05-07,25.24,25.83,25.90,24.76,112557,287511862.00,4.61,4.53,1.12,22.57
2025-05-08,25.28,25.23,25.41,24.89,62239,157680370.00,2.01,-2.32,-0.60,12.48
2025-05-09,25.10,24.89,25.68,24.84,57341,146166326.00,3.33,-1.35,-0.34,11.50
2025-05-12,24.93,25.28,25.59,24.68,63349,160921159.00,3.66,1.57,0.39,12.70
2025-05-13,25.64,25.85,26.19,25.22,81545,211050058.00,3.84,2.25,0.57,16.35
2025-05-14,25.46,25.61,26.77,25.16,74384,192650372.00,6.23,-0.93,-0.24,14.91
2025-05-15,25.67,26.61,27.68,24.81,116344,308959536.00,11.21,3.90,1.00,23.33
2025-05-16,26.49,30.71,31.89,26.01,194063,573927726.00,22.10,15.41,4.10,38.91
2025-05-19,32.39,36.89,36.89,31.13,229574,778318601.00,18.76,20.12,6.18,46.03
2025-05-20,38.10,44.31,44.31,35.91,250611,1042678619.00,22.77,20.11,7.42,50.25
2025-05-21,44.81,40.63,47.46,39.49,307292,1338087228.00,17.99,-8.31,-3.68,61.61
2025-05-22,38.72,39.03,42.31,36.81,251720,985959105.00,13.54,-3.94,-1.60,50.47
2025-05-23,38.79,37.82,40.16,37.21,191259,742282478.00,7.56,-3.10,-1.21,38.35
2025-05-26,37.30,39.41,39.74,36.01,184857,706477273.00,9.86,4.20,1.59,37.06
2025-05-27,38.31,38.56,41.31,37.81,200614,792331926.00,8.88,-2.16,-0.85,40.22
2025-05-28,37.89,34.97,38.19,34.31,191193,682084488.00,10.06,-9.31,-3.59,38.33
2025-05-29,35.81,35.41,37.10,35.21,152705,551196395.00,5.40,1.26,0.44,30.62
2025-05-30,35.47,34.71,36.01,34.61,115893,409507886.00,3.95,-1.98,-0.70,23.24
2025-06-03,34.69,35.68,35.97,34.35,110084,391657655.00,4.67,2.79,0.97,22.07
2025-06-04,35.68,41.71,42.82,35.20,245668,933713117.00,21.36,16.90,6.03,49.26
2025-06-05,39.81,38.70,42.24,36.69,230524,914093693.00,13.31,-7.22,-3.01,46.22
2025-06-06,36.86,35.09,37.65,34.99,143403,515297413.00,6.87,-9.33,-3.61,28.75
2025-06-09,34.96,36.51,36.60,34.81,118766,430151423.00,5.10,4.05,1.42,23.81
2025-06-10,35.83,39.47,40.81,35.83,197100,765979799.00,13.64,8.11,2.96,39.52
2025-06-11,38.81,38.71,40.81,38.29,148513,585336560.00,6.38,-1.93,-0.76,29.78
2025-06-12,38.82,40.16,41.81,38.26,184396,743625468.00,9.17,3.75,1.45,36.97
2025-06-13,38.97,37.90,39.66,37.21,140188,539491101.00,6.10,-5.63,-2.26,28.11
2025-06-16,37.22,37.66,38.81,36.08,102221,383710888.00,7.20,-0.63,-0.24,20.50
2025-06-17,37.31,36.17,37.65,35.63,93529,341264761.00,5.36,-3.96,-1.49,18.75
2025-06-18,35.63,35.76,36.14,35.17,60759,217627848.00,2.68,-1.13,-0.41,12.18
2025-06-19,35.31,33.27,35.76,33.22,96107,327382092.00,7.10,-6.96,-2.49,19.27
2025-06-20,32.89,32.64,33.60,32.52,53057,175902636.00,3.25,-1.89,-0.63,10.64
2025-06-23,32.24,33.05,33.33,32.11,51735,170911338.00,3.74,1.26,0.41,10.37
2025-06-24,33.37,33.89,35.42,33.19,80083,275979385.00,6.75,2.54,0.84,15.77
2025-06-25,34.80,34.36,35.58,33.66,79618,276061239.00,5.67,1.39,0.47,15.68
2025-06-26,33.77,33.59,34.48,33.54,54742,186496151.00,2.74,-2.24,-0.77,10.78
2025-06-27,33.54,33.72,33.95,33.13,42569,144105263.00,2.44,0.39,0.13,8.38
2025-06-30,33.81,34.56,34.79,33.37,59395,204305215.00,4.21,2.49,0.84,11.73
2025-07-01,34.56,35.35,36.09,34.01,110195,388407127.00,6.02,2.29,0.79,21.77
2025-07-02,34.75,33.94,34.75,33.50,74009,253877998.00,3.54,-3.99,-1.41,14.62
2025-07-03,33.76,33.57,34.16,33.31,41549,140571402.00,2.50,-1.09,-0.37,8.21
2025-07-04,33.56,33.11,33.70,32.90,36962,123061022.00,2.38,-1.37,-0.46,7.30
2025-07-07,33.11,33.23,33.61,32.95,29194,97549739.00,1.99,0.36,0.12,5.77
2025-07-08,33.50,33.25,33.87,33.04,36287,121222257.00,2.50,0.06,0.02,7.17
2025-07-09,33.20,33.80,34.48,33.10,71801,244163753.00,4.15,1.65,0.55,14.19
2025-07-10,33.50,33.91,34.78,32.98,65532,222919813.00,5.33,0.33,0.11,12.95
2025-07-11,33.90,34.02,34.90,33.54,51898,177359532.00,4.01,0.32,0.11,10.25
2025-07-14,33.87,34.64,35.30,33.76,73652,255641884.00,4.53,1.82,0.62,14.55
2025-07-15,34.20,33.01,34.65,32.20,85013,281774837.00,7.07,-4.71,-1.63,16.80
2025-07-16,32.69,33.54,34.10,32.69,64542,218397992.00,4.27,1.61,0.53,12.75
2025-07-17,33.89,33.98,34.40,33.20,50483,170970939.00,3.58,1.31,0.44,9.97
2025-07-18,33.91,33.14,33.96,32.96,48157,160733887.00,2.94,-2.47,-0.84,9.51
2025-07-21,32.98,33.74,34.40,32.88,64758,219617869.00,4.59,1.81,0.60,12.79
2025-07-22,33.51,34.06,34.69,33.35,87730,299539375.00,3.97,0.95,0.32,17.33
2025-07-23,33.64,33.11,34.76,33.01,66743,225683881.00,5.14,-2.79,-0.95,13.19
2025-07-24,33.12,32.50,33.24,32.43,63929,209597003.00,2.45,-1.84,-0.61,12.63
2025-07-25,32.59,33.23,34.90,32.22,109689,372552496.00,8.25,2.25,0.73,21.67
2025-07-28,33.00,32.56,33.54,32.51,73729,242703337.00,3.10,-2.02,-0.67,14.57
2025-07-29,32.50,31.89,32.56,31.40,57659,184041207.00,3.56,-2.06,-0.67,11.39
2025-07-30,31.80,31.72,32.15,31.40,34250,109180396.00,2.35,-0.53,-0.17,6.77
2025-07-31,31.56,31.41,31.90,31.31,34564,109505570.00,1.86,-0.98,-0.31,6.83
2025-08-01,31.59,31.21,31.63,31.15,24384,76556524.00,1.53,-0.64,-0.20,4.82
2025-08-04,31.00,31.94,32.00,30.81,50295,160075431.00,3.81,2.34,0.73,9.94
2025-08-05,31.70,31.83,32.39,31.58,31886,101722767.00,2.54,-0.34,-0.11,6.30
2025-08-06,31.66,32.06,32.08,31.22,37213,118299125.00,2.70,0.72,0.23,7.35
2025-08-07,31.81,32.70,33.50,31.80,102569,338013654.00,5.30,2.00,0.64,20.26
2025-08-08,32.29,32.02,32.48,31.66,59556,191015219.00,2.51,-2.08,-0.68,11.77
2025-08-11,32.02,31.99,32.16,31.62,33602,107470027.00,1.69,-0.09,-0.03,6.64
2025-08-12,31.90,32.08,32.75,31.80,44247,143247862.00,2.97,0.28,0.09,8.74
2025-08-13,31.91,31.82,32.19,31.63,39080,124800317.00,1.75,-0.81,-0.26,7.72
2025-08-14,32.00,31.41,32.10,31.40,36067,114640458.00,2.20,-1.29,-0.41,7.13
2025-08-15,31.40,31.71,31.85,31.31,30939,97997127.00,1.72,0.96,0.30,6.11
2025-08-18,31.75,32.51,32.65,31.72,57334,185490374.00,2.93,2.52,0.80,11.33
2025-08-19,32.59,33.39,34.00,32.52,100292,336541985.00,4.55,2.71,0.88,19.82
2025-08-20,33.00,33.48,34.16,32.60,87811,293894232.00,4.67,0.27,0.09,17.35
2025-08-21,33.48,34.25,34.90,33.05,115279,395644946.00,5.53,2.30,0.77,22.78
2025-08-22,34.06,33.26,34.11,32.96,78101,260329005.00,3.36,-2.89,-0.99,15.43
2025-08-25,33.39,34.93,35.79,32.90,118193,403861774.00,8.69,5.02,1.67,23.35
2025-08-26,34.76,34.83,35.88,34.17,104746,367939433.00,4.90,-0.29,-0.10,20.70
2025-08-27,34.80,33.56,34.91,33.55,73234,252018968.00,3.90,-3.65,-1.27,14.47
2025-08-28,33.58,34.66,35.69,33.56,102500,356576695.00,6.35,3.28,1.10,20.25
2025-08-29,34.66,35.40,36.40,34.41,117843,419697745.00,5.74,2.14,0.74,23.28
2025-09-01,35.11,36.55,36.87,34.25,116211,418043058.00,7.40,3.25,1.15,22.96
2025-09-02,36.19,35.82,37.86,35.50,101104,366887757.00,6.46,-2.00,-0.73,19.98
2025-09-03,35.31,33.60,35.89,33.37,69242,239349996.00,7.04,-6.20,-2.22,13.68
2025-09-04,33.60,35.87,37.80,33.08,127743,455619096.00,14.05,6.76,2.27,25.24
2025-09-05,35.87,36.31,36.37,34.50,93959,334362465.00,5.21,1.23,0.44,18.56
2025-09-08,35.62,35.60,36.65,35.40,73143,263273620.00,3.44,-1.96,-0.71,14.45
2025-09-09,35.30,34.56,36.50,34.30,74650,262976259.00,6.18,-2.92,-1.04,14.75
2025-09-10,34.23,33.82,34.61,33.80,52220,178225167.00,2.34,-2.14,-0.74,10.32
2025-09-11,33.84,34.45,36.26,32.52,66603,229886920.00,11.06,1.86,0.63,13.16
2025-09-12,34.01,33.59,34.40,33.58,52873,179674097.00,2.38,-2.50,-0.86,10.45
2025-09-15,33.27,33.01,33.50,33.00,36170,120271255.00,1.49,-1.73,-0.58,7.15
2025-09-16,33.01,33.27,33.40,32.75,30204,100164047.00,1.97,0.79,0.26,5.97
2025-09-17,33.20,33.12,33.87,32.93,37363,125313994.00,2.83,-0.45,-0.15,7.38
2025-09-18,33.09,32.30,33.10,31.95,50286,164052634.00,3.47,-2.48,-0.82,9.94
2025-09-19,32.19,32.37,32.57,31.88,25118,81108410.00,2.14,0.22,0.07,4.96
2025-09-22,32.21,32.05,32.26,31.75,20437,65524955.00,1.58,-0.99,-0.32,4.04
2025-09-23,31.91,31.09,32.04,30.51,37237,115954834.00,4.77,-3.00,-0.96,7.36
2025-09-24,31.09,31.15,31.37,30.83,22512,70259014.00,1.74,0.19,0.06,4.45
2025-09-25,30.91,31.10,31.77,30.84,25505,80160163.00,2.99,-0.16,-0.05,5.04
2025-09-26,30.88,30.98,31.49,30.70,20693,64561050.00,2.54,-0.39,-0.12,4.09
2025-09-29,31.11,30.34,31.11,30.22,28048,85638556.00,2.87,-2.07,-0.64,5.54
2025-09-30,30.46,30.40,30.76,30.38,21771,66690853.00,1.25,0.20,0.06,4.30
2025-10-09,30.45,30.76,30.77,30.12,25729,78908550.00,2.14,1.18,0.36,5.08
2025-10-10,30.64,31.38,31.74,30.53,41012,129388942.00,3.93,2.02,0.62,8.10
2025-10-13,29.90,30.80,31.15,29.48,28506,87411901.00,5.32,-1.85,-0.58,5.63
2025-10-14,30.85,30.03,31.21,29.99,27472,84055765.00,3.96,-2.50,-0.77,5.43
2025-10-15,30.12,31.18,31.20,30.00,30043,93006006.00,4.00,3.83,1.15,5.94
2025-10-16,31.08,30.83,31.65,30.60,23946,74587665.00,3.37,-1.12,-0.35,4.73
2025-10-17,30.94,30.46,31.26,30.42,23289,71778806.00,2.72,-1.20,-0.37,4.60
2025-10-20,30.75,30.47,30.80,30.16,15300,46555429.00,2.10,0.03,0.01,3.02
2025-10-21,30.56,30.92,31.03,30.16,17303,52886440.00,2.86,1.48,0.45,3.42
2025-10-22,30.84,30.75,31.39,30.68,15569,48119867.00,2.30,-0.55,-0.17,3.08
2025-10-23,30.80,30.30,30.84,29.90,22900,69387969.00,3.06,-1.46,-0.45,4.52
2025-10-24,30.25,29.80,30.68,29.78,24621,74328654.00,2.97,-1.65,-0.50,4.86
2025-10-27,30.11,30.25,31.13,30.10,30848,94304971.00,3.46,1.51,0.45,6.09
2025-10-28,30.25,30.07,30.55,29.82,15781,47635534.00,2.41,-0.60,-0.18,3.12
2025-10-29,29.97,29.88,30.10,29.71,21125,63056595.00,1.30,-0.63,-0.19,4.17
2025-10-30,29.72,29.22,29.94,29.01,22559,66565149.00,3.11,-2.21,-0.66,4.46
2025-10-31,29.31,30.00,30.13,29.17,27767,83042868.00,3.29,2.67,0.78,5.49
2025-11-03,29.96,30.35,30.55,29.87,20304,61310961.00,2.27,1.17,0.35,4.01
2025-11-04,30.20,29.65,30.34,29.34,18498,54985965.00,3.29,-2.31,-0.70,3.65
2025-11-05,29.25,29.58,29.95,29.25,13949,41418390.00,2.36,-0.24,-0.07,2.76
2025-11-06,29.49,29.48,29.62,29.25,13829,40664482.00,1.25,-0.34,-0.10,2.73
2025-11-07,29.51,29.44,29.86,29.26,14492,42844306.00,2.04,-0.14,-0.04,2.86
2025-11-10,29.43,30.75,31.15,29.21,52395,159740245.00,6.59,4.45,1.31,10.35
2025-11-11,30.75,31.07,31.42,30.35,46090,142483100.00,3.48,1.04,0.32,9.11
2025-11-12,30.85,31.36,31.92,30.46,59886,187116596.00,4.70,0.93,0.29,11.83
2025-11-13,31.16,31.36,31.50,30.80,35677,111354646.00,2.23,0.00,0.00,7.05
2025-11-14,31.10,30.55,32.15,30.52,38894,121459317.00,5.20,-2.58,-0.81,7.68
2025-11-17,30.89,30.68,30.95,30.38,22787,69806498.00,1.87,0.43,0.13,4.50
2025-11-18,30.60,30.51,30.83,30.29,19598,59694579.00,1.76,-0.55,-0.17,3.87
2025-11-19,30.40,30.31,31.07,30.20,17467,53262761.00,2.85,-0.66,-0.20,3.45
2025-11-20,30.29,29.55,30.38,29.43,23135,68972583.00,3.13,-2.51,-0.76,4.57
2025-11-21,29.25,28.00,29.78,27.83,28724,81725632.00,6.60,-5.25,-1.55,5.68
2025-11-24,28.16,28.39,28.63,27.94,14281,40414767.00,2.46,1.39,0.39,2.82
2025-11-25,28.52,28.73,29.09,28.52,15805,45578659.00,2.01,1.20,0.34,3.12
2025-11-26,28.82,28.58,29.38,28.51,14086,40717486.00,3.03,-0.52,-0.15,2.78
2025-11-27,28.62,28.99,29.40,28.62,18440,53668240.00,2.73,1.43,0.41,3.64
2025-11-28,28.88,29.09,29.35,28.62,13334,38560078.00,2.52,0.34,0.10,2.63
2025-12-01,29.47,29.90,30.10,29.21,20525,61092648.00,3.06,2.78,0.81,4.06
2025-12-02,29.64,29.32,29.73,29.22,12447,36590929.00,1.71,-1.94,-0.58,2.46
2025-12-03,29.44,28.89,29.44,28.75,11797,34145787.00,2.35,-1.47,-0.43,2.33
2025-12-04,28.96,28.26,28.96,28.08,13129,37264756.00,3.05,-2.18,-0.63,2.59
2025-12-05,28.36,28.68,28.77,27.98,11576,32852791.00,2.80,1.49,0.42,2.29
2025-12-08,28.72,28.76,29.15,28.72,12774,36972668.00,1.50,0.28,0.08,2.52
2025-12-09,28.90,28.59,29.11,28.52,9491,27292336.00,2.05,-0.59,-0.17,1.88
2025-12-10,28.51,28.80,29.10,28.50,12948,37323324.00,2.10,0.73,0.21,2.56
2025-12-11,28.79,28.20,29.05,28.17,15210,43419634.00,3.06,-2.08,-0.60,3.01
2025-12-12,28.14,27.73,28.47,27.73,16618,46653772.00,2.62,-1.67,-0.47,3.28
2025-12-15,27.72,27.55,28.07,27.44,14981,41529639.00,2.27,-0.65,-0.18,2.96
2025-12-16,27.33,27.30,27.82,27.17,12144,33329775.00,2.36,-0.91,-0.25,2.40
2025-12-17,27.19,28.20,29.12,27.13,43362,122830333.00,7.29,3.30,0.90,8.57
2025-12-18,28.15,29.68,30.17,28.01,60476,178103112.00,7.66,5.25,1.48,11.95
2025-12-19,29.41,31.09,31.15,29.29,78148,238658015.00,6.27,4.75,1.41,15.44
2025-12-22,30.70,30.60,30.97,30.33,51395,156908375.00,2.06,-1.58,-0.49,10.15
2025-12-23,30.41,29.96,30.53,29.81,32890,98756067.00,2.35,-2.09,-0.64,6.50
2025-12-24,29.75,29.88,30.06,29.32,23826,70920843.00,2.47,-0.27,-0.08,4.71
2025-12-25,29.76,29.75,30.00,29.32,23465,69713352.00,2.28,-0.44,-0.13,4.64
2025-12-26,29.76,29.32,29.86,29.10,15651,46145367.69,2.55,-1.45,-0.43,3.09