MjAyMC0wMS0wMiwxLjgyLDEuODQsMS44NSwxLjgyLDI3ODIwNyw1MTA1MDYzNy4wMCwxLjY1LDEuMTAsMC4wMiwyLjI5
2020-01-03,1.83,2.02,2.02,1.83,822601,162537960.00,10.33,9.78,0.18,6.78
2020-01-06,2.20,2.22,2.22,2.06,1598854,341719232.00,7.92,9.90,0.20,13.18
2020-01-07,2.12,2.20,2.29,2.07,1470146,321733424.00,9.91,-0.90,-0.02,12.12
2020-01-08,2.31,2.38,2.40,2.22,1768850,412082528.00,8.18,8.18,0.18,14.58
2020-01-09,2.14,2.17,2.25,2.14,1327027,289826128.00,4.62,-8.82,-0.21,10.94
2020-01-10,2.12,2.08,2.16,2.06,706857,148446055.00,4.61,-4.15,-0.09,5.83
2020-01-13,2.08,2.04,2.09,2.02,485067,99029832.00,3.37,-1.92,-0.04,4.00
2020-01-14,2.03,2.04,2.06,2.01,378873,77269222.00,2.45,0.00,0.00,3.12
2020-01-15,2.03,1.98,2.04,1.97,374901,74687492.00,3.43,-2.94,-0.06,3.09
2020-01-16,2.00,2.01,2.04,1.99,368452,74338423.00,2.53,1.52,0.03,3.04
2020-01-17,2.01,1.99,2.01,1.96,263920,52254218.00,2.49,-1.00,-0.02,2.18
2020-01-20,1.96,1.93,1.97,1.91,300479,57971159.00,3.02,-3.02,-0.06,2.48
2020-01-21,1.91,1.90,1.95,1.86,321298,61363231.00,4.66,-1.55,-0.03,2.65
2020-01-22,1.71,1.71,1.71,1.71,191227,32699817.00,0.00,-10.00,-0.19,1.58
2020-01-23,1.54,1.61,1.62,1.54,738891,116145808.00,4.68,-5.85,-0.10,6.09
2020-02-03,1.45,1.45,1.48,1.45,198920,28868128.00,1.86,-9.94,-0.16,1.64
2020-02-04,1.32,1.40,1.44,1.32,463242,64378401.00,8.28,-3.45,-0.05,3.82
2020-02-05,1.40,1.49,1.53,1.39,435304,63855105.00,10.00,6.43,0.09,3.59
2020-02-06,1.49,1.49,1.50,1.45,372691,54885131.00,3.36,0.00,0.00,3.07
2020-02-07,1.48,1.51,1.58,1.46,415944,63226141.00,8.05,1.34,0.02,3.43
2020-02-10,1.48,1.56,1.58,1.48,437758,66774878.00,6.62,3.31,0.05,3.61
2020-02-11,1.54,1.52,1.55,1.51,317689,48471025.00,2.56,-2.56,-0.04,2.62
2020-02-12,1.51,1.53,1.54,1.50,234552,35701182.00,2.63,0.66,0.01,1.93
2020-02-13,1.53,1.55,1.57,1.52,426152,65889292.00,3.27,1.31,0.02,3.51
2020-02-14,1.55,1.51,1.56,1.50,355944,54087981.00,3.87,-2.58,-0.04,2.93
2020-02-17,1.50,1.53,1.54,1.50,326815,49850008.00,2.65,1.32,0.02,2.69
2020-02-18,1.54,1.68,1.68,1.53,818405,132742533.00,9.80,9.80,0.15,6.75
2020-02-19,1.73,1.77,1.84,1.64,1165090,200560453.00,11.90,5.36,0.09,9.60
2020-02-20,1.71,1.72,1.79,1.68,717767,124328227.00,6.21,-2.82,-0.05,5.92
2020-02-21,1.72,1.78,1.84,1.72,836042,148273259.00,6.98,3.49,0.06,6.89
2020-02-24,1.84,1.85,1.89,1.78,859477,157649988.00,6.18,3.93,0.07,7.09
2020-02-25,1.75,1.89,2.02,1.75,1188125,223354297.00,14.59,2.16,0.04,9.79
2020-02-26,1.84,1.85,1.95,1.82,759983,142044097.00,6.88,-2.12,-0.04,6.27
2020-02-27,1.83,1.89,1.92,1.81,673520,125542784.00,5.95,2.16,0.04,5.55
2020-02-28,1.84,1.73,1.89,1.70,762223,137747738.00,10.05,-8.47,-0.16,6.28
2020-03-02,1.66,1.74,1.76,1.66,477643,82193894.00,5.78,0.58,0.01,3.94
2020-03-03,1.74,1.73,1.78,1.72,440435,77196268.00,3.45,-0.57,-0.01,3.63
2020-03-04,1.77,1.76,1.81,1.75,436462,77650839.00,3.47,1.73,0.03,3.60
2020-03-05,1.73,1.82,1.90,1.73,587413,105781590.00,9.66,3.41,0.06,4.84
2020-03-06,1.82,1.83,1.88,1.80,537753,98712261.00,4.40,0.55,0.01,4.43
2020-03-09,1.86,1.76,1.87,1.75,462978,83014180.00,6.56,-3.83,-0.07,3.82
2020-03-10,1.70,1.75,1.75,1.61,406295,68868647.00,7.95,-0.57,-0.01,3.35
2020-03-11,1.73,1.73,1.79,1.73,267717,46842906.00,3.43,-1.14,-0.02,2.21
2020-03-12,1.70,1.67,1.70,1.65,276330,46265468.00,2.89,-3.47,-0.06,2.28
2020-03-13,1.57,1.64,1.65,1.51,316889,50488271.00,8.38,-1.80,-0.03,2.61
2020-03-16,1.66,1.59,1.67,1.58,244883,39912276.00,5.49,-3.05,-0.05,2.02
2020-03-17,1.57,1.55,1.61,1.48,282414,43367274.00,8.18,-2.52,-0.04,2.33
2020-03-18,1.58,1.53,1.59,1.52,195144,30345655.00,4.52,-1.29,-0.02,1.61
2020-03-19,1.51,1.53,1.53,1.49,166574,25195272.00,2.61,0.00,0.00,1.37
2020-03-20,1.53,1.61,1.65,1.51,318442,49985905.00,9.15,5.23,0.08,2.63
2020-03-23,1.57,1.53,1.60,1.53,240998,37666681.00,4.35,-4.97,-0.08,1.99
2020-03-24,1.64,1.62,1.68,1.59,443769,71965119.00,5.88,5.88,0.09,3.66
2020-03-25,1.66,1.64,1.72,1.63,420677,70038713.00,5.56,1.23,0.02,3.47
2020-03-26,1.62,1.62,1.67,1.61,273412,44507524.00,3.66,-1.22,-0.02,2.25
2020-03-27,1.62,1.62,1.66,1.59,289379,46878915.00,4.32,0.00,0.00,2.39
2020-03-30,1.59,1.55,1.60,1.54,236080,36727297.00,3.70,-4.32,-0.07,1.95
2020-03-31,1.55,1.52,1.57,1.51,169339,25929929.00,3.87,-1.94,-0.03,1.40
2020-04-01,1.50,1.56,1.58,1.46,286874,43121161.00,7.89,2.63,0.04,2.36
2020-04-02,1.52,1.53,1.55,1.49,207594,31526975.00,3.85,-1.92,-0.03,1.71
2020-04-03,1.51,1.53,1.58,1.51,239583,36974204.00,4.58,0.00,0.00,1.98
2020-04-07,1.52,1.55,1.57,1.52,337994,52283866.00,3.27,1.31,0.02,2.79
2020-04-08,1.53,1.52,1.54,1.51,243540,37063034.00,1.94,-1.94,-0.03,2.01
2020-04-09,1.52,1.51,1.53,1.50,161429,24442404.00,1.97,-0.66,-0.01,1.33
2020-04-10,1.53,1.49,1.54,1.48,235913,35639834.00,3.97,-1.32,-0.02,1.94
2020-04-13,1.47,1.44,1.48,1.44,172246,25136747.00,2.68,-3.36,-0.05,1.42
2020-04-14,1.46,1.49,1.52,1.45,227392,33841932.00,4.86,3.47,0.05,1.87
2020-04-15,1.49,1.46,1.49,1.44,180663,26443283.00,3.36,-2.01,-0.03,1.49
2020-04-16,1.46,1.45,1.46,1.43,143601,20785809.00,2.05,-0.68,-0.01,1.18
2020-04-17,1.44,1.41,1.44,1.40,264046,37519109.00,2.76,-2.76,-0.04,2.18
2020-04-20,1.41,1.38,1.42,1.37,185745,25720285.00,3.55,-2.13,-0.03,1.53
2020-04-21,1.38,1.40,1.42,1.37,140742,19590846.00,3.62,1.45,0.02,1.16
2020-04-22,1.39,1.39,1.40,1.37,111119,15353039.00,2.14,-0.71,-0.01,0.92
2020-04-23,1.38,1.36,1.40,1.35,187477,25804552.00,3.60,-2.16,-0.03,1.55
2020-04-24,1.36,1.31,1.36,1.30,225755,29901238.00,4.41,-3.68,-0.05,1.86
2020-04-27,1.29,1.25,1.29,1.18,411232,50232126.00,8.40,-4.58,-0.06,3.39
2020-04-28,1.22,1.14,1.25,1.13,331021,38649745.00,9.60,-8.80,-0.11,2.73
2020-04-29,1.14,1.17,1.19,1.09,315863,36819872.00,8.77,2.63,0.03,2.60
2020-04-30,1.18,1.16,1.19,1.15,184207,21532269.00,3.42,-0.85,-0.01,1.52
2020-05-07,1.10,1.10,1.10,1.10,36586,4024460.00,0.00,-5.17,-0.06,0.30
2020-05-08,1.05,1.05,1.05,1.05,165523,17379915.00,0.00,-4.55,-0.05,1.36
2020-05-11,1.00,1.00,1.03,1.00,535864,53722795.00,2.86,-4.76,-0.05,4.42
2020-05-12,1.05,1.05,1.05,1.02,154309,16175300.00,3.00,5.00,0.05,1.27
2020-05-13,1.10,1.01,1.10,1.00,720714,74449774.00,9.52,-3.81,-0.04,5.94
2020-05-14,0.96,0.96,0.99,0.96,463236,44665489.00,2.97,-4.95,-0.05,3.82
2020-05-15,0.93,0.91,0.95,0.91,528476,48499381.00,4.17,-5.21,-0.05,4.36
2020-05-18,0.89,0.86,0.90,0.86,606327,52441868.00,4.40,-5.49,-0.05,5.00
2020-05-19,0.83,0.82,0.85,0.82,274261,22564820.00,3.49,-4.65,-0.04,2.26
2020-05-20,0.78,0.78,0.82,0.78,819248,64311021.00,4.88,-4.88,-0.04,6.75
2020-05-21,0.74,0.74,0.76,0.74,295995,21959361.00,2.56,-5.13,-0.04,2.44
2020-05-22,0.70,0.70,0.70,0.70,67182,4702740.00,0.00,-5.41,-0.04,0.55
2020-05-25,0.67,0.67,0.67,0.67,56595,3791865.00,0.00,-4.29,-0.03,0.47
2020-05-26,0.70,0.70,0.70,0.70,262818,18397285.00,0.00,4.48,0.03,2.17
2020-05-27,0.74,0.74,0.74,0.67,680847,48946549.00,10.00,5.71,0.04,5.61
2020-05-28,0.76,0.78,0.78,0.74,267282,20547194.00,5.41,5.41,0.04,2.20
2020-05-29,0.82,0.82,0.82,0.82,43298,3550470.00,0.00,5.13,0.04,0.36
2020-06-01,0.84,0.86,0.86,0.80,630607,53494197.00,7.32,4.88,0.04,5.20
2020-06-02,0.89,0.90,0.90,0.87,234245,20975550.00,3.49,4.65,0.04,1.93
2020-06-03,0.93,0.95,0.95,0.92,131785,12422031.00,3.33,5.56,0.05,1.09
2020-06-04,0.99,1.00,1.00,0.91,1225781,118163497.00,9.47,5.26,0.05,10.11
2020-06-05,0.96,0.95,0.98,0.95,311989,29839635.00,3.00,-5.00,-0.05,2.57
2020-06-08,0.90,0.90,0.90,0.90,39163,3524670.00,0.00,-5.26,-0.05,0.32
2020-06-09,0.86,0.95,0.95,0.86,774135,69765390.00,10.00,5.56,0.05,6.38
2020-06-10,0.92,0.90,0.93,0.90,623801,56622972.00,3.16,-5.26,-0.05,5.14
2020-06-11,0.87,0.86,0.89,0.86,341805,29639314.00,3.33,-4.44,-0.04,2.82
2020-06-12,0.83,0.87,0.90,0.82,302294,26122890.00,9.30,1.16,0.01,2.49
2020-06-15,0.83,0.86,0.88,0.83,232418,19935972.00,5.75,-1.15,-0.01,1.92
2020-06-16,0.86,0.90,0.90,0.86,294628,26177483.00,4.65,4.65,0.04,2.43
2020-06-17,0.91,0.95,0.95,0.90,289256,27240039.00,5.56,5.56,0.05,2.38
2020-06-18,0.96,0.90,0.98,0.90,571666,52708407.00,8.42,-5.26,-0.05,4.71
2020-06-19,0.86,0.90,0.93,0.86,476185,42026610.00,7.78,0.00,0.00,3.93
2020-06-22,0.86,0.91,0.94,0.86,835038,74377720.00,8.89,1.11,0.01,6.88
2020-06-23,0.89,0.87,0.92,0.86,371112,32739179.00,6.59,-4.40,-0.04,3.06
2020-06-24,0.87,0.91,0.91,0.87,530269,47217986.00,4.60,4.60,0.04,4.37
2020-06-29,0.90,0.93,0.95,0.89,430234,39831854.00,6.59,2.20,0.02,3.55
2020-06-30,0.94,0.96,0.96,0.93,427330,40445937.00,3.23,3.23,0.03,3.52
2020-07-01,0.97,1.00,1.00,0.94,967841,94549586.00,6.25,4.17,0.04,7.98
2020-07-02,0.97,0.95,0.98,0.95,116068,11088262.00,3.00,-5.00,-0.05,0.96
2020-07-03,0.92,0.91,0.94,0.91,256901,23585448.00,3.16,-4.21,-0.04,2.12
2020-07-06,0.91,0.93,0.95,0.91,322063,29983605.00,4.40,2.20,0.02,2.66
2020-07-07,0.92,0.92,0.93,0.91,226273,20749504.00,2.15,-1.08,-0.01,1.87
2020-07-08,0.92,0.92,0.93,0.91,191176,17495240.00,2.17,0.00,0.00,1.58
2020-07-09,0.92,0.95,0.95,0.91,350291,32473668.00,4.35,3.26,0.03,2.89
2020-07-10,0.94,0.95,0.97,0.92,330782,31403085.00,5.26,0.00,0.00,2.73
2020-07-13,0.94,0.95,0.96,0.93,239903,22627470.00,3.16,0.00,0.00,1.98
2020-07-14,0.94,0.93,0.95,0.92,234354,21829608.00,3.16,-2.11,-0.02,1.93
2020-07-15,0.91,0.93,0.94,0.91,237370,21909048.00,3.23,0.00,0.00,1.96
2020-07-16,0.92,0.92,0.94,0.91,310374,28826856.00,3.23,-1.08,-0.01,2.56
2020-07-17,0.91,0.93,0.94,0.90,244772,22549829.00,4.35,1.09,0.01,2.02
2020-07-20,0.92,0.93,0.93,0.91,156482,14454335.00,2.15,0.00,0.00,1.29
2020-07-21,0.92,0.96,0.96,0.91,331225,31284978.00,5.38,3.23,0.03,2.73
2020-07-22,0.96,0.94,0.96,0.92,295672,27947584.00,4.17,-2.08,-0.02,2.44
2020-07-23,0.93,0.95,0.96,0.91,274158,25614916.00,5.32,1.06,0.01,2.26
2020-07-24,0.94,0.96,0.96,0.93,244949,23164215.00,3.16,1.05,0.01,2.02
2020-07-27,0.95,0.96,0.97,0.94,312840,29929812.00,3.13,0.00,0.00,2.58
2020-07-28,0.95,1.00,1.00,0.92,1419771,137844773.00,8.33,4.17,0.04,11.70
2020-07-29,0.98,1.05,1.05,0.96,561915,56890756.00,9.00,5.00,0.05,4.63
2020-07-30,1.10,1.10,1.10,1.10,144197,15861698.00,0.00,4.76,0.05,1.19
2020-07-31,1.11,1.16,1.16,1.06,658439,74953462.00,9.09,5.45,0.06,5.43
2020-08-03,1.22,1.22,1.22,1.19,167273,20370067.00,2.59,5.17,0.06,1.38
2020-08-04,1.28,1.28,1.28,1.26,471242,60273384.00,1.64,4.92,0.06,3.88
2020-08-05,1.24,1.34,1.34,1.22,856416,108806911.00,9.38,4.69,0.06,7.06
2020-08-06,1.39,1.41,1.41,1.36,561580,78630480.00,3.73,5.22,0.07,4.63
2020-08-07,1.43,1.34,1.47,1.34,733233,102402174.00,9.22,-4.96,-0.07,6.04
2020-08-10,1.27,1.27,1.27,1.27,35274,4479798.00,0.00,-5.22,-0.07,0.29
2020-08-11,1.21,1.21,1.21,1.21,26344,3187624.00,0.00,-4.72,-0.06,0.22
2020-08-12,1.15,1.15,1.27,1.15,837537,98362529.00,9.92,-4.96,-0.06,6.90
2020-08-13,1.11,1.20,1.21,1.10,1031218,119365312.00,9.57,4.35,0.05,8.50
2020-08-14,1.18,1.25,1.26,1.16,646110,77787376.00,8.33,4.17,0.05,5.33
2020-08-17,1.21,1.31,1.31,1.21,560133,72336688.00,8.00,4.80,0.06,4.62
2020-08-18,1.31,1.38,1.38,1.27,623590,82879398.00,8.40,5.34,0.07,5.14
2020-08-19,1.36,1.37,1.44,1.35,364994,51467828.00,6.52,-0.72,-0.01,3.01
2020-08-20,1.34,1.39,1.42,1.33,292317,40464916.00,6.57,1.46,0.02,2.41
2020-08-21,1.39,1.40,1.42,1.38,174553,24431414.00,2.88,0.72,0.01,1.44
2020-08-24,1.39,1.47,1.47,1.38,503004,72904869.00,6.43,5.00,0.07,4.15
2020-08-25,1.49,1.54,1.54,1.45,793810,120390797.00,6.12,4.76,0.07,6.54
2020-08-26,1.51,1.58,1.60,1.50,299779,46714378.00,6.49,2.60,0.04,2.47
2020-08-27,1.56,1.50,1.64,1.50,644462,100052201.00,8.86,-5.06,-0.08,5.31
2020-08-28,1.46,1.43,1.49,1.43,220484,31727210.00,4.00,-4.67,-0.07,1.82
2020-08-31,1.36,1.44,1.45,1.36,262519,37131878.00,6.29,0.70,0.01,2.16
2020-09-01,1.44,1.43,1.45,1.41,123101,17585784.00,2.78,-0.69,-0.01,1.01
2020-09-02,1.43,1.43,1.44,1.38,175308,24612650.00,4.20,0.00,0.00,1.45
2020-09-03,1.41,1.49,1.50,1.39,257617,37376668.00,7.69,4.20,0.06,2.12
2020-09-04,1.42,1.46,1.53,1.42,270334,39945589.00,7.38,-2.01,-0.03,2.23
2020-09-07,1.40,1.48,1.52,1.39,378776,55002196.00,8.90,1.37,0.02,3.12
2020-09-08,1.46,1.53,1.53,1.46,244547,36662887.00,4.73,3.38,0.05,2.02
2020-09-09,1.51,1.50,1.53,1.48,143182,21527329.00,3.27,-1.96,-0.03,1.18
2020-09-10,1.51,1.46,1.53,1.45,202148,30134014.00,5.33,-2.67,-0.04,1.67
2020-09-11,1.47,1.45,1.47,1.40,143802,20658946.00,4.79,-0.68,-0.01,1.19
2020-09-14,1.45,1.43,1.45,1.42,76886,11009289.00,2.07,-1.38,-0.02,0.63
2020-09-15,1.43,1.40,1.44,1.38,223828,31581694.00,4.20,-2.10,-0.03,1.85
2020-09-16,1.40,1.38,1.40,1.36,94349,12969681.00,2.86,-1.43,-0.02,0.78
2020-09-17,1.37,1.45,1.45,1.34,528712,75357724.00,7.97,5.07,0.07,4.36
2020-09-18,1.44,1.51,1.52,1.43,490292,72829048.00,6.21,4.14,0.06,4.04
2020-09-21,1.49,1.49,1.52,1.45,222099,32882623.00,4.64,-1.32,-0.02,1.83
2020-09-22,1.46,1.48,1.48,1.46,50845,7468027.00,1.34,-0.67,-0.01,0.42
2020-09-23,1.46,1.50,1.51,1.45,196790,29243572.00,4.05,1.35,0.02,1.62
2020-09-24,1.50,1.46,1.50,1.46,57252,8406835.00,2.67,-2.67,-0.04,0.47
2020-09-25,1.45,1.49,1.50,1.42,102053,14903279.00,5.48,2.05,0.03,0.84
2020-09-28,1.49,1.47,1.49,1.45,52103,7635171.00,2.68,-1.34,-0.02,0.43
2020-09-29,1.46,1.43,1.46,1.42,119799,17232565.00,2.72,-2.72,-0.04,0.99
2020-09-30,1.43,1.47,1.47,1.42,109970,15850342.00,3.50,2.80,0.04,0.91
2020-10-09,1.45,1.46,1.47,1.43,118341,17155290.00,2.72,-0.68,-0.01,0.98
2020-10-12,1.46,1.47,1.47,1.43,111444,16147211.00,2.74,0.68,0.01,0.92
2020-10-13,1.46,1.46,1.46,1.44,58978,8568651.00,1.36,-0.68,-0.01,0.49
2020-10-14,1.45,1.47,1.47,1.44,73318,10643908.00,2.05,0.68,0.01,0.60
2020-10-15,1.45,1.47,1.47,1.44,82042,11928171.00,2.04,0.00,0.00,0.68
2020-10-16,1.45,1.46,1.46,1.44,43388,6292180.00,1.36,-0.68,-0.01,0.36
2020-10-19,1.45,1.46,1.46,1.43,109365,15810531.00,2.05,0.00,0.00,0.90
2020-10-20,1.45,1.44,1.45,1.44,43678,6299668.00,0.68,-1.37,-0.02,0.36
2020-10-21,1.44,1.43,1.44,1.41,91478,13038842.00,2.08,-0.69,-0.01,0.75
2020-10-22,1.42,1.43,1.43,1.39,229335,32462181.00,2.80,0.00,0.00,1.89
2020-10-23,1.42,1.49,1.50,1.42,374285,54384387.00,5.59,4.20,0.06,3.09
2020-10-26,1.49,1.54,1.55,1.49,251211,38527577.00,4.03,3.36,0.05,2.07
2020-10-27,1.54,1.57,1.58,1.51,349110,54063768.00,4.55,1.95,0.03,2.88
2020-10-28,1.57,1.61,1.63,1.55,268624,42617454.00,5.10,2.55,0.04,2.21
2020-10-29,1.63,1.59,1.66,1.58,197352,31776721.00,4.97,-1.24,-0.02,1.63
2020-10-30,1.57,1.58,1.61,1.55,150926,23716201.00,3.77,-0.63,-0.01,1.24
2020-11-02,1.57,1.55,1.57,1.55,76133,11880536.00,1.27,-1.90,-0.03,0.63
2020-11-03,1.55,1.55,1.57,1.54,61159,9478983.00,1.94,0.00,0.00,0.50
2020-11-04,1.54,1.55,1.56,1.53,73925,11398510.00,1.94,0.00,0.00,0.61
2020-11-05,1.54,1.55,1.56,1.54,41860,6483129.00,1.29,0.00,0.00,0.35
2020-11-06,1.54,1.58,1.59,1.54,59150,9301597.00,3.23,1.94,0.03,0.49
2020-11-09,1.57,1.55,1.58,1.55,79674,12458490.00,1.90,-1.90,-0.03,0.66
2020-11-10,1.55,1.54,1.56,1.53,52279,8046145.00,1.94,-0.65,-0.01,0.43
2020-11-11,1.53,1.52,1.54,1.50,59140,8973835.00,2.60,-1.30,-0.02,0.49
2020-11-12,1.51,1.52,1.55,1.50,73195,11134537.00,3.29,0.00,0.00,0.60
2020-11-13,1.51,1.52,1.53,1.51,26067,3959401.00,1.32,0.00,0.00,0.21
2020-11-16,1.52,1.52,1.54,1.51,33130,5049096.00,1.97,0.00,0.00,0.27
2020-11-17,1.52,1.53,1.54,1.51,32940,5017695.00,1.97,0.66,0.01,0.27
2020-11-18,1.53,1.52,1.53,1.51,24561,3719465.00,1.31,-0.65,-0.01,0.20
2020-11-19,1.51,1.51,1.52,1.50,20218,3049611.00,1.32,-0.66,-0.01,0.17
2020-11-20,1.51,1.51,1.52,1.50,36812,5550658.00,1.32,0.00,0.00,0.30
2020-11-23,1.50,1.53,1.53,1.49,72898,11012995.00,2.65,1.32,0.02,0.60
2020-11-24,1.52,1.52,1.53,1.51,16325,2478215.00,1.31,-0.65,-0.01,0.13
2020-11-25,1.51,1.51,1.52,1.51,13734,2078448.00,0.66,-0.66,-0.01,0.11
2020-11-26,1.51,1.51,1.52,1.49,232504,34880574.00,1.99,0.00,0.00,1.92
2020-11-27,1.51,1.51,1.52,1.49,48258,7250874.00,1.99,0.00,0.00,0.40
2020-11-30,1.50,1.52,1.52,1.50,78102,11801564.00,1.32,0.66,0.01,0.64
2020-12-01,1.52,1.51,1.52,1.49,53674,8058078.00,1.97,-0.66,-0.01,0.44
2020-12-02,1.51,1.51,1.51,1.48,104643,15606493.00,1.99,0.00,0.00,0.86
2020-12-03,1.50,1.53,1.54,1.48,144218,21650624.00,3.97,1.32,0.02,1.19
2020-12-04,1.53,1.54,1.54,1.51,67452,10277425.00,1.96,0.65,0.01,0.56
2020-12-07,1.54,1.53,1.56,1.53,87548,13505557.00,1.95,-0.65,-0.01,0.72
2020-12-08,1.53,1.58,1.58,1.51,161310,24849749.00,4.58,3.27,0.05,1.33
2020-12-09,1.57,1.59,1.59,1.55,178019,27997977.00,2.53,0.63,0.01,1.47
2020-12-10,1.58,1.60,1.61,1.57,101701,16207706.00,2.52,0.63,0.01,0.84
2020-12-11,1.59,1.62,1.62,1.58,90655,14528440.00,2.50,1.25,0.02,0.75
2020-12-14,1.58,1.54,1.58,1.54,84378,13201544.00,2.47,-4.94,-0.08,0.70
2020-12-15,1.46,1.46,1.46,1.46,23860,3483560.00,0.00,-5.19,-0.08,0.20
2020-12-16,1.39,1.39,1.39,1.39,107223,14903997.00,0.00,-4.79,-0.07,0.88
2020-12-17,1.32,1.32,1.32,1.32,74674,9856968.00,0.00,-5.04,-0.07,0.62
2020-12-18,1.25,1.38,1.38,1.25,314728,40537141.00,9.85,4.55,0.06,2.59
2020-12-21,1.34,1.31,1.35,1.31,138944,18307161.00,2.90,-5.07,-0.07,1.15
2020-12-22,1.27,1.24,1.30,1.24,85043,10564334.00,4.58,-5.34,-0.07,0.70
2020-12-23,1.18,1.18,1.18,1.18,16858,1989244.00,0.00,-4.84,-0.06,0.14
2020-12-24,1.12,1.12,1.12,1.12,15340,1718080.00,0.00,-5.08,-0.06,0.13
2020-12-25,1.06,1.12,1.16,1.06,200277,21977866.00,8.93,0.00,0.00,1.65
2020-12-28,1.07,1.06,1.09,1.06,145653,15586144.00,2.68,-5.36,-0.06,1.20
2020-12-29,1.02,1.06,1.06,1.02,72622,7520709.00,3.77,0.00,0.00,0.60
2020-12-30,1.03,1.06,1.09,1.03,60167,6394517.00,5.66,0.00,0.00,0.50
2020-12-31,1.09,1.05,1.09,1.05,66292,7033128.00,3.77,-0.94,-0.01,0.55