2011-06-22,13.63,12.50,14.28,12.24,578308,808691446.00,19.94,22.19,2.27,90.36
2011-06-23,12.03,12.56,12.77,11.63,296607,395452771.00,9.12,0.48,0.06,46.34
2011-06-24,12.26,12.72,13.06,12.26,264084,363453325.00,6.37,1.27,0.16,41.26
2011-06-27,12.82,12.93,13.24,12.77,216939,304601757.00,3.69,1.65,0.21,33.90
2011-06-28,12.84,12.61,12.84,12.39,162607,221956215.00,3.48,-2.47,-0.32,25.41
2011-06-29,12.49,12.35,12.55,12.26,108593,145321969.00,2.30,-2.06,-0.26,16.97
2011-06-30,12.25,12.27,12.51,12.20,112698,150602443.00,2.51,-0.65,-0.08,17.61
2011-07-01,12.30,13.47,13.47,12.30,285680,403801455.00,9.54,9.78,1.20,44.64
2011-07-04,13.30,13.60,13.69,13.08,322740,466441347.00,4.53,0.97,0.13,50.43
2011-07-05,13.33,13.31,13.42,13.13,157384,226308148.00,2.13,-2.13,-0.29,24.59
2011-07-06,13.26,13.69,14.23,13.14,234184,348883384.00,8.19,2.85,0.38,36.59
2011-07-07,13.59,13.89,14.52,13.43,213329,322822287.00,7.96,1.46,0.20,33.33
2011-07-08,14.28,14.42,15.00,14.02,185249,289772271.00,7.06,3.82,0.53,28.95
2011-07-11,14.40,14.55,14.67,14.13,112741,176938201.00,3.74,0.90,0.13,17.62
2011-07-12,14.31,13.94,14.44,13.77,113827,173988535.00,4.60,-4.19,-0.61,17.79
2011-07-13,13.93,14.29,14.42,13.84,88666,136181414.00,4.16,2.51,0.35,13.85
2011-07-14,14.16,14.69,14.82,14.07,148808,234498733.00,5.25,2.80,0.40,23.25
2011-07-15,14.55,14.47,14.72,14.39,80404,126926166.00,2.25,-1.50,-0.22,12.56
2011-07-18,14.44,14.41,14.66,14.15,67281,105331321.00,3.52,-0.41,-0.06,10.51
2011-07-19,14.35,13.96,14.35,13.85,70691,107240963.00,3.47,-3.12,-0.45,11.05
2011-07-20,14.06,14.09,14.26,13.88,53329,81624864.00,2.72,0.93,0.13,8.33
2011-07-21,14.14,13.68,14.17,13.65,48660,72971196.00,3.69,-2.91,-0.41,7.60
2011-07-22,13.74,13.78,13.99,13.73,44588,67054277.00,1.90,0.73,0.10,6.97
2011-07-25,13.67,13.11,13.67,12.84,73117,104024438.00,6.02,-4.86,-0.67,11.42
2011-07-26,13.00,13.05,13.13,12.87,27053,38149717.00,1.98,-0.46,-0.06,4.23
2011-07-27,12.96,13.51,13.60,12.84,53641,77463597.00,5.82,3.52,0.46,8.38
2011-07-28,13.30,13.56,13.72,13.24,44984,65947016.00,3.55,0.37,0.05,7.03
2011-07-29,13.54,13.50,13.68,13.28,35642,52189764.00,2.95,-0.44,-0.06,5.57
2011-08-01,13.46,13.88,13.99,13.27,57191,85277294.00,5.33,2.81,0.38,8.94
2011-08-02,13.78,13.64,13.88,13.33,56772,83596577.00,3.96,-1.73,-0.24,8.87
2011-08-03,13.35,13.31,13.71,13.20,47418,68888614.00,3.74,-2.42,-0.33,7.41
2011-08-04,13.31,13.52,13.78,13.31,49112,72468586.00,3.53,1.58,0.21,7.67
2011-08-05,12.98,13.00,13.32,12.75,47861,68057742.00,4.22,-3.85,-0.52,7.48
2011-08-09,11.73,12.32,12.45,11.73,88025,115340043.00,5.54,-5.23,-0.68,13.75
2011-08-10,12.55,12.29,12.60,12.27,50478,68015058.00,2.68,-0.24,-0.03,7.89
2011-08-11,11.95,12.64,12.72,11.86,43900,58710915.00,7.00,2.85,0.35,6.86
2011-08-12,12.69,12.61,12.89,12.57,37843,52022684.00,2.53,-0.24,-0.03,5.91
2011-08-15,12.78,12.70,12.78,12.45,34743,47422356.00,2.62,0.71,0.09,5.43
2011-08-16,12.74,12.71,12.84,12.65,27881,38495628.00,1.50,0.08,0.01,4.36
2011-08-17,12.66,12.56,12.77,12.48,21539,29337345.00,2.28,-1.18,-0.15,3.37
2011-08-18,12.50,12.11,12.69,12.05,32674,43557443.00,5.10,-3.58,-0.45,5.11
2011-08-19,11.83,11.90,11.94,11.67,33673,43031260.00,2.23,-1.73,-0.21,5.26
2011-08-22,12.30,12.76,13.06,12.30,119197,166368168.00,6.39,7.23,0.86,18.62
2011-08-23,12.60,13.10,13.14,12.56,95231,132426618.00,4.55,2.66,0.34,14.88
2011-08-24,13.05,13.17,13.54,12.99,79388,113780441.00,4.20,0.53,0.07,12.40
2011-08-25,13.19,13.52,13.65,13.15,60719,88132059.00,3.80,2.66,0.35,9.49
2011-08-26,13.38,13.49,13.56,13.23,46358,67303387.00,2.44,-0.22,-0.03,7.24
2011-08-29,13.38,13.36,13.74,13.30,36768,53881100.00,3.26,-0.96,-0.13,5.75
2011-08-30,13.44,13.37,13.69,13.12,49560,72050840.00,4.27,0.07,0.01,7.74
2011-08-31,13.47,12.93,13.47,12.85,37474,53072232.00,4.64,-3.29,-0.44,5.86
2011-09-01,12.90,13.17,13.30,12.90,40896,58296542.00,3.09,1.86,0.24,6.39
2011-09-02,13.16,12.75,13.16,12.62,29487,40878383.00,4.10,-3.19,-0.42,4.61
2011-09-05,12.62,12.61,12.80,12.41,30098,41114096.00,3.06,-1.10,-0.14,4.70
2011-09-06,12.48,12.83,12.86,12.46,28968,39891752.00,3.17,1.74,0.22,4.53
2011-09-07,12.84,13.14,13.18,12.84,30383,42899264.00,2.65,2.42,0.31,4.75
2011-09-08,13.21,12.78,13.21,12.76,25111,35286864.00,3.42,-2.74,-0.36,3.92
2011-09-09,12.75,12.93,13.09,12.66,20896,29324333.00,3.36,1.17,0.15,3.26
2011-09-13,12.83,12.59,12.83,12.40,17563,23971508.00,3.33,-2.63,-0.34,2.74
2011-09-14,12.66,12.69,12.75,12.30,14107,19129120.00,3.57,0.79,0.10,2.20
2011-09-15,12.67,12.66,12.85,12.64,12731,17586706.00,1.65,-0.24,-0.03,1.99
2011-09-16,12.81,12.65,12.88,12.62,10967,15161500.00,2.05,-0.08,-0.01,1.71
2011-09-19,12.49,12.20,12.58,12.19,12147,16237347.00,3.08,-3.56,-0.45,1.90
2011-09-20,12.26,12.25,12.41,12.04,10165,13427187.00,3.03,0.41,0.05,1.59
2011-09-21,12.26,13.29,13.45,12.15,59155,84242275.00,10.61,8.49,1.04,9.24
2011-09-22,13.13,12.73,13.36,12.72,39556,55727695.00,4.82,-4.21,-0.56,6.18
2011-09-23,12.25,12.36,12.41,11.87,97927,128650782.00,4.24,-2.91,-0.37,12.24
2011-09-26,12.19,11.96,12.45,11.77,59042,77094334.00,5.50,-3.24,-0.40,7.38
2011-09-27,12.03,12.06,12.23,11.94,35153,45839278.00,2.42,0.84,0.10,4.39
2011-09-28,12.20,11.76,12.23,11.69,32222,41739709.00,4.48,-2.49,-0.30,4.03
2011-09-29,11.58,11.13,11.63,11.08,38674,47339943.00,4.68,-5.36,-0.63,4.83
2011-09-30,11.14,11.16,11.29,10.95,16044,19265232.00,3.05,0.27,0.03,2.01
2011-10-10,11.26,11.16,11.30,10.97,14814,17765279.00,2.96,0.00,0.00,1.85
2011-10-11,11.49,11.24,11.63,11.11,21100,25982187.00,4.66,0.72,0.08,2.64
2011-10-12,11.16,11.67,11.74,11.10,37244,46607151.00,5.69,3.83,0.43,4.66
2011-10-13,11.63,11.95,12.08,11.58,38162,48871879.00,4.28,2.40,0.28,4.77
2011-10-14,11.85,11.81,11.96,11.71,15115,19294064.00,2.09,-1.17,-0.14,1.89
2011-10-17,11.89,11.88,12.12,11.73,23168,29785728.00,3.30,0.59,0.07,2.90
2011-10-18,11.76,11.54,11.85,11.49,20745,26142425.00,3.03,-2.86,-0.34,2.59
2011-10-19,11.54,11.54,11.74,11.47,12873,16101836.00,2.34,0.00,0.00,1.61
2011-10-20,11.46,11.22,11.60,11.04,14267,17340441.00,4.85,-2.77,-0.32,1.78
2011-10-21,11.24,11.01,11.26,11.00,10901,13094777.00,2.32,-1.87,-0.21,1.36
2011-10-24,11.04,11.36,11.43,10.91,17015,20546192.00,4.72,3.18,0.35,2.13
2011-10-25,11.40,11.80,11.87,11.31,28678,36031162.00,4.93,3.87,0.44,3.58
2011-10-26,11.59,11.68,11.93,11.55,37715,47718389.00,3.22,-1.02,-0.12,4.71
2011-10-27,11.76,11.95,11.96,11.67,33153,42365141.00,2.48,2.31,0.27,4.14
2011-10-28,12.08,12.05,12.14,11.79,44968,58151270.00,2.93,0.84,0.10,5.62
2011-10-31,12.02,11.98,12.03,11.80,28821,37177862.00,1.91,-0.58,-0.07,3.60
2011-11-01,11.85,11.90,12.02,11.76,23379,30081306.00,2.17,-0.67,-0.08,2.92
2011-11-02,11.67,12.22,12.36,11.62,39121,50785543.00,6.22,2.69,0.32,4.89
2011-11-03,12.25,12.23,12.56,12.03,50237,66964943.00,4.34,0.08,0.01,6.28
2011-11-04,12.32,12.24,12.39,12.13,24659,32649596.00,2.13,0.08,0.01,3.08
2011-11-07,12.21,12.25,12.40,12.03,35060,46349113.00,3.02,0.08,0.01,4.38
2011-11-08,12.12,11.96,12.28,11.91,24196,31603907.00,3.02,-2.37,-0.29,3.02
2011-11-09,11.99,12.31,12.32,11.95,28956,37949201.00,3.09,2.93,0.35,3.62
2011-11-10,12.10,12.30,12.68,12.10,53818,72579557.00,4.71,-0.08,-0.01,6.73
2011-11-11,12.33,12.40,12.57,12.19,24795,33254400.00,3.09,0.81,0.10,3.10
2011-11-14,12.52,12.57,12.74,12.45,44963,61096454.00,2.34,1.37,0.17,5.62
2011-11-15,12.52,12.64,12.64,12.50,24525,33369608.00,1.11,0.56,0.07,3.07
2011-11-16,12.64,12.21,12.73,12.14,36946,49820306.00,4.67,-3.40,-0.43,4.62
2011-11-17,12.23,12.27,12.49,12.16,15853,21099879.00,2.70,0.49,0.06,1.98
2011-11-18,12.16,11.86,12.23,11.81,26187,33798827.00,3.42,-3.34,-0.41,3.27
2011-11-21,11.87,11.87,11.93,11.65,14622,18637468.00,2.36,0.08,0.01,1.83
2011-11-22,11.76,11.97,11.98,11.71,16414,21061742.00,2.27,0.84,0.10,2.05
2011-11-23,11.96,11.70,12.07,11.69,19106,24436796.00,3.17,-2.26,-0.27,2.39
2011-11-24,11.58,11.66,11.75,11.53,13624,17097218.00,1.88,-0.34,-0.04,1.70
2011-11-25,11.66,11.70,11.85,11.60,16592,21064951.00,2.14,0.34,0.04,2.07
2011-11-28,11.75,11.88,11.93,11.71,16926,21656583.00,1.88,1.54,0.18,2.12
2011-11-29,12.29,12.21,12.46,12.14,44392,58825272.00,2.69,2.78,0.33,5.55
2011-11-30,12.22,12.22,12.64,11.97,75803,100891751.00,5.49,0.08,0.01,9.48
2011-12-01,12.61,12.84,13.09,12.45,108371,149931807.00,5.24,5.07,0.62,13.55
2011-12-02,12.66,12.62,12.84,12.40,46405,63142176.00,3.43,-1.71,-0.22,5.80
2011-12-06,12.22,12.42,12.44,12.05,35253,46671918.00,3.09,-1.58,-0.20,4.41
2011-12-07,12.39,12.87,12.91,12.35,54336,74680975.00,4.51,3.62,0.45,6.79
2011-12-08,12.75,13.05,13.14,12.65,69437,97417854.00,3.81,1.40,0.18,8.68
2011-12-09,12.88,12.88,12.97,12.68,38152,53067967.00,2.22,-1.30,-0.17,4.77
2011-12-12,12.91,12.73,13.16,12.71,37011,52112465.00,3.49,-1.16,-0.15,4.63
2011-12-13,12.69,12.60,12.71,12.39,35116,47697807.00,2.51,-1.02,-0.13,4.39
2011-12-14,12.52,12.82,13.05,12.47,49747,69183848.00,4.60,1.75,0.22,6.22
2011-12-15,12.73,13.08,13.33,12.61,75333,106180372.00,5.62,2.03,0.26,9.42
2011-12-16,13.02,13.29,13.32,12.83,69499,98244535.00,3.75,1.61,0.21,8.69
2011-12-19,13.12,12.85,13.23,12.48,85908,119172442.00,5.64,-3.31,-0.44,10.74
2011-12-20,12.74,13.23,13.27,12.61,69240,97190725.00,5.14,2.96,0.38,8.66
2011-12-21,13.24,12.38,13.41,12.13,80694,113153649.00,9.67,-6.42,-0.85,10.09
2011-12-22,12.16,12.33,12.64,11.85,52215,68681438.00,6.38,-0.40,-0.05,6.53
2011-12-23,12.04,12.33,12.60,12.04,27934,37306906.00,4.54,0.00,0.00,3.49
2011-12-26,12.34,12.57,12.69,12.23,34682,47003863.00,3.73,1.95,0.24,4.34
2011-12-27,12.44,12.24,12.69,12.21,30686,41275468.00,3.82,-2.63,-0.33,3.84
2011-12-28,12.03,12.03,12.17,11.69,37569,48291226.00,3.92,-1.72,-0.21,4.70
2011-12-29,11.94,12.09,12.16,11.85,19259,25119221.00,2.58,0.50,0.06,2.41
2011-12-30,12.10,12.43,12.51,12.04,25779,34437815.00,3.89,2.81,0.34,3.22