2025-01-02,22.85,21.38,23.12,21.05,379227,826251392.00,9.28,-4.17,-0.93,2.22
2025-01-03,21.25,20.52,21.28,20.51,357638,747200118.00,3.60,-4.02,-0.86,2.09
2025-01-06,20.52,20.66,20.95,20.33,240006,496409412.00,3.02,0.68,0.14,1.40
2025-01-07,20.66,21.14,21.18,20.50,216436,454648108.00,3.29,2.32,0.48,1.26
2025-01-08,21.01,20.68,21.10,20.07,267002,548413935.00,4.87,-2.18,-0.46,1.56
2025-01-09,20.56,20.83,21.14,20.50,182978,382648619.00,3.09,0.73,0.15,1.07
2025-01-10,20.90,20.63,21.18,20.61,180268,376933757.00,2.74,-0.96,-0.20,1.05
2025-01-13,20.35,20.68,20.89,20.34,156720,323249954.00,2.67,0.24,0.05,0.92
2025-01-14,20.70,21.32,21.46,20.46,311257,655294150.00,4.84,3.09,0.64,1.82
2025-01-15,21.20,21.02,21.24,20.91,183604,386076682.00,1.55,-1.41,-0.30,1.07
2025-01-16,21.31,21.10,21.58,20.92,208013,441490081.00,3.14,0.38,0.08,1.22
2025-01-17,21.07,21.29,21.44,20.97,175141,372069367.26,2.23,0.90,0.19,1.02