MjAxMy0wMS0wNCw0LjgzLDQuNjQsNC44OCw0LjU5LDcxNzIzLDgwODg1MDU2LjAwLDYuMTMsLTEuOTAsLTAuMDksMC41OQ==
2013-01-07,4.64,4.66,4.69,4.56,49507,55312344.00,2.80,0.43,0.02,0.41
2013-01-08,4.65,4.63,4.67,4.55,52604,58359025.00,2.58,-0.64,-0.03,0.43
2013-01-09,4.62,4.78,4.78,4.58,93620,105145664.00,4.32,3.24,0.15,0.77
2013-01-10,4.74,4.73,4.85,4.69,90572,103320073.00,3.35,-1.05,-0.05,0.75
2013-01-11,4.72,4.55,4.75,4.50,67195,74839475.00,5.29,-3.81,-0.18,0.55
2013-01-14,4.52,4.81,4.83,4.50,151852,170952935.00,7.25,5.71,0.26,1.25
2013-01-15,4.83,4.99,5.10,4.78,134871,160255460.00,6.65,3.74,0.18,1.11
2013-01-16,4.97,5.00,5.10,4.91,66266,78957178.00,3.81,0.20,0.01,0.55
2013-01-17,5.00,4.87,5.10,4.83,70883,83231902.00,5.40,-2.60,-0.13,0.58
2013-01-18,4.94,4.95,5.02,4.80,49083,57741218.00,4.52,1.64,0.08,0.40
2013-01-21,5.00,4.97,5.01,4.89,51353,60575907.00,2.42,0.40,0.02,0.42
2013-01-22,5.00,4.85,5.00,4.83,49152,57364392.00,3.42,-2.41,-0.12,0.40
2013-01-23,4.89,4.74,4.89,4.64,49013,55846577.00,5.15,-2.27,-0.11,0.40
2013-01-24,4.71,4.59,4.80,4.55,58817,66233164.00,5.27,-3.16,-0.15,0.48
2013-01-25,4.63,4.57,4.63,4.50,46305,50865829.00,2.83,-0.44,-0.02,0.38
2013-01-28,4.60,4.74,4.83,4.56,69726,78959421.00,5.91,3.72,0.17,0.57
2013-01-29,4.75,4.75,4.83,4.70,40376,46076974.00,2.74,0.21,0.01,0.33
2013-01-30,4.78,4.75,4.84,4.71,53812,61615651.00,2.74,0.00,0.00,0.44
2013-01-31,4.75,4.75,4.84,4.71,58183,66388062.00,2.74,0.00,0.00,0.48
2013-02-01,4.78,4.78,4.80,4.67,60180,68392361.00,2.74,0.63,0.03,0.50
2013-02-04,4.83,4.81,4.99,4.80,123756,145022184.00,3.97,0.63,0.03,1.02
2013-02-05,4.87,5.09,5.10,4.78,121712,144201633.00,6.65,5.82,0.28,1.00
2013-02-06,5.13,5.00,5.23,4.99,105205,127019171.00,4.72,-1.77,-0.09,0.87
2013-02-07,5.10,5.05,5.14,5.00,58091,69844668.00,2.80,1.00,0.05,0.48
2013-02-08,5.05,5.20,5.28,5.05,67601,83139616.00,4.55,2.97,0.15,0.56
2013-02-18,5.24,5.12,5.24,5.07,47663,57992723.00,3.27,-1.54,-0.08,0.39
2013-02-19,5.16,4.83,5.16,4.80,70798,83086132.00,7.03,-5.66,-0.29,0.58
2013-02-20,4.83,4.88,4.91,4.81,67077,77871204.00,2.07,1.04,0.05,0.55
2013-02-21,4.83,4.62,4.83,4.52,93610,104487924.00,6.35,-5.33,-0.26,0.77
2013-02-22,4.58,4.54,4.62,4.51,66869,73559500.00,2.38,-1.73,-0.08,0.55
2013-02-25,4.50,4.54,4.65,4.50,42800,47241942.00,3.30,0.00,0.00,0.35
2013-02-26,4.55,4.51,4.60,4.49,46339,50856546.00,2.42,-0.66,-0.03,0.38
2013-02-27,4.48,4.57,4.59,4.48,32927,36189946.00,2.44,1.33,0.06,0.27
2013-02-28,4.59,4.69,4.72,4.57,65606,73698938.00,3.28,2.63,0.12,0.54
2013-03-01,4.70,4.72,4.75,4.61,60403,68191327.00,2.99,0.64,0.03,0.50
2013-03-04,4.73,4.38,4.73,4.31,71512,77827787.00,8.90,-7.20,-0.34,0.59
2013-03-05,4.42,4.49,4.49,4.34,58629,62623400.00,3.42,2.51,0.11,0.48
2013-03-06,4.48,4.57,4.60,4.46,48330,53073323.00,3.12,1.78,0.08,0.40
2013-03-07,4.49,4.58,4.71,4.45,54438,60007763.00,5.69,0.22,0.01,0.45
2013-03-08,4.59,4.50,4.60,4.48,28385,31029588.00,2.62,-1.75,-0.08,0.23
2013-03-11,4.49,4.45,4.54,4.39,29253,31697917.00,3.33,-1.11,-0.05,0.24
2013-03-12,4.45,4.33,4.54,4.28,36041,38548551.00,5.84,-2.70,-0.12,0.30
2013-03-13,4.35,4.18,4.37,4.17,30085,31180376.00,4.62,-3.46,-0.15,0.25
2013-03-14,4.15,4.29,4.32,4.11,37787,38842757.00,5.02,2.63,0.11,0.31
2013-03-15,4.27,4.19,4.35,4.13,30232,31408423.00,5.13,-2.33,-0.10,0.25
2013-03-18,4.16,3.98,4.20,3.97,42345,42508707.00,5.49,-5.01,-0.21,0.35
2013-03-19,4.05,4.05,4.07,3.97,28347,28162488.00,2.51,1.76,0.07,0.23
2013-03-20,4.08,4.18,4.21,4.02,47726,48472836.00,4.69,3.21,0.13,0.39
2013-03-21,4.19,4.19,4.24,4.17,25897,26663106.00,1.67,0.24,0.01,0.21
2013-03-22,4.21,4.23,4.26,4.19,32421,33548489.00,1.67,0.95,0.04,0.27
2013-03-25,4.27,4.22,4.29,4.20,29860,30953398.00,2.13,-0.24,-0.01,0.25
2013-03-26,4.22,4.19,4.22,4.10,27924,28470560.00,2.84,-0.71,-0.03,0.23
2013-03-27,4.20,4.24,4.27,4.18,24757,25589941.00,2.15,1.19,0.05,0.20
2013-03-28,4.18,4.21,4.27,4.11,46400,47659567.00,3.77,-0.71,-0.03,0.38
2013-03-29,4.25,4.51,4.52,4.24,100823,107907131.00,6.65,7.13,0.30,0.83
2013-04-01,4.48,4.49,4.58,4.41,66074,71620782.00,3.77,-0.44,-0.02,0.54
2013-04-02,4.48,4.40,4.57,4.34,65444,70652404.00,5.12,-2.00,-0.09,0.54
2013-04-03,4.45,4.34,4.50,4.31,48789,52310217.00,4.32,-1.36,-0.06,0.40
2013-04-08,4.23,4.18,4.23,4.06,51793,52768304.00,3.92,-3.69,-0.16,0.43
2013-04-09,4.21,4.19,4.23,4.15,32290,33152571.00,1.91,0.24,0.01,0.27
2013-04-10,4.19,4.17,4.22,4.12,27073,27662422.00,2.39,-0.48,-0.02,0.22
2013-04-11,4.20,4.19,4.29,4.18,27258,28253540.00,2.64,0.48,0.02,0.22
2013-04-12,4.19,4.16,4.23,4.15,28406,29167208.00,1.91,-0.72,-0.03,0.23
2013-04-15,4.10,4.05,4.13,4.02,27008,27060365.00,2.64,-2.64,-0.11,0.22
2013-04-16,4.03,4.00,4.03,3.88,62756,61305625.00,3.70,-1.23,-0.05,0.52
2013-04-17,3.98,3.88,4.01,3.77,78927,76050855.00,6.00,-3.00,-0.12,0.65
2013-04-18,3.83,3.91,3.92,3.78,67951,65087631.00,3.61,0.77,0.03,0.56
2013-04-19,3.88,3.97,3.99,3.85,77752,76208099.00,3.58,1.53,0.06,0.64
2013-04-22,3.94,3.67,3.95,3.63,221831,207876310.00,8.06,-7.56,-0.30,1.83
2013-04-23,3.67,3.61,3.67,3.56,92066,83900395.00,3.00,-1.63,-0.06,0.76
2013-04-24,3.61,3.67,3.70,3.58,66506,61053456.00,3.32,1.66,0.06,0.55
2013-04-25,3.67,3.57,3.67,3.56,58010,52753589.00,3.00,-2.72,-0.10,0.48
2013-04-26,3.52,3.42,3.55,3.34,122279,106860762.00,5.88,-4.20,-0.15,1.01
2013-05-02,3.39,3.29,3.39,3.28,64620,55065587.00,3.22,-3.80,-0.13,0.53
2013-05-03,3.29,3.34,3.38,3.28,62924,54108976.00,3.04,1.52,0.05,0.52
2013-05-06,3.35,3.44,3.47,3.35,66780,58263158.00,3.59,2.99,0.10,0.55
2013-05-07,3.43,3.47,3.56,3.42,93367,82760771.00,4.07,0.87,0.03,0.77
2013-05-08,3.53,3.47,3.54,3.43,52901,46645381.00,3.17,0.00,0.00,0.44
2013-05-09,3.47,3.39,3.47,3.37,52185,45550135.00,2.88,-2.31,-0.08,0.43
2013-05-10,3.42,3.40,3.42,3.30,69653,60140446.00,3.54,0.29,0.01,0.57
2013-05-13,3.40,3.48,3.49,3.38,58066,50774845.00,3.24,2.35,0.08,0.48
2013-05-14,3.48,3.38,3.48,3.36,56014,48668960.00,3.45,-2.87,-0.10,0.46
2013-05-15,3.38,3.39,3.40,3.32,45790,39456487.00,2.37,0.30,0.01,0.38
2013-05-16,3.39,3.45,3.47,3.32,68799,59971995.00,4.42,1.77,0.06,0.57
2013-05-17,3.44,3.56,3.58,3.43,89987,80330799.00,4.35,3.19,0.11,0.74
2013-05-20,3.57,3.55,3.60,3.50,89132,80146358.00,2.81,-0.28,-0.01,0.73
2013-05-21,3.55,3.63,3.64,3.53,80416,73037299.00,3.10,2.25,0.08,0.66
2013-05-22,3.63,3.57,3.65,3.55,79710,72370735.00,2.75,-1.65,-0.06,0.66
2013-05-23,3.56,3.46,3.57,3.45,71669,63912776.00,3.36,-3.08,-0.11,0.59
2013-05-24,3.48,3.50,3.52,3.41,57883,51069404.00,3.18,1.16,0.04,0.48
2013-05-27,3.50,3.50,3.55,3.47,48395,43136418.00,2.29,0.00,0.00,0.40
2013-05-28,3.49,3.61,3.62,3.47,81281,73267024.00,4.29,3.14,0.11,0.67
2013-05-29,3.63,3.68,3.72,3.60,105609,97290620.00,3.32,1.94,0.07,0.87
2013-05-30,3.68,3.67,3.70,3.64,57399,53061640.00,1.63,-0.27,-0.01,0.47
2013-05-31,3.66,3.63,3.69,3.62,54131,49687668.00,1.91,-1.09,-0.04,0.45
2013-06-03,3.63,3.79,3.83,3.61,149560,140440298.00,6.06,4.41,0.16,1.23
2013-06-04,3.80,3.67,3.80,3.64,73316,68047718.00,4.22,-3.17,-0.12,0.60
2013-06-05,3.67,3.59,3.67,3.57,50395,45845396.00,2.72,-2.18,-0.08,0.42
2013-06-06,3.58,3.47,3.63,3.45,56599,51198721.00,5.01,-3.34,-0.12,0.47
2013-06-07,3.45,3.43,3.56,3.36,64498,56697444.00,5.76,-1.15,-0.04,0.53
2013-06-13,3.39,3.22,3.39,3.12,66981,55839061.00,7.87,-6.12,-0.21,0.55
2013-06-14,3.19,3.10,3.24,3.02,164624,132717804.00,6.83,-3.73,-0.12,1.36
2013-06-17,3.08,3.09,3.15,3.03,103731,83806339.00,3.87,-0.32,-0.01,0.85
2013-06-18,3.11,3.03,3.11,3.01,61214,48858929.00,3.24,-1.94,-0.06,0.50
2013-06-19,3.01,2.96,3.01,2.87,67157,51929699.00,4.62,-2.31,-0.07,0.55
2013-06-20,2.91,2.77,2.94,2.75,61303,46516971.00,6.42,-6.42,-0.19,0.50
2013-06-21,2.74,2.75,2.79,2.64,52015,38158259.00,5.42,-0.72,-0.02,0.43
2013-06-24,2.74,2.38,2.74,2.38,116030,80214701.00,13.09,-13.45,-0.37,0.96
2013-06-25,2.36,2.29,2.40,2.06,145532,92046947.00,14.29,-3.78,-0.09,1.20
2013-06-26,2.25,2.26,2.29,2.15,92737,58719302.00,6.11,-1.31,-0.03,0.76
2013-06-27,2.26,2.23,2.35,2.20,84458,54402645.00,6.64,-1.33,-0.03,0.70
2013-06-28,2.22,2.26,2.32,2.16,111960,71347936.00,7.17,1.35,0.03,0.92
2013-07-01,2.25,2.21,2.27,2.13,97267,61184287.00,6.19,-2.21,-0.05,0.80
2013-07-02,2.22,2.16,2.23,2.08,143037,88434239.00,6.79,-2.26,-0.05,1.18
2013-07-03,2.17,2.10,2.17,2.04,147426,89395916.00,6.02,-2.78,-0.06,1.21
2013-07-04,2.07,2.19,2.24,2.02,159056,98360310.00,10.48,4.29,0.09,1.31
2013-07-05,2.19,2.21,2.26,2.14,117667,74308831.00,5.48,0.91,0.02,0.97
2013-07-08,2.19,2.06,2.19,2.05,86196,52534187.00,6.33,-6.79,-0.15,0.71
2013-07-09,2.05,2.09,2.10,2.01,50350,30288119.00,4.37,1.46,0.03,0.41
2013-07-10,2.08,2.34,2.39,2.06,158707,101578229.00,15.79,11.96,0.25,1.31
2013-07-11,2.37,2.42,2.49,2.31,149772,100302990.00,7.69,3.42,0.08,1.23
2013-07-12,2.39,2.29,2.41,2.28,117416,77153018.00,5.37,-5.37,-0.13,0.97
2013-07-15,2.30,2.33,2.38,2.30,64678,42447748.00,3.49,1.75,0.04,0.53
2013-07-16,2.33,2.36,2.38,2.31,61041,40204642.00,3.00,1.29,0.03,0.50
2013-07-17,2.34,2.34,2.42,2.32,72620,48207892.00,4.24,-0.85,-0.02,0.60
2013-07-18,2.33,2.36,2.40,2.27,69592,45681915.00,5.56,0.85,0.02,0.57
2013-07-19,2.34,2.15,2.38,2.08,106262,67145526.00,12.71,-8.90,-0.21,0.88
2013-07-22,2.15,2.18,2.18,2.11,67703,42035841.00,3.26,1.40,0.03,0.56
2013-07-23,2.19,2.24,2.29,2.17,182534,115526012.00,5.50,2.75,0.06,1.50
2013-07-24,2.23,2.20,2.24,2.14,95552,58715557.00,4.46,-1.79,-0.04,0.79
2013-07-25,2.20,2.21,2.28,2.14,79163,49083436.00,6.36,0.45,0.01,0.65
2013-07-26,2.20,2.16,2.20,2.11,71468,43509355.00,4.07,-2.26,-0.05,0.59
2013-07-29,2.13,2.05,2.13,2.04,72484,43003708.00,4.17,-5.09,-0.11,0.60
2013-07-30,2.08,2.09,2.14,2.05,49107,29262407.00,4.39,1.95,0.04,0.40
2013-07-31,2.10,2.09,2.14,2.09,41063,24576241.00,2.39,0.00,0.00,0.34
2013-08-01,2.10,2.14,2.17,2.09,72372,43789427.00,3.83,2.39,0.05,0.60
2013-08-02,2.15,2.19,2.21,2.14,97607,59744701.00,3.27,2.34,0.05,0.80
2013-08-05,2.19,2.23,2.23,2.17,69812,43175162.00,2.74,1.83,0.04,0.58
2013-08-06,2.23,2.33,2.34,2.19,112797,70961732.00,6.73,4.48,0.10,0.93
2013-08-07,2.29,2.34,2.43,2.26,166764,107960926.00,7.30,0.43,0.01,1.37
2013-08-08,2.31,2.31,2.39,2.30,77030,49725712.00,3.85,-1.28,-0.03,0.63
2013-08-09,2.31,2.36,2.39,2.30,96096,62148520.00,3.90,2.16,0.05,0.79
2013-08-12,2.38,2.52,2.54,2.35,173536,116548289.00,8.05,6.78,0.16,1.43
2013-08-13,2.53,2.51,2.60,2.48,119147,81221369.00,4.76,-0.40,-0.01,0.98
2013-08-14,2.51,2.44,2.53,2.40,95040,63836621.00,5.18,-2.79,-0.07,0.78
2013-08-15,2.44,2.39,2.47,2.38,68485,45361840.00,3.69,-2.05,-0.05,0.56
2013-08-16,2.37,2.32,2.53,2.31,113083,74095916.00,9.21,-2.93,-0.07,0.93
2013-08-19,2.27,2.37,2.38,2.27,70427,45201942.00,4.74,2.16,0.05,0.58
2013-08-20,2.36,2.33,2.39,2.30,61872,39903111.00,3.80,-1.69,-0.04,0.51
2013-08-21,2.34,2.35,2.37,2.31,53599,34630099.00,2.58,0.86,0.02,0.44
2013-08-22,2.36,2.64,2.67,2.33,384776,267612190.00,14.47,12.34,0.29,3.17
2013-08-23,2.64,2.59,2.67,2.50,243759,170205539.00,6.44,-1.89,-0.05,2.01
2013-08-26,2.57,2.66,2.66,2.54,154283,108264188.00,4.63,2.70,0.07,1.27
2013-08-27,2.66,2.63,2.68,2.60,109011,76616185.00,3.01,-1.13,-0.03,0.90
2013-08-28,2.62,2.58,2.64,2.53,131370,91036793.00,4.18,-1.90,-0.05,1.08
2013-08-29,2.57,2.53,2.59,2.52,78544,53939890.00,2.71,-1.94,-0.05,0.65
2013-08-30,2.54,2.66,2.79,2.53,183647,130269430.00,10.28,5.14,0.13,1.51
2013-09-02,2.66,2.92,3.01,2.64,253770,189860252.00,13.91,9.77,0.26,2.09
2013-09-03,2.92,2.84,2.93,2.80,202618,151128018.00,4.45,-2.74,-0.08,1.67
2013-09-04,2.86,2.81,2.90,2.79,157463,117088999.00,3.87,-1.06,-0.03,1.30
2013-09-05,2.82,2.74,2.83,2.74,123359,90090354.00,3.20,-2.49,-0.07,1.02
2013-09-06,2.75,2.86,2.88,2.74,139471,103946668.00,5.11,4.38,0.12,1.15
2013-09-09,2.84,2.86,2.91,2.80,171415,127877707.00,3.85,0.00,0.00,1.41
2013-09-10,2.85,2.95,2.96,2.81,163320,123321561.00,5.24,3.15,0.09,1.35
2013-09-11,2.96,3.01,3.09,2.94,208846,162901750.00,5.08,2.03,0.06,1.72
2013-09-12,3.01,2.89,3.04,2.88,184024,141545328.00,5.32,-3.99,-0.12,1.52
2013-09-13,2.89,2.91,2.97,2.86,104069,79226820.00,3.81,0.69,0.02,0.86
2013-09-16,2.91,3.09,3.16,2.91,216168,171038800.00,8.59,6.19,0.18,1.78
2013-09-17,3.10,3.01,3.10,2.99,106362,83338895.00,3.56,-2.59,-0.08,0.88
2013-09-18,3.00,3.04,3.10,2.97,97875,77348533.00,4.32,1.00,0.03,0.81
2013-09-23,3.06,3.13,3.20,3.06,96917,78020247.00,4.61,2.96,0.09,0.80
2013-09-24,3.13,3.01,3.13,2.97,161418,126448000.00,5.11,-3.83,-0.12,1.33
2013-09-25,2.99,2.85,3.00,2.82,164227,124516800.00,5.98,-5.32,-0.16,1.35
2013-09-26,2.82,2.76,2.91,2.74,124332,91730712.00,5.96,-3.16,-0.09,1.02
2013-09-27,2.74,2.79,2.83,2.72,67787,49740358.00,3.99,1.09,0.03,0.56
2013-09-30,2.81,2.81,2.85,2.76,66186,48874100.00,3.23,0.72,0.02,0.55
2013-10-08,2.81,2.87,2.88,2.77,70950,52769430.00,3.91,2.14,0.06,0.58
2013-10-09,2.87,2.84,2.94,2.81,93807,70264535.00,4.53,-1.05,-0.03,0.77
2013-10-10,2.85,2.70,2.85,2.68,163111,118428282.00,5.99,-4.93,-0.14,1.34
2013-10-11,2.72,2.76,2.79,2.69,104532,75861253.00,3.70,2.22,0.06,0.86
2013-10-14,2.79,2.76,2.79,2.71,106519,77450740.00,2.90,0.00,0.00,0.88
2013-10-15,2.74,2.74,2.76,2.71,84762,61455035.00,1.81,-0.72,-0.02,0.70
2013-10-16,2.74,2.62,2.74,2.59,107717,76162403.00,5.47,-4.38,-0.12,0.89
2013-10-17,2.63,2.69,2.74,2.61,83593,59478368.00,4.96,2.67,0.07,0.69
2013-10-18,2.71,2.67,2.71,2.65,44052,31430662.00,2.23,-0.74,-0.02,0.36
2013-10-21,2.69,2.71,2.72,2.61,69170,49269625.00,4.12,1.50,0.04,0.57
2013-10-22,2.70,2.76,2.79,2.67,103824,75614299.00,4.43,1.85,0.05,0.86
2013-10-23,2.77,2.66,2.79,2.61,57026,40948662.00,6.52,-3.62,-0.10,0.47
2013-10-24,2.66,2.65,2.67,2.63,41939,29652868.00,1.50,-0.38,-0.01,0.35
2013-10-25,2.63,2.50,2.67,2.47,91610,63057097.00,7.55,-5.66,-0.15,0.75
2013-10-28,2.52,2.51,2.62,2.51,75944,52303099.00,4.40,0.40,0.01,0.63
2013-10-29,2.54,2.60,2.63,2.46,109782,75439098.00,6.77,3.59,0.09,0.90
2013-10-30,2.57,2.66,2.69,2.54,59101,41404507.00,5.77,2.31,0.06,0.49
2013-10-31,2.66,2.67,2.70,2.63,52471,37250545.00,2.63,0.38,0.01,0.43
2013-11-01,2.69,2.66,2.69,2.62,52856,37360197.00,2.62,-0.37,-0.01,0.44
2013-11-04,2.67,2.63,2.69,2.61,36360,25595151.00,3.01,-1.13,-0.03,0.30
2013-11-05,2.60,2.63,2.63,2.54,47896,33200245.00,3.42,0.00,0.00,0.39
2013-11-06,2.59,2.59,2.65,2.58,44384,31001647.00,2.66,-1.52,-0.04,0.37
2013-11-07,2.58,2.53,2.60,2.52,33641,23113982.00,3.09,-2.32,-0.06,0.28
2013-11-08,2.51,2.45,2.53,2.43,37449,25240740.00,3.95,-3.16,-0.08,0.31
2013-11-11,2.43,2.43,2.49,2.42,28157,18822912.00,2.86,-0.82,-0.02,0.23
2013-11-12,2.45,2.47,2.49,2.43,36230,24266880.00,2.47,1.65,0.04,0.30
2013-11-13,2.46,2.37,2.46,2.35,40955,26905796.00,4.45,-4.05,-0.10,0.34
2013-11-14,2.39,2.38,2.40,2.35,30703,20036324.00,2.11,0.42,0.01,0.25
2013-11-15,2.37,2.45,2.50,2.37,49909,33319530.00,5.46,2.94,0.07,0.41
2013-11-18,2.45,2.54,2.54,2.44,70677,47806859.00,4.08,3.67,0.09,0.58
2013-11-19,2.54,2.50,2.56,2.47,108825,73825064.00,3.54,-1.57,-0.04,0.90
2013-11-20,2.52,2.56,2.57,2.49,85586,58295028.00,3.20,2.40,0.06,0.71
2013-11-21,2.54,2.55,2.59,2.51,76170,52330486.00,3.13,-0.39,-0.01,0.63
2013-11-22,2.56,2.60,2.64,2.54,95702,66682106.00,3.92,1.96,0.05,0.79
2013-11-25,2.57,2.56,2.62,2.55,64150,44525120.00,2.69,-1.54,-0.04,0.53
2013-11-26,2.57,2.47,2.62,2.45,107900,73238224.00,6.64,-3.52,-0.09,0.89
2013-11-27,2.47,2.75,2.79,2.46,253589,179951407.00,13.36,11.34,0.28,2.09
2013-11-28,2.77,2.77,2.79,2.72,169351,123492104.00,2.55,0.73,0.02,1.40
2013-11-29,2.75,2.79,2.89,2.74,153064,113495847.00,5.42,0.72,0.02,1.26
2013-12-02,2.71,2.66,2.78,2.61,129721,92726318.00,6.09,-4.66,-0.13,1.07
2013-12-03,2.65,2.91,2.93,2.63,235115,175951194.00,11.28,9.40,0.25,1.94
2013-12-04,2.90,2.91,2.99,2.87,202331,154630680.00,4.12,0.00,0.00,1.67
2013-12-05,2.92,3.02,3.09,2.91,225983,176963581.00,6.19,3.78,0.11,1.86
2013-12-06,3.01,3.03,3.06,2.94,122194,94747375.00,3.97,0.33,0.01,1.01
2013-12-09,3.04,2.95,3.04,2.94,108476,83858814.00,3.30,-2.64,-0.08,0.89
2013-12-10,2.95,2.91,2.97,2.89,97747,74777229.00,2.71,-1.36,-0.04,0.81
2013-12-11,2.91,2.81,2.91,2.76,128199,94776339.00,5.15,-3.44,-0.10,1.06
2013-12-12,2.82,2.84,2.88,2.78,86899,64563335.00,3.56,1.07,0.03,0.72
2013-12-13,2.81,2.81,2.84,2.78,54277,40127977.00,2.11,-1.06,-0.03,0.45
2013-12-16,2.86,2.68,2.91,2.65,162016,117453045.00,9.25,-4.63,-0.13,1.33
2013-12-17,2.68,2.66,2.70,2.60,67121,47449517.00,3.73,-0.75,-0.02,0.55
2013-12-18,2.67,2.67,2.70,2.64,47301,33637750.00,2.26,0.38,0.01,0.39
2013-12-19,2.69,2.61,2.70,2.60,53757,38042765.00,3.75,-2.25,-0.06,0.44
2013-12-20,2.62,2.52,2.63,2.50,79457,54719378.00,4.98,-3.45,-0.09,0.65
2013-12-23,2.55,2.48,2.55,2.46,85917,57815929.00,3.57,-1.59,-0.04,0.71
2013-12-24,2.48,2.50,2.54,2.45,59151,40070041.00,3.63,0.81,0.02,0.49
2013-12-25,2.50,2.55,2.55,2.46,41896,28518882.00,3.60,2.00,0.05,0.35
2013-12-26,2.56,2.47,2.56,2.46,50112,33784991.00,3.92,-3.14,-0.08,0.41
2013-12-27,2.48,2.54,2.56,2.45,61203,41658145.00,4.45,2.83,0.07,0.50
2013-12-30,2.56,2.55,2.58,2.54,55112,37889716.00,1.57,0.39,0.01,0.45
2013-12-31,2.55,2.63,2.63,2.51,59807,41429613.00,4.71,3.14,0.08,0.49