2020-01-02,1082.74,1084.09,1088.51,1078.47,118986,55117466.00,0.93,0.67,7.19,0.63
2020-01-03,1086.21,1089.93,1096.85,1082.63,135233,60035749.00,1.31,0.54,5.84,0.71
2020-01-06,1088.03,1093.84,1099.43,1086.27,118348,53936482.00,1.21,0.36,3.91,0.63
2020-01-07,1097.70,1117.97,1119.90,1097.70,121386,60000029.00,2.03,2.21,24.13,0.64
2020-01-08,1122.04,1121.84,1142.78,1109.35,450636,191267981.00,2.99,0.35,3.87,2.38
2020-01-09,1126.78,1129.22,1137.76,1120.94,164512,72303690.00,1.50,0.66,7.38,0.87
2020-01-10,1127.57,1147.51,1154.50,1126.87,206943,114946089.00,2.45,1.62,18.29,1.09
2020-01-13,1143.40,1146.40,1151.69,1134.31,143376,66175618.00,1.51,-0.10,-1.11,0.76
2020-01-14,1141.92,1139.87,1146.48,1135.09,108866,55489507.00,0.99,-0.57,-6.53,0.58
2020-01-15,1138.48,1118.81,1138.48,1118.53,89607,44564307.00,1.75,-1.85,-21.06,0.47
2020-01-16,1119.32,1113.37,1125.41,1111.08,70468,35766170.00,1.28,-0.49,-5.44,0.37
2020-01-17,1116.37,1104.20,1121.33,1104.07,65553,31562345.00,1.55,-0.82,-9.17,0.35
2020-01-20,1099.01,1112.88,1115.85,1096.84,238953,105361064.00,1.72,0.79,8.68,1.26
2020-01-21,1106.76,1096.91,1106.76,1095.35,123682,63741159.00,1.03,-1.44,-15.97,0.65
2020-01-22,1090.10,1085.32,1097.05,1070.98,109189,51504226.00,2.38,-1.06,-11.59,0.58
2020-01-23,1070.26,1057.44,1080.92,1042.55,182375,79053560.00,3.54,-2.57,-27.88,0.96
2020-02-03,968.87,968.87,968.87,968.87,14563,7900537.00,0.00,-8.38,-88.57,0.08
2020-02-04,888.88,898.71,906.64,888.88,350115,143173998.00,1.83,-7.24,-70.16,1.85
2020-02-05,895.74,906.25,922.34,887.13,241218,91657513.00,3.92,0.84,7.54,1.27
2020-02-06,903.09,916.81,919.88,896.78,228220,87843366.00,2.55,1.17,10.56,1.21
2020-02-07,911.34,935.41,937.02,910.83,226222,98930493.00,2.86,2.03,18.60,1.20
2020-02-10,930.28,945.59,946.48,915.56,202952,87220405.00,3.31,1.09,10.18,1.07
2020-02-11,955.27,978.66,988.96,952.57,250956,124405547.00,3.85,3.50,33.07,1.33
2020-02-12,972.50,981.46,989.59,972.50,225994,94777181.00,1.75,0.29,2.80,1.19
2020-02-13,971.15,966.34,971.78,956.96,155745,75496017.00,1.51,-1.54,-15.12,0.82
2020-02-14,962.84,961.63,970.28,953.36,114338,50029997.00,1.75,-0.49,-4.71,0.60
2020-02-17,957.88,982.72,982.72,957.07,145435,68596157.00,2.67,2.19,21.09,0.77
2020-02-18,982.09,993.80,993.80,977.21,153565,75817409.00,1.69,1.13,11.08,0.81
2020-02-19,997.48,1010.41,1027.59,996.59,222643,118646052.00,3.12,1.67,16.61,1.18
2020-02-20,1011.47,1028.35,1032.58,1008.32,255881,129298760.00,2.40,1.78,17.94,1.35
2020-02-21,1022.54,1014.66,1022.54,1011.32,199629,97314097.00,1.09,-1.33,-13.69,1.05
2020-02-24,1015.01,994.64,1015.01,989.55,179736,79556668.00,2.51,-1.97,-20.02,0.95
2020-02-25,982.39,976.03,982.39,954.27,210017,95004026.00,2.83,-1.87,-18.61,1.11
2020-02-26,965.34,982.22,994.18,957.24,202160,81983772.00,3.78,0.63,6.19,1.07
2020-02-27,1021.02,1045.96,1055.09,1021.02,284578,173982664.00,3.47,6.49,63.74,1.50
2020-02-28,1021.84,993.22,1030.20,987.61,451462,208967994.00,4.07,-5.04,-52.74,2.39
2020-03-02,991.31,1016.42,1018.15,991.31,292634,135151585.00,2.70,2.34,23.20,1.55
2020-03-03,1021.33,1006.88,1021.33,1001.23,273283,126109947.00,1.98,-0.94,-9.54,1.44
2020-03-04,999.04,1009.00,1009.35,990.28,169969,79030818.00,1.89,0.21,2.12,0.90
2020-03-05,1012.47,1023.18,1029.95,1007.41,255658,118021412.00,2.23,1.41,14.18,1.35
2020-03-06,1009.81,1024.85,1024.85,1006.28,186916,80736743.00,1.81,0.16,1.67,0.99
2020-03-09,1012.38,1000.08,1029.44,999.17,189358,94279720.00,2.95,-2.42,-24.77,1.00
2020-03-10,980.71,1017.13,1018.07,980.66,183461,87299885.00,3.74,1.70,17.05,0.97
2020-03-11,1016.62,1027.60,1041.24,1012.41,285628,146540758.00,2.83,1.03,10.47,1.51
2020-03-12,1012.67,1022.83,1033.47,1004.43,325861,149454179.00,2.83,-0.46,-4.77,1.72
2020-03-13,984.23,1019.22,1022.89,970.32,273849,121931625.00,5.14,-0.35,-3.61,1.45
2020-03-16,1033.20,1056.73,1084.64,1033.20,726108,335310788.00,5.05,3.68,37.51,3.84
2020-03-17,1074.91,1044.06,1074.91,1028.08,736523,317610386.00,4.43,-1.20,-12.67,3.89
2020-03-18,1064.91,1096.94,1111.47,1059.79,463405,229074078.00,4.95,5.06,52.88,2.45
2020-03-19,1156.83,1174.39,1174.39,1156.44,229998,154573825.00,1.64,7.06,77.45,1.22
2020-03-20,1221.18,1250.44,1258.70,1187.18,1424247,821559344.00,6.09,6.48,76.05,7.52
2020-03-23,1246.92,1197.28,1269.74,1197.28,1785733,928459081.00,5.79,-4.25,-53.16,9.43
2020-03-24,1175.94,1178.02,1182.54,1139.47,1150098,543610479.00,3.60,-1.61,-19.26,6.08
2020-03-25,1162.66,1200.33,1217.02,1161.65,1014167,496439688.00,4.70,1.89,22.31,5.36
2020-03-26,1180.15,1156.65,1200.82,1156.65,704931,334150102.00,3.68,-3.64,-43.68,3.72
2020-03-27,1166.05,1167.12,1190.29,1157.99,593025,284925687.00,2.79,0.91,10.47,3.13
2020-03-30,1144.28,1118.48,1144.28,1107.00,532354,244688548.00,3.19,-4.17,-48.64,2.81
2020-03-31,1126.67,1117.26,1144.31,1110.23,499795,206965059.00,3.05,-0.11,-1.22,2.64
2020-04-01,1102.29,1104.68,1124.16,1102.10,426698,179237242.00,1.97,-1.13,-12.58,2.25
2020-04-02,1101.26,1119.51,1127.34,1092.29,471852,196449729.00,3.17,1.34,14.83,2.49
2020-04-03,1117.78,1121.39,1133.17,1104.58,514094,214374184.00,2.55,0.17,1.88,2.72
2020-04-07,1132.46,1133.82,1141.40,1124.48,438064,196737191.00,1.51,1.11,12.43,2.31
2020-04-08,1124.34,1171.20,1188.97,1120.95,880892,424471067.00,6.00,3.30,37.38,4.65
2020-04-09,1159.07,1165.86,1172.69,1152.40,638228,303577815.00,1.73,-0.46,-5.34,3.37
2020-04-10,1159.04,1132.87,1159.04,1122.35,458337,204386590.00,3.15,-2.83,-32.99,2.42
2020-04-13,1129.56,1135.79,1144.07,1113.47,556434,249471000.00,2.70,0.26,2.92,2.94
2020-04-14,1129.41,1158.59,1163.55,1124.84,660017,314854145.00,3.41,2.01,22.80,3.49
2020-04-15,1155.83,1173.98,1182.19,1154.53,662642,305596044.00,2.39,1.33,15.39,3.50
2020-04-16,1159.42,1159.54,1181.62,1156.96,451959,214565142.00,2.10,-1.23,-14.44,2.39
2020-04-17,1163.72,1182.65,1187.62,1163.72,551647,268332497.00,2.06,1.99,23.11,2.91
2020-04-20,1184.35,1194.77,1194.80,1164.73,494611,232061227.00,2.54,1.02,12.12,2.61
2020-04-21,1192.33,1203.36,1215.60,1181.51,663351,324146638.00,2.85,0.72,8.59,3.50
2020-04-22,1188.90,1199.75,1201.01,1181.84,457465,222605349.00,1.59,-0.30,-3.61,2.42
2020-04-23,1207.23,1212.40,1217.49,1196.37,623001,302830659.00,1.76,1.05,12.65,3.29
2020-04-24,1209.57,1199.05,1217.84,1193.12,600967,267998899.00,2.04,-1.10,-13.35,3.18
2020-04-27,1208.33,1186.50,1218.16,1178.53,354366,152710325.00,3.31,-1.05,-12.55,1.87
2020-04-28,1181.13,1161.05,1188.93,1127.79,354420,149864290.00,5.15,-2.14,-25.45,1.87
2020-04-29,1158.08,1171.69,1185.78,1154.53,287993,126564790.00,2.69,0.92,10.64,1.52
2020-04-30,1177.94,1206.09,1211.36,1177.94,389038,181724824.00,2.85,2.94,34.40,2.06
2020-05-06,1189.46,1179.97,1189.46,1162.94,299800,136199009.00,2.20,-2.17,-26.12,1.58
2020-05-07,1175.82,1179.48,1185.81,1164.32,233399,100635005.00,1.82,-0.04,-0.49,1.23
2020-05-08,1178.55,1185.22,1192.24,1178.55,201941,90611055.00,1.16,0.49,5.74,1.07
2020-05-11,1183.91,1169.65,1195.30,1165.49,192142,82662045.00,2.52,-1.31,-15.57,1.02
2020-05-12,1167.58,1150.71,1167.58,1144.15,229749,100349247.00,2.00,-1.62,-18.94,1.21
2020-05-13,1146.59,1165.95,1167.23,1143.75,166550,76938944.00,2.04,1.32,15.24,0.88
2020-05-14,1160.94,1175.46,1182.24,1159.71,196440,84451283.00,1.93,0.82,9.51,1.04
2020-05-15,1177.54,1188.77,1199.97,1176.81,192709,86951251.00,1.97,1.13,13.31,1.02
2020-05-18,1196.39,1191.61,1200.49,1178.96,176287,81915090.00,1.81,0.24,2.84,0.93
2020-05-19,1202.29,1212.98,1213.67,1201.29,207316,94141260.00,1.04,1.79,21.37,1.10
2020-05-20,1213.59,1198.83,1218.71,1196.12,220849,101209854.00,1.86,-1.17,-14.15,1.17
2020-05-21,1198.96,1213.59,1249.34,1198.03,356579,195560108.00,4.28,1.23,14.76,1.88
2020-05-22,1204.99,1209.71,1216.77,1193.07,205997,114308612.00,1.95,-0.32,-3.88,1.09
2020-05-25,1202.85,1189.74,1215.05,1185.83,147775,84552627.00,2.42,-1.65,-19.97,0.78
2020-05-26,1195.50,1204.71,1214.28,1195.50,146116,83780718.00,1.58,1.26,14.97,0.77
2020-05-27,1207.42,1226.20,1234.84,1194.69,242723,168845431.00,3.33,1.78,21.49,1.28
2020-05-28,1230.00,1211.03,1233.06,1203.61,209039,131881977.00,2.40,-1.24,-15.17,1.10
2020-05-29,1202.25,1219.29,1226.54,1200.63,244042,160352349.00,2.14,0.68,8.26,1.29
2020-06-01,1223.72,1256.59,1265.99,1219.89,474869,261711156.00,3.78,3.06,37.30,2.51
2020-06-02,1279.08,1240.62,1295.47,1240.24,630351,354081708.00,4.40,-1.27,-15.97,3.33
2020-06-03,1258.05,1284.06,1293.58,1253.21,576123,296101972.00,3.25,3.50,43.44,3.04
2020-06-04,1306.40,1334.26,1348.12,1306.40,918970,508612407.00,3.25,3.91,50.20,4.86
2020-06-05,1339.49,1363.65,1372.63,1314.54,1321921,732748648.00,4.35,2.20,29.39,6.98
2020-06-08,1326.12,1330.18,1380.37,1307.63,1338595,748025091.00,5.33,-2.45,-33.47,7.07
2020-06-09,1337.44,1382.10,1389.08,1337.44,1567044,956746999.00,3.88,3.90,51.92,8.28
2020-06-10,1374.04,1359.34,1374.04,1326.48,1501196,887453893.00,3.44,-1.65,-22.76,7.93
2020-06-11,1343.98,1322.76,1347.58,1315.77,1051399,599790187.00,2.34,-2.69,-36.58,5.55
2020-06-12,1283.91,1354.35,1370.04,1283.91,913496,538610263.00,6.51,2.39,31.59,4.83
2020-06-15,1339.34,1337.34,1374.51,1316.71,859746,558378762.00,4.27,-1.26,-17.01,4.54
2020-06-16,1348.27,1357.22,1369.95,1337.64,720425,433375361.00,2.42,1.49,19.88,3.81
2020-06-17,1348.27,1313.89,1353.17,1309.63,739855,427488961.00,3.21,-3.19,-43.33,3.91
2020-06-18,1315.07,1281.98,1319.82,1278.10,572781,310385561.00,3.18,-2.43,-31.91,3.03
2020-06-19,1288.56,1294.03,1311.19,1285.01,753299,400863584.00,2.04,0.94,12.05,3.98
2020-06-22,1286.01,1279.09,1291.24,1268.83,592203,316601953.00,1.73,-1.15,-14.94,3.13
2020-06-23,1274.02,1276.51,1282.26,1264.09,366346,198291243.00,1.42,-0.20,-2.58,1.94
2020-06-24,1277.09,1256.66,1277.09,1251.39,397896,204798846.00,2.01,-1.56,-19.85,2.10
2020-06-29,1251.80,1234.09,1251.80,1229.38,289103,142638319.00,1.78,-1.80,-22.57,1.53
2020-06-30,1244.61,1245.84,1257.75,1239.70,274949,149501198.00,1.46,0.95,11.75,1.45
2020-07-01,1248.20,1251.84,1263.30,1242.58,294154,152594159.00,1.66,0.48,6.00,1.55
2020-07-02,1251.36,1272.09,1272.09,1242.36,413117,215652145.00,2.37,1.62,20.25,2.18
2020-07-03,1265.38,1290.94,1299.28,1258.78,505596,272488217.00,3.18,1.48,18.85,2.67
2020-07-06,1291.42,1311.92,1316.99,1286.45,628060,351838832.00,2.37,1.63,20.98,3.32
2020-07-07,1314.20,1309.26,1322.69,1302.14,650424,358860744.00,1.57,-0.20,-2.66,3.44
2020-07-08,1298.45,1303.89,1309.70,1289.74,602056,322904935.00,1.52,-0.41,-5.37,3.18
2020-07-09,1309.54,1371.22,1372.96,1307.56,770978,449253577.00,5.02,5.16,67.33,4.07
2020-07-10,1371.49,1413.36,1433.61,1366.15,734346,437850182.00,4.92,3.07,42.14,3.88
2020-07-13,1416.65,1424.44,1429.45,1380.07,659668,381937535.00,3.49,0.78,11.08,3.49
2020-07-14,1414.12,1426.50,1435.72,1396.45,921315,511952372.00,2.76,0.14,2.06,4.87
2020-07-15,1461.15,1476.23,1534.13,1461.15,1286416,785509712.00,5.12,3.49,49.73,6.80
2020-07-16,1424.09,1361.46,1424.09,1360.91,807098,444949702.00,4.28,-7.77,-114.77,4.26
2020-07-17,1353.94,1357.96,1385.18,1326.37,477464,258722751.00,4.32,-0.26,-3.50,2.52
2020-07-20,1363.99,1386.97,1386.97,1344.84,388691,221114086.00,3.10,2.14,29.01,2.05
2020-07-21,1420.95,1433.77,1444.19,1395.67,622831,973547672.00,3.50,3.37,46.80,3.29
2020-07-22,1431.28,1444.52,1467.87,1405.86,638748,1172076248.00,4.32,0.75,10.75,3.37
2020-07-23,1428.05,1404.76,1435.71,1388.23,530805,781844277.00,3.29,-2.75,-39.76,2.80
2020-07-24,1393.86,1383.56,1410.26,1374.05,679236,830306040.00,2.58,-1.51,-21.20,3.59
2020-07-27,1384.30,1367.36,1413.86,1353.13,427773,546535424.00,4.39,-1.17,-16.20,2.26
2020-07-28,1369.21,1375.77,1388.54,1362.59,323732,446281787.00,1.90,0.62,8.41,1.71
2020-07-29,1372.08,1394.43,1400.10,1358.36,374562,457290671.00,3.03,1.36,18.66,1.98
2020-07-30,1395.17,1394.53,1405.26,1382.98,363610,505129072.00,1.60,0.01,0.10,1.92
2020-07-31,1389.44,1383.91,1405.00,1378.59,350337,460289658.00,1.89,-0.76,-10.62,1.85
2020-08-03,1388.59,1406.43,1406.43,1381.98,404018,458734316.00,1.77,1.63,22.52,2.13
2020-08-04,1409.53,1424.55,1427.83,1402.20,439583,707286937.00,1.82,1.29,18.12,2.32
2020-08-05,1417.40,1422.36,1426.83,1398.70,345749,496883303.00,1.97,-0.15,-2.19,1.83
2020-08-06,1422.61,1394.82,1422.61,1389.44,325202,415881108.00,2.33,-1.94,-27.54,1.72
2020-08-07,1402.88,1427.05,1451.10,1402.88,1074203,812278812.00,3.46,2.31,32.23,5.68
2020-08-10,1407.47,1410.76,1429.11,1394.25,1066661,768075330.00,2.44,-1.14,-16.29,5.64
2020-08-11,1398.00,1392.37,1424.58,1391.53,741618,557397062.00,2.34,-1.30,-18.39,3.92
2020-08-12,1370.41,1362.92,1379.13,1326.82,530043,438694157.00,3.76,-2.12,-29.45,2.80
2020-08-13,1360.79,1353.03,1372.94,1350.36,408489,323448073.00,1.66,-0.73,-9.89,2.16
2020-08-14,1346.92,1341.60,1348.84,1328.49,368146,289602754.00,1.50,-0.84,-11.43,1.94
2020-08-17,1339.82,1351.03,1357.53,1336.96,381290,298687512.00,1.53,0.70,9.43,2.01
2020-08-18,1351.67,1360.58,1362.55,1346.79,410562,306145544.00,1.17,0.71,9.55,2.17
2020-08-19,1360.28,1348.97,1371.73,1345.59,393857,356280209.00,1.92,-0.85,-11.61,2.08
2020-08-20,1334.98,1356.24,1367.10,1327.65,585136,426930643.00,2.92,0.54,7.27,3.09
2020-08-21,1351.16,1345.53,1361.30,1340.79,414905,344174192.00,1.51,-0.79,-10.71,2.19
2020-08-24,1343.69,1325.91,1343.69,1311.72,337189,257864343.00,2.38,-1.46,-19.62,1.78
2020-08-25,1326.58,1320.64,1329.88,1318.15,275286,223316056.00,0.88,-0.40,-5.27,1.45
2020-08-26,1318.24,1292.90,1321.45,1289.14,349889,272111605.00,2.45,-2.10,-27.74,1.85
2020-08-27,1296.78,1299.11,1302.83,1286.43,197376,154676688.00,1.27,0.48,6.21,1.04
2020-08-28,1298.89,1321.03,1322.33,1289.87,220069,253481253.00,2.50,1.69,21.92,1.16
2020-08-31,1334.21,1326.06,1338.01,1323.91,318155,253051721.00,1.07,0.38,5.03,1.68
2020-09-01,1321.94,1318.28,1330.17,1310.44,181272,160382588.00,1.49,-0.59,-7.78,0.96
2020-09-02,1322.75,1308.60,1326.20,1305.24,253820,207606763.00,1.59,-0.73,-9.68,1.34
2020-09-03,1306.38,1312.23,1321.72,1302.44,337022,249651067.00,1.47,0.28,3.63,1.78
2020-09-04,1297.76,1306.86,1308.48,1286.35,285340,216761006.00,1.69,-0.41,-5.37,1.51
2020-09-07,1310.14,1306.65,1322.55,1298.69,405442,334877328.00,1.83,-0.02,-0.21,2.14
2020-09-08,1309.63,1301.50,1310.38,1295.05,303953,284096370.00,1.17,-0.39,-5.15,1.61
2020-09-09,1288.06,1290.66,1303.78,1272.50,319619,281726675.00,2.40,-0.83,-10.84,1.69
2020-09-10,1299.29,1252.60,1314.70,1250.01,401563,297574192.00,5.01,-2.95,-38.06,2.12
2020-09-11,1249.68,1266.64,1269.91,1238.52,194494,152074163.00,2.51,1.12,14.04,1.03
2020-09-14,1268.56,1274.31,1288.08,1266.08,295783,195462896.00,1.74,0.61,7.67,1.56
2020-09-15,1277.03,1293.19,1299.00,1268.91,478653,303402244.00,2.36,1.48,18.88,2.53
2020-09-16,1282.33,1279.12,1286.89,1272.13,306241,198018036.00,1.14,-1.09,-14.07,1.62
2020-09-17,1274.51,1277.10,1287.87,1272.64,217648,162633421.00,1.19,-0.16,-2.02,1.15
2020-09-18,1276.37,1300.11,1302.91,1275.66,350962,233393303.00,2.13,1.80,23.01,1.85
2020-09-21,1299.62,1285.56,1300.40,1281.52,242317,177115046.00,1.45,-1.12,-14.55,1.28
2020-09-22,1276.57,1273.64,1292.20,1267.43,537831,325659963.00,1.93,-0.93,-11.92,2.84
2020-09-23,1275.97,1277.11,1279.78,1270.84,326539,214196230.00,0.70,0.27,3.47,1.73
2020-09-24,1274.39,1234.94,1274.92,1232.07,353950,234517881.00,3.36,-3.30,-42.17,1.87
2020-09-25,1239.87,1247.70,1264.72,1238.48,545763,345750729.00,2.12,1.03,12.76,2.88
2020-09-28,1248.25,1240.04,1257.25,1232.73,627701,396689952.00,1.97,-0.61,-7.66,3.32
2020-09-29,1238.73,1229.56,1239.08,1217.89,450903,292073878.00,1.71,-0.85,-10.48,2.38
2020-09-30,1228.31,1206.00,1228.31,1201.85,477645,280224100.00,2.15,-1.92,-23.56,2.52
2020-10-09,1216.76,1221.79,1228.60,1209.44,284826,180695292.00,1.59,1.31,15.79,1.50
2020-10-12,1219.73,1242.33,1242.33,1217.07,336028,218221392.00,2.07,1.68,20.54,1.78
2020-10-13,1239.31,1238.27,1242.87,1229.54,302774,212137238.00,1.07,-0.33,-4.06,1.60
2020-10-14,1228.38,1213.65,1228.38,1209.38,308169,180148802.00,1.53,-1.99,-24.62,1.63
2020-10-15,1208.00,1189.53,1208.00,1188.46,228884,140496624.00,1.61,-1.99,-24.12,1.21
2020-10-16,1187.99,1205.92,1207.74,1187.99,139303,95757370.00,1.66,1.38,16.39,0.74
2020-10-19,1208.73,1197.67,1216.77,1194.77,130338,98894257.00,1.82,-0.68,-8.25,0.69
2020-10-20,1193.74,1205.79,1205.79,1185.93,131024,92235458.00,1.66,0.68,8.12,0.69
2020-10-21,1199.70,1199.70,1209.59,1193.28,138762,96391516.00,1.35,-0.51,-6.09,0.73
2020-10-22,1201.87,1185.11,1201.87,1175.55,123542,91495280.00,2.19,-1.22,-14.59,0.65
2020-10-23,1183.30,1177.17,1192.02,1175.36,143181,103637621.00,1.41,-0.67,-7.94,0.76
2020-10-26,1173.64,1159.21,1173.66,1155.86,118703,80624060.00,1.51,-1.53,-17.96,0.63
2020-10-27,1153.32,1151.53,1160.82,1149.11,92049,64097401.00,1.01,-0.66,-7.68,0.49
2020-10-28,1149.49,1142.96,1155.92,1125.56,165747,114650659.00,2.64,-0.74,-8.57,0.88
2020-10-29,1129.03,1132.15,1138.19,1124.74,102411,90720998.00,1.18,-0.95,-10.81,0.54
2020-10-30,1130.79,1114.38,1139.21,1111.96,116766,87912804.00,2.41,-1.57,-17.77,0.62
2020-11-02,1111.72,1090.39,1112.37,1085.61,143793,93152543.00,2.40,-2.15,-23.99,0.76
2020-11-03,1095.19,1118.35,1118.35,1087.93,161711,105403350.00,2.79,2.56,27.96,0.85
2020-11-04,1117.84,1104.63,1124.42,1101.88,102479,75553971.00,2.02,-1.23,-13.72,0.54
2020-11-05,1106.80,1130.77,1130.77,1106.70,146730,97138693.00,2.18,2.37,26.14,0.78
2020-11-06,1127.61,1124.86,1127.61,1118.56,112316,73793111.00,0.80,-0.52,-5.91,0.59
2020-11-09,1127.49,1151.39,1152.18,1127.49,187810,118438302.00,2.19,2.36,26.53,0.99
2020-11-10,1178.99,1159.05,1192.08,1156.16,259685,189490132.00,3.12,0.67,7.66,1.37
2020-11-11,1147.59,1153.56,1160.07,1144.74,166176,109301988.00,1.32,-0.47,-5.49,0.88
2020-11-12,1153.53,1181.30,1193.29,1152.96,172233,154415611.00,3.50,2.40,27.74,0.91
2020-11-13,1171.72,1192.70,1198.08,1171.72,148635,143813742.00,2.23,0.97,11.40,0.79
2020-11-16,1192.35,1203.77,1207.61,1191.89,143935,122459804.00,1.32,0.93,11.07,0.76
2020-11-17,1203.48,1216.25,1230.65,1203.48,189966,171107345.00,2.26,1.04,12.48,1.00
2020-11-18,1213.53,1206.41,1216.62,1203.52,142200,113841243.00,1.08,-0.81,-9.84,0.75
2020-11-19,1207.21,1213.00,1218.81,1206.43,155984,139950760.00,1.03,0.55,6.59,0.82
2020-11-20,1211.80,1216.25,1222.00,1211.14,159844,112988153.00,0.90,0.27,3.25,0.84
2020-11-23,1214.37,1212.48,1214.52,1196.21,180553,140288644.00,1.51,-0.31,-3.77,0.95
2020-11-24,1211.48,1215.55,1220.77,1208.00,151928,125227489.00,1.05,0.25,3.07,0.80
2020-11-25,1217.86,1198.05,1219.50,1197.60,149683,109882114.00,1.80,-1.44,-17.50,0.79
2020-11-26,1197.05,1211.80,1235.19,1195.64,162717,225496793.00,3.30,1.15,13.75,0.86
2020-11-27,1213.37,1250.96,1254.88,1206.25,222387,331776064.00,4.01,3.23,39.16,1.17
2020-11-30,1247.53,1246.50,1258.81,1243.64,184047,241911781.00,1.21,-0.36,-4.46,0.97
2020-12-01,1249.01,1241.15,1251.90,1235.64,151134,171880364.00,1.30,-0.43,-5.35,0.80
2020-12-02,1242.56,1260.97,1263.62,1242.56,194363,194825774.00,1.70,1.60,19.82,1.03
2020-12-03,1261.58,1257.24,1272.58,1253.25,158800,185733277.00,1.53,-0.30,-3.73,0.84
2020-12-04,1252.79,1250.04,1255.04,1246.35,136638,151260271.00,0.69,-0.57,-7.20,0.72
2020-12-07,1249.90,1256.31,1257.86,1249.34,123002,107324597.00,0.68,0.50,6.27,0.65
2020-12-08,1258.43,1245.43,1260.94,1239.79,134889,135966464.00,1.68,-0.87,-10.88,0.71
2020-12-09,1244.58,1231.81,1255.81,1230.24,156301,121099549.00,2.05,-1.09,-13.62,0.83
2020-12-10,1226.45,1238.65,1249.86,1226.45,124542,95233897.00,1.90,0.56,6.84,0.66
2020-12-11,1233.75,1227.62,1240.67,1215.65,163251,115304348.00,2.02,-0.89,-11.03,0.86
2020-12-14,1224.04,1222.93,1231.95,1212.02,131248,97914239.00,1.62,-0.38,-4.69,0.69
2020-12-15,1210.51,1200.36,1216.79,1197.44,137070,92232426.00,1.58,-1.85,-22.57,0.72
2020-12-16,1188.73,1230.26,1238.45,1177.87,529332,312790623.00,5.05,2.49,29.90,2.80
2020-12-17,1212.79,1234.26,1242.76,1207.29,362949,228959237.00,2.88,0.33,4.00,1.92
2020-12-18,1231.26,1225.14,1232.89,1221.32,205517,133554673.00,0.94,-0.74,-9.12,1.09
2020-12-21,1219.41,1218.26,1224.68,1207.02,182939,110548528.00,1.44,-0.56,-6.88,0.97
2020-12-22,1215.24,1198.45,1220.93,1194.58,244897,169435646.00,2.16,-1.63,-19.81,1.29
2020-12-23,1189.36,1183.68,1207.83,1179.73,235967,154534872.00,2.34,-1.23,-14.77,1.25
2020-12-24,1181.05,1154.43,1181.05,1149.57,175447,113907623.00,2.66,-2.47,-29.25,0.93
2020-12-25,1151.15,1159.55,1165.91,1144.20,121495,77358847.00,1.88,0.44,5.12,0.64
2020-12-28,1149.37,1127.71,1149.37,1116.59,187648,115428428.00,2.83,-2.75,-31.84,0.99
2020-12-29,1122.60,1135.63,1145.15,1120.25,108555,71520656.00,2.21,0.70,7.92,0.57
2020-12-30,1145.23,1136.83,1148.01,1130.36,112037,77810661.00,1.55,0.11,1.20,0.59
2020-12-31,1136.52,1156.65,1164.39,1136.52,169764,101715307.00,2.45,1.74,19.82,0.90