MjAyMy0wMS0wMyw4LjI5LDguNDUsOC40NSw4LjIzLDEzMzI4OSwxMTE3MjQyMTMuNzgsMi42NSwxLjkzLDAuMTYsMC40Mg==
2023-01-04,8.45,8.50,8.66,8.43,211285,180316163.30,2.72,0.59,0.05,0.66
2023-01-05,8.48,8.55,8.57,8.44,131384,112148020.88,1.53,0.59,0.05,0.41
2023-01-06,8.53,8.53,8.62,8.49,147136,125975785.25,1.52,-0.23,-0.02,0.46
2023-01-09,8.56,8.55,8.61,8.53,132614,113684640.78,0.94,0.23,0.02,0.41
2023-01-10,8.55,8.66,8.72,8.54,228360,197815864.01,2.11,1.29,0.11,0.71
2023-01-11,8.61,8.72,8.93,8.61,324582,285077761.55,3.70,0.69,0.06,1.01
2023-01-12,8.67,8.56,8.69,8.55,176071,151168697.95,1.61,-1.83,-0.16,0.55
2023-01-13,8.57,8.59,8.61,8.52,102606,87860327.77,1.05,0.35,0.03,0.32
2023-01-16,8.52,8.68,8.73,8.52,173589,150519934.59,2.44,1.05,0.09,0.54
2023-01-17,8.66,8.78,8.84,8.66,234342,205479051.66,2.07,1.15,0.10,0.73
2023-01-18,8.78,8.78,8.82,8.73,128368,112578526.98,1.03,0.00,0.00,0.40
2023-01-19,8.75,8.89,8.92,8.73,188260,166559051.61,2.16,1.25,0.11,0.59
2023-01-20,8.93,8.91,8.96,8.86,189827,169077742.70,1.12,0.22,0.02,0.59
2023-01-30,9.03,8.97,9.09,8.97,299242,269982246.30,1.35,0.67,0.06,0.93
2023-01-31,8.98,8.92,9.04,8.91,167218,149642796.65,1.45,-0.56,-0.05,0.52
2023-02-01,8.98,9.19,9.23,8.95,436622,400235327.75,3.14,3.03,0.27,1.36
2023-02-02,9.22,9.23,9.38,9.21,423401,393070011.39,1.85,0.44,0.04,1.32
2023-02-03,9.22,9.29,9.32,9.10,301144,277475208.59,2.38,0.65,0.06,0.94
2023-02-06,9.23,9.15,9.30,9.14,193536,177977055.62,1.72,-1.51,-0.14,0.60
2023-02-07,9.16,9.16,9.24,9.10,171097,156520556.63,1.53,0.11,0.01,0.53
2023-02-08,9.18,9.05,9.27,9.03,239236,218612991.06,2.62,-1.20,-0.11,0.75
2023-02-09,9.00,9.36,9.39,9.00,504666,467335337.65,4.31,3.43,0.31,1.58
2023-02-10,9.34,9.47,9.59,9.33,525986,498120173.95,2.78,1.18,0.11,1.64
2023-02-13,9.47,9.61,9.63,9.41,439505,419956106.17,2.32,1.48,0.14,1.37
2023-02-14,9.58,9.72,10.27,9.57,982116,976702436.99,7.28,1.14,0.11,3.07
2023-02-15,9.68,9.90,9.96,9.67,610617,601354630.73,2.98,1.85,0.18,1.91
2023-02-16,9.82,9.54,9.92,9.47,674851,656119522.37,4.55,-3.64,-0.36,2.11
2023-02-17,9.56,9.36,9.64,9.35,380093,359751771.76,3.04,-1.89,-0.18,1.19
2023-02-20,9.37,9.66,9.70,9.27,499667,475011315.73,4.59,3.21,0.30,1.56
2023-02-21,9.63,9.59,9.74,9.50,334925,321671441.05,2.48,-0.72,-0.07,1.05
2023-02-22,9.48,9.57,9.66,9.40,277698,264354687.62,2.71,-0.21,-0.02,0.87
2023-02-23,9.54,9.45,9.56,9.40,242680,229768338.77,1.67,-1.25,-0.12,0.76
2023-02-24,9.52,9.50,9.64,9.42,348939,332712878.58,2.33,0.53,0.05,1.09
2023-02-27,9.44,9.51,9.74,9.41,420670,403437277.86,3.47,0.11,0.01,1.31
2023-02-28,9.59,9.58,9.71,9.42,333797,319176390.95,3.05,0.74,0.07,1.04
2023-03-01,9.53,9.78,9.79,9.50,536476,520722654.02,3.03,2.09,0.20,1.67
2023-03-02,9.78,9.67,9.83,9.65,325758,316174430.99,1.84,-1.12,-0.11,1.02
2023-03-03,9.81,10.00,10.04,9.77,903629,897566581.11,2.79,3.41,0.33,2.82
2023-03-06,10.00,9.88,10.19,9.84,596798,593971647.33,3.50,-1.20,-0.12,1.86
2023-03-07,9.84,9.50,9.87,9.48,450826,435218631.99,3.95,-3.85,-0.38,1.41
2023-03-08,9.50,9.65,9.68,9.46,245775,235661529.58,2.32,1.58,0.15,0.77
2023-03-09,9.63,9.66,9.77,9.61,277599,268869068.11,1.66,0.10,0.01,0.87
2023-03-10,9.56,9.61,9.73,9.51,291493,281101814.92,2.28,-0.52,-0.05,0.91
2023-03-13,9.55,9.63,9.66,9.50,250052,239176476.95,1.66,0.21,0.02,0.78
2023-03-14,9.58,9.86,9.95,9.35,602214,582427059.88,6.23,2.39,0.23,1.88
2023-03-15,9.90,9.84,10.03,9.80,521234,515957016.70,2.33,-0.20,-0.02,1.63
2023-03-16,9.74,10.15,10.27,9.72,1361529,1379203751.44,5.59,3.15,0.31,4.25
2023-03-17,10.15,10.09,10.23,10.02,823076,834074149.74,2.07,-0.59,-0.06,2.57
2023-03-20,10.04,10.36,10.37,10.04,1018627,1047065829.23,3.27,2.68,0.27,3.18
2023-03-21,10.30,10.44,10.45,10.19,693736,715327721.07,2.51,0.77,0.08,2.17
2023-03-22,10.44,10.40,10.48,10.31,487740,506394806.68,1.63,-0.38,-0.04,1.52
2023-03-23,10.35,10.37,10.53,10.23,903225,936355484.71,2.88,-0.29,-0.03,2.82
2023-03-24,10.41,10.24,10.43,10.22,681371,701164503.52,2.03,-1.25,-0.13,2.13
2023-03-27,10.25,10.27,10.39,10.15,560170,575716692.02,2.34,0.29,0.03,1.75
2023-03-28,10.25,10.02,10.25,9.96,574929,578139330.29,2.82,-2.43,-0.25,1.79
2023-03-29,10.05,10.11,10.23,9.85,585891,588289852.03,3.79,0.90,0.09,1.83
2023-03-30,10.12,10.10,10.29,10.02,414056,420406158.70,2.67,-0.10,-0.01,1.29
2023-03-31,10.04,10.10,10.15,9.99,325927,328134705.42,1.58,0.00,0.00,1.02
2023-04-03,10.13,10.44,10.48,10.13,844035,873616216.80,3.47,3.37,0.34,2.63
2023-04-04,10.47,10.50,10.65,10.38,936460,985900681.28,2.59,0.57,0.06,2.92
2023-04-06,10.54,10.88,11.03,10.43,1411875,1529194352.75,5.71,3.62,0.38,4.41
2023-04-07,10.95,10.82,10.98,10.73,842881,912685505.87,2.30,-0.55,-0.06,2.63
2023-04-10,10.88,10.54,10.98,10.50,839911,901488714.93,4.44,-2.59,-0.28,2.62
2023-04-11,10.56,10.56,10.71,10.43,535400,565290498.51,2.66,0.19,0.02,1.67
2023-04-12,10.53,10.63,10.72,10.40,522245,554411912.30,3.03,0.66,0.07,1.63
2023-04-13,10.53,10.27,10.66,10.26,630917,658029654.38,3.76,-3.39,-0.36,1.97
2023-04-14,10.39,10.69,10.74,10.16,813195,854139258.46,5.65,4.09,0.42,2.54
2023-04-17,10.70,10.50,10.73,10.41,585210,615125430.90,2.99,-1.78,-0.19,1.83
2023-04-18,10.42,10.30,10.49,10.22,448396,462203817.23,2.57,-1.90,-0.20,1.40
2023-04-19,10.30,10.26,10.45,10.24,454651,470091055.99,2.04,-0.39,-0.04,1.42
2023-04-20,10.22,10.31,10.41,10.13,537585,552275271.51,2.73,0.49,0.05,1.68
2023-04-21,10.22,9.48,10.24,9.47,969347,946451171.25,7.47,-8.05,-0.83,3.03
2023-04-24,9.48,9.37,9.60,9.30,399582,377294577.89,3.16,-1.16,-0.11,1.25
2023-04-25,9.37,9.24,9.47,9.11,368426,341944464.91,3.84,-1.39,-0.13,1.15
2023-04-26,9.05,8.91,9.09,8.67,597337,530603193.82,4.55,-3.57,-0.33,1.86
2023-04-27,8.88,8.95,9.10,8.86,371854,334477253.14,2.69,0.45,0.04,1.16
2023-04-28,8.58,8.96,8.98,8.48,430891,379425798.83,5.59,0.11,0.01,1.34
2023-05-04,8.91,8.80,8.95,8.73,292352,257323384.79,2.46,-1.79,-0.16,0.91
2023-05-05,8.79,8.82,8.95,8.78,249621,221024842.40,1.93,0.23,0.02,0.78
2023-05-08,8.82,8.90,8.98,8.80,279381,248052156.03,2.04,0.91,0.08,0.87
2023-05-09,8.90,9.12,9.21,8.88,458467,416313167.35,3.71,2.47,0.22,1.43
2023-05-10,9.15,9.10,9.20,8.95,285984,259148215.70,2.74,-0.22,-0.02,0.89
2023-05-11,9.15,9.07,9.19,9.05,195430,177863779.20,1.54,-0.33,-0.03,0.61
2023-05-12,9.05,9.11,9.24,9.04,236904,216379400.12,2.21,0.44,0.04,0.74
2023-05-15,9.08,9.44,9.50,9.08,463951,435471995.65,4.61,3.62,0.33,1.45
2023-05-16,9.49,9.66,9.87,9.46,643132,622440144.22,4.34,2.33,0.22,2.01
2023-05-17,9.60,9.64,9.71,9.56,264183,254466743.37,1.55,-0.21,-0.02,0.82
2023-05-18,9.64,9.55,9.73,9.51,245315,235618629.72,2.28,-0.93,-0.09,0.77
2023-05-19,9.55,9.66,9.73,9.54,301134,291021698.91,1.99,1.15,0.11,0.94
2023-05-22,9.73,9.59,9.81,9.52,214835,206475815.18,3.00,-0.72,-0.07,0.67
2023-05-23,9.55,9.42,9.57,9.41,194637,184437675.49,1.67,-1.77,-0.17,0.61
2023-05-24,9.39,9.43,9.56,9.31,186524,175845218.06,2.65,0.11,0.01,0.58
2023-05-25,9.56,9.44,9.64,9.27,206451,194611821.55,3.92,0.11,0.01,0.64
2023-05-26,9.44,9.53,9.58,9.41,167941,159695833.56,1.80,0.95,0.09,0.52
2023-05-29,9.73,9.75,9.80,9.65,422383,411402595.27,1.57,2.31,0.22,1.32
2023-05-30,9.70,9.84,9.84,9.62,281963,274352055.07,2.26,0.92,0.09,0.88
2023-05-31,9.84,9.72,9.84,9.54,285626,276514882.93,3.05,-1.22,-0.12,0.89
2023-06-01,9.64,9.69,9.78,9.60,194873,188867670.31,1.85,-0.31,-0.03,0.61
2023-06-02,9.69,9.63,9.76,9.56,212979,205179852.69,2.06,-0.62,-0.06,0.66
2023-06-05,9.61,9.53,9.72,9.53,207767,199747943.81,1.97,-1.04,-0.10,0.65
2023-06-06,9.51,9.25,9.53,9.24,220849,207206853.43,3.04,-2.94,-0.28,0.69
2023-06-07,9.30,9.42,9.67,9.28,246753,233842632.84,4.22,1.84,0.17,0.77
2023-06-08,9.37,9.19,9.41,9.10,217716,200685356.93,3.29,-2.44,-0.23,0.68
2023-06-09,9.19,9.29,9.30,9.08,295108,271035745.84,2.39,1.09,0.10,0.92
2023-06-12,9.26,9.39,9.50,9.25,241896,227774402.14,2.69,1.08,0.10,0.76
2023-06-13,9.40,9.70,9.73,9.28,425697,407847177.25,4.79,3.30,0.31,1.33
2023-06-14,9.67,9.69,9.75,9.52,322917,311442072.26,2.37,-0.10,-0.01,1.01
2023-06-15,9.76,9.62,9.77,9.61,202176,195457001.00,1.65,-0.72,-0.07,0.63
2023-06-16,9.61,9.62,9.64,9.47,279686,267441086.58,1.77,0.00,0.00,0.87