MjAwNi0wMS0wNCwtMC4wNSwtMC4wMywtMC4wMiwtMC4wNiwyMDAwMSw3MzM0NjA1LjAwLC02Ni42Nyw1MC4wMCwwLjAzLDAuODg=
2006-01-05,-0.03,-0.02,-0.01,-0.05,22574,8297222.00,-133.33,33.33,0.01,0.99
2006-01-06,-0.02,-0.01,0.00,-0.03,31321,11677557.00,-150.00,50.00,0.01,1.37
2006-01-09,0.00,0.01,0.02,-0.02,31532,11911992.00,-400.00,200.00,0.02,1.38
2006-01-10,0.01,0.03,0.04,0.00,25990,9921884.00,400.00,200.00,0.02,1.14
2006-01-11,0.02,0.00,0.02,-0.02,24308,9150033.00,133.33,-100.00,-0.03,1.07
2006-01-12,-0.01,0.03,0.03,-0.02,24110,9120667.00,-1153.84,0.00,0.03,1.06
2006-01-13,0.03,0.04,0.04,0.00,31051,11887283.00,133.33,33.33,0.01,1.36
2006-01-16,0.03,-0.01,0.03,-0.01,26520,10103563.00,100.00,-125.00,-0.05,1.16
2006-01-18,0.00,0.02,0.02,-0.01,20211,7668501.00,-300.00,300.00,0.03,0.89
2006-01-19,0.02,0.05,0.06,0.01,45073,17480519.00,250.00,150.00,0.03,1.98
2006-01-20,0.04,0.10,0.11,0.02,60987,24171321.00,180.00,100.00,0.05,2.68
2006-01-23,0.11,0.14,0.15,0.10,87196,36150678.00,50.00,40.00,0.04,3.82
2006-01-24,0.14,0.12,0.16,0.12,36491,15201160.00,28.57,-14.29,-0.02,1.60
2006-01-25,0.12,0.13,0.14,0.11,27871,11501133.00,25.00,8.33,0.01,1.22
2006-02-06,0.13,0.14,0.14,0.11,31797,13170781.00,23.08,7.69,0.01,1.39
2006-02-07,0.14,0.09,0.14,0.07,53841,21849898.00,50.00,-35.71,-0.05,2.36
2006-02-08,0.09,0.09,0.09,0.05,31163,12349230.00,44.44,0.00,0.00,1.37
2006-02-09,0.11,0.05,0.11,0.05,28527,11339415.00,66.67,-44.44,-0.04,1.25
2006-02-10,0.06,0.07,0.08,0.05,22769,9004340.00,60.00,40.00,0.02,1.00
2006-02-13,0.09,0.11,0.13,0.08,46344,18860639.00,71.43,57.14,0.04,2.03
2006-02-14,0.11,0.10,0.11,0.09,15754,6366165.00,18.18,-9.09,-0.01,0.69
2006-02-15,0.11,0.08,0.11,0.06,24377,9751914.00,50.00,-20.00,-0.02,1.07
2006-02-16,0.08,0.02,0.08,0.02,32655,12677505.00,75.00,-75.00,-0.06,1.43
2006-02-17,0.02,0.01,0.03,0.01,21406,8147006.00,100.00,-50.00,-0.01,0.94
2006-02-20,0.00,0.00,0.02,-0.01,15509,5861413.00,300.00,-100.00,-0.01,0.68
2006-02-21,0.00,0.02,0.03,-0.02,17088,6421015.00,2000.02,0.00,0.02,0.75
2006-02-22,0.02,0.02,0.04,0.01,20512,7895948.00,150.00,0.00,0.00,0.90
2006-02-23,0.02,0.01,0.02,-0.02,17097,6420430.00,200.00,-50.00,-0.01,0.75
2006-02-24,0.01,0.02,0.03,0.00,17131,6519286.00,300.00,100.00,0.01,0.75
2006-03-15,-0.06,-0.03,-0.01,-0.06,65000,23654216.00,250.00,-250.00,-0.05,2.85
2006-03-16,-0.04,-0.02,-0.01,-0.04,36376,13426031.00,-100.00,33.33,0.01,1.60
2006-03-17,-0.05,-0.01,-0.01,-0.05,25789,9565925.00,-200.00,50.00,0.01,1.13
2006-03-20,-0.02,0.02,0.02,-0.03,31163,11762807.00,-500.00,300.00,0.03,1.37
2006-03-21,0.03,0.04,0.04,0.01,75906,29168986.00,150.00,100.00,0.02,3.33
2006-04-25,0.05,0.10,0.14,0.04,202479,80944073.00,250.00,150.00,0.06,8.07
2006-04-27,0.14,0.04,0.14,0.03,63082,24902866.00,110.00,-60.00,-0.06,2.52
2006-04-28,0.03,0.06,0.09,0.00,88955,34842328.00,225.00,50.00,0.02,3.55
2006-05-08,0.06,0.11,0.13,0.06,89530,36621840.00,116.67,83.33,0.05,3.57
2006-05-09,0.12,0.25,0.25,0.12,128889,56917677.00,118.18,127.27,0.14,5.14
2006-05-10,0.41,0.35,0.41,0.30,213988,103961552.00,44.00,40.00,0.10,8.53
2006-05-11,0.35,0.51,0.51,0.34,84564,43632358.00,48.57,45.71,0.16,3.37
2006-05-12,0.69,0.70,0.70,0.69,23932,13832855.00,1.96,37.25,0.19,0.95
2006-05-15,0.90,0.90,0.90,0.74,300219,186465159.00,22.86,28.57,0.20,11.97
2006-05-16,0.87,0.67,0.87,0.67,176866,103915625.00,22.22,-25.56,-0.23,7.05
2006-05-17,0.64,0.61,0.73,0.48,177021,97433933.00,37.31,-8.96,-0.06,7.06
2006-05-18,0.56,0.57,0.60,0.46,113901,60203025.00,22.95,-6.56,-0.04,4.54
2006-05-19,0.57,0.62,0.69,0.53,96471,53722842.00,28.07,8.77,0.05,3.85
2006-05-22,0.63,0.69,0.77,0.56,103410,59247215.00,33.87,11.29,0.07,4.12
2006-05-23,0.68,0.50,0.71,0.50,96235,51000541.00,30.43,-27.54,-0.19,3.84
2006-05-24,0.51,0.45,0.58,0.36,80589,40039196.00,44.00,-10.00,-0.05,3.21
2006-05-25,0.46,0.50,0.52,0.42,48761,24474637.00,22.22,11.11,0.05,1.94
2006-05-26,0.50,0.68,0.68,0.46,167089,91919327.00,44.00,36.00,0.18,6.66
2006-05-29,0.70,0.81,0.82,0.69,188300,111841108.00,19.12,19.12,0.13,7.51
2006-05-30,0.80,0.97,1.01,0.80,189141,121737188.00,25.93,19.75,0.16,7.54
2006-05-31,0.97,0.93,1.04,0.85,142079,90916406.00,19.59,-4.12,-0.04,5.67
2006-06-01,0.94,1.15,1.15,0.94,219443,151984772.00,22.58,23.66,0.22,8.75
2006-06-02,1.22,1.20,1.39,1.10,202680,147041630.00,25.22,4.35,0.05,8.08
2006-06-05,1.20,1.15,1.32,1.06,164983,114914660.00,21.67,-4.17,-0.05,6.58
2006-06-06,1.15,1.18,1.26,1.08,116885,83122193.00,15.65,2.61,0.03,4.66
2006-06-07,1.18,0.94,1.22,0.93,144400,94547310.00,24.58,-20.34,-0.24,5.76
2006-06-08,0.91,0.91,0.93,0.73,127124,77598091.00,21.28,-3.19,-0.03,5.07
2006-06-09,0.86,0.80,0.89,0.77,62126,37896200.00,13.19,-12.09,-0.11,2.48
2006-06-12,0.77,0.78,0.84,0.70,31719,18868607.00,17.50,-2.50,-0.02,1.26
2006-06-13,0.78,0.75,0.82,0.74,41459,24504366.00,10.26,-3.85,-0.03,1.65
2006-06-14,0.74,0.72,0.75,0.64,56562,31874186.00,14.67,-4.00,-0.03,2.26
2006-06-15,0.74,0.79,0.84,0.74,54434,32425514.00,13.89,9.72,0.07,2.17
2006-06-16,0.83,0.91,0.96,0.75,133472,81953535.00,26.58,15.19,0.12,5.32
2006-06-19,0.90,0.91,0.96,0.84,95409,60258191.00,13.19,0.00,0.00,3.80
2006-06-20,0.90,0.89,0.91,0.85,98017,60837260.00,6.59,-2.20,-0.02,3.91
2006-06-21,0.89,0.88,0.96,0.87,98927,62363785.00,10.11,-1.12,-0.01,3.94
2006-06-22,0.87,0.81,0.87,0.80,89251,53955426.00,7.95,-7.95,-0.07,3.56
2006-06-23,0.79,0.81,0.85,0.77,66109,39710828.00,9.88,0.00,0.00,2.64
2006-06-26,0.81,0.86,0.88,0.81,67442,41106845.00,8.64,6.17,0.05,2.69
2006-06-27,0.86,0.82,0.89,0.80,68487,41626754.00,10.47,-4.65,-0.04,2.73
2006-06-28,0.81,0.80,0.82,0.75,67810,40028785.00,8.54,-2.44,-0.02,2.70
2006-06-29,0.80,0.91,0.92,0.80,116031,71134285.00,15.00,13.75,0.11,4.63
2006-06-30,0.91,0.95,1.00,0.89,159244,102349552.00,12.09,4.40,0.04,6.35
2006-07-03,0.99,0.98,1.01,0.92,152630,98476566.00,9.47,3.16,0.03,6.09
2006-07-04,1.00,1.03,1.06,0.95,130099,85784433.00,11.22,5.10,0.05,5.19
2006-07-05,1.02,0.92,1.02,0.89,68366,43735738.00,12.62,-10.68,-0.11,2.73
2006-07-06,0.91,0.99,1.00,0.90,55080,35408637.00,10.87,7.61,0.07,2.20
2006-07-07,1.00,0.93,1.01,0.93,49433,31681742.00,8.08,-6.06,-0.06,1.97
2006-07-10,0.92,0.88,0.92,0.86,59225,36798337.00,6.45,-5.38,-0.05,2.36
2006-07-11,0.91,0.86,0.93,0.84,54091,33466832.00,10.23,-2.27,-0.02,2.16
2006-07-12,0.86,0.87,0.90,0.85,43658,27045902.00,5.81,1.16,0.01,1.74
2006-07-13,0.86,0.65,0.87,0.65,141036,81320313.00,25.29,-25.29,-0.22,5.62
2006-07-14,0.65,0.62,0.65,0.51,82019,44162703.00,21.54,-4.62,-0.03,3.27
2006-07-17,0.63,0.77,0.79,0.59,61128,34392966.00,32.26,24.19,0.15,2.44
2006-07-18,0.80,0.78,0.84,0.74,97784,58263413.00,12.99,1.30,0.01,3.90
2006-07-19,0.76,0.67,0.76,0.63,46478,26295812.00,16.67,-14.10,-0.11,1.85
2006-07-20,0.66,0.67,0.70,0.63,24703,13859197.00,10.45,0.00,0.00,0.99
2006-07-21,0.65,0.68,0.70,0.65,18775,10558281.00,7.46,1.49,0.01,0.75
2006-07-24,0.67,0.64,0.67,0.59,24789,13605524.00,11.76,-5.88,-0.04,0.99
2006-07-25,0.63,0.65,0.70,0.62,32320,18110288.00,12.50,1.56,0.01,1.29
2006-07-26,0.69,0.70,0.75,0.65,45593,26078743.00,15.38,7.69,0.05,1.82
2006-07-27,0.69,0.65,0.73,0.61,35044,19515301.00,17.14,-7.14,-0.05,1.40
2006-07-28,0.65,0.61,0.66,0.58,29197,15860848.00,12.31,-6.15,-0.04,1.16
2006-07-31,0.61,0.51,0.61,0.51,46736,24405111.00,16.39,-16.39,-0.10,1.86
2006-08-01,0.51,0.51,0.54,0.50,21017,10807608.00,7.84,0.00,0.00,0.84
2006-08-02,0.52,0.51,0.53,0.46,22302,11342448.00,13.73,0.00,0.00,0.89
2006-08-03,0.51,0.49,0.53,0.47,16720,8536406.00,11.76,-3.92,-0.02,0.67
2006-08-04,0.52,0.42,0.52,0.41,23022,11509126.00,22.45,-14.29,-0.07,0.92
2006-08-07,0.40,0.30,0.40,0.30,26595,12466515.00,23.81,-28.57,-0.12,1.06
2006-08-08,0.33,0.39,0.39,0.33,29472,13835879.00,20.00,30.00,0.09,1.18
2006-08-09,0.39,0.41,0.46,0.37,40134,19551938.00,23.08,5.13,0.02,1.60
2006-08-10,0.47,0.58,0.58,0.47,91181,48169035.00,26.83,41.46,0.17,3.64
2006-08-11,0.62,0.54,0.62,0.53,74451,39533340.00,15.52,-6.90,-0.04,2.97
2006-08-14,0.54,0.43,0.55,0.42,53588,27077796.00,24.07,-20.37,-0.11,2.14
2006-08-15,0.43,0.50,0.53,0.40,47472,24150912.00,30.23,16.28,0.07,1.89
2006-08-16,0.50,0.51,0.52,0.47,29984,15360989.00,10.00,2.00,0.01,1.20
2006-08-17,0.51,0.47,0.51,0.45,26412,13316148.00,11.76,-7.84,-0.04,1.05
2006-08-18,0.47,0.50,0.56,0.46,41407,21453311.00,21.28,6.38,0.03,1.65
2006-08-21,0.44,0.50,0.50,0.41,28754,14428191.00,18.00,0.00,0.00,1.15
2006-08-22,0.50,0.56,0.56,0.49,62366,32705624.00,14.00,12.00,0.06,2.49
2006-08-23,0.58,0.55,0.60,0.54,73903,39314977.00,10.71,-1.79,-0.01,2.95
2006-08-24,0.55,0.57,0.58,0.53,31179,16456446.00,9.09,3.64,0.02,1.24
2006-08-25,0.57,0.59,0.62,0.56,57922,31194509.00,10.53,3.51,0.02,2.31
2006-08-28,0.59,0.64,0.65,0.59,47419,25933312.00,10.17,8.47,0.05,1.89
2006-08-29,0.64,0.60,0.65,0.60,53581,29298546.00,7.81,-6.25,-0.04,2.14
2006-08-30,0.59,0.67,0.68,0.56,88879,48879994.00,20.00,11.67,0.07,3.54
2006-08-31,0.70,0.66,0.73,0.65,98447,55769667.00,11.94,-1.49,-0.01,3.93
2006-09-01,0.67,0.60,0.69,0.58,40573,22140934.00,16.67,-9.09,-0.06,1.62
2006-09-04,0.60,0.63,0.63,0.57,29809,16184031.00,10.00,5.00,0.03,1.19
2006-09-05,0.63,0.60,0.65,0.59,24213,13146382.00,9.52,-4.76,-0.03,0.97
2006-09-06,0.60,0.61,0.62,0.58,24471,13212175.00,6.67,1.67,0.01,0.98
2006-09-07,0.60,0.56,0.61,0.54,29525,15716355.00,11.48,-8.20,-0.05,1.18
2006-09-08,0.56,0.59,0.60,0.56,22968,12310451.00,7.14,5.36,0.03,0.92
2006-09-11,0.62,0.60,0.62,0.56,26677,14266686.00,10.17,1.69,0.01,1.06
2006-09-13,0.60,0.60,0.62,0.59,45385,24581343.00,5.00,0.00,0.00,1.81
2006-09-14,0.61,0.64,0.67,0.61,116268,64029756.00,10.00,6.67,0.04,4.64
2006-09-15,0.64,0.65,0.67,0.61,62707,34621576.00,9.38,1.56,0.01,2.50
2006-09-18,0.66,0.66,0.67,0.63,36053,19975520.00,6.15,1.54,0.01,1.44
2006-09-19,0.65,0.63,0.66,0.62,34419,18918246.00,6.06,-4.55,-0.03,1.37
2006-09-21,0.65,0.66,0.68,0.60,47523,26298951.00,12.70,4.76,0.03,1.89
2006-09-22,0.65,0.58,0.66,0.58,34418,18685248.00,12.12,-12.12,-0.08,1.37
2006-09-25,0.57,0.59,0.60,0.54,37858,20117005.00,10.34,1.72,0.01,1.51
2006-09-26,0.57,0.63,0.65,0.55,33377,17849746.00,16.95,6.78,0.04,1.33
2006-09-27,0.62,0.65,0.69,0.61,59975,33367530.00,12.70,3.17,0.02,2.39
2006-09-28,0.64,0.67,0.67,0.62,62873,35053627.00,7.69,3.08,0.02,2.51
2006-09-29,0.69,0.70,0.71,0.65,142487,80778884.00,8.96,4.48,0.03,5.68
2006-10-09,0.70,0.70,0.73,0.67,64589,36609002.00,8.57,0.00,0.00,2.58
2006-10-10,0.71,0.71,0.73,0.69,58383,33408619.00,5.71,1.43,0.01,2.33
2006-10-11,0.71,0.72,0.74,0.68,70237,40342861.00,8.45,1.41,0.01,2.80
2006-10-12,0.73,0.67,0.76,0.67,60949,34920846.00,12.50,-6.94,-0.05,2.43
2006-10-13,0.67,0.65,0.69,0.64,36619,20367490.00,7.46,-2.99,-0.02,1.46
2006-10-16,0.66,0.65,0.67,0.64,32448,18056257.00,4.62,0.00,0.00,1.29
2006-10-17,0.65,0.63,0.66,0.63,25048,13846818.00,4.62,-3.08,-0.02,1.00
2006-10-18,0.63,0.67,0.68,0.62,27917,15485527.00,9.52,6.35,0.04,1.11
2006-10-19,0.67,0.63,0.68,0.63,44955,24821393.00,7.46,-5.97,-0.04,1.79
2006-10-20,0.64,0.60,0.65,0.60,39677,21576034.00,7.94,-4.76,-0.03,1.58
2006-10-23,0.60,0.52,0.61,0.52,53702,28544788.00,15.00,-13.33,-0.08,2.14
2006-10-24,0.52,0.55,0.56,0.52,34735,18163996.00,7.69,5.77,0.03,1.39
2006-10-25,0.56,0.58,0.59,0.54,54848,29069988.00,9.09,5.45,0.03,2.19
2006-10-26,0.59,0.56,0.60,0.55,53013,28385810.00,8.62,-3.45,-0.02,2.11
2006-10-27,0.55,0.47,0.56,0.47,61820,31570855.00,16.07,-16.07,-0.09,2.47
2006-10-30,0.47,0.47,0.50,0.44,31861,15963954.00,12.77,0.00,0.00,1.27
2006-10-31,0.48,0.52,0.53,0.47,27783,14202391.00,12.77,10.64,0.05,1.11
2006-11-01,0.53,0.52,0.53,0.49,19446,9956834.00,7.69,0.00,0.00,0.78
2006-11-02,0.52,0.49,0.52,0.46,30674,15524379.00,11.54,-5.77,-0.03,1.22
2006-11-03,0.49,0.49,0.51,0.47,21794,11059739.00,8.16,0.00,0.00,0.87
2006-11-06,0.48,0.46,0.48,0.45,33864,16925366.00,6.12,-6.12,-0.03,1.35
2006-11-07,0.47,0.50,0.52,0.46,36390,18447281.00,13.04,8.70,0.04,1.45
2006-11-08,0.50,0.48,0.51,0.47,13323,6742625.00,8.00,-4.00,-0.02,0.53
2006-11-09,0.48,0.50,0.51,0.47,21355,10887889.00,8.33,4.17,0.02,0.85
2006-11-10,0.51,0.44,0.51,0.43,31649,15831862.00,16.00,-12.00,-0.06,1.26
2006-11-13,0.44,0.36,0.45,0.35,31543,15179129.00,22.73,-18.18,-0.08,1.26
2006-11-14,0.36,0.39,0.40,0.36,17805,8489336.00,11.11,8.33,0.03,0.71
2006-11-15,0.40,0.42,0.42,0.38,19721,9501200.00,10.26,7.69,0.03,0.79
2006-11-16,0.42,0.37,0.42,0.37,23528,11253951.00,11.90,-11.90,-0.05,0.94
2006-11-17,0.36,0.39,0.39,0.35,18423,8724809.00,10.81,5.41,0.02,0.73
2006-11-20,0.39,0.43,0.45,0.36,39979,19327163.00,23.08,10.26,0.04,1.59
2006-11-21,0.43,0.41,0.44,0.38,22323,10774377.00,13.95,-4.65,-0.02,0.89
2006-11-22,0.40,0.43,0.45,0.37,41123,19993744.00,19.51,4.88,0.02,1.64
2006-11-23,0.42,0.42,0.44,0.41,23704,11542286.00,6.98,-2.33,-0.01,0.95
2006-11-24,0.42,0.45,0.46,0.39,34218,16784034.00,16.67,7.14,0.03,1.36
2006-11-27,0.45,0.48,0.49,0.42,39118,19549544.00,15.56,6.67,0.03,1.56
2006-11-28,0.48,0.45,0.49,0.43,30579,15306985.00,12.50,-6.25,-0.03,1.22
2006-11-29,0.43,0.47,0.49,0.42,33841,16989719.00,15.56,4.44,0.02,1.35
2006-11-30,0.48,0.49,0.51,0.47,46096,23469066.00,8.51,4.26,0.02,1.84
2006-12-01,0.50,0.47,0.50,0.46,43677,21992863.00,8.16,-4.08,-0.02,1.74
2006-12-04,0.47,0.50,0.50,0.46,54946,27831560.00,8.51,6.38,0.03,2.19
2006-12-05,0.50,0.51,0.53,0.48,67159,34401495.00,10.00,2.00,0.01,2.68
2006-12-06,0.51,0.46,0.51,0.43,67198,33654582.00,15.69,-9.80,-0.05,2.68
2006-12-07,0.45,0.43,0.47,0.43,48251,24018383.00,8.70,-6.52,-0.03,1.92
2006-12-08,0.43,0.37,0.43,0.37,48719,23371906.00,13.95,-13.95,-0.06,1.94
2006-12-11,0.37,0.40,0.41,0.36,27517,13152261.00,13.51,8.11,0.03,1.10
2006-12-12,0.41,0.39,0.41,0.37,27455,13116892.00,10.00,-2.50,-0.01,1.09
2006-12-13,0.39,0.41,0.42,0.37,23737,11375447.00,12.82,5.13,0.02,0.95
2006-12-14,0.41,0.42,0.42,0.39,30157,14619511.00,7.32,2.44,0.01,1.20
2006-12-15,0.42,0.46,0.49,0.41,64199,31906368.00,19.05,9.52,0.04,2.56
2006-12-18,0.48,0.52,0.55,0.44,114957,59235467.00,23.91,13.04,0.06,4.58
2006-12-19,0.51,0.49,0.53,0.46,58708,29768279.00,13.46,-5.77,-0.03,2.34
2006-12-20,0.49,0.56,0.57,0.47,98387,51374465.00,20.41,14.29,0.07,3.92
2006-12-21,0.56,0.51,0.56,0.50,58892,30649883.00,10.71,-8.93,-0.05,2.35
2006-12-22,0.50,0.55,0.56,0.48,69657,36070471.00,15.69,7.84,0.04,2.78
2006-12-25,0.58,0.56,0.59,0.53,85175,45048394.00,10.91,1.82,0.01,3.40
2006-12-26,0.56,0.52,0.57,0.49,43254,22401895.00,14.29,-7.14,-0.04,1.72
2006-12-27,0.51,0.51,0.53,0.50,29886,15336379.00,5.77,-1.92,-0.01,1.19
2006-12-28,0.51,0.45,0.51,0.44,57088,28673067.00,13.73,-11.76,-0.06,2.28
2006-12-29,0.48,0.58,0.60,0.47,115143,60077658.00,28.89,28.89,0.13,4.59