MjAwMy0wMS0wMiw0LjUyLDQuNjIsNC44Myw0LjUyLDg2NzQsNzY1MTY2Mi4wMCw2LjYxLC0xLjQ5LC0wLjA3LDAuOTE=
2003-01-03,4.59,4.64,4.69,4.55,6361,5563844.00,3.03,0.43,0.02,0.67
2003-01-06,4.64,4.93,4.94,4.57,14997,13561532.00,7.97,6.25,0.29,1.58
2003-01-07,4.92,4.97,5.10,4.87,16590,15346824.00,4.67,0.81,0.04,1.75
2003-01-08,4.95,5.12,5.14,4.91,15357,14309304.00,4.63,3.02,0.15,1.62
2003-01-09,5.12,5.23,5.30,5.05,24811,23708284.00,4.88,2.15,0.11,2.61
2003-01-10,5.23,5.04,5.27,5.02,16806,15976691.00,4.78,-3.63,-0.19,1.77
2003-01-13,5.00,5.15,5.17,4.93,9976,9385073.00,4.76,2.18,0.11,1.05
2003-01-14,5.15,5.49,5.59,5.14,35621,35048308.00,8.74,6.60,0.34,3.75
2003-01-15,5.49,5.51,5.79,5.44,36080,36519870.00,6.38,0.36,0.02,3.80
2003-01-16,5.52,5.87,5.98,5.51,46688,48496405.00,8.53,6.53,0.36,4.91
2003-01-17,5.87,5.79,5.91,5.74,20573,21397391.00,2.90,-1.36,-0.08,2.16
2003-01-20,5.80,5.77,5.84,5.60,13952,14365718.00,4.15,-0.35,-0.02,1.47
2003-01-21,5.77,5.50,5.83,5.49,17878,18241041.00,5.89,-4.68,-0.27,1.88
2003-01-22,5.39,5.57,5.61,5.38,12539,12545477.00,4.18,1.27,0.07,1.32
2003-01-23,5.52,5.43,5.72,5.43,8324,8339284.00,5.21,-2.51,-0.14,0.88
2003-01-24,5.40,5.56,5.57,5.34,8535,8475479.00,4.24,2.39,0.13,0.90
2003-01-27,5.59,5.65,5.69,5.57,9283,9443250.00,2.16,1.62,0.09,0.98
2003-01-28,5.64,5.66,5.67,5.57,5925,6013138.00,1.77,0.18,0.01,0.62
2003-01-29,5.69,5.61,5.69,5.60,6686,6804858.00,1.59,-0.88,-0.05,0.70
2003-02-10,5.59,5.41,5.64,5.37,4501,4462741.00,4.81,-3.57,-0.20,0.47
2003-02-11,5.39,5.49,5.49,5.37,2688,2667405.00,2.22,1.48,0.08,0.28
2003-02-12,5.50,5.71,5.72,5.41,7931,8019255.00,5.65,4.01,0.22,0.83
2003-02-13,5.70,5.60,5.82,5.59,11857,12199330.00,4.03,-1.93,-0.11,1.25
2003-02-14,5.62,6.32,6.32,5.59,114953,126315562.00,13.04,12.86,0.72,12.09
2003-02-17,6.32,6.16,6.36,6.07,70421,76916345.00,4.59,-2.53,-0.16,7.41
2003-02-18,6.16,6.24,6.44,6.03,60969,67360052.00,6.66,1.30,0.08,6.41
2003-02-19,6.24,6.27,6.28,6.12,17762,19400106.00,2.56,0.48,0.03,1.87
2003-02-20,6.24,6.09,6.27,6.08,18691,20424920.00,3.03,-2.87,-0.18,1.97
2003-02-21,6.04,5.85,6.07,5.84,26864,28474772.00,3.78,-3.94,-0.24,2.83
2003-02-24,5.80,5.82,5.93,5.77,11130,11646109.00,2.74,-0.51,-0.03,1.17
2003-02-25,5.84,6.12,6.14,5.81,22873,24499503.00,5.67,5.15,0.30,2.41
2003-02-26,6.09,6.14,6.19,6.07,16421,17840823.00,1.96,0.33,0.02,1.73
2003-02-27,6.14,6.03,6.22,6.02,10535,11397988.00,3.26,-1.79,-0.11,1.11
2003-02-28,6.03,6.12,6.22,6.02,10682,11559762.00,3.32,1.49,0.09,1.12
2003-03-03,6.13,6.27,6.34,6.13,16353,18011443.00,3.43,2.45,0.15,1.72
2003-03-04,6.29,6.23,6.29,6.16,9587,10522287.00,2.07,-0.64,-0.04,1.01
2003-03-05,6.23,6.15,6.27,6.07,7542,8193060.00,3.21,-1.28,-0.08,0.79
2003-03-06,6.09,5.94,6.15,5.91,12372,13178252.00,3.90,-3.41,-0.21,1.30
2003-03-07,5.91,5.92,6.00,5.88,6488,6858627.00,2.02,-0.34,-0.02,0.68
2003-03-10,5.94,5.62,5.94,5.61,12154,12489698.00,5.57,-5.07,-0.30,1.28
2003-03-11,5.59,5.64,5.69,5.57,5122,5207171.00,2.14,0.36,0.02,0.54
2003-03-12,5.62,5.66,5.69,5.50,7083,7141629.00,3.37,0.35,0.02,0.75
2003-03-13,5.67,5.55,5.72,5.55,5175,5255325.00,3.00,-1.94,-0.11,0.54
2003-03-14,5.54,5.57,5.66,5.52,3541,3575562.00,2.52,0.36,0.02,0.37
2003-03-17,5.52,5.46,5.57,5.36,6756,6691400.00,3.77,-1.97,-0.11,0.71
2003-03-18,5.51,5.52,5.73,5.46,6953,7033980.00,4.95,1.10,0.06,0.73
2003-03-19,5.52,5.53,5.64,5.44,4393,4397137.00,3.62,0.18,0.01,0.46
2003-03-20,5.62,5.48,5.62,5.48,3995,4004464.00,2.53,-0.90,-0.05,0.42
2003-03-21,5.49,5.52,5.54,5.40,5920,5902277.00,2.55,0.73,0.04,0.62
2003-03-24,5.52,5.49,5.58,5.43,4193,4169299.00,2.72,-0.54,-0.03,0.44
2003-03-25,5.49,5.30,5.49,5.30,6995,6860423.00,3.46,-3.46,-0.19,0.74
2003-03-26,5.29,5.10,5.32,5.09,7369,7013630.00,4.34,-3.77,-0.20,0.78
2003-03-27,5.09,5.41,5.46,5.07,9724,9400862.00,7.65,6.08,0.31,1.02
2003-03-28,5.41,5.37,5.55,5.32,11403,11274038.00,4.25,-0.74,-0.04,1.20
2003-03-31,5.23,5.20,5.29,5.06,21120,20089574.00,4.28,-3.17,-0.17,2.22
2003-04-01,5.20,5.28,5.34,5.19,10814,10424630.00,2.88,1.54,0.08,1.14
2003-04-02,5.30,5.22,5.34,5.19,6620,6380229.00,2.84,-1.14,-0.06,0.70
2003-04-03,5.22,5.28,5.33,5.19,6360,6143479.00,2.68,1.15,0.06,0.67
2003-04-04,5.28,5.34,5.36,5.23,5609,5441721.00,2.46,1.14,0.06,0.59
2003-04-07,5.32,5.12,5.37,5.12,8288,7979773.00,4.68,-4.12,-0.22,0.87
2003-04-08,5.12,4.93,5.19,4.89,13610,12715145.00,5.86,-3.71,-0.19,1.43
2003-04-09,4.93,5.02,5.06,4.89,11572,10683153.00,3.45,1.83,0.09,1.22
2003-04-10,5.03,4.98,5.08,4.69,21121,19222708.00,7.77,-0.80,-0.04,2.22
2003-04-11,4.97,5.08,5.09,4.84,21848,20003951.00,5.02,2.01,0.10,2.30
2003-04-14,5.37,5.69,5.72,5.37,73212,73901156.00,6.89,12.01,0.61,7.70
2003-04-15,5.69,5.61,5.79,5.55,27344,27822615.00,4.22,-1.41,-0.08,2.88
2003-04-16,5.65,5.37,5.69,5.32,21749,21832171.00,6.60,-4.28,-0.24,2.29
2003-04-17,5.37,5.57,5.69,5.32,19322,19400510.00,6.89,3.72,0.20,2.03
2003-04-18,5.59,5.47,5.67,5.44,10788,10764278.00,4.13,-1.80,-0.10,1.13
2003-04-21,5.34,5.22,5.44,5.14,10780,10346965.00,5.48,-4.57,-0.25,1.13
2003-04-22,5.27,5.14,5.27,5.09,5191,4921674.00,3.45,-1.53,-0.08,0.55
2003-04-23,5.11,5.01,5.16,5.00,7692,7195516.00,3.11,-2.53,-0.13,0.81
2003-04-24,4.98,4.92,5.01,4.83,8615,7884900.00,3.59,-1.80,-0.09,0.91
2003-04-25,4.91,4.86,5.02,4.83,4113,3757458.00,3.86,-1.22,-0.06,0.43
2003-04-28,4.84,4.95,4.97,4.60,10230,9132407.00,7.61,1.85,0.09,1.08
2003-04-29,4.48,4.51,4.73,4.48,16161,13945481.00,5.05,-8.89,-0.44,1.70
2003-04-30,4.51,4.22,4.59,4.09,15785,13114531.00,11.09,-6.43,-0.29,1.66
2003-05-12,4.27,3.84,4.30,3.82,10013,7922122.00,11.37,-9.00,-0.38,1.05
2003-05-13,3.80,3.48,3.80,3.34,25689,18233148.00,11.98,-9.38,-0.36,2.70
2003-05-14,3.55,3.79,3.88,3.52,26974,20281076.00,10.34,8.91,0.31,2.84
2003-05-15,3.73,4.08,4.23,3.59,32106,24965587.00,16.89,7.65,0.29,3.38
2003-05-16,4.05,3.97,4.07,3.87,15727,12260915.00,4.90,-2.70,-0.11,1.65
2003-05-19,4.01,4.04,4.14,3.93,11773,9360886.00,5.29,1.76,0.07,1.24
2003-05-20,4.06,3.87,4.06,3.86,8053,6249323.00,4.95,-4.21,-0.17,0.85
2003-05-21,3.81,3.90,4.05,3.81,5769,4484700.00,6.20,0.78,0.03,0.61
2003-05-22,3.90,3.86,3.92,3.80,4763,3649564.00,3.08,-1.03,-0.04,0.50
2003-05-23,3.87,3.96,4.05,3.87,9257,7237435.00,4.66,2.59,0.10,0.97
2003-05-26,4.04,3.97,4.04,3.94,5911,4642995.00,2.53,0.25,0.01,0.62
2003-05-27,3.99,4.23,4.27,3.95,24157,19580001.00,8.06,6.55,0.26,2.54
2003-05-28,4.22,4.12,4.23,4.10,11378,9208784.00,3.07,-2.60,-0.11,1.20
2003-05-29,4.09,4.28,4.31,4.07,15040,12355665.00,5.83,3.88,0.16,1.58
2003-05-30,4.37,4.35,4.39,4.29,20419,17085080.00,2.34,1.64,0.07,2.15
2003-06-02,4.39,4.37,4.44,4.31,13993,11763388.00,2.99,0.46,0.02,1.47
2003-06-03,4.34,4.20,4.37,4.16,13062,10694537.00,4.81,-3.89,-0.17,1.37
2003-06-04,4.19,4.32,4.32,4.16,9036,7391592.00,3.81,2.86,0.12,0.95
2003-06-05,4.37,4.35,4.44,4.24,13985,11721797.00,4.63,0.69,0.03,1.47
2003-06-06,4.39,4.30,4.50,4.29,25916,21994268.00,4.83,-1.15,-0.05,2.73
2003-06-09,4.20,3.94,4.26,3.87,14394,11414655.00,9.07,-8.37,-0.36,1.51
2003-06-10,3.92,3.94,4.07,3.88,6030,4715729.00,4.82,0.00,0.00,0.63
2003-06-11,3.99,4.04,4.05,3.93,7259,5703352.00,3.05,2.54,0.10,0.76
2003-06-12,4.05,3.98,4.07,3.94,3892,3057072.00,3.22,-1.49,-0.06,0.41
2003-06-13,3.95,4.03,4.05,3.95,3525,2786339.00,2.51,1.26,0.05,0.37
2003-06-16,4.05,3.99,4.06,3.94,4636,3627811.00,2.98,-0.99,-0.04,0.49
2003-06-17,3.96,3.98,4.04,3.96,2528,1987115.00,2.01,-0.25,-0.01,0.27
2003-06-18,3.98,4.00,4.06,3.97,2840,2245215.00,2.26,0.50,0.02,0.30
2003-06-19,4.00,3.88,4.01,3.84,5003,3860503.00,4.25,-3.00,-0.12,0.53
2003-06-20,3.87,3.83,3.91,3.82,3136,2407493.00,2.32,-1.29,-0.05,0.33
2003-06-23,3.83,3.67,3.83,3.64,4215,3141350.00,4.96,-4.18,-0.16,0.44
2003-06-24,3.67,3.77,3.78,3.67,3201,2400696.00,3.00,2.72,0.10,0.34
2003-06-25,3.79,3.67,3.79,3.62,4614,3463263.00,4.51,-2.65,-0.10,0.49
2003-06-26,3.72,3.85,3.94,3.67,8273,6283467.00,7.36,4.90,0.18,0.87
2003-06-27,3.86,3.72,3.87,3.72,4385,3315661.00,3.90,-3.38,-0.13,0.46
2003-06-30,3.72,3.79,3.84,3.63,9192,6965745.00,5.65,1.88,0.07,0.97
2003-07-01,3.86,3.68,3.92,3.67,10132,7707650.00,6.60,-2.90,-0.11,1.07
2003-07-02,3.66,3.54,3.68,3.42,9952,7185129.00,7.07,-3.80,-0.14,1.05
2003-07-03,3.59,3.59,3.59,3.48,5110,3697577.00,3.11,1.41,0.05,0.54
2003-07-04,3.57,3.55,3.64,3.49,3684,2669030.00,4.18,-1.11,-0.04,0.39
2003-07-07,3.52,3.48,3.54,3.45,3443,2467372.00,2.54,-1.97,-0.07,0.36
2003-07-08,3.49,3.72,3.77,3.49,18472,13714678.00,8.05,6.90,0.24,1.94
2003-07-09,3.72,3.74,3.81,3.67,12660,9521719.00,3.76,0.54,0.02,1.33
2003-07-10,3.78,3.77,3.82,3.69,7017,5295826.00,3.48,0.80,0.03,0.74
2003-07-11,3.77,3.77,3.85,3.74,5992,4542032.00,2.92,0.00,0.00,0.63
2003-07-14,3.57,3.75,3.77,3.44,11183,8221299.00,8.75,-0.53,-0.02,1.18
2003-07-15,3.73,3.94,3.94,3.63,21585,16532204.00,8.27,5.07,0.19,2.27
2003-07-16,3.94,4.11,4.12,3.88,29317,23246137.00,6.09,4.31,0.17,3.08
2003-07-17,4.17,4.08,4.19,4.04,15349,12257284.00,3.65,-0.73,-0.03,1.61
2003-07-18,4.14,4.06,4.15,3.89,18939,15057448.00,6.37,-0.49,-0.02,1.99
2003-07-21,4.06,4.13,4.15,3.92,15248,12093219.00,5.67,1.72,0.07,1.60
2003-07-22,4.25,4.25,4.30,4.14,33943,27661949.00,3.87,2.91,0.12,3.57
2003-07-23,4.25,4.30,4.36,4.19,19955,16510065.00,4.00,1.18,0.05,2.10
2003-07-24,4.32,4.24,4.32,4.23,12920,10670477.00,2.09,-1.40,-0.06,1.36
2003-07-25,4.19,4.18,4.30,4.12,15127,12313723.00,4.25,-1.42,-0.06,1.59
2003-07-28,4.09,4.14,4.17,4.04,8602,6905880.00,3.11,-0.96,-0.04,0.90
2003-07-29,4.14,4.15,4.18,4.09,4518,3648553.00,2.17,0.24,0.01,0.48
2003-07-30,4.15,4.14,4.27,4.09,5008,4048605.00,4.34,-0.24,-0.01,0.53
2003-08-01,4.16,4.23,4.24,4.02,6497,5286821.00,5.31,2.17,0.09,0.68
2003-08-04,4.19,4.32,4.33,4.19,9400,7786771.00,3.31,2.13,0.09,0.99
2003-08-05,4.34,4.29,4.39,4.17,20629,17041866.00,5.09,-0.69,-0.03,2.17
2003-08-06,4.31,4.24,4.35,4.20,51938,43047497.00,3.50,-1.17,-0.05,5.46
2003-08-07,4.20,3.89,4.22,3.88,48406,38247734.00,8.02,-8.25,-0.35,5.09
2003-08-08,3.59,3.84,4.08,3.59,24483,19161540.00,12.60,-1.29,-0.05,2.58
2003-08-11,3.75,3.74,3.80,3.62,11205,8349805.00,4.69,-2.60,-0.10,1.18
2003-08-12,3.74,3.78,3.82,3.66,7026,5287660.00,4.28,1.07,0.04,0.74
2003-08-13,3.79,3.67,3.79,3.64,6193,4617099.00,3.97,-2.91,-0.11,0.65
2003-08-14,3.68,3.68,3.79,3.54,9993,7448161.00,6.81,0.27,0.01,1.05
2003-08-15,3.63,3.67,3.76,3.61,5355,3986398.00,4.08,-0.27,-0.01,0.56
2003-08-18,3.66,3.60,3.68,3.59,4888,3590191.00,2.45,-1.91,-0.07,0.51
2003-08-19,3.60,3.62,3.67,3.56,4396,3210661.00,3.06,0.56,0.02,0.46
2003-08-20,3.59,3.57,3.63,3.47,6370,4597309.00,4.42,-1.38,-0.05,0.67
2003-08-21,3.54,3.54,3.60,3.49,2692,1948922.00,3.08,-0.84,-0.03,0.28
2003-08-22,3.54,3.57,3.62,3.52,4025,2931843.00,2.82,0.85,0.03,0.42
2003-08-25,3.52,3.50,3.58,3.48,4071,2930844.00,2.80,-1.96,-0.07,0.43
2003-08-26,3.58,3.69,3.79,3.54,19155,14272235.00,7.14,5.43,0.19,2.01
2003-08-27,3.66,3.65,3.72,3.64,4979,3692970.00,2.17,-1.08,-0.04,0.52
2003-08-28,3.64,3.52,3.65,3.52,4823,3518613.00,3.56,-3.56,-0.13,0.51
2003-08-29,3.52,3.54,3.55,3.47,5322,3820194.00,2.27,0.57,0.02,0.56
2003-09-01,3.56,3.64,3.64,3.51,4439,3235053.00,3.67,2.82,0.10,0.47
2003-09-02,3.65,3.68,3.77,3.61,7436,5549243.00,4.40,1.10,0.04,0.78
2003-09-03,3.68,3.59,3.68,3.56,4156,3041949.00,3.26,-2.45,-0.09,0.44
2003-09-04,3.59,3.64,3.69,3.59,3401,2504400.00,2.79,1.39,0.05,0.36
2003-09-05,3.63,3.54,3.63,3.50,3955,2864126.00,3.57,-2.75,-0.10,0.42
2003-09-08,3.52,3.46,3.52,3.44,4425,3159602.00,2.26,-2.26,-0.08,0.47
2003-09-09,3.44,3.47,3.51,3.44,2516,1793487.00,2.02,0.29,0.01,0.26
2003-09-10,3.48,3.49,3.50,3.42,3336,2373633.00,2.31,0.58,0.02,0.35
2003-09-11,3.50,3.44,3.50,3.43,1654,1178085.00,2.01,-1.43,-0.05,0.17
2003-09-12,3.44,3.25,3.44,3.24,7291,5045091.00,5.81,-5.52,-0.19,0.77
2003-09-15,3.34,3.04,3.34,2.94,6063,3980783.00,12.31,-6.46,-0.21,0.64
2003-09-16,3.04,3.13,3.19,2.95,5109,3349361.00,7.89,2.96,0.09,0.54
2003-09-17,3.12,2.99,3.12,2.98,3093,2013911.00,4.47,-4.47,-0.14,0.33
2003-09-18,2.95,3.02,3.04,2.92,4411,2848411.00,4.01,1.00,0.03,0.46
2003-09-19,3.09,3.17,3.23,3.09,10482,7039368.00,4.64,4.97,0.15,1.10
2003-09-22,3.12,3.12,3.19,3.12,2062,1377931.00,2.21,-1.58,-0.05,0.22
2003-09-23,3.12,3.14,3.15,3.04,2304,1521807.00,3.53,0.64,0.02,0.24
2003-09-24,3.14,3.17,3.19,3.09,3759,2512471.00,3.18,0.96,0.03,0.40
2003-09-25,3.17,3.14,3.17,3.12,2706,1807072.00,1.58,-0.95,-0.03,0.28
2003-09-26,3.09,3.17,3.18,3.07,3884,2591888.00,3.50,0.96,0.03,0.41
2003-09-29,3.22,3.04,3.23,3.04,3752,2484072.00,5.99,-4.10,-0.13,0.39
2003-09-30,3.05,3.11,3.14,3.02,3579,2344413.00,3.95,2.30,0.07,0.38
2003-10-08,3.16,3.14,3.16,3.04,2584,1714474.00,3.86,0.96,0.03,0.27
2003-10-09,3.16,3.20,3.22,3.13,6894,4637601.00,2.87,1.91,0.06,0.73
2003-10-10,3.23,3.23,3.36,3.14,15282,10454527.00,6.88,0.94,0.03,1.61
2003-10-13,3.26,3.22,3.32,3.19,4591,3140901.00,4.02,-0.31,-0.01,0.48
2003-10-14,3.22,3.09,3.22,3.09,3287,2189352.00,4.04,-4.04,-0.13,0.35
2003-10-15,3.09,3.08,3.17,3.03,3212,2121137.00,4.53,-0.32,-0.01,0.34
2003-10-16,3.05,2.94,3.07,2.94,4059,2623509.00,4.22,-4.55,-0.14,0.43
2003-10-17,2.91,2.92,2.98,2.87,1971,1256806.00,3.74,-0.68,-0.02,0.21
2003-10-20,2.89,2.79,2.93,2.77,3277,2052901.00,5.48,-4.45,-0.13,0.34
2003-10-21,2.79,2.70,2.79,2.63,5084,3084643.00,5.73,-3.23,-0.09,0.53
2003-10-22,2.70,2.80,2.84,2.70,6833,4213732.00,5.19,3.70,0.10,0.72
2003-10-23,2.83,2.85,2.98,2.80,8868,5609212.00,6.43,1.79,0.05,0.93
2003-10-24,2.87,2.87,2.93,2.84,9416,5936664.00,3.16,0.70,0.02,0.99
2003-10-27,2.89,2.69,2.89,2.68,4923,3002242.00,7.32,-6.27,-0.18,0.52
2003-10-28,2.64,2.35,2.72,2.27,9781,5596366.00,16.73,-12.64,-0.34,1.03
2003-10-29,2.35,2.21,2.42,2.17,5805,3163307.00,10.64,-5.96,-0.14,0.61
2003-10-30,2.17,2.17,2.29,2.17,3685,1984758.00,5.43,-1.81,-0.04,0.39
2003-10-31,2.07,2.12,2.36,1.94,2994,1603303.00,19.35,-2.30,-0.05,0.31
2003-11-03,2.12,2.03,2.12,1.97,5471,2803099.00,7.08,-4.25,-0.09,0.58
2003-11-04,2.03,2.07,2.11,2.00,15263,7875385.00,5.42,1.97,0.04,1.61
2003-11-05,1.74,1.79,2.05,1.74,15608,7530189.00,14.98,-13.53,-0.28,1.64
2003-11-07,1.64,1.93,2.07,1.48,27682,13159055.00,32.96,7.82,0.14,2.91
2003-11-10,1.79,1.79,1.87,1.68,11319,5410346.00,9.84,-7.25,-0.14,1.19
2003-11-11,1.80,1.89,1.94,1.79,10544,5193870.00,8.38,5.59,0.10,1.11
2003-11-12,1.89,1.77,1.89,1.66,5390,2594285.00,12.17,-6.35,-0.12,0.57
2003-11-13,1.77,1.91,1.97,1.74,11738,5776614.00,12.99,7.91,0.14,1.23
2003-11-14,1.91,2.04,2.10,1.91,20804,10647733.00,9.95,6.81,0.13,2.19
2003-11-17,2.04,1.97,2.05,1.94,7413,3736695.00,5.39,-3.43,-0.07,0.78
2003-11-18,1.93,1.84,1.97,1.84,5347,2636973.00,6.60,-6.60,-0.13,0.56
2003-11-19,1.84,2.04,2.09,1.84,16744,8570474.00,13.59,10.87,0.20,1.76
2003-11-20,2.04,2.34,2.37,2.04,35104,19066440.00,16.18,14.71,0.30,3.69
2003-11-21,2.34,2.17,2.56,2.16,29058,16062920.00,17.09,-7.26,-0.17,3.06
2003-11-24,2.17,2.26,2.30,2.06,14932,8031285.00,11.06,4.15,0.09,1.57
2003-11-25,2.24,2.34,2.46,2.15,29494,16345892.00,13.72,3.54,0.08,3.10
2003-11-26,2.34,2.48,2.56,2.29,24896,14146344.00,11.54,5.98,0.14,2.62
2003-11-27,2.30,2.16,2.39,2.14,23905,12868287.00,10.08,-12.90,-0.32,2.51
2003-11-28,2.16,2.11,2.21,2.06,13114,6880817.00,6.94,-2.31,-0.05,1.38
2003-12-01,2.11,2.32,2.33,2.11,15072,8130412.00,10.43,9.95,0.21,1.59
2003-12-02,2.37,2.27,2.42,2.24,15348,8475377.00,7.76,-2.16,-0.05,1.61
2003-12-03,2.24,2.22,2.29,2.17,8159,4405443.00,5.29,-2.20,-0.05,0.86
2003-12-04,2.22,2.27,2.29,2.19,8563,4623761.00,4.50,2.25,0.05,0.90
2003-12-05,2.29,2.37,2.44,2.29,20366,11433175.00,6.61,4.41,0.10,2.14
2003-12-08,2.39,2.29,2.44,2.27,8041,4455583.00,7.17,-3.38,-0.08,0.85
2003-12-09,2.25,2.37,2.37,2.21,8708,4776750.00,6.99,3.49,0.08,0.92
2003-12-10,2.42,2.68,2.73,2.37,60208,35366153.00,15.19,13.08,0.31,6.33
2003-12-11,2.65,2.63,2.78,2.53,35756,21448580.00,9.33,-1.87,-0.05,3.76
2003-12-12,2.58,2.53,2.63,2.50,13084,7633253.00,4.94,-3.80,-0.10,1.38
2003-12-15,2.52,2.53,2.65,2.51,8778,5177500.00,5.53,0.00,0.00,0.92
2003-12-16,2.54,2.39,2.54,2.34,12985,7318697.00,7.91,-5.53,-0.14,1.37
2003-12-17,2.40,2.24,2.43,2.24,15857,8754443.00,7.95,-6.28,-0.15,1.67
2003-12-18,2.20,2.08,2.27,2.02,13811,7288824.00,11.16,-7.14,-0.16,1.45
2003-12-19,2.10,1.81,2.17,1.71,21449,10565295.00,22.12,-12.98,-0.27,2.26
2003-12-22,1.73,1.99,2.03,1.58,18738,8928846.00,24.86,9.94,0.18,1.97
2003-12-23,1.93,2.02,2.11,1.88,14550,7448632.00,11.56,1.51,0.03,1.53
2003-12-24,2.02,1.96,2.02,1.94,8236,4142029.00,3.96,-2.97,-0.06,0.87
2003-12-25,1.94,1.92,1.97,1.88,7570,3760997.00,4.59,-2.04,-0.04,0.80
2003-12-26,1.88,1.94,2.00,1.88,4675,2332723.00,6.25,1.04,0.02,0.49
2003-12-29,1.92,1.86,1.97,1.82,6174,3028655.00,7.73,-4.12,-0.08,0.65
2003-12-30,1.86,1.88,1.94,1.84,3784,1851279.00,5.38,1.08,0.02,0.40
2003-12-31,1.88,1.76,1.88,1.74,5380,2578638.00,7.45,-6.38,-0.12,0.57