2024-01-02,327.39,327.92,329.42,326.92,2332905,973597381.00,0.76,0.22,0.71,0.57
2024-01-03,327.60,329.38,329.79,327.60,1835032,774713643.00,0.67,0.45,1.46,0.45
2024-01-04,328.98,329.43,330.17,327.69,1828360,772905733.00,0.75,0.02,0.05,0.44
2024-01-05,329.41,336.29,339.59,328.70,5772826,2519440045.00,3.31,2.08,6.86,1.40
2024-01-08,334.59,331.20,335.15,331.18,3760018,1638893665.00,1.18,-1.51,-5.09,0.91
2024-01-09,330.78,334.18,334.49,328.29,2829932,1222093943.00,1.87,0.90,2.98,0.69
2024-01-10,333.33,332.59,334.15,332.44,2266020,1017103142.00,0.51,-0.48,-1.59,0.55
2024-01-11,332.04,334.99,336.41,331.41,2836304,1313703166.00,1.50,0.72,2.40,0.69
2024-01-12,334.76,340.30,344.79,334.76,3921633,1798224115.00,2.99,1.59,5.31,0.95
2024-01-15,339.95,342.27,343.11,339.44,2755710,1234712570.00,1.08,0.58,1.97,0.67
2024-01-16,341.54,346.50,346.77,341.54,4562511,2076745437.00,1.53,1.24,4.23,1.11
2024-01-17,345.93,342.54,349.21,342.54,4852125,2164055580.00,1.92,-1.14,-3.96,1.18
2024-01-18,340.47,340.32,340.95,332.31,4775102,2062137416.00,2.52,-0.65,-2.22,1.16
2024-01-19,339.77,337.97,340.41,336.29,2471940,1069802711.00,1.21,-0.69,-2.35,0.60
2024-01-22,338.09,329.04,339.01,327.42,3925196,1615566301.00,3.43,-2.64,-8.93,0.95
2024-01-23,328.26,330.42,332.59,324.50,3562326,1460355813.00,2.46,0.42,1.38,0.87
2024-01-24,331.15,338.09,338.68,328.12,4015436,1603906098.00,3.20,2.32,7.67,0.98
2024-01-25,337.36,341.16,341.49,336.97,3983502,1661225286.00,1.34,0.91,3.07,0.97
2024-01-26,342.54,347.82,351.13,342.54,5648975,2388555706.00,2.52,1.95,6.66,1.37
2024-01-29,349.79,346.66,351.59,346.21,5217996,2274303751.00,1.55,-0.33,-1.16,1.27
2024-01-30,344.70,341.03,347.73,340.69,3883680,1636895893.00,2.03,-1.62,-5.63,0.94
2024-01-31,339.58,338.24,342.64,335.69,3974363,1627437693.00,2.04,-0.82,-2.79,0.97
2024-02-01,337.20,335.93,339.76,333.23,3636619,1494962586.00,1.93,-0.68,-2.31,0.88
2024-02-02,335.48,331.77,339.34,326.07,4669894,1884010697.00,3.95,-1.24,-4.16,1.13
2024-02-05,330.00,327.77,333.65,321.51,5749110,2309581694.00,3.66,-1.21,-4.00,1.40
2024-02-06,325.95,339.19,341.01,325.95,5770314,2321442729.00,4.59,3.48,11.42,1.40
2024-02-07,338.64,345.19,345.19,338.33,7576485,3260144189.00,2.02,1.77,6.00,1.84
2024-02-08,344.22,344.34,347.98,342.93,6620556,2877758681.00,1.46,-0.25,-0.85,1.61
2024-02-19,345.73,347.13,347.27,342.66,4899585,2158037991.00,1.34,0.81,2.79,1.19
2024-02-20,346.12,348.54,349.11,344.13,3885374,1649532927.00,1.43,0.41,1.41,0.94
2024-02-21,347.25,353.95,359.98,346.95,6347092,2728428380.00,3.74,1.55,5.41,1.54
2024-02-22,352.74,354.55,354.74,349.76,3613322,1566060419.00,1.41,0.17,0.60,0.88
2024-02-23,353.84,354.93,359.33,353.50,3940239,1691544346.00,1.64,0.11,0.38,0.96
2024-02-26,354.36,347.71,354.54,347.43,3740022,1603376478.00,2.00,-2.03,-7.22,0.91
2024-02-27,346.91,349.03,349.49,346.05,3073264,1306177294.00,0.99,0.38,1.32,0.75
2024-02-28,348.56,345.90,351.48,345.90,4446554,1829833077.00,1.60,-0.90,-3.13,1.08
2024-02-29,345.11,350.55,350.55,345.11,3478177,1500223453.00,1.57,1.34,4.65,0.84
2024-03-01,349.63,348.71,349.81,346.80,2982751,1297802635.00,0.86,-0.52,-1.84,0.72
2024-03-04,347.67,345.69,347.67,343.99,2982326,1271230213.00,1.06,-0.87,-3.02,0.72
2024-03-05,344.61,348.14,348.55,344.61,3269946,1420836524.00,1.14,0.71,2.45,0.79
2024-03-06,347.64,346.06,348.91,345.91,2564985,1138614664.00,0.86,-0.60,-2.08,0.62
2024-03-07,346.00,347.43,350.26,345.63,2938120,1224198446.00,1.34,0.40,1.37,0.71
2024-03-08,347.16,348.01,348.41,345.87,2358176,1014343090.00,0.73,0.17,0.58,0.57
2024-03-11,347.77,348.54,348.71,345.23,2434738,1089476586.00,1.00,0.15,0.53,0.59
2024-03-12,347.84,345.54,347.84,344.32,3540232,1590442657.00,1.01,-0.86,-3.00,0.86
2024-03-13,345.23,342.21,345.23,342.18,2718288,1191095329.00,0.88,-0.96,-3.33,0.66
2024-03-14,341.97,342.17,344.06,341.34,2267647,968743025.00,0.79,-0.01,-0.04,0.55
2024-03-15,342.90,345.17,345.17,342.38,2705379,1188355505.00,0.82,0.88,3.00,0.66
2024-03-18,344.98,346.10,346.18,343.43,2552688,1093185566.00,0.80,0.27,0.93,0.62
2024-03-19,345.62,343.59,345.62,343.36,2125371,895832955.00,0.65,-0.73,-2.51,0.52
2024-03-20,343.43,345.98,346.02,342.39,2111758,919217528.00,1.06,0.70,2.39,0.51
2024-03-21,345.82,348.56,349.21,345.23,2695554,1267259645.00,1.15,0.75,2.58,0.65
2024-03-22,348.21,344.73,348.21,342.78,2975272,1325500977.00,1.56,-1.10,-3.83,0.72
2024-03-25,343.91,345.77,348.94,343.91,3198732,1459044123.00,1.46,0.30,1.04,0.78
2024-03-26,346.24,350.93,350.93,346.24,3439688,1593095478.00,1.36,1.49,5.16,0.84
2024-03-27,350.81,350.63,354.20,350.23,3904711,1772503047.00,1.13,-0.09,-0.30,0.95
2024-03-28,350.01,346.53,350.01,345.60,3554928,1581919845.00,1.26,-1.17,-4.10,0.86
2024-03-29,345.54,348.55,348.70,345.54,2735982,1277854453.00,0.91,0.58,2.02,0.66
2024-04-01,348.21,353.55,353.55,348.21,3869435,1698353811.00,1.53,1.43,5.00,0.94
2024-04-02,353.12,354.83,356.97,352.75,3440425,1572345434.00,1.19,0.36,1.28,0.84
2024-04-03,354.12,354.32,356.04,352.16,2414939,1133512222.00,1.09,-0.14,-0.51,0.59
2024-04-08,353.82,354.46,356.93,352.51,2902075,1260852171.00,1.25,0.04,0.14,0.70
2024-04-09,354.12,355.56,357.00,354.05,2485004,1114765740.00,0.83,0.31,1.10,0.60
2024-04-10,355.32,353.09,357.01,351.73,2976189,1295735652.00,1.48,-0.69,-2.47,0.72
2024-04-11,351.92,352.81,354.56,350.08,2398329,1057498036.00,1.27,-0.08,-0.28,0.58
2024-04-12,352.79,350.13,353.73,350.13,2504890,1079175015.00,1.02,-0.76,-2.68,0.61
2024-04-15,351.34,355.43,357.03,347.64,4117703,1829079667.00,2.68,1.51,5.30,1.00
2024-04-16,354.58,351.23,355.45,350.24,4019781,1732108934.00,1.47,-1.18,-4.20,0.98
2024-04-17,350.82,358.44,358.53,349.71,4562367,1911841355.00,2.51,2.05,7.21,1.11
2024-04-18,357.50,361.15,365.33,357.50,5313377,2282936646.00,2.18,0.76,2.71,1.29
2024-04-19,359.97,361.32,364.28,359.60,3444654,1507265010.00,1.30,0.05,0.17,0.84
2024-04-22,361.83,358.68,364.36,357.54,3196083,1396701150.00,1.89,-0.73,-2.64,0.78
2024-04-23,358.62,357.93,360.55,356.66,3122182,1396607532.00,1.08,-0.21,-0.75,0.76
2024-04-24,357.59,356.00,358.45,354.34,3201032,1422079388.00,1.15,-0.54,-1.93,0.78
2024-04-25,355.27,361.28,361.35,355.27,3284280,1407108608.00,1.71,1.48,5.28,0.80
2024-04-26,359.79,355.01,359.79,349.88,5849741,2636445544.00,2.74,-1.74,-6.27,1.42
2024-04-29,354.12,362.04,362.59,353.10,5883121,2623265748.00,2.67,1.98,7.03,1.43
2024-04-30,362.77,365.43,368.43,362.75,4805783,2359895323.00,1.57,0.94,3.39,1.17
2024-05-06,368.11,366.30,369.43,364.76,4692790,2173583343.00,1.28,0.24,0.87,1.14
2024-05-07,366.40,365.68,366.40,362.86,3569105,1635742540.00,0.97,-0.17,-0.62,0.87
2024-05-08,365.11,364.90,367.73,364.74,3186387,1596454733.00,0.82,-0.21,-0.78,0.77
2024-05-09,364.63,369.22,370.13,364.63,3400858,1619594882.00,1.51,1.18,4.32,0.83
2024-05-10,369.36,373.40,374.11,369.16,3487343,1657080579.00,1.34,1.13,4.18,0.85
2024-05-13,372.56,378.14,378.63,370.21,4101225,1877584282.00,2.25,1.27,4.74,1.00
2024-05-14,378.08,378.23,382.02,377.29,3392245,1619501597.00,1.25,0.02,0.09,0.82
2024-05-15,378.05,379.76,382.44,376.49,2887073,1361734503.00,1.57,0.40,1.53,0.70
2024-05-16,379.60,386.09,387.93,379.45,5058573,2296205735.00,2.23,1.67,6.33,1.23
2024-05-17,386.38,391.40,391.40,384.22,4113740,1873289951.00,1.86,1.38,5.31,1.00
2024-05-20,391.24,386.55,392.80,384.30,4154572,1934583912.00,2.17,-1.24,-4.85,1.01
2024-05-21,385.51,393.53,394.75,385.44,4379712,2146930655.00,2.41,1.81,6.98,1.06
2024-05-22,393.41,398.09,400.24,393.40,5329743,2596782424.00,1.74,1.16,4.56,1.29
2024-05-23,397.25,396.12,400.72,393.96,4206086,1960526296.00,1.70,-0.49,-1.97,1.02
2024-05-24,395.18,395.17,401.53,394.46,3676308,1738714638.00,1.78,-0.24,-0.95,0.89
2024-05-27,395.31,399.45,399.55,395.06,3326968,1670423123.00,1.14,1.08,4.28,0.81
2024-05-28,398.79,394.73,400.31,393.57,3156118,1526086417.00,1.69,-1.18,-4.72,0.77
2024-05-29,394.15,392.99,398.31,391.36,3116091,1476003825.00,1.76,-0.44,-1.74,0.76
2024-05-30,392.59,389.78,395.95,388.92,3183942,1564091889.00,1.79,-0.82,-3.21,0.77
2024-05-31,390.07,392.20,393.88,389.31,3212648,1614146219.00,1.17,0.62,2.42,0.78
2024-06-03,391.97,380.77,391.97,377.79,6533184,3348178956.00,3.62,-2.91,-11.43,1.59
2024-06-04,380.10,383.41,383.70,378.54,3536600,1783574520.00,1.36,0.69,2.64,0.86
2024-06-05,382.88,375.25,383.37,374.83,3293326,1610275646.00,2.23,-2.13,-8.16,0.80
2024-06-06,375.78,372.94,376.52,371.26,3510575,1606446712.00,1.40,-0.62,-2.31,0.85
2024-06-07,373.76,376.35,376.66,372.49,2631430,1206520590.00,1.12,0.91,3.41,0.64
2024-06-11,375.69,371.49,376.00,370.04,3373646,1579075855.00,1.58,-1.29,-4.86,0.82
2024-06-12,370.81,371.49,372.25,366.52,3235572,1576877807.00,1.54,0.00,0.00,0.79
2024-06-13,372.00,365.19,372.40,364.43,2999789,1361111038.00,2.15,-1.70,-6.30,0.73
2024-06-14,365.46,368.31,369.47,363.58,2980126,1343349189.00,1.61,0.85,3.12,0.72
2024-06-17,367.11,364.48,370.17,363.58,2851420,1308748695.00,1.79,-1.04,-3.83,0.69
2024-06-18,364.69,366.58,368.02,362.60,2357762,1029672955.00,1.49,0.58,2.10,0.57
2024-06-19,366.68,367.79,369.99,366.50,2391981,1107834120.00,0.95,0.33,1.21,0.58
2024-06-20,367.90,363.97,368.95,363.08,2816013,1242333380.00,1.60,-1.04,-3.82,0.68
2024-06-21,363.47,363.36,366.30,362.80,2065223,928744915.00,0.96,-0.17,-0.61,0.50
2024-06-24,362.86,357.90,362.86,356.45,2869118,1230419502.00,1.76,-1.50,-5.46,0.70
2024-06-25,358.05,361.36,362.80,358.05,2858703,1328220073.00,1.33,0.97,3.46,0.69
2024-06-26,360.65,364.95,365.41,360.65,2810457,1311549137.00,1.32,0.99,3.59,0.68
2024-06-27,364.68,367.64,370.12,364.05,3430170,1697386122.00,1.66,0.74,2.69,0.83
2024-06-28,368.06,371.84,375.36,365.99,3880624,1817065499.00,2.55,1.14,4.20,0.94
2024-07-01,371.28,378.96,379.53,371.28,2941982,1400904095.00,2.22,1.91,7.12,0.71
2024-07-02,378.90,385.13,385.23,378.90,3622923,1680276811.00,1.67,1.63,6.17,0.88
2024-07-03,384.62,383.58,386.03,381.31,2759965,1234054695.00,1.23,-0.40,-1.55,0.67
2024-07-04,382.82,378.13,384.33,377.44,2956260,1377720573.00,1.80,-1.42,-5.45,0.72
2024-07-05,378.80,372.38,379.36,370.44,2900456,1293169681.00,2.36,-1.52,-5.75,0.70
2024-07-08,371.92,370.74,374.38,368.57,3090319,1411113424.00,1.56,-0.44,-1.64,0.75
2024-07-09,370.84,379.05,379.25,368.82,2944332,1330357209.00,2.81,2.24,8.31,0.72
2024-07-10,378.31,374.67,379.67,374.19,2207885,1039744881.00,1.45,-1.16,-4.38,0.54
2024-07-11,376.93,373.07,377.23,371.16,2911974,1305368835.00,1.62,-0.43,-1.60,0.71
2024-07-12,373.11,378.11,378.73,373.11,2626101,1210001633.00,1.51,1.35,5.04,0.64
2024-07-15,378.54,379.43,380.04,376.58,2478539,1132284000.00,0.92,0.35,1.32,0.60
2024-07-16,379.38,376.12,381.42,374.73,2716620,1220421794.00,1.76,-0.87,-3.31,0.66
2024-07-17,375.65,376.45,377.23,373.75,2099329,980257160.00,0.93,0.09,0.33,0.51
2024-07-18,376.22,377.91,378.20,372.52,2494775,1132016290.00,1.51,0.39,1.46,0.61
2024-07-19,378.09,376.62,378.09,374.11,3091812,1425250030.00,1.05,-0.34,-1.29,0.75
2024-07-22,375.68,372.20,375.68,370.81,2479041,1123187205.00,1.29,-1.17,-4.42,0.60
2024-07-23,371.64,373.95,377.96,371.64,3400878,1503052226.00,1.70,0.47,1.75,0.83
2024-07-24,373.65,374.28,376.55,372.20,2575213,1122287048.00,1.16,0.09,0.33,0.63
2024-07-25,374.05,370.19,375.44,367.62,2605844,1126063597.00,2.09,-1.09,-4.09,0.63
2024-07-26,369.32,367.26,370.40,365.57,2254784,1020115687.00,1.30,-0.79,-2.93,0.55
2024-07-29,366.82,371.57,371.97,365.42,2232134,976648605.00,1.78,1.17,4.31,0.54
2024-07-30,370.85,370.66,373.01,368.15,1789571,805633957.00,1.31,-0.24,-0.91,0.43
2024-07-31,370.49,375.39,376.10,370.24,2896670,1225616523.00,1.58,1.28,4.73,0.70
2024-08-01,375.51,373.67,377.38,372.69,2452178,1115685790.00,1.25,-0.46,-1.72,0.60
2024-08-02,372.32,373.64,377.04,371.38,2510559,1083347299.00,1.51,-0.01,-0.03,0.61
2024-08-05,372.85,368.48,374.64,368.12,2760197,1205255114.00,1.74,-1.38,-5.16,0.67
2024-08-06,369.70,366.32,370.89,364.45,2286262,975042847.00,1.75,-0.59,-2.16,0.56
2024-08-07,365.81,364.43,367.34,364.07,2053125,926336783.00,0.89,-0.52,-1.89,0.50
2024-08-08,362.99,362.95,363.41,359.56,2845366,1376635637.00,1.06,-0.41,-1.48,0.69
2024-08-09,362.89,361.73,366.40,361.50,2454646,1144198820.00,1.35,-0.34,-1.22,0.60
2024-08-12,361.40,358.57,361.40,357.84,2185412,989563387.00,0.98,-0.87,-3.16,0.53
2024-08-13,358.48,361.32,363.10,358.32,2221642,958739068.00,1.33,0.77,2.75,0.54
2024-08-14,361.06,359.22,363.28,358.94,1730610,748145557.00,1.20,-0.58,-2.10,0.42
2024-08-15,359.26,363.72,364.57,358.76,2265088,979004689.00,1.62,1.25,4.50,0.55
2024-08-16,364.36,366.73,367.73,363.89,2521724,1123393723.00,1.06,0.83,3.01,0.61
2024-08-19,367.10,377.40,377.44,367.10,3712193,1729268483.00,2.82,2.91,10.67,0.90
2024-08-20,377.36,375.69,378.73,373.21,2873487,1288838278.00,1.46,-0.45,-1.71,0.70
2024-08-21,375.17,370.56,375.17,369.53,2707620,1250512857.00,1.50,-1.37,-5.13,0.66
2024-08-22,370.50,373.88,374.68,370.50,2915364,1381853856.00,1.13,0.90,3.32,0.71
2024-08-23,373.73,372.45,374.78,370.62,2525171,1196513918.00,1.11,-0.38,-1.43,0.61
2024-08-26,372.64,375.02,375.02,369.61,2384641,1069413940.00,1.45,0.69,2.57,0.58
2024-08-27,374.24,374.31,377.32,372.60,2407197,1108395613.00,1.26,-0.19,-0.71,0.58
2024-08-28,373.59,369.87,373.59,368.83,2485812,1095309193.00,1.27,-1.19,-4.44,0.60
2024-08-29,369.48,361.37,370.93,360.43,4296903,1919447141.00,2.84,-2.30,-8.50,1.04
2024-08-30,361.25,359.52,365.06,359.46,4777409,2103347409.00,1.55,-0.51,-1.85,1.16
2024-09-02,359.90,361.04,365.92,359.03,4415667,1962967384.00,1.92,0.42,1.52,1.07
2024-09-03,361.15,356.50,361.44,354.96,3420696,1516332691.00,1.79,-1.26,-4.54,0.83
2024-09-04,355.39,355.34,356.78,354.06,2255819,1014466335.00,0.76,-0.33,-1.16,0.55
2024-09-05,354.64,354.88,355.76,353.30,1702811,757159134.00,0.69,-0.13,-0.46,0.41
2024-09-06,355.38,353.02,357.92,353.00,2079877,876957461.00,1.39,-0.52,-1.86,0.51
2024-09-09,352.58,348.14,352.58,347.29,2511863,1056896618.00,1.50,-1.38,-4.88,0.61
2024-09-10,348.00,350.21,350.51,346.28,2148352,930046436.00,1.22,0.59,2.07,0.52
2024-09-11,349.79,343.69,349.79,342.35,2515571,1076761032.00,2.12,-1.86,-6.52,0.61
2024-09-12,343.14,345.17,346.97,342.44,2478757,1133455868.00,1.32,0.43,1.48,0.60
2024-09-13,345.25,342.38,347.18,341.89,1942511,858965073.00,1.53,-0.81,-2.79,0.47
2024-09-18,342.27,341.72,342.90,337.23,1984430,780932507.00,1.66,-0.19,-0.66,0.48
2024-09-19,342.24,344.26,345.58,339.08,2369576,1008657548.00,1.90,0.74,2.54,0.58
2024-09-20,344.15,346.26,346.99,343.60,1994425,877488180.00,0.98,0.58,2.00,0.48
2024-09-23,345.23,350.78,351.36,345.23,2174990,931719280.00,1.77,1.31,4.52,0.53
2024-09-24,352.08,363.72,363.74,352.08,4428494,1987044346.00,3.32,3.69,12.94,1.08
2024-09-25,367.07,373.43,378.12,367.07,6583780,2738178593.00,3.04,2.67,9.71,1.60
2024-09-26,372.57,390.02,390.02,372.41,6154218,2560601432.00,4.72,4.44,16.59,1.49
2024-09-27,395.11,391.96,397.81,384.35,4995407,2106450291.00,3.45,0.50,1.94,1.21
2024-09-30,397.60,419.24,423.38,394.92,11535342,5415147991.00,7.26,6.96,27.28,2.80
2024-10-08,458.60,429.80,458.60,415.96,13393010,6602895021.00,10.17,2.52,10.56,3.25
2024-10-09,420.74,397.87,421.13,396.42,9796718,4543511922.00,5.75,-7.43,-31.93,2.38
2024-10-10,400.78,410.91,420.56,400.78,9158652,4382403232.00,4.97,3.28,13.04,2.22
2024-10-11,409.31,404.90,415.52,401.91,5997172,2859367760.00,3.31,-1.46,-6.01,1.46
2024-10-14,410.66,420.44,424.42,410.66,8954535,4663887913.00,3.40,3.84,15.54,2.17
2024-10-15,418.02,408.26,423.82,408.00,7353674,3722331773.00,3.76,-2.90,-12.18,1.79
2024-10-16,405.68,421.25,424.07,405.68,7284873,3587713395.00,4.50,3.18,12.99,1.77
2024-10-17,420.46,412.79,422.64,412.50,5748733,2935751987.00,2.41,-2.01,-8.46,1.40
2024-10-18,413.58,417.47,422.92,406.30,7366146,3623245332.00,4.03,1.13,4.68,1.79
2024-10-21,417.36,415.32,417.36,409.76,5311274,2599140402.00,1.82,-0.52,-2.15,1.29
2024-10-22,414.76,414.57,417.36,411.45,4247660,2113782211.00,1.42,-0.18,-0.75,1.03
2024-10-23,414.38,414.79,416.18,412.45,4154501,2058557087.00,0.90,0.05,0.22,1.01
2024-10-24,413.03,412.08,415.28,410.16,3072752,1475515400.00,1.23,-0.65,-2.71,0.75
2024-10-25,411.98,410.23,412.86,408.47,3640763,1783794827.00,1.07,-0.45,-1.85,0.88
2024-10-28,409.79,410.74,410.74,405.73,4712033,2221803074.00,1.22,0.12,0.51,1.14
2024-10-29,411.00,407.95,416.57,407.26,5302908,2506534129.00,2.27,-0.68,-2.79,1.29
2024-10-30,406.62,402.49,409.20,399.86,4679810,2137389975.00,2.29,-1.34,-5.46,1.14
2024-10-31,402.76,404.24,406.07,400.23,4871123,2165860773.00,1.45,0.43,1.75,1.18
2024-11-01,403.06,405.10,409.85,402.17,5091946,2336546490.00,1.90,0.21,0.86,1.24
2024-11-04,405.20,408.69,408.69,401.07,4039949,1882718323.00,1.88,0.89,3.59,0.98
2024-11-05,407.36,415.06,415.06,406.21,5993821,2666520295.00,2.17,1.56,6.37,1.46
2024-11-06,414.88,412.44,414.88,409.80,4773676,2199680897.00,1.22,-0.63,-2.62,1.16
2024-11-07,410.69,424.99,424.99,410.69,7133202,3216835966.00,3.47,3.04,12.55,1.73
2024-11-08,427.20,418.36,428.76,416.41,7168330,3377532880.00,2.91,-1.56,-6.63,1.74
2024-11-11,417.29,415.00,420.31,411.36,5732484,2560795016.00,2.14,-0.80,-3.36,1.39
2024-11-12,414.90,412.22,418.29,410.47,5350768,2453884403.00,1.88,-0.67,-2.78,1.30
2024-11-13,410.97,420.95,420.95,410.39,7377521,3511289887.00,2.56,2.12,8.73,1.79
2024-11-14,419.51,419.89,424.61,417.28,6411983,3099556058.00,1.74,-0.25,-1.06,1.56
2024-11-15,418.50,420.14,426.45,416.23,6190872,2956082724.00,2.43,0.06,0.25,1.50
2024-11-18,427.06,431.05,442.96,427.06,15445453,7016462849.00,3.78,2.60,10.91,3.75
2024-11-19,428.93,431.71,438.93,423.71,10241368,4440730232.00,3.53,0.15,0.66,2.49
2024-11-20,429.58,428.11,434.06,426.06,6401588,2894650856.00,1.85,-0.83,-3.60,1.55
2024-11-21,427.18,427.94,428.41,424.47,4597789,2143709043.00,0.92,-0.04,-0.17,1.12
2024-11-22,427.03,413.55,429.65,413.13,5699369,2555651757.00,3.86,-3.36,-14.39,1.38
2024-11-25,413.38,414.34,418.62,411.64,4230506,1973774045.00,1.69,0.19,0.79,1.03
2024-11-26,413.59,417.53,418.75,412.85,3654444,1756575290.00,1.42,0.77,3.19,0.89
2024-11-27,416.42,422.05,422.05,410.37,4425760,1986716660.00,2.80,1.08,4.52,1.07
2024-11-28,421.06,421.74,424.26,419.55,3490287,1623661889.00,1.12,-0.07,-0.31,0.85
2024-11-29,421.41,425.57,428.50,421.41,4774529,2341564914.00,1.68,0.91,3.83,1.16
2024-12-02,424.80,421.54,424.80,418.93,5887421,3138949733.00,1.38,-0.95,-4.03,1.43
2024-12-03,421.11,426.57,426.81,419.69,4795634,2378592067.00,1.69,1.19,5.03,1.16
2024-12-04,425.37,424.17,427.03,422.39,4226654,2120769256.00,1.09,-0.56,-2.40,1.03
2024-12-05,423.58,425.73,427.75,423.54,3320856,1665505604.00,0.99,0.37,1.56,0.81
2024-12-06,425.56,431.29,432.15,425.56,5112830,2433236620.00,1.55,1.31,5.56,1.24
2024-12-09,430.77,430.66,434.59,428.80,4603149,2213978452.00,1.34,-0.15,-0.63,1.12
2024-12-10,437.04,431.96,438.06,431.17,5715726,2780863994.00,1.60,0.30,1.30,1.39
2024-12-11,430.42,431.56,434.09,429.78,4788854,2320855301.00,1.00,-0.09,-0.40,1.16
2024-12-12,431.43,437.53,438.21,430.34,5628247,2993095763.00,1.82,1.38,5.97,1.37
2024-12-13,435.92,427.61,435.92,427.45,7622168,4002290991.00,1.94,-2.27,-9.92,1.85
2024-12-16,427.47,429.04,431.21,426.97,5728476,3137099831.00,0.99,0.33,1.43,1.39
2024-12-17,428.15,423.79,430.68,422.31,5170616,2500939457.00,1.95,-1.22,-5.25,1.26
2024-12-18,425.11,427.48,431.47,425.11,4411181,2272241116.00,1.50,0.87,3.69,1.07
2024-12-19,425.84,422.95,427.58,420.29,4311434,2106941521.00,1.71,-1.06,-4.53,1.05
2024-12-20,422.46,419.72,424.59,419.35,3413592,1629508315.00,1.24,-0.76,-3.23,0.83
2024-12-23,420.11,422.40,426.87,420.11,5389383,2709476321.00,1.61,0.64,2.68,1.31
2024-12-24,422.31,428.91,428.91,421.98,4451696,2110497878.00,1.64,1.54,6.51,1.08
2024-12-25,428.71,432.20,433.50,427.70,5135921,2478277883.00,1.35,0.77,3.29,1.25
2024-12-26,431.71,428.91,431.71,426.92,3549864,1725200703.00,1.11,-0.76,-3.29,0.86
2024-12-27,428.38,432.69,432.69,422.80,4900278,2461145755.00,2.31,0.88,3.78,1.19
2024-12-30,431.16,438.46,439.14,430.33,4843232,2522593789.00,2.04,1.33,5.77,1.18
2024-12-31,437.88,429.77,442.20,429.70,5913812,2883875026.00,2.85,-1.98,-8.69,1.44