MjAyMy0wMS0wMywxMi40OCwxMy4zOCwxMy4zOCwxMi40NywyNzA3NCwzNTA0NTExOS4wMCw3LjI5LDcuMjEsMC45MCwyLjAz
2023-01-04,13.50,13.26,13.59,13.10,26412,35117464.00,3.66,-0.90,-0.12,1.98
2023-01-05,13.29,13.09,13.42,13.01,14443,18935614.00,3.09,-1.28,-0.17,1.08
2023-01-06,13.12,13.23,13.41,13.06,25663,33980692.00,2.67,1.07,0.14,1.92
2023-01-09,13.40,13.66,13.81,13.26,23850,32374625.00,4.16,3.25,0.43,1.79
2023-01-10,13.61,14.14,14.43,13.56,47151,66411804.00,6.37,3.51,0.48,3.53
2023-01-11,14.30,13.79,14.30,13.76,24151,33724890.00,3.82,-2.48,-0.35,1.81
2023-01-12,13.69,14.10,14.15,13.50,24351,34075491.00,4.71,2.25,0.31,1.83
2023-01-13,14.09,14.16,14.49,14.09,21253,30307616.00,2.84,0.43,0.06,1.59
2023-01-16,14.35,14.11,14.44,14.06,24743,35170732.00,2.68,-0.35,-0.05,1.85
2023-01-17,14.24,14.10,14.25,13.95,26034,36638129.00,2.13,-0.07,-0.01,1.95
2023-01-18,14.10,14.10,14.24,14.03,12661,17899257.00,1.49,0.00,0.00,0.95
2023-01-19,14.88,14.91,15.23,14.19,102476,150299434.00,7.38,5.74,0.81,7.68
2023-01-20,14.87,14.83,15.31,14.70,58773,87927084.00,4.09,-0.54,-0.08,4.41
2023-01-30,14.93,15.10,15.39,14.93,61522,93430742.00,3.10,1.82,0.27,4.61
2023-01-31,15.05,15.31,15.48,15.05,37119,56861474.00,2.85,1.39,0.21,2.78
2023-02-01,14.48,15.88,16.00,14.48,49915,78037831.00,9.93,3.72,0.57,3.74
2023-02-02,15.88,16.70,17.27,15.60,81098,134557973.00,10.52,5.16,0.82,6.08
2023-02-03,16.60,16.70,16.96,16.08,54258,89280355.00,5.27,0.00,0.00,4.07
2023-02-06,16.57,16.68,17.05,16.45,32871,54983241.00,3.59,-0.12,-0.02,2.46
2023-02-07,16.78,16.62,16.78,16.41,25451,42157985.00,2.22,-0.36,-0.06,1.91
2023-02-08,16.58,16.20,16.86,16.12,32455,52905032.00,4.45,-2.53,-0.42,2.43
2023-02-09,16.29,16.21,16.46,16.16,21383,34864812.00,1.85,0.06,0.01,1.60
2023-02-10,16.22,16.41,16.68,16.22,29917,49293739.00,2.84,1.23,0.20,2.24
2023-02-13,16.40,17.00,17.23,16.28,37518,62887969.00,5.79,3.60,0.59,2.81
2023-02-14,17.00,16.84,17.59,16.77,28047,47835649.00,4.82,-0.94,-0.16,2.10
2023-02-15,16.87,16.99,17.40,16.71,25975,44353977.00,4.10,0.89,0.15,1.95
2023-02-16,17.00,16.39,17.13,16.25,24008,40024054.00,5.18,-3.53,-0.60,1.80
2023-02-17,16.49,16.34,16.65,16.28,28420,46646925.00,2.26,-0.31,-0.05,2.13
2023-02-20,16.28,16.44,16.57,16.17,17933,29437839.00,2.45,0.61,0.10,1.34
2023-02-21,16.50,16.29,16.57,16.18,20525,33548728.00,2.37,-0.91,-0.15,1.54
2023-02-22,16.39,16.22,16.39,16.13,18900,30678072.00,1.60,-0.43,-0.07,1.42
2023-02-23,16.30,16.25,16.42,16.15,15292,24933654.00,1.66,0.18,0.03,1.15
2023-02-24,16.17,16.48,16.59,16.11,22603,37026703.00,2.95,1.42,0.23,1.69
2023-02-27,16.50,16.55,17.12,16.28,30693,51191148.00,5.10,0.42,0.07,2.30
2023-02-28,16.72,16.62,16.82,16.40,13107,21706338.00,2.54,0.42,0.07,0.98
2023-03-01,16.62,16.73,16.81,16.45,12843,21342204.00,2.17,0.66,0.11,0.96
2023-03-02,16.75,16.30,16.96,16.22,22898,37602362.00,4.42,-2.57,-0.43,1.72
2023-03-03,16.50,16.20,16.60,16.09,19768,32173064.00,3.13,-0.61,-0.10,1.48
2023-03-06,16.60,15.86,16.60,15.51,24644,39315024.00,6.73,-2.10,-0.34,1.85
2023-03-07,15.86,15.30,15.95,15.29,31522,48946267.00,4.16,-3.53,-0.56,2.36
2023-03-08,15.30,15.47,15.68,15.25,24684,38133061.00,2.81,1.11,0.17,1.85
2023-03-09,15.47,15.48,15.61,15.30,18035,27921037.00,2.00,0.06,0.01,1.35
2023-03-10,15.47,15.03,15.57,14.95,22013,33257890.00,4.01,-2.91,-0.45,1.65
2023-03-13,15.03,14.89,15.35,14.87,21965,33116523.00,3.19,-0.93,-0.14,1.65
2023-03-14,15.01,14.76,15.09,14.56,18368,27127059.00,3.56,-0.87,-0.13,1.38
2023-03-15,14.81,15.21,15.53,14.81,22505,34377527.00,4.88,3.05,0.45,1.69
2023-03-16,15.15,14.90,15.27,14.84,17262,25871184.00,2.83,-2.04,-0.31,1.29
2023-03-17,15.10,14.91,15.36,14.81,14730,22020242.00,3.69,0.07,0.01,1.10
2023-03-20,15.01,15.43,15.62,14.91,26861,41199597.00,4.76,3.49,0.52,2.01
2023-03-21,15.43,15.85,15.90,15.21,22712,35352477.00,4.47,2.72,0.42,1.70
2023-03-22,16.04,16.33,16.42,15.80,21101,34240261.00,3.91,3.03,0.48,1.58
2023-03-23,16.23,15.79,16.23,15.70,19981,31893879.00,3.25,-3.31,-0.54,1.50
2023-03-24,15.79,15.70,16.07,15.66,15857,25059776.00,2.60,-0.57,-0.09,1.19
2023-03-27,15.75,15.62,15.77,15.30,24868,38615410.00,2.99,-0.51,-0.08,1.86
2023-03-28,15.62,15.60,15.95,15.46,13566,21211541.00,3.14,-0.13,-0.02,1.02
2023-03-29,15.60,15.49,15.70,15.43,11874,18453229.00,1.73,-0.71,-0.11,0.89
2023-03-30,15.34,15.30,15.65,15.20,13615,20906865.00,2.91,-1.23,-0.19,1.02
2023-03-31,15.46,15.53,15.78,15.21,17661,27453681.00,3.73,1.50,0.23,1.32
2023-04-03,15.76,15.33,15.77,15.09,22287,34042964.00,4.38,-1.29,-0.20,1.67
2023-04-04,15.38,14.81,15.40,14.71,23938,35679506.00,4.50,-3.39,-0.52,1.79
2023-04-06,14.70,14.72,14.98,14.58,16884,24835916.00,2.70,-0.61,-0.09,1.27
2023-04-07,14.85,14.69,14.96,14.60,13577,19985480.00,2.45,-0.20,-0.03,1.02
2023-04-10,14.76,14.21,14.77,14.17,27351,39345670.00,4.08,-3.27,-0.48,2.05
2023-04-11,14.35,14.09,14.38,14.00,17596,24902967.00,2.67,-0.84,-0.12,1.32
2023-04-12,14.16,13.94,14.17,13.83,13655,19091169.00,2.41,-1.06,-0.15,1.02
2023-04-13,14.04,13.77,14.04,13.68,12559,17352796.00,2.58,-1.22,-0.17,0.94
2023-04-14,13.90,13.79,13.90,13.66,11508,15860183.00,1.74,0.15,0.02,0.86
2023-04-17,13.81,14.05,14.25,13.77,16384,23030682.00,3.48,1.89,0.26,1.23
2023-04-18,14.05,13.72,14.10,13.69,16929,23355042.00,2.92,-2.35,-0.33,1.27
2023-04-19,13.68,13.68,13.83,13.68,8660,11884254.00,1.09,-0.29,-0.04,0.65
2023-04-20,13.65,13.62,13.83,13.40,11568,15657614.00,3.14,-0.44,-0.06,0.87
2023-04-21,13.57,13.33,13.75,13.29,11513,15453446.00,3.38,-2.13,-0.29,0.86
2023-04-24,13.36,13.27,13.43,12.94,18810,24805477.00,3.68,-0.45,-0.06,1.41
2023-04-25,13.80,13.95,14.19,13.40,63075,86771694.00,5.95,5.12,0.68,4.73
2023-04-26,13.89,13.61,14.20,13.61,42107,58355658.00,4.23,-2.44,-0.34,3.16
2023-04-27,13.51,14.05,14.08,13.51,35510,49273965.00,4.19,3.23,0.44,2.66
2023-04-28,13.73,13.99,14.19,13.70,35380,49228840.00,3.49,-0.43,-0.06,2.65
2023-05-04,14.05,14.29,14.35,13.93,38046,53868130.00,3.00,2.14,0.30,2.85
2023-05-05,14.16,14.15,14.27,14.02,22844,32250821.00,1.75,-0.98,-0.14,1.71
2023-05-08,14.15,14.30,14.47,14.11,20428,29158644.00,2.54,1.06,0.15,1.53
2023-05-09,14.26,13.86,14.26,13.85,25089,35206799.00,2.87,-3.08,-0.44,1.88
2023-05-10,13.72,14.14,14.23,13.72,20477,28714897.00,3.68,2.02,0.28,1.54
2023-05-11,14.45,14.26,14.45,14.01,19993,28392469.00,3.11,0.85,0.12,1.50
2023-05-12,14.11,14.15,14.27,14.10,13861,19661529.00,1.19,-0.77,-0.11,1.04
2023-05-15,14.11,14.12,14.17,13.92,10213,14354724.00,1.77,-0.21,-0.03,0.77
2023-05-16,14.13,13.96,14.24,13.90,11088,15564574.00,2.41,-1.13,-0.16,0.83
2023-05-17,13.69,14.24,14.25,13.66,16719,23588168.00,4.23,2.01,0.28,1.25
2023-05-18,14.39,14.24,14.39,14.17,12674,18081716.00,1.54,0.00,0.00,0.95
2023-05-19,14.25,14.08,14.25,14.04,17083,24137246.00,1.47,-1.12,-0.16,1.28
2023-05-22,14.08,14.30,14.33,13.97,16687,23658132.00,2.56,1.56,0.22,1.25
2023-05-23,14.25,14.36,14.50,14.16,13540,19503075.00,2.38,0.42,0.06,1.01
2023-05-24,14.39,14.28,14.48,14.15,10062,14382243.00,2.30,-0.56,-0.08,0.75
2023-05-25,14.15,14.33,14.33,14.10,11298,16068711.00,1.61,0.35,0.05,0.85
2023-05-26,14.26,14.56,14.60,14.05,15081,21706840.00,3.84,1.61,0.23,1.13
2023-05-29,14.60,14.30,14.60,14.21,13009,18626261.00,2.68,-1.79,-0.26,0.98
2023-05-30,14.30,14.41,14.50,14.00,10632,15285109.00,3.50,0.77,0.11,0.80
2023-05-31,14.39,14.36,14.56,14.31,9898,14255309.00,1.73,-0.35,-0.05,0.74
2023-06-01,14.34,14.17,14.50,14.11,27298,38903199.00,2.72,-1.32,-0.19,2.05
2023-06-02,14.15,14.33,14.36,14.14,13477,19217284.00,1.55,1.13,0.16,1.01
2023-06-05,14.41,14.73,14.76,14.13,27738,40424620.00,4.40,2.79,0.40,2.08
2023-06-06,14.77,14.46,14.82,14.45,16957,24740208.00,2.51,-1.83,-0.27,1.27
2023-06-07,14.46,14.18,14.47,14.15,18256,26070610.00,2.21,-1.94,-0.28,1.37
2023-06-08,14.32,14.08,14.35,14.07,11626,16494314.00,1.97,-0.71,-0.10,0.87
2023-06-09,14.15,14.27,14.43,14.11,10859,15529293.00,2.27,1.35,0.19,0.81
2023-06-12,14.30,14.61,14.65,14.05,20918,30327519.00,4.20,2.38,0.34,1.57
2023-06-13,14.61,14.83,14.88,14.58,17086,25249647.00,2.05,1.51,0.22,1.28
2023-06-14,14.83,14.87,14.99,14.76,15194,22562051.00,1.55,0.27,0.04,1.14
2023-06-15,14.87,14.94,15.02,14.79,14532,21680313.00,1.55,0.47,0.07,1.09
2023-06-16,14.92,14.80,15.05,14.70,16614,24697707.00,2.34,-0.94,-0.14,1.25
2023-06-19,14.87,14.68,14.97,14.60,14403,21257439.00,2.50,-0.81,-0.12,1.08
2023-06-20,14.72,14.45,14.83,14.44,21726,31717798.00,2.66,-1.57,-0.23,1.63
2023-06-21,14.26,14.40,14.69,14.22,23653,34205480.00,3.25,-0.35,-0.05,1.77
2023-06-26,14.32,14.36,14.76,14.32,25114,36550473.00,3.06,-0.28,-0.04,1.88
2023-06-27,14.58,14.88,14.98,14.41,27501,40784838.00,3.97,3.62,0.52,2.06
2023-06-28,14.81,15.12,15.13,14.81,28142,42254467.00,2.15,1.61,0.24,2.11
2023-06-29,15.06,15.46,15.47,15.06,23147,35609815.00,2.71,2.25,0.34,1.74
2023-06-30,14.83,14.57,14.90,14.22,99272,144087848.00,4.40,-5.76,-0.89,7.44
2023-07-03,14.54,14.57,14.72,14.28,61156,88596410.00,3.02,0.00,0.00,4.58
2023-07-04,14.35,15.04,15.15,14.30,74300,110336350.00,5.83,3.23,0.47,5.57
2023-07-05,15.08,14.66,15.13,14.60,40052,59549981.00,3.52,-2.53,-0.38,3.00
2023-07-06,14.71,14.57,14.77,14.43,29009,42212949.00,2.32,-0.61,-0.09,2.17
2023-07-07,14.60,14.55,14.74,14.47,22168,32365078.00,1.85,-0.14,-0.02,1.66
2023-07-10,14.60,14.38,14.75,14.35,22799,33033455.00,2.75,-1.17,-0.17,1.71
2023-07-11,14.36,14.97,14.99,14.36,38972,57721042.00,4.38,4.10,0.59,2.92
2023-07-12,15.98,16.47,16.47,15.51,102971,165936937.00,6.41,10.02,1.50,7.72
2023-07-13,16.80,16.02,16.80,15.79,191923,308483507.00,6.13,-2.73,-0.45,14.39
2023-07-14,16.09,15.68,16.15,15.51,98834,155127073.00,4.00,-2.12,-0.34,7.41
2023-07-17,15.60,15.44,15.60,15.20,67450,103660942.00,2.55,-1.53,-0.24,5.06
2023-07-18,15.46,15.54,15.59,15.30,69780,107980699.00,1.88,0.65,0.10,5.23
2023-07-19,15.59,15.52,15.59,15.30,53639,82785867.00,1.87,-0.13,-0.02,4.02
2023-07-20,15.53,15.21,15.61,15.20,54056,83248268.00,2.64,-2.00,-0.31,4.05
2023-07-21,15.29,15.19,15.36,15.13,37076,56473906.00,1.51,-0.13,-0.02,2.78
2023-07-24,15.00,15.19,15.32,14.95,36115,54830187.00,2.44,0.00,0.00,2.71
2023-07-25,15.30,15.48,15.53,15.19,43340,66795799.00,2.24,1.91,0.29,3.25
2023-07-26,15.41,15.13,15.48,15.06,34850,52961416.00,2.71,-2.26,-0.35,2.61
2023-07-27,15.25,15.36,15.53,15.19,36313,55850337.00,2.25,1.52,0.23,2.72
2023-07-28,15.27,15.68,15.79,15.26,59803,93284600.00,3.45,2.08,0.32,4.48
2023-07-31,15.66,15.54,15.74,15.36,46487,72071637.00,2.42,-0.89,-0.14,3.48
2023-08-01,15.44,15.41,15.54,15.27,35119,53934724.00,1.74,-0.84,-0.13,2.63
2023-08-02,15.40,15.45,15.45,15.20,23582,36218550.00,1.62,0.26,0.04,1.77
2023-08-03,15.35,15.18,15.39,15.06,31954,48550842.00,2.14,-1.75,-0.27,2.40
2023-08-04,15.18,15.21,15.31,15.06,29568,44884513.00,1.65,0.20,0.03,2.22
2023-08-07,15.51,15.76,16.28,15.35,104888,166534735.00,6.11,3.62,0.55,7.86
2023-08-08,15.80,15.63,15.91,15.48,57073,89449461.00,2.73,-0.82,-0.13,4.28
2023-08-09,15.55,15.21,15.60,15.13,39643,60539509.00,3.01,-2.69,-0.42,2.97
2023-08-10,15.29,15.22,15.29,15.06,27573,41829556.00,1.51,0.07,0.01,2.07
2023-08-11,15.20,14.84,15.20,14.70,32685,48972349.00,3.29,-2.50,-0.38,2.45
2023-08-14,14.84,15.04,15.05,14.61,26045,38763434.00,2.96,1.35,0.20,1.95
2023-08-15,15.06,14.95,15.26,14.91,18368,27615827.00,2.33,-0.60,-0.09,1.38
2023-08-16,14.90,14.70,15.02,14.69,18426,27307126.00,2.21,-1.67,-0.25,1.38
2023-08-17,14.61,15.14,15.18,14.39,34394,50907049.00,5.37,2.99,0.44,2.58
2023-08-18,15.12,14.98,15.40,14.96,31695,48257687.00,2.91,-1.06,-0.16,2.38
2023-08-21,15.03,15.10,15.37,14.82,26737,40657745.00,3.67,0.80,0.12,2.00
2023-08-22,15.09,15.29,15.50,14.96,33779,51596364.00,3.58,1.26,0.19,2.53
2023-08-23,15.29,15.30,15.45,14.98,30360,46310009.00,3.07,0.07,0.01,2.28
2023-08-24,15.12,15.29,15.49,14.99,34468,52504093.00,3.27,-0.07,-0.01,2.58
2023-08-25,15.20,14.83,15.34,14.75,28035,42135101.00,3.86,-3.01,-0.46,2.10
2023-09-04,16.31,16.31,16.31,15.60,98318,158518399.00,4.79,9.98,1.48,7.37
2023-09-05,16.69,15.60,16.69,15.49,156062,249081223.00,7.36,-4.35,-0.71,11.70
2023-09-06,15.50,17.16,17.16,15.50,113034,188742230.00,10.64,10.00,1.56,8.47
2023-09-07,17.16,16.51,17.82,16.30,167045,280972546.00,8.86,-3.79,-0.65,12.52