2016-01-04,29.84,26.76,30.42,26.34,96103,287451936.00,14.24,-6.60,-1.89,2.29
2016-01-05,25.72,29.46,29.46,24.74,111685,314540144.00,17.64,10.09,2.70,2.67
2016-01-06,29.74,30.71,31.94,29.46,158572,495241248.00,8.42,4.24,1.25,3.79
2016-01-07,29.16,27.61,29.89,27.61,28732,82844608.00,7.42,-10.09,-3.10,0.69
2016-01-08,28.60,28.55,28.99,25.24,94674,269088992.00,13.58,3.40,0.94,2.26
2016-01-11,28.14,25.75,28.14,25.74,100492,270471264.00,8.41,-9.81,-2.80,2.40
2016-01-12,25.96,24.55,26.51,23.44,60581,151520703.00,11.92,-4.66,-1.20,1.45
2016-01-13,24.57,22.51,25.22,22.15,51639,123176712.00,12.51,-8.31,-2.04,1.23
2016-01-14,21.74,24.79,24.79,21.24,44698,104320037.00,15.77,10.13,2.28,1.07
2016-01-15,24.89,25.55,26.71,24.89,96290,249758466.00,7.34,3.07,0.76,2.30
2016-01-18,24.27,25.72,26.74,24.02,51892,135212039.00,10.65,0.67,0.17,1.24
2016-01-19,25.72,26.36,27.44,25.07,67107,176418087.00,9.21,2.49,0.64,1.60
2016-01-20,26.11,25.37,26.91,25.22,46522,122690865.00,6.41,-3.76,-0.99,1.11
2016-01-21,24.54,23.32,25.59,23.06,51166,125559754.00,9.97,-8.08,-2.05,1.22
2016-01-22,23.69,23.96,24.37,23.22,41891,100307693.00,4.93,2.74,0.64,1.00
2016-01-25,24.04,23.80,24.22,23.50,39381,94926768.00,3.01,-0.67,-0.16,0.94
2016-01-26,23.55,21.69,24.22,21.42,41178,95637530.00,11.76,-8.87,-2.11,0.98
2016-01-27,21.69,22.17,22.29,19.71,53053,111338617.00,11.89,2.21,0.48,1.27
2016-01-28,21.67,21.77,22.27,19.99,43899,94095693.00,10.28,-1.80,-0.40,1.05
2016-01-29,21.04,22.60,22.94,20.99,55772,125009373.00,8.96,3.81,0.83,1.33
2016-02-01,22.62,21.63,22.74,20.97,31663,70155404.00,7.83,-4.29,-0.97,0.76
2016-02-02,21.74,22.31,22.94,21.63,42722,97268751.00,6.06,3.14,0.68,1.02
2016-02-03,21.57,22.46,22.73,21.31,32132,72411363.00,6.36,0.67,0.15,0.77
2016-02-04,22.56,22.67,23.13,22.54,32067,73988960.00,2.63,0.93,0.21,0.77
2016-02-05,22.88,22.68,23.13,22.50,30508,70404191.00,2.78,0.04,0.01,0.73
2016-02-15,22.05,22.90,23.09,21.74,23631,54196426.00,5.95,0.97,0.22,0.56
2016-02-16,22.91,24.53,24.94,22.91,45252,110169832.00,8.86,7.12,1.63,1.08
2016-02-17,24.53,25.47,27.01,24.53,70939,186430369.00,10.11,3.83,0.94,1.69
2016-02-18,25.62,24.91,25.71,24.76,47512,120204613.00,3.73,-2.20,-0.56,1.13
2016-02-19,24.75,24.99,25.34,24.75,31679,80271516.00,2.37,0.32,0.08,0.76
2016-02-22,25.18,25.68,25.90,25.18,36430,94171577.00,2.88,2.76,0.69,0.87
2016-02-23,25.54,25.07,25.81,24.80,35314,89702237.00,3.93,-2.38,-0.61,0.84
2016-02-24,24.74,25.49,25.64,24.67,37755,96291646.00,3.87,1.68,0.42,0.90
2016-02-25,25.20,22.92,25.52,22.92,36637,88926473.00,10.20,-10.08,-2.57,0.87
2016-02-26,23.07,22.15,23.64,21.22,50420,113893152.00,10.56,-3.36,-0.77,1.20
2016-02-29,22.08,20.61,22.24,20.21,45662,95708516.00,9.16,-6.95,-1.54,1.09
2016-03-01,20.73,21.12,21.23,20.24,43460,92216860.00,4.80,2.47,0.51,1.04
2016-03-02,21.14,22.15,22.24,21.02,38243,84166393.00,5.78,4.88,1.03,0.91
2016-03-03,22.29,22.16,22.95,22.13,51343,116832510.00,3.70,0.05,0.01,1.23
2016-03-04,22.16,21.82,23.16,21.25,55406,125041273.00,8.62,-1.53,-0.34,1.32
2016-03-07,21.85,22.09,22.56,21.83,37818,84482557.00,3.35,1.24,0.27,0.90
2016-03-08,22.01,21.99,22.01,20.75,36613,79063981.00,5.70,-0.45,-0.10,0.87
2016-03-09,21.43,21.51,22.44,20.94,28916,63867965.00,6.82,-2.18,-0.48,0.69
2016-03-10,21.56,21.10,21.94,20.99,22063,47577928.00,4.42,-1.91,-0.41,0.53
2016-03-11,20.84,20.94,21.17,20.74,20088,42571609.00,2.04,-0.76,-0.16,0.48
2016-03-14,21.24,21.71,21.88,21.14,51572,112764986.00,3.53,3.68,0.77,1.23
2016-03-15,21.91,21.40,21.91,21.22,30587,66701640.00,3.18,-1.43,-0.31,0.73
2016-03-16,21.27,21.02,21.60,20.95,20352,43728892.00,3.04,-1.78,-0.38,0.49
2016-03-17,21.10,21.59,21.76,21.02,38412,83569968.00,3.52,2.71,0.57,0.92
2016-03-18,21.89,22.81,23.53,21.64,75922,173584559.00,8.75,5.65,1.22,1.81
2016-03-21,22.81,23.11,23.47,22.81,69622,162459866.00,2.89,1.32,0.30,1.66
2016-03-22,23.13,23.58,24.29,22.95,83423,200238487.00,5.80,2.03,0.47,1.99
2016-03-23,23.25,23.38,23.65,22.90,53282,125329413.00,3.18,-0.85,-0.20,1.27
2016-03-24,23.04,22.96,23.81,22.92,47767,112700883.00,3.81,-1.80,-0.42,1.14
2016-03-25,22.84,22.96,23.24,22.71,35559,82458494.00,2.31,0.00,0.00,0.85
2016-03-28,23.24,22.87,23.82,22.73,40960,96212450.00,4.75,-0.39,-0.09,0.98
2016-03-29,22.92,21.63,23.02,21.44,55547,123348257.00,6.91,-5.42,-1.24,1.33
2016-03-30,21.90,22.24,22.26,21.50,57703,128443840.00,3.51,2.82,0.61,1.38
2016-03-31,22.53,22.57,22.74,22.26,51976,118540969.00,2.16,1.48,0.33,1.24
2016-04-01,22.57,22.21,22.64,21.74,35838,80141024.00,3.99,-1.60,-0.36,0.86
2016-04-05,22.21,22.81,22.94,22.10,44770,102233245.00,3.78,2.70,0.60,1.07
2016-04-06,22.81,23.53,23.74,22.72,73819,173541824.00,4.47,3.16,0.72,1.76
2016-04-07,23.57,22.78,23.64,22.75,50874,118720419.00,3.78,-3.19,-0.75,1.21
2016-04-08,22.54,22.28,22.62,21.96,35049,78971601.00,2.90,-2.19,-0.50,0.84
2016-04-11,22.44,22.80,22.99,22.44,35661,82001176.00,2.47,2.33,0.52,0.85
2016-04-12,22.83,22.66,22.84,22.42,31866,72863624.00,1.84,-0.61,-0.14,0.76
2016-04-13,22.82,22.97,23.34,22.82,50365,118022774.00,2.29,1.37,0.31,1.20
2016-04-14,23.16,23.38,23.49,23.07,52580,123802181.00,1.83,1.78,0.41,1.26
2016-04-15,23.52,23.38,23.71,23.15,36776,86889273.00,2.40,0.00,0.00,0.88
2016-04-18,23.24,22.82,23.24,22.75,27292,63116322.00,2.10,-2.40,-0.56,0.65
2016-04-19,22.89,23.21,23.29,22.89,29656,69258612.00,1.75,1.71,0.39,0.71
2016-04-20,23.21,22.22,23.74,21.75,58334,134186749.00,8.57,-4.27,-0.99,1.39
2016-04-21,22.22,21.80,22.34,21.77,26891,59917643.00,2.57,-1.89,-0.42,0.64
2016-04-22,21.99,21.65,21.99,21.34,26228,57384351.00,2.98,-0.69,-0.15,0.63
2016-04-25,21.44,21.26,22.19,21.14,32738,71419821.00,4.85,-1.80,-0.39,0.78
2016-04-26,21.20,21.44,21.48,21.14,22175,47838132.00,1.60,0.85,0.18,0.53
2016-04-27,21.59,21.33,21.67,21.19,19548,42368686.00,2.24,-0.51,-0.11,0.47
2016-04-28,21.43,21.50,21.53,21.16,19950,43102377.00,1.73,0.80,0.17,0.48
2016-04-29,21.50,21.33,21.52,21.25,14332,30978807.00,1.26,-0.79,-0.17,0.34
2016-05-03,21.15,22.12,22.18,21.15,29493,65224796.00,4.83,3.70,0.79,0.70
2016-05-04,22.12,21.87,22.34,21.80,23592,52439854.00,2.44,-1.13,-0.25,0.56
2016-05-05,21.89,21.99,22.08,21.68,21946,48605084.00,1.83,0.55,0.12,0.52
2016-05-06,22.04,21.21,22.09,21.19,32313,70158248.00,4.09,-3.55,-0.78,0.77
2016-05-09,21.14,21.32,21.38,20.61,29924,63570795.00,3.63,0.52,0.11,0.71
2016-05-10,21.30,20.91,21.53,20.74,25006,53424551.00,3.71,-1.92,-0.41,0.60
2016-05-11,21.04,20.76,21.21,20.67,24884,52367606.00,2.58,-0.72,-0.15,0.59
2016-05-12,20.64,20.76,20.92,20.47,15264,31988836.00,2.17,0.00,0.00,0.36
2016-05-13,20.90,20.75,21.09,20.66,13212,27927438.00,2.07,-0.05,-0.01,0.32
2016-05-16,20.64,20.97,20.99,20.55,11481,24210195.00,2.12,1.06,0.22,0.27
2016-05-17,21.15,20.94,21.16,20.69,14015,29576278.00,2.24,-0.14,-0.03,0.33
2016-05-18,20.91,20.79,20.93,20.66,15910,33418667.00,1.29,-0.72,-0.15,0.38
2016-05-19,20.81,21.00,21.12,20.79,17145,36376747.00,1.59,1.01,0.21,0.41
2016-05-20,21.01,21.48,21.69,20.73,26223,56568674.00,4.57,2.29,0.48,0.63
2016-05-23,21.54,21.79,21.81,21.28,30550,66445444.00,2.47,1.44,0.31,0.73
2016-05-24,21.64,21.13,21.64,21.04,16223,34905881.00,2.75,-3.03,-0.66,0.39
2016-05-25,21.03,20.99,21.39,20.90,12915,27456875.00,2.32,-0.66,-0.14,0.31
2016-05-26,21.07,21.08,21.15,20.71,16259,34253538.00,2.10,0.43,0.09,0.39
2016-05-27,21.08,21.74,21.75,20.87,32291,70143698.00,4.17,3.13,0.66,0.77
2016-05-30,21.60,21.48,21.91,21.16,21703,47409762.00,3.45,-1.20,-0.26,0.52
2016-05-31,21.66,22.47,22.52,21.44,36450,81195981.00,5.03,4.61,0.99,0.87
2016-06-01,22.58,22.43,22.80,22.21,30285,68574560.00,2.63,-0.18,-0.04,0.72
2016-06-02,22.23,22.34,22.48,22.09,21388,47982439.00,1.74,-0.40,-0.09,0.51
2016-06-03,22.39,22.12,22.39,21.97,19823,44174772.00,1.88,-0.98,-0.22,0.47
2016-06-06,22.16,22.08,22.20,21.80,15847,35124500.00,1.81,-0.18,-0.04,0.38
2016-06-07,22.14,22.18,22.20,21.86,16176,35969543.00,1.54,0.45,0.10,0.39
2016-06-08,22.17,21.98,22.24,21.70,18527,40974442.00,2.43,-0.90,-0.20,0.44
2016-06-13,21.60,21.41,22.15,21.30,23968,52564269.00,3.87,-2.59,-0.57,0.57
2016-06-14,21.20,20.98,21.45,20.80,21292,45086553.00,3.04,-2.01,-0.43,0.51
2016-06-15,20.80,21.39,21.48,20.68,26093,56068016.00,3.81,1.95,0.41,0.62
2016-06-16,21.33,21.01,21.43,20.87,23310,49486975.00,2.62,-1.78,-0.38,0.56
2016-06-17,20.80,21.00,21.27,20.80,27200,57848907.00,2.24,-0.05,-0.01,0.65
2016-06-20,21.19,21.14,21.24,20.82,15479,32895730.00,2.00,0.67,0.14,0.37
2016-06-21,21.26,21.17,21.45,21.01,23869,51269194.00,2.08,0.14,0.03,0.57
2016-06-22,21.23,21.33,21.40,21.01,12800,27357665.00,1.84,0.76,0.16,0.31
2016-06-23,21.36,22.74,22.77,21.18,70323,158075592.00,7.45,6.61,1.41,1.68
2016-06-24,23.00,22.29,23.38,21.69,59933,136557001.00,7.43,-1.98,-0.45,1.43
2016-06-27,22.50,22.99,23.20,22.47,57609,133184380.00,3.28,3.14,0.70,1.38
2016-06-28,22.80,22.95,23.35,22.60,38218,88512698.00,3.26,-0.17,-0.04,0.91
2016-06-29,22.96,22.74,23.06,22.70,34068,78527564.00,1.57,-0.92,-0.21,0.81
2016-06-30,22.70,22.44,22.87,22.21,25236,57236689.00,2.90,-1.32,-0.30,0.60
2016-07-01,22.46,22.63,23.19,22.46,35454,81748020.00,3.25,0.85,0.19,0.85
2016-07-04,22.45,24.14,24.30,22.31,91279,216913185.00,8.79,6.67,1.51,2.18
2016-07-05,24.28,23.98,25.28,23.71,124531,307326000.00,6.50,-0.66,-0.16,2.97
2016-07-06,23.88,23.85,24.07,23.42,51419,122750267.00,2.71,-0.54,-0.13,1.23
2016-07-07,23.90,23.31,23.91,22.90,57974,136130665.00,4.23,-2.26,-0.54,1.38
2016-07-08,23.23,23.91,24.66,23.23,90645,218946776.00,6.13,2.57,0.60,2.16
2016-07-11,24.45,24.09,25.20,23.96,88505,218934265.00,5.19,0.75,0.18,2.11
2016-07-12,24.00,24.17,24.19,23.51,53214,127648515.00,2.82,0.33,0.08,1.27
2016-07-13,25.10,24.50,26.57,24.17,102494,257260074.00,9.93,1.37,0.33,2.45
2016-07-14,24.50,24.51,24.75,23.81,78133,191369302.00,3.84,0.04,0.01,1.87
2016-07-15,24.23,24.02,24.39,23.90,40104,97217717.00,2.00,-2.00,-0.49,0.96
2016-07-18,24.01,23.75,24.02,23.51,31251,74972333.00,2.12,-1.12,-0.27,0.75
2016-07-19,23.74,23.78,23.84,23.47,24355,58033254.00,1.56,0.13,0.03,0.58
2016-07-20,23.69,23.55,24.06,23.47,27259,65142762.00,2.48,-0.97,-0.23,0.65
2016-07-21,23.60,23.36,23.70,23.34,26654,63191086.00,1.53,-0.81,-0.19,0.64
2016-07-22,23.50,23.80,24.39,23.40,56452,136651817.00,4.24,1.88,0.44,1.35
2016-07-25,23.42,23.53,23.87,23.40,25238,60090694.00,1.97,-1.13,-0.27,0.60
2016-07-26,23.65,23.82,23.83,23.41,20347,48685545.00,1.78,1.23,0.29,0.49
2016-07-27,23.85,22.67,24.28,21.79,45247,106278791.00,10.45,-4.83,-1.15,1.08
2016-07-28,22.30,22.50,22.90,21.70,47439,106771544.00,5.29,-0.75,-0.17,1.13
2016-07-29,22.48,21.90,22.48,21.82,22946,50990787.00,2.93,-2.67,-0.60,0.55
2016-08-01,22.00,21.10,22.00,20.67,36297,77161465.00,6.07,-3.65,-0.80,0.87
2016-08-02,21.15,21.24,21.30,20.91,15469,32987339.00,1.85,0.66,0.14,0.37
2016-08-03,21.14,21.28,21.35,20.95,18624,39725581.00,1.88,0.19,0.04,0.44
2016-08-04,21.38,21.32,21.40,21.13,14018,30108903.00,1.27,0.19,0.04,0.33
2016-08-05,21.31,21.48,21.58,21.12,18101,38992143.00,2.16,0.75,0.16,0.43
2016-08-08,21.37,22.13,22.25,21.25,22277,48999036.00,4.66,3.03,0.65,0.53
2016-08-09,22.09,21.87,22.20,21.83,22036,48798022.00,1.67,-1.17,-0.26,0.53
2016-08-10,21.90,21.76,22.12,21.70,14780,32615832.00,1.92,-0.50,-0.11,0.35
2016-08-11,21.62,21.31,21.93,21.29,18366,39774856.00,2.94,-2.07,-0.45,0.44
2016-08-12,21.25,21.44,21.47,21.20,17229,37080310.00,1.27,0.61,0.13,0.41
2016-08-15,21.45,21.93,21.98,21.31,38194,83821858.00,3.13,2.29,0.49,0.91
2016-08-16,21.93,22.01,22.05,21.70,36426,80417017.00,1.60,0.36,0.08,0.87
2016-08-17,22.01,22.11,22.46,21.81,31410,70154176.00,2.95,0.45,0.10,0.75
2016-08-18,22.00,22.04,22.14,21.83,19831,43945307.00,1.40,-0.32,-0.07,0.47
2016-08-19,21.99,21.87,21.99,21.74,22599,49812925.00,1.13,-0.77,-0.17,0.54
2016-08-22,21.87,21.68,22.04,21.63,14325,31632012.00,1.87,-0.87,-0.19,0.34
2016-08-23,21.80,21.64,21.80,21.52,10588,23149147.00,1.29,-0.18,-0.04,0.25
2016-08-24,21.70,21.91,22.15,21.58,19436,43000738.00,2.63,1.25,0.27,0.46
2016-08-25,21.81,21.44,21.89,21.30,15920,34475279.00,2.69,-2.15,-0.47,0.38
2016-08-26,21.45,22.90,23.30,21.36,47796,107068072.00,9.05,6.81,1.46,1.14
2016-08-29,22.31,22.73,23.19,22.15,59564,135376292.00,4.54,-0.74,-0.17,1.42
2016-08-30,22.50,23.00,23.30,22.45,52170,121006216.00,3.74,1.19,0.27,1.25
2016-08-31,22.80,22.75,23.18,22.62,40100,92727281.00,2.43,-1.09,-0.25,0.96
2016-09-01,22.79,22.29,22.96,22.25,27298,62072942.00,3.12,-2.02,-0.46,0.65
2016-09-02,22.65,22.15,22.65,21.93,16291,36451638.00,3.23,-0.63,-0.14,0.39
2016-09-05,22.12,22.20,22.30,22.12,12550,28119367.00,0.81,0.23,0.05,0.30
2016-09-06,22.28,22.33,22.40,21.68,18963,42298235.00,3.24,0.59,0.13,0.45
2016-09-07,22.25,22.46,22.66,22.25,24584,55757153.00,1.84,0.58,0.13,0.59
2016-09-08,22.68,22.21,22.68,22.12,20171,45461803.00,2.49,-1.11,-0.25,0.48
2016-09-09,22.34,22.19,22.42,22.16,15451,34732497.00,1.17,-0.09,-0.02,0.37
2016-09-12,21.33,21.51,21.90,21.32,17779,38838922.00,2.61,-3.06,-0.68,0.42
2016-09-13,21.65,21.47,21.74,21.44,11066,24047191.00,1.39,-0.19,-0.04,0.26
2016-09-14,21.30,21.36,21.61,21.30,12098,26190856.00,1.44,-0.51,-0.11,0.29
2016-09-19,21.38,21.67,21.93,21.38,12929,28296149.00,2.57,1.45,0.31,0.31
2016-09-20,21.80,21.59,21.85,21.52,7608,16611697.00,1.52,-0.37,-0.08,0.18
2016-09-21,21.60,21.64,21.76,21.50,9135,19926991.00,1.20,0.23,0.05,0.22
2016-09-22,21.68,21.59,21.96,21.55,15974,35015084.00,1.89,-0.23,-0.05,0.38
2016-09-23,21.59,21.47,21.77,21.42,8077,17513878.00,1.62,-0.56,-0.12,0.19
2016-09-26,21.46,21.39,21.63,21.38,11968,25972003.00,1.16,-0.37,-0.08,0.29
2016-09-27,21.30,21.49,21.50,21.30,9045,19532581.00,0.94,0.47,0.10,0.22
2016-09-28,21.60,21.78,21.90,21.41,15770,34471931.00,2.28,1.35,0.29,0.38
2016-09-29,21.77,21.69,21.80,21.60,9110,19957525.00,0.92,-0.41,-0.09,0.22
2016-09-30,21.75,21.81,21.90,21.60,9884,21669911.00,1.38,0.55,0.12,0.24
2016-10-10,21.79,22.14,22.28,21.79,17304,38487960.00,2.25,1.51,0.33,0.41
2016-10-11,22.28,22.32,22.40,22.04,15452,34683054.00,1.63,0.81,0.18,0.37
2016-10-12,22.13,22.10,22.32,21.97,17350,38679064.00,1.57,-0.99,-0.22,0.41
2016-10-13,22.17,22.01,22.23,21.94,11600,25863954.00,1.31,-0.41,-0.09,0.28
2016-10-14,21.91,21.83,22.00,21.75,9543,21037478.00,1.14,-0.82,-0.18,0.23
2016-10-17,21.98,21.65,22.00,21.60,10958,24166333.00,1.83,-0.82,-0.18,0.26
2016-10-18,21.60,22.38,22.48,21.39,35334,78047886.00,5.03,3.37,0.73,0.84
2016-10-19,22.36,22.31,22.50,22.00,27218,61012615.00,2.23,-0.31,-0.07,0.65
2016-10-20,22.50,22.33,22.64,22.28,30213,68426549.00,1.61,0.09,0.02,0.72
2016-10-21,22.12,21.92,22.29,21.81,16062,35652088.00,2.15,-1.84,-0.41,0.38
2016-10-24,21.99,21.80,22.06,21.63,30855,67817267.00,1.96,-0.55,-0.12,0.74
2016-10-25,21.81,21.85,21.95,21.76,14220,31304899.00,0.87,0.23,0.05,0.34
2016-10-26,21.87,21.93,21.96,21.63,20251,44560988.00,1.51,0.37,0.08,0.48
2016-10-27,21.82,21.88,22.03,21.71,12731,28074559.00,1.46,-0.23,-0.05,0.30
2016-10-28,21.82,21.61,21.95,21.58,13536,29668118.00,1.69,-1.23,-0.27,0.32
2016-10-31,21.61,21.64,21.70,21.48,8811,19204483.00,1.02,0.14,0.03,0.21
2016-11-01,21.60,21.80,21.89,21.60,10194,22385314.00,1.34,0.74,0.16,0.24
2016-11-02,21.66,21.70,21.83,21.63,8674,19015768.00,0.92,-0.46,-0.10,0.21
2016-11-03,21.58,21.70,21.82,21.58,10934,23959045.00,1.11,0.00,0.00,0.26
2016-11-04,21.80,22.66,23.74,21.70,69553,159096372.00,9.40,4.42,0.96,1.66
2016-11-07,22.25,22.09,22.35,22.00,41002,91629679.00,1.54,-2.52,-0.57,0.98
2016-11-08,22.00,22.01,22.19,21.86,22344,49562379.00,1.49,-0.36,-0.08,0.53
2016-11-09,22.00,21.63,22.00,21.30,25890,56632533.00,3.18,-1.73,-0.38,0.62
2016-11-10,21.73,21.82,21.99,21.61,16327,35871756.00,1.76,0.88,0.19,0.39
2016-11-11,21.81,21.85,21.92,21.70,16240,35749518.00,1.01,0.14,0.03,0.39
2016-11-14,21.91,22.04,22.05,21.81,19890,44043226.00,1.10,0.87,0.19,0.47
2016-11-15,22.04,22.05,22.07,21.85,15278,33838623.00,1.00,0.05,0.01,0.36
2016-11-16,22.06,22.15,22.35,21.98,21369,47782823.00,1.68,0.45,0.10,0.51
2016-11-17,22.13,22.45,22.48,21.96,36887,83050448.00,2.35,1.35,0.30,0.88
2016-11-18,22.39,22.08,22.66,21.98,26445,59420584.00,3.03,-1.65,-0.37,0.63
2016-11-21,21.95,21.98,22.18,21.95,14957,33223774.00,1.04,-0.45,-0.10,0.36
2016-11-22,22.11,22.10,22.14,21.94,12808,28497130.00,0.91,0.55,0.12,0.31
2016-11-23,22.11,22.38,22.58,22.06,37390,84093730.00,2.35,1.27,0.28,0.89
2016-11-24,22.24,22.06,22.39,22.02,21529,48197187.00,1.65,-1.43,-0.32,0.51
2016-11-25,21.93,22.68,22.75,21.68,60533,136560328.00,4.85,2.81,0.62,1.45
2016-11-28,22.60,22.85,23.31,22.55,63835,148424198.00,3.35,0.75,0.17,1.52
2016-11-29,22.89,22.38,23.16,22.31,36348,83626540.00,3.72,-2.06,-0.47,0.87
2016-11-30,22.27,22.76,22.80,22.21,23699,53829858.00,2.64,1.70,0.38,0.57
2016-12-01,22.96,22.55,23.12,22.50,25485,58332196.00,2.72,-0.92,-0.21,0.61
2016-12-02,22.55,21.81,22.71,21.71,31336,69814698.00,4.43,-3.28,-0.74,0.75
2016-12-05,21.71,22.21,22.61,21.49,39170,87481666.00,5.14,1.83,0.40,0.94
2016-12-06,22.03,21.71,22.21,21.66,23790,52651655.00,2.48,-2.25,-0.50,0.57
2016-12-07,21.74,21.79,21.88,21.62,27085,59356077.00,1.20,0.37,0.08,0.65
2016-12-08,21.71,21.61,21.80,21.50,23940,52245815.00,1.38,-0.83,-0.18,0.57
2016-12-09,21.53,21.61,21.69,21.52,13873,30235640.00,0.79,0.00,0.00,0.33
2016-12-12,21.76,20.41,21.78,20.33,37539,80039632.00,6.71,-5.55,-1.20,0.90
2016-12-13,20.30,20.40,20.48,20.10,24676,50638931.00,1.86,-0.05,-0.01,0.59
2016-12-14,20.20,20.13,20.59,19.56,33840,68710398.00,5.05,-1.32,-0.27,0.81
2016-12-15,20.10,20.26,20.78,19.82,23048,47375842.00,4.77,0.65,0.13,0.55
2016-12-16,20.10,20.15,20.51,20.05,21660,44250277.00,2.27,-0.54,-0.11,0.52
2016-12-19,20.17,20.45,20.60,20.10,26418,54126645.00,2.48,1.49,0.30,0.63
2016-12-20,20.52,20.37,20.55,20.20,16990,34940300.00,1.71,-0.39,-0.08,0.41
2016-12-21,20.42,20.99,21.40,20.40,43549,92014827.00,4.91,3.04,0.62,1.04
2016-12-22,20.99,21.20,21.36,20.70,21522,45820923.00,3.14,1.00,0.21,0.51
2016-12-23,21.21,21.25,21.55,21.01,20830,44646819.00,2.55,0.24,0.05,0.50
2016-12-26,21.15,21.05,21.15,20.30,9351,19640680.00,4.00,-0.94,-0.20,0.22
2016-12-27,21.14,20.98,21.14,20.93,8477,18002468.00,1.00,-0.33,-0.07,0.20
2016-12-28,20.98,21.04,21.25,20.78,11578,24668039.00,2.24,0.29,0.06,0.28
2016-12-29,21.00,21.25,21.40,20.93,20631,44064564.00,2.23,1.00,0.21,0.49
2016-12-30,21.18,21.38,21.49,21.16,17403,37572820.00,1.55,0.61,0.13,0.42