MTk5OS0wMS0wNCwxLjYzLDEuNjAsMS42MywxLjYwLDI2MjAsMTU5NTk1Ni4wMCwxLjg0LC0xLjg0LC0wLjAzLDAuMjY=
1999-01-05,1.59,1.60,1.60,1.57,4369,2578552.00,1.88,0.00,0.00,0.44
1999-01-06,1.60,1.61,1.61,1.60,2749,1658953.62,0.63,0.63,0.01,0.27
1999-01-07,1.60,1.61,1.62,1.60,1862,1133584.75,1.24,0.00,0.00,0.19
1999-01-08,1.61,1.64,1.64,1.61,3184,1973793.00,1.86,1.86,0.03,0.32
1999-01-11,1.60,1.66,1.66,1.60,3771,2377946.00,3.66,1.22,0.02,0.38
1999-01-12,1.66,1.64,1.66,1.64,2609,1645814.00,1.20,-1.20,-0.02,0.26
1999-01-13,1.64,1.62,1.64,1.61,3455,2127515.25,1.83,-1.22,-0.02,0.35
1999-01-14,1.61,1.62,1.64,1.61,2452,1510833.00,1.85,0.00,0.00,0.25
1999-01-15,1.62,1.61,1.63,1.60,2957,1796075.25,1.85,-0.62,-0.01,0.30
1999-01-18,1.60,1.62,1.62,1.57,5356,3180293.75,3.11,0.62,0.01,0.54
1999-01-19,1.57,1.63,1.64,1.57,4330,2667104.50,4.32,0.62,0.01,0.43
1999-01-20,1.64,1.64,1.64,1.62,2498,1555363.38,1.23,0.61,0.01,0.25
1999-01-21,1.64,1.64,1.64,1.62,2915,1809232.00,1.22,0.00,0.00,0.29
1999-01-22,1.64,1.66,1.67,1.63,6600,4203005.50,2.44,1.22,0.02,0.66
1999-01-25,1.67,1.68,1.69,1.65,8580,5567387.50,2.41,1.20,0.02,0.86
1999-01-26,1.65,1.67,1.68,1.65,5707,3689111.50,1.79,-0.60,-0.01,0.57
1999-01-27,1.66,1.69,1.69,1.66,4987,3252787.00,1.80,1.20,0.02,0.50
1999-01-28,1.68,1.67,1.68,1.65,3979,2560420.00,1.78,-1.18,-0.02,0.40
1999-01-29,1.66,1.67,1.68,1.64,3075,1975374.62,2.40,0.00,0.00,0.31
1999-02-01,1.65,1.67,1.68,1.65,2575,1651691.00,1.80,0.00,0.00,0.26
1999-02-02,1.66,1.65,1.67,1.63,3664,2311142.50,2.40,-1.20,-0.02,0.37
1999-02-03,1.64,1.63,1.64,1.63,2297,1432989.88,0.61,-1.21,-0.02,0.23
1999-02-04,1.63,1.63,1.64,1.62,4728,2937094.75,1.23,0.00,0.00,0.47
1999-02-05,1.62,1.60,1.62,1.59,4098,2494220.00,1.84,-1.84,-0.03,0.41
1999-02-08,1.60,1.57,1.61,1.57,3886,2294441.00,2.50,-1.88,-0.03,0.39
1999-02-09,1.56,1.60,1.60,1.56,2952,1748621.25,2.55,1.91,0.03,0.30
1999-03-01,1.60,1.63,1.64,1.60,2571,1581702.38,2.50,1.88,0.03,0.26
1999-03-02,1.63,1.62,1.64,1.61,2020,1249824.25,1.84,-0.61,-0.01,0.20
1999-03-03,1.62,1.64,1.64,1.61,2792,1731106.62,1.85,1.23,0.02,0.28
1999-03-04,1.64,1.63,1.64,1.62,2469,1534912.25,1.22,-0.61,-0.01,0.25
1999-03-05,1.63,1.66,1.69,1.63,7153,4587280.50,3.68,1.84,0.03,0.72
1999-03-08,1.66,1.67,1.67,1.64,3326,2133345.50,1.81,0.60,0.01,0.33
1999-03-09,1.68,1.66,1.68,1.65,2970,1904555.88,1.80,-0.60,-0.01,0.30
1999-03-10,1.63,1.65,1.66,1.60,3715,2334866.00,3.61,-0.60,-0.01,0.37
1999-03-11,1.70,1.66,1.70,1.66,5110,3301525.00,2.42,0.61,0.01,0.51
1999-03-12,1.66,1.66,1.66,1.64,4764,3022694.25,1.20,0.00,0.00,0.48
1999-03-15,1.66,1.68,1.70,1.65,10316,6784442.00,3.01,1.20,0.02,1.03
1999-03-16,1.68,1.75,1.76,1.68,38925,27069234.00,4.76,4.17,0.07,3.89
1999-03-17,1.75,1.72,1.76,1.72,10537,7269965.50,2.29,-1.71,-0.03,1.05
1999-03-18,1.72,1.70,1.72,1.69,6031,4048539.00,1.74,-1.16,-0.02,0.60
1999-03-19,1.70,1.76,1.76,1.69,27174,19102118.00,4.12,3.53,0.06,2.72
1999-03-22,1.77,1.73,1.78,1.73,15279,10769570.00,2.84,-1.70,-0.03,1.53
1999-03-23,1.73,1.76,1.76,1.73,12881,8999889.00,1.73,1.73,0.03,1.29
1999-03-24,1.76,1.78,1.80,1.74,25513,18255818.00,3.41,1.14,0.02,2.55
1999-03-25,1.78,1.77,1.79,1.76,12368,8881136.00,1.69,-0.56,-0.01,1.24
1999-03-26,1.77,1.78,1.81,1.76,25193,18360700.00,2.82,0.56,0.01,2.52
1999-03-29,1.77,1.78,1.83,1.74,47521,34822796.00,5.06,0.00,0.00,4.75
1999-03-30,1.79,1.80,1.82,1.79,28877,21533814.00,1.69,1.12,0.02,2.89
1999-03-31,1.81,1.86,1.87,1.78,41568,31680954.00,5.00,3.33,0.06,4.16
1999-04-01,1.87,1.88,1.90,1.84,71124,56089356.00,3.23,1.08,0.02,7.11
1999-04-02,1.88,1.88,1.89,1.87,20111,15899468.00,1.06,0.00,0.00,2.01
1999-04-05,1.88,1.91,1.93,1.87,32485,26187742.00,3.19,1.60,0.03,3.25
1999-04-06,1.91,1.98,2.00,1.90,58076,49021852.00,5.24,3.66,0.07,5.81
1999-04-07,1.98,1.92,2.00,1.92,48330,40697988.00,4.04,-3.03,-0.06,4.83
1999-04-08,1.92,1.81,1.95,1.81,106696,83656656.00,7.29,-5.73,-0.11,10.67
1999-04-09,1.81,1.93,1.93,1.81,101052,80502560.00,6.63,6.63,0.12,10.11
1999-04-12,1.97,2.00,2.05,1.96,113001,98745176.00,4.66,3.63,0.07,11.30
1999-04-13,2.00,2.00,2.01,1.94,54909,46959420.00,3.50,0.00,0.00,5.49
1999-04-14,1.98,2.03,2.07,1.97,89965,80838248.00,5.00,1.50,0.03,9.00
1999-04-15,2.01,2.01,2.06,1.97,63609,56212152.00,4.43,-0.99,-0.02,6.36
1999-04-16,2.00,2.00,2.02,1.97,41139,35734936.00,2.49,-0.50,-0.01,4.11
1999-04-19,1.98,1.96,2.00,1.93,32906,27580064.00,3.50,-2.00,-0.04,3.29
1999-04-20,1.95,2.01,2.02,1.95,21060,18230200.00,3.57,2.55,0.05,2.11
1999-04-21,2.02,1.98,2.02,1.98,20049,17400258.00,1.99,-1.49,-0.03,2.00
1999-04-22,1.97,1.98,2.02,1.94,21901,18768608.00,4.04,0.00,0.00,2.19
1999-04-23,1.98,1.99,2.02,1.97,25227,21858180.00,2.53,0.51,0.01,2.52
1999-04-26,1.97,1.94,2.00,1.94,15586,13189172.00,3.02,-2.51,-0.05,1.56
1999-04-27,1.94,1.93,1.95,1.90,16810,13762805.00,2.58,-0.52,-0.01,1.68
1999-04-28,1.94,1.91,1.96,1.90,14224,11600743.00,3.11,-1.04,-0.02,1.42
1999-04-29,1.90,1.94,1.96,1.90,6467,5313377.00,3.14,1.57,0.03,0.65
1999-04-30,1.94,2.00,2.01,1.94,13532,11636223.00,3.61,3.09,0.06,1.35
1999-05-04,2.01,1.99,2.04,1.98,8673,7599646.00,3.00,-0.50,-0.01,0.87
1999-05-05,1.99,2.01,2.01,1.97,6194,5339326.50,2.01,1.01,0.02,0.62
1999-05-06,2.01,2.03,2.04,1.99,13618,12082108.00,2.49,1.00,0.02,1.36
1999-05-07,2.04,1.98,2.04,1.98,9320,8117473.50,2.96,-2.46,-0.05,0.93
1999-05-10,1.97,1.94,1.97,1.90,19113,15819558.00,3.54,-2.02,-0.04,1.91
1999-05-11,1.94,1.97,1.98,1.94,8522,7178702.00,2.06,1.55,0.03,0.85
1999-05-12,1.93,1.96,1.99,1.93,9146,7789828.00,3.05,-0.51,-0.01,0.91
1999-05-13,1.97,2.00,2.01,1.96,10723,9227690.00,2.55,2.04,0.04,1.07
1999-05-14,2.00,1.96,2.01,1.95,10954,9298307.00,3.00,-2.00,-0.04,1.10
1999-05-17,1.93,1.94,1.96,1.93,5002,4190821.00,1.53,-1.02,-0.02,0.50
1999-05-18,1.94,1.94,1.98,1.94,3367,2827637.50,2.06,0.00,0.00,0.34
1999-05-19,1.97,2.01,2.01,1.93,9413,8091104.00,4.12,3.61,0.07,0.94
1999-05-20,2.01,2.08,2.13,2.00,77899,72072864.00,6.47,3.48,0.07,7.79
1999-05-21,2.08,2.05,2.11,2.03,44307,40519944.00,3.85,-1.44,-0.03,4.43
1999-05-24,2.05,2.11,2.13,2.05,71007,66936908.00,3.90,2.93,0.06,7.10
1999-05-25,2.12,2.09,2.16,2.07,42765,40341528.00,4.27,-0.95,-0.02,4.28
1999-05-26,2.09,2.09,2.14,2.04,39568,36967904.00,4.78,0.00,0.00,3.96
1999-05-27,2.10,2.08,2.13,2.07,50660,47484452.00,2.87,-0.48,-0.01,5.07
1999-05-28,2.09,2.18,2.20,2.08,65505,63657540.00,5.77,4.81,0.10,6.55
1999-05-31,2.21,2.32,2.33,2.21,82399,88055632.00,5.50,6.42,0.14,8.24
1999-06-01,2.34,2.35,2.38,2.31,53494,59288592.00,3.02,1.29,0.03,5.35
1999-06-02,2.35,2.29,2.35,2.25,54331,58291064.00,4.26,-2.55,-0.06,5.43
1999-06-03,2.28,2.31,2.34,2.27,19639,21034350.00,3.06,0.87,0.02,1.96
1999-06-04,2.30,2.40,2.42,2.30,30358,34035432.00,5.19,3.90,0.09,3.04
1999-06-07,2.43,2.43,2.44,2.34,41372,46828168.00,4.17,1.25,0.03,4.14
1999-06-08,2.42,2.53,2.54,2.40,54631,66176196.00,5.76,4.12,0.10,5.46
1999-06-09,2.53,2.58,2.60,2.51,30343,38056768.00,3.56,1.98,0.05,3.03
1999-06-10,2.61,2.54,2.63,2.53,38458,47997748.00,3.88,-1.55,-0.04,3.85
1999-06-11,2.55,2.52,2.60,2.50,28573,35525304.00,3.94,-0.79,-0.02,2.86
1999-06-14,2.53,2.67,2.67,2.53,33307,42911128.00,5.56,5.95,0.15,3.33
1999-06-15,2.69,2.55,2.73,2.50,98605,128516848.00,8.61,-4.49,-0.12,9.86
1999-06-16,2.56,2.72,2.72,2.55,33148,43831840.00,6.67,6.67,0.17,3.31
1999-06-17,2.78,2.93,2.93,2.78,30094,44348588.00,5.51,7.72,0.21,3.01
1999-06-18,2.94,3.01,3.08,2.93,31278,48503628.00,5.12,2.73,0.08,3.13
1999-06-21,3.04,3.23,3.23,2.99,33035,54331628.00,7.97,7.31,0.22,3.30
1999-06-22,3.24,3.41,3.41,3.24,31771,56645172.00,5.26,5.57,0.18,3.18
1999-06-23,3.42,3.64,3.65,3.41,25437,49248004.00,7.04,6.74,0.23,2.54
1999-06-24,3.67,3.62,3.74,3.45,43108,83445368.00,7.97,-0.55,-0.02,4.31
1999-06-28,3.52,3.82,3.82,3.45,56205,111338032.00,10.22,5.52,0.20,5.62
1999-06-29,3.88,4.13,4.13,3.82,45640,103286576.00,8.12,8.12,0.31,4.56
1999-06-30,4.26,4.06,4.41,3.97,15356,34951168.00,10.65,-1.69,-0.07,1.54
1999-07-01,4.11,3.73,4.11,3.73,27938,58602068.00,9.36,-8.13,-0.33,2.79
1999-07-02,3.74,3.87,3.98,3.55,19165,40302048.00,11.53,3.75,0.14,1.92
1999-07-05,3.90,3.80,3.97,3.76,10152,21442194.00,5.43,-1.81,-0.07,1.02
1999-07-06,3.76,3.82,3.87,3.74,10287,21509310.00,3.42,0.53,0.02,1.03
1999-07-07,3.85,3.90,4.04,3.79,16203,34871440.00,6.54,2.09,0.08,1.62
1999-07-08,3.90,3.91,3.98,3.89,6593,14347978.00,2.31,0.26,0.01,0.66
1999-07-09,3.94,3.90,3.97,3.85,10740,23214800.00,3.07,-0.26,-0.01,1.07
1999-07-12,3.89,3.75,3.89,3.67,29589,61640324.00,5.64,-3.85,-0.15,2.96
1999-07-13,3.67,3.68,3.74,3.57,15229,30241572.00,4.53,-1.87,-0.07,1.52
1999-07-14,3.66,3.76,3.76,3.58,16397,32870102.00,4.89,2.17,0.08,1.64
1999-07-15,3.76,3.82,3.82,3.67,10090,20953088.00,3.99,1.60,0.06,1.01
1999-07-16,3.80,3.81,3.88,3.70,7679,15958444.00,4.71,-0.26,-0.01,0.77
1999-07-19,3.72,3.63,3.80,3.62,3937,7918818.00,4.72,-4.72,-0.18,0.39
1999-07-21,3.92,3.92,3.92,3.85,40645,88006464.00,1.93,7.99,0.29,4.06
1999-07-22,4.01,4.01,4.20,3.94,32869,75225504.00,6.63,2.30,0.09,3.29
1999-07-23,3.97,4.02,4.09,3.94,17303,38651552.00,3.74,0.25,0.01,1.73
1999-07-26,4.01,3.95,4.04,3.93,6858,15172560.00,2.74,-1.74,-0.07,0.69
1999-07-27,3.96,3.80,3.97,3.75,7321,15404084.00,5.57,-3.80,-0.15,0.73
1999-07-28,3.81,3.79,3.85,3.66,13960,28489112.00,5.00,-0.26,-0.01,1.40
1999-07-29,3.79,3.70,3.81,3.69,7626,15516904.00,3.17,-2.37,-0.09,0.76
1999-08-02,3.74,3.74,3.74,3.67,11101,22473286.00,1.89,1.08,0.04,1.11
1999-08-03,3.74,3.70,3.75,3.69,5618,11403288.00,1.60,-1.07,-0.04,0.56
1999-08-04,3.73,3.72,3.74,3.67,7947,16066649.00,1.89,0.54,0.02,0.79
1999-08-05,3.72,3.67,3.73,3.65,11630,23279142.00,2.15,-1.34,-0.05,1.16
1999-08-06,3.67,3.68,3.72,3.50,20369,39322536.00,5.99,0.27,0.01,2.04
1999-08-09,3.68,3.55,3.69,3.54,5620,11066741.00,4.08,-3.53,-0.13,0.56
1999-08-10,3.54,3.54,3.58,3.49,11887,22561794.00,2.54,-0.28,-0.01,1.19
1999-08-11,3.52,3.47,3.57,3.45,3485,6576208.00,3.39,-1.98,-0.07,0.35
1999-08-12,3.47,3.42,3.51,3.36,7813,14299607.00,4.32,-1.44,-0.05,0.78
1999-08-13,3.41,3.25,3.45,3.23,10106,17456894.00,6.43,-4.97,-0.17,1.01
1999-08-16,3.23,3.01,3.23,2.99,14189,22607498.00,7.38,-7.38,-0.24,1.42
1999-08-17,2.99,3.23,3.23,2.95,15879,26607216.00,9.30,7.31,0.22,1.59
1999-08-18,3.24,3.39,3.46,3.24,18720,33742056.00,6.81,4.95,0.16,1.87
1999-08-19,3.40,3.41,3.51,3.33,16050,29056038.00,5.31,0.59,0.02,1.61
1999-08-20,3.43,3.42,3.46,3.38,7172,13077667.00,2.35,0.29,0.01,0.72
1999-08-23,3.38,3.40,3.42,3.36,8520,15415890.00,1.75,-0.58,-0.02,0.85
1999-08-24,3.39,3.27,3.40,3.26,10971,19304060.00,4.12,-3.82,-0.13,1.10
1999-08-25,3.27,3.16,3.30,3.11,6934,11628047.00,5.81,-3.36,-0.11,0.69
1999-08-26,3.15,3.20,3.28,3.11,5181,8722779.00,5.38,1.27,0.04,0.52
1999-08-27,3.21,3.22,3.24,3.18,3475,5870774.00,1.88,0.63,0.02,0.35
1999-08-30,3.22,3.22,3.28,3.15,2838,4772778.50,4.04,0.00,0.00,0.28
1999-08-31,3.21,3.23,3.27,3.15,5594,9530216.00,3.73,0.31,0.01,0.56
1999-09-01,3.23,3.18,3.23,3.17,2452,4090590.75,1.86,-1.55,-0.05,0.25
1999-09-02,3.18,3.17,3.18,3.08,3478,5660580.00,3.14,-0.31,-0.01,0.35
1999-09-03,3.20,3.12,3.20,3.09,2880,4697378.50,3.47,-1.58,-0.05,0.29
1999-09-06,3.15,3.13,3.15,3.09,1419,2321127.00,1.92,0.32,0.01,0.14
1999-09-07,3.10,3.23,3.27,3.10,7219,12277444.00,5.43,3.19,0.10,0.72
1999-09-08,3.24,3.37,3.39,3.24,20999,37623384.00,4.64,4.33,0.14,2.10
1999-09-09,3.40,3.50,3.56,3.40,32028,59811828.00,4.75,3.86,0.13,3.20
1999-09-10,3.54,3.44,3.54,3.40,21137,39084924.00,4.00,-1.71,-0.06,2.11
1999-09-13,3.46,3.34,3.46,3.30,13850,24636294.00,4.65,-2.91,-0.10,1.39
1999-09-14,3.39,3.36,3.43,3.32,6961,12441187.00,3.29,0.60,0.02,0.70
1999-09-15,3.30,3.36,3.38,3.30,3875,6886428.00,2.38,0.00,0.00,0.39
1999-09-16,3.32,3.39,3.39,3.30,22498,40502464.00,2.68,0.89,0.03,2.25
1999-09-17,3.43,3.34,3.43,3.33,5563,9974974.00,2.95,-1.47,-0.05,0.56
1999-09-20,3.40,3.30,3.40,3.28,2691,4719835.00,3.59,-1.20,-0.04,0.27
1999-09-21,3.30,3.26,3.32,3.25,2029,3531433.00,2.12,-1.21,-0.04,0.20
1999-09-22,3.29,3.22,3.29,3.18,12034,20511792.00,3.37,-1.23,-0.04,1.20
1999-09-23,3.19,3.20,3.26,3.19,9450,15996222.00,2.17,-0.62,-0.02,0.95
1999-09-24,3.20,3.20,3.28,3.17,6854,11629546.00,3.44,0.00,0.00,0.69
1999-09-27,3.20,3.21,3.24,3.20,8958,15136638.00,1.25,0.31,0.01,0.90
1999-09-28,3.26,3.18,3.26,3.17,2349,3932959.00,2.80,-0.93,-0.03,0.23
1999-09-29,3.18,3.20,3.21,3.14,6086,10170881.00,2.20,0.63,0.02,0.61
1999-09-30,3.15,3.24,3.30,3.15,2085,3490004.00,4.69,1.25,0.04,0.21
1999-10-08,3.23,3.20,3.23,3.19,856,1444370.38,1.23,-1.23,-0.04,0.09
1999-10-11,3.20,3.10,3.25,3.09,2905,4735301.00,5.00,-3.13,-0.10,0.29
1999-10-12,3.12,3.08,3.15,2.97,2548,4068158.00,5.81,-0.65,-0.02,0.25
1999-10-13,3.11,2.96,3.11,2.95,3186,4927993.00,5.19,-3.90,-0.12,0.32
1999-10-14,2.96,2.98,3.05,2.96,9536,14771797.00,3.04,0.68,0.02,0.95
1999-10-15,3.00,3.03,3.03,2.95,3323,5121454.50,2.68,1.68,0.05,0.33
1999-10-18,3.05,2.86,3.06,2.86,15551,23468356.00,6.60,-5.61,-0.17,1.56
1999-10-19,2.86,2.77,2.89,2.67,7194,9950103.00,7.69,-3.15,-0.09,0.72
1999-10-20,2.75,2.78,2.79,2.72,5509,7666728.00,2.53,0.36,0.01,0.55
1999-10-21,2.81,2.76,2.81,2.76,2604,3637568.00,1.80,-0.72,-0.02,0.26
1999-10-22,2.78,2.85,2.93,2.75,12431,17916976.00,6.52,3.26,0.09,1.24
1999-10-25,2.86,2.77,2.88,2.76,2181,3068401.25,4.21,-2.81,-0.08,0.22
1999-10-26,2.77,2.80,2.85,2.76,7046,9966373.00,3.25,1.08,0.03,0.70
1999-10-27,2.84,2.85,2.89,2.81,8046,11598181.00,2.86,1.79,0.05,0.80
1999-10-28,2.87,2.76,2.87,2.74,6792,9510451.00,4.56,-3.16,-0.09,0.68
1999-10-29,2.76,2.74,2.78,2.67,12181,16452218.00,3.99,-0.72,-0.02,1.22
1999-11-01,2.73,2.70,2.74,2.68,4511,6066422.50,2.19,-1.46,-0.04,0.45
1999-11-02,2.70,2.67,2.70,2.61,6626,8718288.00,3.33,-1.11,-0.03,0.66
1999-11-03,2.67,2.67,2.67,2.62,5050,6590764.00,1.87,0.00,0.00,0.51
1999-11-04,2.70,2.68,2.70,2.63,5102,6788649.00,2.62,0.37,0.01,0.51
1999-11-05,2.68,2.67,2.71,2.65,4214,5584990.50,2.24,-0.37,-0.01,0.42
1999-11-08,2.66,2.68,2.68,2.63,4678,6120803.00,1.87,0.37,0.01,0.47
1999-11-09,2.67,2.64,2.67,2.63,3528,4597982.00,1.49,-1.49,-0.04,0.35
1999-11-10,2.64,2.65,2.65,2.58,4435,5711366.50,2.65,0.38,0.01,0.44
1999-11-11,2.64,2.61,2.65,2.60,2756,3557399.00,1.89,-1.51,-0.04,0.28
1999-11-12,2.56,2.64,2.65,2.56,13075,16965458.00,3.45,1.15,0.03,1.31
1999-11-15,2.65,2.71,2.73,2.63,9398,12631379.00,3.79,2.65,0.07,0.94
1999-11-16,2.72,2.66,2.72,2.64,10781,14249995.00,2.95,-1.85,-0.05,1.08
1999-11-17,2.68,2.80,2.81,2.67,23337,32287878.00,5.26,5.26,0.14,2.33
1999-11-18,2.81,2.92,2.99,2.76,24595,36685892.00,8.21,4.29,0.12,2.46
1999-11-19,2.87,2.91,3.01,2.87,20625,31303184.00,4.79,-0.34,-0.01,2.06
1999-11-22,2.92,2.87,2.98,2.84,9919,14560244.00,4.81,-1.37,-0.04,0.99
1999-11-23,2.87,2.86,2.90,2.84,6885,10023317.00,2.09,-0.35,-0.01,0.69
1999-11-24,2.87,2.78,2.88,2.78,10170,14362625.00,3.50,-2.80,-0.08,1.02
1999-11-25,2.77,2.71,2.78,2.71,9861,13443532.00,2.52,-2.52,-0.07,0.99
1999-11-26,2.71,2.77,2.77,2.70,9835,13508042.00,2.58,2.21,0.06,0.98
1999-11-29,2.78,2.91,2.98,2.77,51394,75827064.00,7.58,5.05,0.14,5.14
1999-11-30,2.90,2.89,2.97,2.87,15274,22882726.00,3.44,-0.69,-0.02,1.53
1999-12-01,2.89,3.07,3.08,2.89,28227,43418368.00,6.57,6.23,0.18,2.82
1999-12-02,3.08,3.06,3.12,3.02,33961,54255440.00,3.26,-0.33,-0.01,3.40
1999-12-03,3.03,3.06,3.10,2.98,21536,33811924.00,3.92,0.00,0.00,2.15
1999-12-06,3.02,3.03,3.09,3.01,11186,17659106.00,2.61,-0.98,-0.03,1.12
1999-12-07,3.04,3.03,3.06,2.98,13209,20522004.00,2.64,0.00,0.00,1.32
1999-12-08,3.03,3.10,3.19,3.03,36067,58935040.00,5.28,2.31,0.07,3.61
1999-12-09,3.08,3.12,3.15,3.06,15339,24918792.00,2.90,0.65,0.02,1.53
1999-12-10,3.12,3.25,3.27,3.08,26198,44402624.00,6.09,4.17,0.13,2.62
1999-12-13,3.27,3.21,3.37,3.20,45697,80036720.00,5.23,-1.23,-0.04,4.57
1999-12-14,3.21,3.39,3.41,3.18,33828,59016524.00,7.17,5.61,0.18,3.38
1999-12-15,3.40,3.42,3.47,3.36,38415,70238464.00,3.24,0.88,0.03,3.84
1999-12-16,3.41,3.32,3.43,3.32,19130,34332408.00,3.22,-2.92,-0.10,1.91
1999-12-17,3.33,3.32,3.38,3.22,30058,52569860.00,4.82,0.00,0.00,3.01
1999-12-21,3.28,3.35,3.37,3.27,10073,17788250.00,3.01,0.90,0.03,1.01
1999-12-22,3.34,3.29,3.37,3.28,13786,24178130.00,2.69,-1.79,-0.06,1.38
1999-12-23,3.29,3.13,3.29,3.12,21217,35403376.00,5.17,-4.86,-0.16,2.12
1999-12-24,3.09,3.12,3.18,3.06,15886,25799444.00,3.83,-0.32,-0.01,1.59
1999-12-27,3.11,3.17,3.21,3.06,20577,33938924.00,4.81,1.60,0.05,2.06
1999-12-28,3.16,3.16,3.20,3.08,26445,43184176.00,3.79,-0.32,-0.01,2.64
1999-12-29,3.16,3.14,3.18,3.09,4668,7626533.50,2.85,-0.63,-0.02,0.47
1999-12-30,3.16,3.19,3.24,3.14,12834,21416016.00,3.18,1.59,0.05,1.28