2002-01-04,8.47,8.16,8.48,8.14,1670,1626723.00,4.00,-4.00,-0.34,0.23
2002-01-07,8.06,8.02,8.07,7.98,1558,1480417.00,1.10,-1.72,-0.14,0.21
2002-01-08,8.11,8.01,8.16,8.01,868,829773.00,1.87,-0.12,-0.01,0.12
2002-01-09,8.04,7.84,8.16,7.81,1311,1230966.00,4.37,-2.12,-0.17,0.18
2002-01-10,7.79,8.01,8.06,7.53,2253,2072152.00,6.76,2.17,0.17,0.30
2002-01-11,8.01,7.71,8.01,7.71,1128,1052871.00,3.75,-3.75,-0.30,0.15
2002-01-14,7.55,7.33,7.55,7.26,4117,3647658.00,3.76,-4.93,-0.38,0.56
2002-01-15,7.33,7.24,7.53,7.21,2170,1915840.00,4.37,-1.23,-0.09,0.29
2002-01-16,7.31,7.38,7.43,7.14,1513,1327191.00,4.01,1.93,0.14,0.20
2002-01-17,7.38,6.77,7.38,6.71,1959,1683613.00,9.08,-8.27,-0.61,0.26
2002-01-18,6.71,6.51,6.81,6.39,5315,4285973.00,6.20,-3.84,-0.26,0.72
2002-01-21,6.50,5.71,6.50,5.71,5370,4010248.00,12.14,-12.29,-0.80,0.72
2002-01-22,5.61,5.25,5.89,5.21,7351,5141397.00,11.91,-8.06,-0.46,0.99
2002-01-23,5.17,5.92,5.92,5.11,7676,5337245.00,15.43,12.76,0.67,1.04
2002-01-24,5.92,6.25,6.41,5.65,10088,7722922.00,12.84,5.57,0.33,1.36
2002-01-25,6.16,6.15,6.31,6.02,4216,3249657.00,4.64,-1.60,-0.10,0.57
2002-01-28,6.19,5.59,6.30,5.58,6491,4807833.00,11.71,-9.11,-0.56,0.88
2002-01-29,5.49,5.91,5.96,5.43,4263,3097125.00,9.48,5.72,0.32,0.58
2002-01-30,5.91,6.11,6.16,5.91,3338,2518921.00,4.23,3.38,0.20,0.45
2002-01-31,6.21,6.71,6.79,6.21,11480,9268594.00,9.49,9.82,0.60,1.55
2002-02-01,6.81,6.65,6.86,6.61,7420,6095598.00,3.73,-0.89,-0.06,1.00
2002-02-04,6.41,6.81,6.85,6.21,20723,16606581.00,9.62,2.41,0.16,2.80
2002-02-05,6.71,6.73,6.77,6.46,15765,12804749.00,4.55,-1.17,-0.08,2.13
2002-02-06,6.69,6.30,6.71,6.26,8261,6562883.00,6.69,-6.39,-0.43,1.11
2002-02-07,6.26,6.46,6.55,6.12,6280,4989391.00,6.83,2.54,0.16,0.85
2002-02-08,6.46,6.39,6.61,6.39,6494,5159815.00,3.41,-1.08,-0.07,0.88
2002-02-25,6.59,6.54,6.66,6.46,6226,5010202.00,3.13,2.35,0.15,0.84
2002-02-26,6.54,6.74,6.74,6.49,5876,4755700.00,3.82,3.06,0.20,0.79
2002-02-27,6.76,6.89,6.90,6.70,8584,7123230.00,2.97,2.23,0.15,1.16
2002-02-28,7.04,7.10,7.29,7.03,25984,22514838.00,3.77,3.05,0.21,3.51
2002-03-01,7.04,6.82,7.06,6.81,9041,7611585.00,3.52,-3.94,-0.28,1.22
2002-03-04,6.81,7.10,7.11,6.76,6272,5294792.00,5.13,4.11,0.28,0.85
2002-03-05,7.09,7.24,7.28,7.07,10271,8937581.00,2.96,1.97,0.14,1.39
2002-03-06,7.26,7.18,7.41,7.17,15387,13540101.00,3.31,-0.83,-0.06,2.08
2002-03-07,7.17,7.47,7.47,7.17,12891,11360882.00,4.18,4.04,0.29,1.74
2002-03-08,7.56,7.64,7.66,7.37,18507,16692546.00,3.88,2.28,0.17,2.50
2002-03-11,7.64,7.97,8.01,7.57,13765,12666253.00,5.76,4.32,0.33,1.86
2002-03-12,7.96,7.62,7.96,7.61,13894,12912933.00,4.39,-4.39,-0.35,1.87
2002-03-13,7.59,7.32,7.70,7.31,10559,9469413.00,5.12,-3.94,-0.30,1.42
2002-03-14,7.32,7.66,7.67,7.31,7798,6989061.00,4.92,4.64,0.34,1.05
2002-03-15,7.71,7.32,7.79,7.32,9193,8334687.00,6.14,-4.44,-0.34,1.24
2002-03-18,7.52,7.31,7.61,7.21,6138,5434533.00,5.46,-0.14,-0.01,0.83
2002-03-19,7.36,7.56,7.57,7.33,6185,5543009.00,3.28,3.42,0.25,0.83
2002-03-20,7.62,7.81,7.95,7.62,16824,15629032.00,4.37,3.31,0.25,2.27
2002-03-21,7.86,7.73,7.89,7.67,6488,5999689.00,2.82,-1.02,-0.08,0.88
2002-03-22,7.71,7.58,7.72,7.51,6362,5781485.00,2.72,-1.94,-0.15,0.86
2002-03-25,7.59,7.69,7.71,7.59,3919,3586345.00,1.58,1.45,0.11,0.53
2002-03-26,7.69,7.46,7.71,7.42,4721,4248060.00,3.77,-2.99,-0.23,0.64
2002-03-27,7.41,7.49,7.49,7.31,4552,4039112.00,2.41,0.40,0.03,0.61
2002-03-28,7.44,7.48,7.61,7.33,3596,3220522.00,3.74,-0.13,-0.01,0.49
2002-03-29,7.39,7.16,7.40,7.11,6113,5347625.00,3.88,-4.28,-0.32,0.82
2002-04-01,7.16,7.10,7.21,6.97,2940,2517482.00,3.35,-0.84,-0.06,0.40
2002-04-02,7.11,6.88,7.16,6.85,3917,3306643.00,4.37,-3.10,-0.22,0.53
2002-04-03,6.87,6.91,7.08,6.87,2425,2047973.00,3.05,0.44,0.03,0.33
2002-04-04,6.94,7.23,7.28,6.84,3754,3217897.00,6.37,4.63,0.32,0.51
2002-04-05,7.30,7.29,7.41,7.23,5029,4435196.00,2.49,0.83,0.06,0.68
2002-04-08,7.29,7.35,7.39,7.23,2156,1897745.00,2.19,0.82,0.06,0.29
2002-04-09,7.36,7.55,7.61,7.33,5153,4641290.00,3.81,2.72,0.20,0.70
2002-04-10,7.61,7.61,7.64,7.53,4609,4181189.00,1.46,0.79,0.06,0.62
2002-04-11,7.61,7.36,7.63,7.33,4806,4317869.00,3.94,-3.29,-0.25,0.65
2002-04-12,7.49,7.41,7.57,7.39,2714,2429307.00,2.45,0.68,0.05,0.37
2002-04-15,7.41,7.36,7.48,7.29,3027,2670405.00,2.56,-0.67,-0.05,0.41
2002-04-16,7.36,7.48,7.49,7.34,2736,2436739.00,2.04,1.63,0.12,0.37
2002-04-17,7.49,7.59,7.64,7.48,5159,4673690.00,2.14,1.47,0.11,0.70
2002-04-18,7.62,7.36,7.64,7.36,2382,2139928.00,3.69,-3.03,-0.23,0.32
2002-04-19,7.34,7.35,7.37,7.15,3472,3039805.00,2.99,-0.14,-0.01,0.47
2002-04-22,7.38,7.36,7.43,7.27,2245,1983589.00,2.18,0.14,0.01,0.30
2002-04-23,7.35,7.29,7.40,7.28,1677,1477773.00,1.63,-0.95,-0.07,0.23
2002-04-24,7.21,7.13,7.29,7.12,1913,1659820.00,2.33,-2.19,-0.16,0.26
2002-04-25,7.14,7.26,7.33,7.14,1624,1417831.00,2.66,1.82,0.13,0.22
2002-04-26,7.37,7.46,7.49,7.26,2703,2409544.00,3.17,2.75,0.20,0.36
2002-04-29,7.44,7.65,7.69,7.44,6457,5869648.00,3.35,2.55,0.19,0.87
2002-04-30,7.66,7.61,7.69,7.54,5364,4880807.00,1.96,-0.52,-0.04,0.72
2002-05-08,7.59,7.48,7.61,7.46,2983,2690542.00,1.97,-1.71,-0.13,0.40
2002-05-09,7.46,7.53,7.58,7.44,2365,2132885.00,1.87,0.67,0.05,0.32
2002-05-10,7.51,7.50,7.52,7.45,2118,1902178.00,0.93,-0.40,-0.03,0.29
2002-05-13,7.46,7.37,7.46,7.23,3466,3044408.00,3.07,-1.73,-0.13,0.47
2002-05-14,7.31,7.29,7.40,7.26,1732,1525817.00,1.90,-1.09,-0.08,0.23
2002-05-15,7.30,7.24,7.35,7.24,2091,1833430.00,1.51,-0.69,-0.05,0.28
2002-05-16,7.20,6.90,7.20,6.87,3951,3358397.00,4.56,-4.70,-0.34,0.53
2002-05-17,6.94,6.94,7.01,6.81,3480,2917184.00,2.90,0.58,0.04,0.47
2002-05-20,6.92,6.73,6.92,6.61,3168,2592339.00,4.47,-3.03,-0.21,0.43
2002-05-21,6.91,7.22,7.26,6.89,6421,5533507.00,5.50,7.28,0.49,0.87
2002-05-22,7.22,7.23,7.31,7.11,4150,3609459.00,2.77,0.14,0.01,0.56
2002-05-23,7.26,7.29,7.44,7.26,4267,3774676.00,2.49,0.83,0.06,0.58
2002-05-24,7.31,7.11,7.31,7.00,2630,2256620.00,4.25,-2.47,-0.18,0.35
2002-05-27,7.13,7.26,7.30,7.03,1856,1602364.00,3.80,2.11,0.15,0.25
2002-05-28,7.29,7.27,7.35,7.14,2003,1756154.00,2.89,0.14,0.01,0.27
2002-05-29,7.26,7.03,7.26,6.87,3370,2852834.00,5.36,-3.30,-0.24,0.45
2002-05-30,7.03,7.04,7.15,6.85,2308,1952285.00,4.27,0.14,0.01,0.31
2002-05-31,7.06,7.03,7.10,6.87,1632,1378761.00,3.27,-0.14,-0.01,0.22
2002-06-03,6.95,6.77,6.99,6.71,1756,1455891.00,3.98,-3.70,-0.26,0.24
2002-06-04,6.76,6.85,6.92,6.66,1887,1560936.00,3.84,1.18,0.08,0.25
2002-06-05,6.85,6.68,6.86,6.64,3314,2707562.00,3.21,-2.48,-0.17,0.45
2002-06-06,6.61,7.08,7.21,6.46,5653,4704081.00,11.23,5.99,0.40,0.76
2002-06-07,7.03,7.47,7.56,6.96,16684,14757457.00,8.47,5.51,0.39,2.25
2002-06-10,7.49,7.68,7.81,7.39,52869,48567689.00,5.62,2.81,0.21,7.13
2002-06-11,7.61,7.64,7.76,7.54,14646,13377949.00,2.86,-0.52,-0.04,1.98
2002-06-12,7.64,7.46,7.68,7.34,10089,9017773.00,4.45,-2.36,-0.18,1.36
2002-06-13,7.47,7.33,7.56,7.31,5294,4728506.00,3.35,-1.74,-0.13,0.71
2002-06-14,7.24,7.26,7.42,7.21,4972,4371110.00,2.86,-0.95,-0.07,0.67
2002-06-17,7.20,7.24,7.28,7.11,2908,2529842.00,2.34,-0.28,-0.02,0.39
2002-06-18,7.34,7.58,7.63,7.26,9813,8864328.00,5.11,4.70,0.34,1.32
2002-06-19,7.55,7.39,7.60,7.38,4096,3674627.00,2.90,-2.51,-0.19,0.55
2002-06-20,7.51,7.43,7.61,7.41,2929,2637498.00,2.71,0.54,0.04,0.40
2002-06-21,7.51,7.81,7.86,7.47,20859,19291851.00,5.25,5.11,0.38,2.81
2002-06-24,8.74,8.74,8.74,8.28,54330,54795018.00,5.89,11.91,0.93,7.33
2002-06-26,8.51,8.40,8.66,8.13,23949,23628866.00,6.06,-3.89,-0.34,3.23
2002-06-27,8.41,8.30,8.56,8.18,15446,15135000.00,4.52,-1.19,-0.10,2.08
2002-06-28,8.30,8.11,8.41,8.03,18363,17793047.00,4.58,-2.29,-0.19,2.48
2002-07-01,8.11,8.11,8.30,8.11,6578,6363599.00,2.34,0.00,0.00,0.89
2002-07-02,8.11,8.46,8.46,8.08,11403,11178890.00,4.69,4.32,0.35,1.54
2002-07-03,8.48,8.46,8.51,8.37,9270,9211821.00,1.65,0.00,0.00,1.25
2002-07-04,8.61,8.42,8.73,8.41,15283,15358910.00,3.78,-0.47,-0.04,2.06
2002-07-05,8.43,8.87,8.91,8.42,48645,50023454.00,5.82,5.34,0.45,6.56
2002-07-08,8.90,9.06,9.22,8.90,41118,43590445.00,3.61,2.14,0.19,5.55
2002-07-09,9.05,8.93,9.16,8.88,19272,20186314.00,3.09,-1.43,-0.13,2.60
2002-07-10,8.89,8.75,8.93,8.74,15123,15579982.00,2.13,-2.02,-0.18,2.04
2002-07-11,8.71,9.04,9.16,8.69,16313,17005189.00,5.37,3.31,0.29,2.20
2002-07-12,9.10,9.07,9.19,8.91,18444,19510565.00,3.10,0.33,0.03,2.49
2002-07-15,9.02,9.04,9.06,8.82,10956,11413028.00,2.65,-0.33,-0.03,1.48
2002-07-16,9.00,8.67,9.09,8.64,13958,14381354.00,4.98,-4.09,-0.37,1.88
2002-07-17,8.67,8.82,8.83,8.51,12380,12518375.00,3.69,1.73,0.15,1.67
2002-07-18,8.81,8.70,8.81,8.61,5569,5676235.00,2.27,-1.36,-0.12,0.75
2002-07-19,8.70,8.73,8.80,8.62,4136,4218063.00,2.07,0.34,0.03,0.56
2002-07-22,8.78,8.62,8.79,8.57,5248,5286901.00,2.52,-1.26,-0.11,0.71
2002-07-23,8.56,8.38,8.66,8.36,6965,6928667.00,3.48,-2.78,-0.24,0.94
2002-07-24,8.38,8.45,8.46,8.34,4062,3994781.00,1.43,0.84,0.07,0.55
2002-07-25,8.47,8.42,8.51,8.36,2530,2494499.00,1.78,-0.36,-0.03,0.34
2002-07-26,8.56,8.45,8.56,8.42,2192,2172811.00,1.66,0.36,0.03,0.30
2002-07-29,8.36,8.36,8.50,8.11,4149,4029368.00,4.62,-1.07,-0.09,0.56
2002-07-30,8.38,8.25,8.38,8.19,2414,2341118.00,2.27,-1.32,-0.11,0.33
2002-07-31,8.34,8.11,8.34,8.07,3512,3389194.00,3.27,-1.70,-0.14,0.47
2002-08-01,8.11,8.14,8.24,8.08,2733,2617624.00,1.97,0.37,0.03,0.37
2002-08-02,8.24,8.24,8.34,8.16,1583,1529052.00,2.21,1.23,0.10,0.21
2002-08-05,8.24,8.25,8.26,8.15,1092,1053000.00,1.33,0.12,0.01,0.15
2002-08-06,8.27,8.44,8.47,8.23,3678,3610925.00,2.91,2.30,0.19,0.50
2002-08-07,8.41,8.36,8.41,8.31,1967,1925115.00,1.18,-0.95,-0.08,0.27
2002-08-08,8.37,8.27,8.46,8.24,1599,1566499.00,2.63,-1.08,-0.09,0.22
2002-08-09,8.23,8.08,8.23,8.06,4261,4064456.00,2.06,-2.30,-0.19,0.57
2002-08-12,8.07,7.95,8.07,7.92,3174,2986448.00,1.86,-1.61,-0.13,0.43
2002-08-13,7.94,8.01,8.04,7.92,1316,1237953.00,1.51,0.75,0.06,0.18
2002-08-14,8.03,8.02,8.06,7.96,921,868866.00,1.25,0.12,0.01,0.12
2002-08-15,8.02,7.88,8.02,7.86,1701,1591668.00,2.00,-1.75,-0.14,0.23
2002-08-16,7.87,8.00,8.16,7.74,2847,2650909.00,5.33,1.52,0.12,0.38
2002-08-19,8.01,7.94,8.01,7.86,1958,1835300.00,1.88,-0.75,-0.06,0.26
2002-08-20,7.93,8.12,8.14,7.93,3259,3100388.00,2.64,2.27,0.18,0.44
2002-08-21,8.12,8.18,8.20,8.05,3778,3608963.00,1.85,0.74,0.06,0.51
2002-08-22,8.14,8.22,8.30,8.09,3761,3635780.00,2.57,0.49,0.04,0.51
2002-08-23,8.22,8.08,8.22,8.06,3698,3540198.00,1.95,-1.70,-0.14,0.50
2002-08-26,8.08,7.96,8.08,7.96,2562,2420138.00,1.49,-1.49,-0.12,0.35
2002-08-27,7.96,8.19,8.21,7.96,2616,2496344.00,3.14,2.89,0.23,0.35
2002-08-28,8.20,8.34,8.34,8.14,4190,4065000.00,2.44,1.83,0.15,0.57
2002-08-29,8.36,8.15,8.42,8.11,7817,7599715.00,3.72,-2.28,-0.19,1.05
2002-08-30,8.14,8.11,8.20,8.06,1906,1817022.00,1.72,-0.49,-0.04,0.26
2002-09-02,8.11,8.17,8.17,8.07,1314,1257052.00,1.23,0.74,0.06,0.18
2002-09-03,8.17,8.21,8.29,8.14,2310,2234496.00,1.84,0.49,0.04,0.31
2002-09-04,8.19,8.13,8.20,8.11,1039,998248.00,1.10,-0.97,-0.08,0.14
2002-09-05,8.09,7.92,8.11,7.89,3122,2934086.00,2.71,-2.58,-0.21,0.42
2002-09-06,7.91,7.91,8.00,7.89,1580,1479532.00,1.39,-0.13,-0.01,0.21
2002-09-09,8.05,7.80,8.05,7.77,1866,1736616.00,3.54,-1.39,-0.11,0.25
2002-09-10,7.86,7.80,7.86,7.77,1343,1239475.00,1.15,0.00,0.00,0.18
2002-09-11,7.81,7.66,7.86,7.58,2490,2267778.00,3.59,-1.79,-0.14,0.34
2002-09-12,7.61,7.72,7.76,7.61,2196,2007097.00,1.96,0.78,0.06,0.30
2002-09-13,7.66,7.69,7.72,7.66,814,743171.00,0.78,-0.39,-0.03,0.11
2002-09-16,7.65,7.55,7.66,7.53,1860,1678423.00,1.69,-1.82,-0.14,0.25
2002-09-17,7.54,7.48,7.66,7.44,1693,1513476.00,2.91,-0.93,-0.07,0.23
2002-09-18,7.51,7.47,7.58,7.46,641,574554.00,1.60,-0.13,-0.01,0.09
2002-09-19,7.44,7.69,7.74,7.42,1628,1464667.00,4.28,2.95,0.22,0.22
2002-09-20,7.68,7.61,7.70,7.60,1513,1373664.00,1.30,-1.04,-0.08,0.20
2002-09-23,7.61,7.62,7.64,7.58,645,584156.00,0.79,0.13,0.01,0.09
2002-09-24,7.61,7.56,7.64,7.55,936,844595.00,1.18,-0.79,-0.06,0.13
2002-09-25,7.59,7.56,7.61,7.53,941,847557.00,1.06,0.00,0.00,0.13
2002-09-26,7.56,7.45,7.56,7.44,1870,1665385.00,1.59,-1.46,-0.11,0.25
2002-09-27,7.41,7.34,7.56,7.34,1336,1180287.00,2.95,-1.48,-0.11,0.18
2002-10-08,7.31,7.19,7.33,7.16,1073,929974.00,2.32,-2.04,-0.15,0.14
2002-10-09,7.26,6.98,7.26,6.96,1921,1626366.00,4.17,-2.92,-0.21,0.26
2002-10-10,6.98,6.96,7.05,6.91,1425,1198053.00,2.01,-0.29,-0.02,0.19
2002-10-11,7.06,6.94,7.08,6.91,1051,886440.00,2.44,-0.29,-0.02,0.14
2002-10-14,6.94,6.97,6.99,6.81,1454,1209402.00,2.59,0.43,0.03,0.20
2002-10-15,6.97,7.01,7.04,6.94,859,722576.00,1.43,0.57,0.04,0.12
2002-10-16,7.06,7.04,7.14,7.03,1180,1006256.00,1.57,0.43,0.03,0.16
2002-10-17,7.06,6.86,7.06,6.86,730,613654.00,2.84,-2.56,-0.18,0.10
2002-10-18,6.86,6.94,6.98,6.82,930,774179.00,2.33,1.17,0.08,0.13
2002-10-21,6.96,6.84,6.97,6.77,1712,1411593.00,2.88,-1.44,-0.10,0.23
2002-10-22,6.84,7.03,7.10,6.84,2192,1847004.00,3.80,2.78,0.19,0.30
2002-10-23,7.05,7.16,7.17,7.04,3462,2963154.00,1.85,1.85,0.13,0.47
2002-10-24,7.20,7.08,7.20,7.08,1016,869612.00,1.68,-1.12,-0.08,0.14
2002-10-25,7.04,6.89,7.11,6.86,1172,986051.00,3.53,-2.68,-0.19,0.16
2002-10-28,6.89,6.83,6.96,6.81,1251,1038392.00,2.18,-0.87,-0.06,0.17
2002-10-29,6.77,6.83,6.91,6.76,2134,1761362.00,2.20,0.00,0.00,0.29
2002-10-30,6.86,6.88,6.95,6.81,894,742698.00,2.05,0.73,0.05,0.12
2002-10-31,6.86,6.88,6.99,6.83,719,599814.00,2.33,0.00,0.00,0.10
2002-11-01,6.88,6.88,6.88,6.81,717,593568.00,1.02,0.00,0.00,0.10
2002-11-04,6.96,7.06,7.06,6.89,1412,1186248.00,2.47,2.62,0.18,0.19
2002-11-05,7.06,7.16,7.25,7.03,3681,3169057.00,3.12,1.42,0.10,0.50
2002-11-06,7.18,7.18,7.21,7.13,1651,1420164.00,1.12,0.28,0.02,0.22
2002-11-07,7.18,7.13,7.22,7.06,2871,2462339.00,2.23,-0.70,-0.05,0.39
2002-11-08,7.31,6.88,7.31,6.87,2945,2486881.00,6.17,-3.51,-0.25,0.40
2002-11-11,6.88,6.88,6.92,6.81,1895,1571813.00,1.60,0.00,0.00,0.26
2002-11-12,6.88,6.58,6.96,6.56,2284,1864832.00,5.81,-4.36,-0.30,0.31
2002-11-13,6.56,6.65,6.66,6.38,3191,2538238.00,4.26,1.06,0.07,0.43
2002-11-14,6.55,6.47,6.61,6.41,1531,1217082.00,3.01,-2.71,-0.18,0.21
2002-11-15,6.47,6.40,6.66,6.38,1828,1445350.00,4.33,-1.08,-0.07,0.25
2002-11-18,6.36,6.28,6.39,6.24,2368,1831049.00,2.34,-1.88,-0.12,0.32
2002-11-19,6.26,6.37,6.43,6.24,1887,1464959.00,3.03,1.43,0.09,0.25
2002-11-20,6.34,6.00,6.34,6.00,2231,1688199.00,5.34,-5.81,-0.37,0.30
2002-11-21,5.96,5.72,5.96,5.68,2687,1950995.00,4.67,-4.67,-0.28,0.36
2002-11-22,5.71,5.80,5.88,5.64,2922,2106342.00,4.20,1.40,0.08,0.39
2002-11-25,5.76,5.76,5.83,5.62,864,620357.00,3.62,-0.69,-0.04,0.12
2002-11-26,5.64,5.70,5.85,5.61,1948,1393856.00,4.17,-1.04,-0.06,0.26
2002-11-27,5.56,5.74,5.81,5.56,2245,1591292.00,4.39,0.70,0.04,0.30
2002-11-28,5.71,5.98,5.99,5.67,4006,2928784.00,5.57,4.18,0.24,0.54
2002-11-29,5.99,6.14,6.23,5.89,7833,5908612.00,5.69,2.68,0.16,1.06
2002-12-02,6.26,5.84,6.33,5.82,2981,2236171.00,8.31,-4.89,-0.30,0.40
2002-12-03,5.81,6.00,6.01,5.76,1651,1212500.00,4.28,2.74,0.16,0.22
2002-12-04,6.03,6.01,6.15,5.92,2206,1656319.00,3.83,0.17,0.01,0.30
2002-12-05,5.96,5.94,6.00,5.90,1040,765891.00,1.66,-1.16,-0.07,0.14
2002-12-06,5.98,5.96,6.01,5.86,1087,802789.00,2.53,0.34,0.02,0.15
2002-12-09,5.94,5.92,5.96,5.89,935,687818.00,1.17,-0.67,-0.04,0.13
2002-12-10,5.83,5.85,5.93,5.78,2306,1676344.00,2.53,-1.18,-0.07,0.31
2002-12-11,5.84,5.96,5.96,5.77,2602,1896824.00,3.25,1.88,0.11,0.35
2002-12-12,5.99,6.27,6.44,5.99,20462,15741278.00,7.55,5.20,0.31,2.76
2002-12-13,6.15,6.42,6.44,6.06,11752,9036714.00,6.06,2.39,0.15,1.59
2002-12-16,6.41,6.40,6.50,6.32,9631,7548908.00,2.80,-0.31,-0.02,1.30
2002-12-17,6.38,6.44,6.50,6.29,6279,4922393.00,3.28,0.63,0.04,0.85
2002-12-18,6.42,6.30,6.47,6.27,4952,3861572.00,3.11,-2.17,-0.14,0.67
2002-12-19,6.26,6.34,6.34,6.22,3383,2605371.00,1.90,0.63,0.04,0.46
2002-12-20,6.38,6.40,6.45,6.28,4120,3222933.00,2.68,0.95,0.06,0.56
2002-12-23,6.39,6.37,6.51,6.36,3657,2877626.00,2.34,-0.47,-0.03,0.49
2002-12-24,6.36,6.42,6.43,6.28,2008,1562455.00,2.35,0.78,0.05,0.27
2002-12-25,6.43,6.32,6.50,6.31,3326,2617215.00,2.96,-1.56,-0.10,0.45
2002-12-26,6.27,5.93,6.34,5.92,4763,3593757.00,6.65,-6.17,-0.39,0.64
2002-12-27,5.91,5.96,6.01,5.81,3673,2699752.00,3.37,0.51,0.03,0.50
2002-12-30,5.81,5.81,5.96,5.79,2270,1652299.00,2.85,-2.52,-0.15,0.31
2002-12-31,5.76,5.68,5.90,5.66,3130,2253652.00,4.13,-2.24,-0.13,0.42