MjAyMC0wMS0wMiw0LjQ0LDQuNTUsNC41Nyw0LjQ0LDEzMjEwNCw1OTcxNDA2NC4wMCwyLjkzLDIuNzEsMC4xMiwwLjc2
2020-01-03,4.59,4.57,4.59,4.49,129218,58773050.00,2.20,0.44,0.02,0.75
2020-01-06,4.56,4.59,4.63,4.54,145163,66483935.00,1.97,0.44,0.02,0.84
2020-01-07,4.59,4.77,4.84,4.59,164183,77887219.00,5.45,3.92,0.18,0.95
2020-01-08,4.78,4.67,4.81,4.63,129066,60839050.00,3.77,-2.10,-0.10,0.75
2020-01-09,4.73,4.73,4.83,4.69,116500,55438689.00,3.00,1.28,0.06,0.67
2020-01-10,4.75,4.69,4.77,4.66,99001,46535486.00,2.33,-0.85,-0.04,0.57
2020-01-13,4.76,4.78,4.81,4.64,104044,49267352.00,3.62,1.92,0.09,0.60
2020-01-14,4.80,4.76,4.82,4.74,60229,28690071.00,1.67,-0.42,-0.02,0.35
2020-01-15,4.80,4.73,4.80,4.65,52634,24802709.00,3.15,-0.63,-0.03,0.30
2020-01-16,4.73,4.68,4.76,4.66,46738,21950352.00,2.11,-1.06,-0.05,0.27
2020-01-17,4.67,4.66,4.75,4.65,37834,17751263.00,2.14,-0.43,-0.02,0.22
2020-01-20,4.73,4.76,4.76,4.62,74979,35276884.00,3.00,2.15,0.10,0.43
2020-01-21,4.71,4.62,4.72,4.61,74099,34489742.00,2.31,-2.94,-0.14,0.43
2020-01-22,4.63,4.56,4.63,4.43,84855,38471823.00,4.33,-1.30,-0.06,0.49
2020-01-23,4.54,4.27,4.65,4.20,135117,59133816.00,9.87,-6.36,-0.29,0.78
2020-02-03,4.60,3.88,4.70,3.84,630126,274636752.00,20.14,-9.13,-0.39,3.65
2020-02-04,3.98,4.06,4.13,3.90,271858,108446889.00,5.93,4.64,0.18,1.57
2020-02-05,4.03,4.04,4.18,3.98,271485,110896972.00,4.93,-0.49,-0.02,1.57
2020-02-06,3.99,4.06,4.09,3.98,208028,83714137.00,2.72,0.50,0.02,1.20
2020-02-07,4.47,4.26,4.47,4.16,504947,217583143.00,7.64,4.93,0.20,2.92
2020-02-10,4.06,4.21,4.23,4.05,256974,107335038.00,4.23,-1.17,-0.05,1.49
2020-02-11,4.19,4.18,4.22,4.15,135923,56915241.00,1.66,-0.71,-0.03,0.79
2020-02-12,4.19,4.20,4.21,4.15,142145,59509377.00,1.44,0.48,0.02,0.82
2020-02-13,4.18,4.14,4.20,4.12,146113,60746985.00,1.90,-1.43,-0.06,0.85
2020-02-14,4.16,4.12,4.17,4.11,118816,49127719.00,1.45,-0.48,-0.02,0.69
2020-02-17,4.14,4.34,4.35,4.13,263501,112413221.00,5.34,5.34,0.22,1.52
2020-02-18,4.39,4.34,4.40,4.26,216195,93644643.00,3.23,0.00,0.00,1.25
2020-02-19,4.31,4.52,4.52,4.29,305556,134654697.00,5.30,4.15,0.18,1.77
2020-02-20,4.50,4.53,4.54,4.35,357792,158884097.00,4.20,0.22,0.01,2.07
2020-02-21,4.46,4.58,4.59,4.42,286158,129288356.00,3.75,1.10,0.05,1.66
2020-02-24,4.51,4.45,4.53,4.37,288140,128433565.00,3.49,-2.84,-0.13,1.67
2020-02-25,4.36,4.48,4.54,4.31,224923,99767267.00,5.17,0.67,0.03,1.30
2020-02-26,4.45,4.41,4.55,4.39,145248,65062521.00,3.57,-1.56,-0.07,0.84
2020-02-27,4.43,4.41,4.48,4.40,88023,38989864.00,1.81,0.00,0.00,0.51
2020-02-28,4.29,4.22,4.37,4.19,215526,91975838.00,4.08,-4.31,-0.19,1.25
2020-03-02,4.23,4.31,4.35,4.23,104230,44812892.00,2.84,2.13,0.09,0.60
2020-03-03,4.36,4.33,4.41,4.28,143782,62569866.00,3.02,0.46,0.02,0.83
2020-03-04,4.29,4.33,4.34,4.26,102117,43994585.00,1.85,0.00,0.00,0.59
2020-03-05,4.36,4.45,4.47,4.34,170321,75178644.00,3.00,2.77,0.12,0.99
2020-03-06,4.39,4.39,4.43,4.34,127659,56000644.00,2.02,-1.35,-0.06,0.74
2020-03-09,4.33,4.20,4.33,4.20,165068,70159625.00,2.96,-4.33,-0.19,0.96
2020-03-10,4.14,4.25,4.25,4.10,122000,50927403.00,3.57,1.19,0.05,0.71
2020-03-11,4.25,4.20,4.26,4.18,88472,37346865.00,1.88,-1.18,-0.05,0.51
2020-03-12,4.15,4.20,4.20,4.08,117470,48560421.00,2.86,0.00,0.00,0.68
2020-03-13,4.00,4.22,4.29,3.92,175617,72576048.00,8.81,0.48,0.02,1.02
2020-03-16,4.24,4.13,4.27,4.08,103115,43063758.00,4.50,-2.13,-0.09,0.60
2020-03-17,4.13,4.14,4.18,4.02,89195,36619363.00,3.87,0.24,0.01,0.52
2020-03-18,4.15,4.14,4.28,4.12,101449,42528312.00,3.86,0.00,0.00,0.59
2020-03-19,4.15,4.15,4.18,4.04,84359,34662749.00,3.38,0.24,0.01,0.49
2020-03-20,4.17,4.14,4.20,4.11,74993,31044066.00,2.17,-0.24,-0.01,0.43
2020-03-23,4.08,4.02,4.10,4.01,68848,27856935.00,2.17,-2.90,-0.12,0.40
2020-03-24,4.07,4.21,4.25,4.05,167858,70146899.00,4.98,4.73,0.19,0.97
2020-03-25,4.27,4.30,4.42,4.23,249429,107737153.00,4.51,2.14,0.09,1.44
2020-03-26,4.29,4.30,4.38,4.21,233576,100148241.00,3.95,0.00,0.00,1.35
2020-03-27,4.46,4.50,4.58,4.30,598271,265679287.00,6.51,4.65,0.20,3.46
2020-03-30,4.20,4.24,4.30,4.11,435976,183001202.00,4.22,-5.78,-0.26,2.52
2020-03-31,4.24,4.12,4.27,4.08,252714,104941978.00,4.48,-2.83,-0.12,1.46
2020-04-01,4.11,4.11,4.17,4.06,111106,45767818.00,2.67,-0.24,-0.01,0.64
2020-04-02,4.11,4.37,4.38,4.08,293241,124193754.00,7.30,6.33,0.26,1.70
2020-04-03,4.36,4.47,4.48,4.30,382514,168530274.00,4.12,2.29,0.10,2.21
2020-04-07,4.49,4.41,4.49,4.36,267399,117781701.00,2.91,-1.34,-0.06,1.55
2020-04-08,4.35,4.38,4.42,4.34,170649,74505141.00,1.81,-0.68,-0.03,0.99
2020-04-09,4.37,4.38,4.39,4.32,152350,66360318.00,1.60,0.00,0.00,0.88
2020-04-10,4.36,4.35,4.38,4.25,262484,113134721.00,2.97,-0.68,-0.03,1.52
2020-04-13,4.34,4.40,4.40,4.29,154113,67263130.00,2.53,1.15,0.05,0.89
2020-04-14,4.40,4.41,4.43,4.35,141015,62014086.00,1.82,0.23,0.01,0.82
2020-04-15,4.40,4.41,4.41,4.29,168034,73289604.00,2.72,0.00,0.00,0.97
2020-04-16,4.39,4.27,4.39,4.27,164924,71137430.00,2.72,-3.17,-0.14,0.95
2020-04-17,4.25,4.16,4.28,4.16,150791,63434918.00,2.81,-2.58,-0.11,0.87
2020-04-20,4.17,4.17,4.19,4.14,69110,28787332.00,1.20,0.24,0.01,0.40
2020-04-21,4.13,4.11,4.16,4.09,98185,40433495.00,1.68,-1.44,-0.06,0.57
2020-04-22,4.11,4.15,4.16,4.06,86175,35527492.00,2.43,0.97,0.04,0.50
2020-04-23,4.14,4.12,4.18,4.11,80837,33418237.00,1.69,-0.72,-0.03,0.47
2020-04-24,4.12,4.06,4.13,4.05,80465,32840864.00,1.94,-1.46,-0.06,0.47
2020-04-27,4.06,4.16,4.18,4.06,108610,44820379.00,2.96,2.46,0.10,0.63
2020-04-28,4.15,4.09,4.17,4.02,82034,33521353.00,3.61,-1.68,-0.07,0.47
2020-04-29,4.02,4.03,4.06,3.97,78376,31481183.00,2.20,-1.47,-0.06,0.45
2020-04-30,4.04,4.05,4.07,4.03,63303,25604260.00,0.99,0.50,0.02,0.37
2020-05-06,4.00,4.07,4.10,4.00,56618,22912485.00,2.47,0.49,0.02,0.33
2020-05-07,4.07,4.16,4.17,4.05,112402,46203088.00,2.95,2.21,0.09,0.65
2020-05-08,4.15,4.08,4.16,4.08,136391,56079043.00,1.92,-1.92,-0.08,0.79
2020-05-11,4.10,4.05,4.13,4.02,94221,38265657.00,2.70,-0.74,-0.03,0.55
2020-05-12,4.04,4.03,4.08,4.01,56048,22650229.00,1.73,-0.49,-0.02,0.32
2020-05-13,4.04,4.08,4.11,4.02,72906,29700351.00,2.23,1.24,0.05,0.42
2020-05-14,4.07,4.12,4.14,4.04,85290,34933176.00,2.45,0.98,0.04,0.49
2020-05-15,4.10,4.11,4.15,4.07,81418,33408739.00,1.94,-0.24,-0.01,0.47
2020-05-18,4.13,4.04,4.13,4.04,56050,22796744.00,2.19,-1.70,-0.07,0.32
2020-05-19,4.06,4.07,4.10,4.02,78662,31875882.00,1.98,0.74,0.03,0.46
2020-05-20,4.05,4.02,4.07,3.98,79233,31789844.00,2.21,-1.23,-0.05,0.46
2020-05-21,4.02,3.99,4.02,3.99,35943,14395585.00,0.75,-0.75,-0.03,0.21
2020-05-22,3.99,3.95,4.01,3.92,67258,26588627.00,2.26,-1.00,-0.04,0.39
2020-05-25,3.97,4.02,4.05,3.96,62165,24912681.00,2.28,1.77,0.07,0.36
2020-05-26,4.03,4.04,4.04,3.99,49957,20072214.00,1.24,0.50,0.02,0.29
2020-05-27,4.04,4.24,4.30,4.04,329663,138173846.00,6.44,4.95,0.20,1.91
2020-05-28,4.29,4.33,4.50,4.24,480034,210185223.00,6.13,2.12,0.09,2.78
2020-05-29,4.30,4.45,4.52,4.30,348727,154993126.00,5.08,2.77,0.12,2.02
2020-06-01,4.60,4.90,4.90,4.58,684874,327736864.00,7.19,10.11,0.45,3.96
2020-06-02,4.95,4.80,4.98,4.74,507634,245567671.00,4.90,-2.04,-0.10,2.94
2020-06-03,4.88,4.83,4.93,4.75,313485,151081262.00,3.75,0.63,0.03,1.81
2020-06-04,4.85,4.85,4.91,4.72,389650,187205976.00,3.93,0.41,0.02,2.25
2020-06-05,4.87,4.83,4.93,4.77,243904,117980883.00,3.30,-0.41,-0.02,1.41
2020-06-08,5.00,5.10,5.30,4.79,631624,318361888.00,10.56,5.59,0.27,3.65
2020-06-09,5.04,5.08,5.24,5.01,413379,211246878.00,4.51,-0.39,-0.02,2.39
2020-06-10,5.08,5.18,5.25,5.01,272828,140041035.00,4.72,1.97,0.10,1.58
2020-06-11,5.24,5.10,5.31,5.06,253453,130221498.00,4.83,-1.54,-0.08,1.47
2020-06-12,5.00,5.15,5.16,4.96,284348,144736860.00,3.92,0.98,0.05,1.65
2020-06-15,5.08,4.78,5.08,4.64,692537,331473120.00,8.54,-7.18,-0.37,4.01
2020-06-16,4.77,4.76,4.81,4.55,383760,180368461.00,5.44,-0.42,-0.02,2.22
2020-06-17,4.70,4.73,4.76,4.51,307912,142882062.00,5.25,-0.63,-0.03,1.78
2020-06-18,4.65,4.71,4.78,4.63,188102,88472145.00,3.17,-0.42,-0.02,1.09
2020-06-19,4.69,4.70,4.71,4.63,155300,72579557.00,1.70,-0.21,-0.01,0.90
2020-06-22,4.75,4.79,4.86,4.54,464572,218483359.00,6.81,1.91,0.09,2.69
2020-06-23,4.82,4.56,4.83,4.53,310137,144170982.00,6.26,-4.80,-0.23,1.79
2020-06-24,4.50,4.60,4.72,4.39,347822,160109296.00,7.24,0.88,0.04,2.01
2020-06-29,4.53,4.46,4.63,4.40,223144,100271016.00,5.00,-3.04,-0.14,1.29
2020-06-30,4.47,4.42,4.51,4.41,116374,51851966.00,2.24,-0.90,-0.04,0.67
2020-07-01,4.41,4.43,4.47,4.32,212105,92858186.00,3.39,0.23,0.01,1.23
2020-07-02,4.42,4.46,4.48,4.36,126258,56020786.00,2.71,0.68,0.03,0.73
2020-07-03,4.48,4.47,4.54,4.44,144127,64459934.00,2.24,0.22,0.01,0.83
2020-07-06,4.48,4.58,4.63,4.48,190611,86912442.00,3.36,2.46,0.11,1.10
2020-07-07,4.62,4.64,4.69,4.49,371148,170903886.00,4.37,1.31,0.06,2.15
2020-07-08,5.07,4.84,5.07,4.70,396182,191821144.00,7.97,4.31,0.20,2.29
2020-07-09,4.81,5.15,5.18,4.80,582362,290597056.00,7.85,6.40,0.31,3.37
2020-07-10,5.14,5.02,5.31,4.98,344557,175720321.00,6.41,-2.52,-0.13,1.99
2020-07-13,5.02,5.09,5.15,4.93,409481,206079870.00,4.38,1.39,0.07,2.37
2020-07-14,5.22,4.95,5.25,4.88,265007,133240135.00,7.27,-2.75,-0.14,1.53
2020-07-15,4.98,4.72,4.98,4.69,268888,129416975.00,5.86,-4.65,-0.23,1.56
2020-07-16,4.73,4.49,4.79,4.43,274546,125403651.00,7.63,-4.87,-0.23,1.59
2020-07-17,4.48,4.57,4.59,4.32,241570,108016988.00,6.01,1.78,0.08,1.40
2020-07-20,4.59,4.67,4.70,4.57,168952,78137458.00,2.84,2.19,0.10,0.98
2020-07-21,4.68,4.66,4.73,4.58,153783,71676534.00,3.21,-0.21,-0.01,0.89
2020-07-22,4.67,4.70,4.72,4.60,148891,69383368.00,2.58,0.86,0.04,0.86
2020-07-23,4.64,4.56,4.68,4.50,156825,71699055.00,3.83,-2.98,-0.14,0.91
2020-07-24,4.55,4.56,4.77,4.49,263107,121329754.00,6.14,0.00,0.00,1.52
2020-07-27,4.60,5.02,5.02,4.53,397986,192533209.00,10.75,10.09,0.46,2.30
2020-07-28,5.24,4.93,5.24,4.86,532376,267146494.00,7.57,-1.79,-0.09,3.08
2020-07-29,5.01,5.06,5.15,4.92,388834,196105534.00,4.67,2.64,0.13,2.25
2020-07-30,5.11,5.00,5.20,4.94,301840,152870658.00,5.14,-1.19,-0.06,1.75
2020-07-31,5.04,5.02,5.08,4.89,281076,139651284.00,3.80,0.40,0.02,1.63
2020-08-03,5.07,5.18,5.24,5.02,358118,184525414.00,4.38,3.19,0.16,2.07
2020-08-04,5.23,5.23,5.42,5.12,429677,227264103.00,5.79,0.97,0.05,2.49
2020-08-05,5.21,5.25,5.30,5.16,279716,146451960.00,2.68,0.38,0.02,1.62
2020-08-06,5.30,5.55,5.65,5.15,572388,312428304.00,9.52,5.71,0.30,3.31
2020-08-07,5.44,5.36,5.59,5.26,384231,208039063.00,5.95,-3.42,-0.19,2.22
2020-08-10,5.40,5.61,5.77,5.40,349912,195438557.00,6.90,4.66,0.25,2.02
2020-08-11,5.63,5.62,5.82,5.53,318398,181324631.00,5.17,0.18,0.01,1.84
2020-08-12,5.62,5.61,5.64,5.41,196560,108790511.00,4.09,-0.18,-0.01,1.14
2020-08-13,5.62,5.53,5.73,5.44,239196,132662214.00,5.17,-1.43,-0.08,1.38
2020-08-14,5.52,5.65,5.71,5.50,185041,103961566.00,3.80,2.17,0.12,1.07
2020-08-17,5.66,5.92,5.95,5.60,295504,172524234.00,6.19,4.78,0.27,1.71
2020-08-18,5.99,6.09,6.12,5.64,340584,205469044.00,8.11,2.87,0.17,1.97
2020-08-19,6.12,6.00,6.15,5.97,294834,178530760.00,2.96,-1.48,-0.09,1.71
2020-08-20,6.03,5.79,6.33,5.63,487481,290489408.00,11.67,-3.50,-0.21,2.82
2020-08-21,5.85,5.75,5.93,5.73,224249,130189639.00,3.45,-0.69,-0.04,1.30
2020-08-24,5.80,5.84,5.85,5.70,182749,105486813.00,2.61,1.57,0.09,1.06
2020-08-25,5.84,5.65,5.85,5.64,190565,108989933.00,3.60,-3.25,-0.19,1.10
2020-08-26,5.65,5.65,5.74,5.56,274018,154843205.00,3.19,0.00,0.00,1.59
2020-08-27,5.62,5.68,5.80,5.52,232458,131574658.00,4.96,0.53,0.03,1.35
2020-08-28,5.64,5.62,5.74,5.48,203475,114253602.00,4.58,-1.06,-0.06,1.18
2020-08-31,5.63,5.61,5.69,5.57,112466,63347610.00,2.14,-0.18,-0.01,0.65
2020-09-01,5.61,5.96,6.02,5.59,326972,191087670.00,7.66,6.24,0.35,1.89
2020-09-02,5.99,6.03,6.12,5.96,295386,178248426.00,2.68,1.17,0.07,1.71
2020-09-03,6.00,5.93,6.11,5.83,210458,125798424.00,4.64,-1.66,-0.10,1.22
2020-09-04,5.88,5.95,6.14,5.84,335110,200990976.00,5.06,0.34,0.02,1.94
2020-09-07,5.95,5.65,6.14,5.61,457618,270346432.00,8.91,-5.04,-0.30,2.65
2020-09-08,5.66,5.55,5.70,5.48,208443,115698992.00,3.89,-1.77,-0.10,1.21
2020-09-09,5.51,5.70,5.81,5.46,327917,185154831.00,6.31,2.70,0.15,1.90
2020-09-10,5.71,5.44,5.74,5.36,147757,82123290.00,6.67,-4.56,-0.26,0.85
2020-09-11,5.46,5.55,5.70,5.36,149473,81652536.00,6.25,2.02,0.11,0.86
2020-09-14,5.55,5.69,5.76,5.52,188296,106401217.00,4.32,2.52,0.14,1.07
2020-09-15,5.70,5.73,5.76,5.58,194802,110741373.00,3.16,0.70,0.04,1.10
2020-09-16,5.71,5.67,5.76,5.61,124879,70929448.00,2.62,-1.05,-0.06,0.71
2020-09-17,5.68,6.00,6.03,5.59,406242,239144640.00,7.76,5.82,0.33,2.30
2020-09-18,6.00,5.92,6.05,5.87,297633,177533520.00,3.00,-1.33,-0.08,1.68
2020-09-21,5.94,6.02,6.16,5.86,311765,187492175.00,5.07,1.69,0.10,1.76
2020-09-22,6.02,5.77,6.02,5.66,227340,132886219.00,5.98,-4.15,-0.25,1.29
2020-09-23,5.79,5.56,5.80,5.48,244599,136573651.00,5.55,-3.64,-0.21,1.38
2020-09-24,5.54,5.58,5.62,5.44,270074,149013738.00,3.24,0.36,0.02,1.53
2020-09-25,5.52,5.39,5.58,5.39,162323,88936454.00,3.41,-3.41,-0.19,0.92
2020-09-28,5.39,5.45,5.68,5.26,233817,127997152.00,7.79,1.11,0.06,1.32
2020-09-29,5.58,5.38,5.58,5.38,110695,60347135.00,3.67,-1.28,-0.07,0.63
2020-09-30,5.58,5.38,5.58,5.27,295483,159494486.00,5.76,0.00,0.00,1.67
2020-10-09,5.40,5.39,5.43,5.26,212192,113370213.00,3.16,0.19,0.01,1.20
2020-10-12,5.32,5.39,5.44,5.32,148868,80119509.00,2.23,0.00,0.00,0.84
2020-10-13,5.39,5.32,5.39,5.27,140028,74573369.00,2.23,-1.30,-0.07,0.79
2020-10-14,5.31,5.21,5.31,4.91,288630,147083758.00,7.52,-2.07,-0.11,1.63
2020-10-15,5.16,5.35,5.48,5.05,301617,158843585.00,8.25,2.69,0.14,1.71
2020-10-16,5.31,5.21,5.38,5.16,97847,51463331.00,4.11,-2.62,-0.14,0.55
2020-10-19,5.25,5.21,5.25,5.11,58152,30082879.00,2.69,0.00,0.00,0.33
2020-10-20,5.23,5.14,5.24,5.13,85734,44378314.00,2.11,-1.34,-0.07,0.49
2020-10-21,5.15,5.13,5.18,5.00,145649,73942481.00,3.50,-0.19,-0.01,0.82
2020-10-22,5.10,4.97,5.11,4.89,151265,74963035.00,4.29,-3.12,-0.16,0.86
2020-10-23,4.96,5.15,5.17,4.93,148797,75614658.00,4.83,3.62,0.18,0.84
2020-10-26,5.14,5.14,5.16,5.04,64990,33169195.00,2.33,-0.19,-0.01,0.37
2020-10-27,5.12,5.08,5.13,5.06,39846,20315266.00,1.36,-1.17,-0.06,0.23
2020-10-28,5.08,5.03,5.11,4.98,83549,41908317.00,2.56,-0.98,-0.05,0.47
2020-10-29,5.00,5.00,5.11,4.89,144817,72070385.00,4.37,-0.60,-0.03,0.82
2020-10-30,5.00,5.05,5.05,4.77,177544,87638613.00,5.60,1.00,0.05,1.00
2020-11-02,4.98,4.79,5.00,4.63,316359,151551892.00,7.33,-5.15,-0.26,1.79
2020-11-03,4.81,4.73,4.82,4.71,110534,52628206.00,2.30,-1.25,-0.06,0.63
2020-11-04,4.73,4.72,4.79,4.63,136715,64105536.00,3.38,-0.21,-0.01,0.77
2020-11-05,4.77,4.78,4.81,4.71,89719,42753961.00,2.12,1.27,0.06,0.51
2020-11-06,4.80,4.78,4.87,4.71,92687,44342668.00,3.35,0.00,0.00,0.52
2020-11-09,4.80,4.85,4.90,4.77,92737,44783204.00,2.72,1.46,0.07,0.52
2020-11-10,4.89,4.86,4.99,4.82,140578,69029976.00,3.51,0.21,0.01,0.80
2020-11-11,4.84,4.84,4.89,4.78,91963,44447847.00,2.26,-0.41,-0.02,0.52
2020-11-12,4.84,4.89,4.91,4.81,99741,48459168.00,2.07,1.03,0.05,0.56
2020-11-13,4.89,4.96,5.04,4.86,138286,68689209.00,3.68,1.43,0.07,0.78
2020-11-16,5.08,5.01,5.13,4.78,414689,204754618.00,7.06,1.01,0.05,2.35
2020-11-17,4.91,4.88,4.93,4.81,77778,37920696.00,2.40,-2.59,-0.13,0.44
2020-11-18,4.85,4.89,4.89,4.78,150224,72545029.00,2.25,0.20,0.01,0.85
2020-11-19,4.86,4.82,4.87,4.80,48179,23296536.00,1.43,-1.43,-0.07,0.27
2020-11-20,4.82,4.82,4.86,4.79,51979,25078921.00,1.45,0.00,0.00,0.29
2020-11-23,4.81,4.84,4.86,4.77,86596,41735624.00,1.87,0.41,0.02,0.49
2020-11-24,4.82,4.77,4.85,4.77,56848,27239417.00,1.65,-1.45,-0.07,0.32
2020-11-25,4.77,4.72,4.80,4.72,51637,24507402.00,1.68,-1.05,-0.05,0.29
2020-11-26,4.70,4.76,4.80,4.67,59341,28119216.00,2.75,0.85,0.04,0.34
2020-11-27,4.76,4.79,4.81,4.72,48783,23303663.00,1.89,0.63,0.03,0.28
2020-11-30,4.81,4.80,4.87,4.78,76782,37040187.00,1.88,0.21,0.01,0.43
2020-12-01,4.80,4.82,4.86,4.78,54029,26060665.00,1.67,0.42,0.02,0.31
2020-12-02,4.85,4.83,4.86,4.81,38819,18777039.00,1.04,0.21,0.01,0.22
2020-12-03,4.82,4.91,4.92,4.80,111442,54342858.00,2.48,1.66,0.08,0.63
2020-12-04,4.91,4.97,5.00,4.88,127138,62878950.00,2.44,1.22,0.06,0.72
2020-12-07,4.96,5.04,5.06,4.93,169781,85226372.00,2.62,1.41,0.07,0.96
2020-12-08,5.04,4.95,5.06,4.93,180056,89682426.00,2.58,-1.79,-0.09,1.02
2020-12-09,4.97,4.89,5.00,4.85,122071,59847186.00,3.03,-1.21,-0.06,0.69
2020-12-10,4.89,4.90,4.93,4.86,110227,54081813.00,1.43,0.20,0.01,0.62
2020-12-11,4.88,4.91,4.92,4.74,100847,48629463.00,3.67,0.20,0.01,0.57
2020-12-14,4.88,4.99,5.01,4.84,144993,71725466.00,3.46,1.63,0.08,0.82
2020-12-15,4.98,5.00,5.05,4.95,112267,56108357.00,2.00,0.20,0.01,0.64
2020-12-16,4.97,4.92,5.01,4.91,74274,36802199.00,2.00,-1.60,-0.08,0.42
2020-12-17,4.89,4.90,4.95,4.86,60322,29615221.00,1.83,-0.41,-0.02,0.34
2020-12-18,4.90,4.83,4.93,4.80,72927,35545468.00,2.65,-1.43,-0.07,0.41
2020-12-21,4.82,4.75,4.83,4.63,145255,68579905.00,4.14,-1.66,-0.08,0.82
2020-12-22,4.71,4.70,4.76,4.58,124635,57991795.00,3.79,-1.05,-0.05,0.71
2020-12-23,4.68,4.56,4.69,4.45,219128,99438452.00,5.11,-2.98,-0.14,1.24
2020-12-24,4.51,4.58,4.70,4.50,180842,83576884.00,4.39,0.44,0.02,1.02
2020-12-25,4.62,4.58,4.63,4.50,60078,27542493.00,2.84,0.00,0.00,0.34
2020-12-28,4.57,4.55,4.60,4.52,38103,17354097.00,1.75,-0.66,-0.03,0.22
2020-12-29,4.59,4.54,4.59,4.50,47405,21533899.00,1.98,-0.22,-0.01,0.27
2020-12-30,4.56,4.56,4.63,4.52,72491,33150871.00,2.42,0.44,0.02,0.41
2020-12-31,4.56,4.57,4.65,4.52,65638,30043143.00,2.85,0.22,0.01,0.37