2026-01-05,3.21,3.21,3.21,3.21,146617,47064009.00,0.00,9.93,0.29,1.02
2026-01-06,3.53,3.53,3.53,3.53,35664,12589371.00,0.00,9.97,0.32,0.25
2026-01-07,3.88,3.88,3.88,3.88,38034,14757126.00,0.00,9.92,0.35,0.26
2026-01-08,4.27,4.27,4.27,4.27,84769,36196431.00,0.00,10.05,0.39,0.59
2026-01-09,4.27,3.84,4.27,3.84,765542,307860135.00,10.07,-10.07,-0.43,5.33
2026-01-12,3.66,3.74,3.84,3.60,2464776,907070242.00,6.25,-2.60,-0.10,17.15
2026-01-13,3.62,3.40,3.65,3.37,1703976,587442335.00,7.49,-9.09,-0.34,11.86
2026-01-14,3.49,3.43,3.74,3.39,2385519,858504433.00,10.29,0.88,0.03,16.60
2026-01-15,3.22,3.09,3.25,3.09,863414,270149296.00,4.66,-9.91,-0.34,6.01
2026-01-16,2.98,2.84,3.05,2.80,1466671,422639545.00,8.09,-8.09,-0.25,10.21
2026-01-19,2.84,3.12,3.12,2.82,1276168,381124641.00,10.56,9.86,0.28,8.88
2026-01-20,3.12,2.86,3.14,2.81,1356526,394685705.00,10.58,-8.33,-0.26,9.44
2026-01-21,2.86,2.87,2.92,2.82,683332,195783998.00,3.50,0.35,0.01,4.76
2026-01-22,2.85,3.00,3.08,2.83,974058,287558931.00,8.71,4.53,0.13,6.78
2026-01-23,2.88,3.00,3.02,2.88,790155,233670774.00,4.67,0.00,0.00,5.50
2026-01-26,2.97,2.95,3.00,2.88,636013,186262805.00,4.00,-1.67,-0.05,4.43
2026-01-27,2.91,2.83,2.94,2.75,659125,186310846.00,6.44,-4.07,-0.12,4.59
2026-01-28,2.86,2.74,2.86,2.72,551120,152703561.00,4.95,-3.18,-0.09,3.84
2026-01-29,2.74,2.75,2.82,2.66,520596,143938157.00,5.84,0.36,0.01,3.62
2026-01-30,2.50,2.57,2.68,2.48,1229711,314574630.00,7.27,-6.55,-0.18,8.56
2026-02-02,2.52,2.53,2.59,2.50,542527,138516403.00,3.50,-1.56,-0.04,3.78
2026-02-03,2.55,2.62,2.63,2.55,452209,117405812.00,3.16,3.56,0.09,3.15
2026-02-04,2.61,2.66,2.67,2.59,346061,90937637.00,3.05,1.53,0.04,2.41
2026-02-05,2.65,2.63,2.69,2.62,305148,80738485.00,2.63,-1.13,-0.03,2.12
2026-02-06,2.63,2.64,2.67,2.59,284979,75110053.00,3.04,0.38,0.01,1.98
2026-02-09,2.66,2.70,2.72,2.64,366590,98682833.00,3.03,2.27,0.06,2.55
2026-02-10,2.71,2.67,2.73,2.66,400652,107806558.00,2.59,-1.11,-0.03,2.79
2026-02-11,2.65,2.63,2.67,2.60,343356,90635097.00,2.62,-1.50,-0.04,2.39
2026-02-12,2.63,2.55,2.64,2.54,334954,86303278.00,3.80,-3.04,-0.08,2.33
2026-02-13,2.55,2.54,2.59,2.53,322260,82392996.00,2.35,-0.39,-0.01,2.24
2026-02-24,2.56,2.59,2.62,2.55,283454,73373586.00,2.76,1.97,0.05,1.97
2026-02-25,2.60,2.85,2.85,2.59,839506,230620886.00,10.04,10.04,0.26,5.84
2026-02-26,2.85,2.76,2.87,2.74,1146365,317758515.00,4.56,-3.16,-0.09,7.98
2026-02-27,2.79,2.77,2.81,2.71,643878,178104165.00,3.62,0.36,0.01,4.48
2026-03-02,2.72,2.64,2.73,2.62,597923,159261435.00,3.97,-4.69,-0.13,4.16
2026-03-03,2.64,2.49,2.67,2.49,561535,144330448.00,6.82,-5.68,-0.15,3.91
2026-03-04,2.43,2.46,2.52,2.42,310510,76592977.00,4.02,-1.20,-0.03,2.16
2026-03-05,2.55,2.54,2.57,2.51,312435,79453337.00,2.44,3.25,0.08,2.17
2026-03-06,2.52,2.55,2.56,2.51,278942,70634948.00,1.97,0.39,0.01,1.94
2026-03-09,2.53,2.55,2.56,2.46,388959,97478803.00,3.92,0.00,0.00,2.71
2026-03-10,2.57,2.58,2.60,2.55,264774,68050557.00,1.96,1.18,0.03,1.84
2026-03-11,2.58,2.53,2.60,2.51,293457,74475016.00,3.49,-1.94,-0.05,2.04
2026-03-12,2.52,2.64,2.73,2.51,1014732,267343647.00,8.70,4.35,0.11,7.06
2026-03-13,2.60,2.55,2.66,2.54,557426,145135452.00,4.55,-3.41,-0.09,3.88
2026-03-16,2.54,2.78,2.81,2.53,1627237,444157360.00,10.98,9.02,0.23,11.32
2026-03-17,2.66,2.74,2.81,2.66,1086226,299227855.00,5.40,-1.44,-0.04,7.56
2026-03-18,2.74,2.79,2.81,2.69,683598,188411598.00,4.38,1.82,0.05,4.76
2026-03-19,2.75,2.66,2.81,2.64,655451,177562379.00,6.09,-4.66,-0.13,4.56
2026-03-20,2.67,2.50,2.68,2.47,625757,158940964.00,7.89,-6.02,-0.16,4.35
2026-03-23,2.39,2.32,2.47,2.30,500134,119430483.00,6.80,-7.20,-0.18,3.48
2026-03-24,2.38,2.51,2.53,2.33,534386,130307665.00,8.62,8.19,0.19,3.72
2026-03-25,2.55,2.60,2.61,2.47,412107,105736313.00,5.58,3.59,0.09,2.87
2026-03-26,2.59,2.52,2.61,2.51,322040,81986983.00,3.85,-3.08,-0.08,2.24
2026-03-27,2.50,2.68,2.69,2.48,530058,138831819.00,8.33,6.35,0.16,3.69
2026-03-30,2.62,2.66,2.67,2.54,406189,105546681.00,4.85,-0.75,-0.02,2.83
2026-03-31,2.64,2.57,2.68,2.57,317659,83277921.00,4.14,-3.38,-0.09,2.21
2026-04-01,2.63,2.55,2.63,2.53,260542,66625760.00,3.89,-0.78,-0.02,1.81
2026-04-02,2.54,2.48,2.55,2.45,230495,57385455.00,3.92,-2.75,-0.07,1.60
2026-04-03,2.48,2.39,2.50,2.36,310134,74258724.00,5.65,-3.63,-0.09,2.16
2026-04-07,2.41,2.47,2.49,2.36,238983,58419353.00,5.44,3.35,0.08,1.66
2026-04-08,2.51,2.60,2.60,2.51,312051,79857232.00,3.64,5.26,0.13,2.17
2026-04-09,2.80,2.86,2.86,2.77,1413879,401302603.00,3.46,10.00,0.26,9.84
2026-04-10,2.86,2.93,3.15,2.82,2192242,659917498.00,11.54,2.45,0.07,15.26
2026-04-13,2.92,3.22,3.22,2.92,1801528,569830319.00,10.24,9.90,0.29,12.54
2026-04-14,3.22,3.29,3.45,3.09,2235117,732118874.00,11.18,2.17,0.07,15.55
2026-04-15,3.27,3.30,3.38,3.20,1324784,435729052.00,5.47,0.30,0.01,9.22
2026-04-16,3.30,3.45,3.50,3.25,1127487,382729180.00,7.58,4.55,0.15,7.85
2026-04-17,3.40,3.43,3.60,3.38,980192,339186643.00,6.38,-0.58,-0.02,6.82
2026-04-20,3.48,3.40,3.49,3.29,895744,301599523.00,5.83,-0.87,-0.03,6.23
2026-04-21,3.35,3.38,3.41,3.33,548291,184622338.00,2.35,-0.59,-0.02,3.82
2026-04-22,3.34,3.31,3.36,3.26,399671,132343629.00,2.96,-2.07,-0.07,2.78