MTk5OS0wMS0wNCwwLjYwLDAuNTUsMC42MSwwLjU1LDY4MTYsNzEzMzAwMC4wMCwxMC4wMCwtOC4zMywtMC4wNSwxLjY2
1999-01-05,0.54,0.53,0.55,0.52,6040,6068000.00,5.45,-3.64,-0.02,1.47
1999-01-06,0.53,0.54,0.57,0.53,3591,3670000.00,7.55,1.89,0.01,0.87
1999-01-07,0.55,0.54,0.55,0.53,2280,2322000.00,3.70,0.00,0.00,0.55
1999-01-08,0.55,0.58,0.58,0.54,3520,3671000.00,7.41,7.41,0.04,0.85
1999-01-11,0.58,0.58,0.58,0.56,1736,1815000.00,3.45,0.00,0.00,0.42
1999-01-12,0.57,0.55,0.57,0.55,2606,2710000.00,3.45,-5.17,-0.03,0.63
1999-01-13,0.54,0.56,0.57,0.54,2320,2398000.00,5.45,1.82,0.01,0.56
1999-01-14,0.55,0.56,0.56,0.55,1228,1265000.00,1.79,0.00,0.00,0.30
1999-01-15,0.55,0.55,0.56,0.54,1049,1080000.00,3.57,-1.79,-0.01,0.25
1999-01-18,0.55,0.58,0.58,0.53,4120,4196000.00,9.09,5.45,0.03,1.00
1999-01-19,0.57,0.57,0.57,0.54,1596,1668000.00,5.17,-1.72,-0.01,0.39
1999-01-20,0.57,0.56,0.57,0.55,1106,1153000.00,3.51,-1.75,-0.01,0.27
1999-01-21,0.55,0.57,0.57,0.54,1610,1669000.00,5.36,1.79,0.01,0.39
1999-01-22,0.57,0.56,0.57,0.55,2157,2243000.00,3.51,-1.75,-0.01,0.52
1999-01-25,0.57,0.53,0.57,0.53,3812,3878000.00,7.14,-5.36,-0.03,0.93
1999-01-26,0.53,0.53,0.55,0.53,2461,2484000.00,3.77,0.00,0.00,0.60
1999-01-27,0.53,0.53,0.54,0.53,2222,2247000.00,1.89,0.00,0.00,0.54
1999-01-28,0.53,0.54,0.54,0.53,3100,3125000.00,1.89,1.89,0.01,0.75
1999-01-29,0.54,0.54,0.54,0.52,5432,5449000.00,3.70,0.00,0.00,1.32
1999-02-01,0.53,0.54,0.55,0.53,1982,2014000.00,3.70,0.00,0.00,0.48
1999-02-02,0.54,0.55,0.56,0.53,2855,2936000.00,5.56,1.85,0.01,0.69
1999-02-03,0.55,0.55,0.56,0.55,1383,1427000.00,1.82,0.00,0.00,0.34
1999-02-04,0.55,0.55,0.55,0.54,2245,2310000.00,1.82,0.00,0.00,0.55
1999-02-05,0.55,0.53,0.55,0.52,2592,2622000.00,5.45,-3.64,-0.02,0.63
1999-02-08,0.53,0.52,0.53,0.52,1992,1978000.00,1.89,-1.89,-0.01,0.48
1999-02-09,0.53,0.56,0.56,0.53,2828,2886000.00,5.77,7.69,0.04,0.69
1999-03-01,0.53,0.54,0.55,0.53,975,989000.00,3.57,-3.57,-0.02,0.24
1999-03-02,0.55,0.55,0.56,0.54,1482,1517000.00,3.70,1.85,0.01,0.36
1999-03-03,0.55,0.59,0.59,0.54,4580,4848000.00,9.09,7.27,0.04,1.11
1999-03-04,0.59,0.60,0.61,0.58,10826,11817000.00,5.08,1.69,0.01,2.63
1999-03-05,0.60,0.60,0.61,0.59,4113,4488000.00,3.33,0.00,0.00,1.00
1999-03-08,0.59,0.62,0.62,0.59,5035,5559000.00,5.00,3.33,0.02,1.22
1999-03-09,0.62,0.63,0.63,0.62,8359,9396000.00,1.61,1.61,0.01,2.03
1999-03-10,0.62,0.64,0.64,0.62,7615,8574000.00,3.17,1.59,0.01,1.85
1999-03-11,0.64,0.66,0.66,0.63,12265,14208000.00,4.69,3.13,0.02,2.98
1999-03-12,0.66,0.68,0.69,0.65,14168,16702000.00,6.06,3.03,0.02,3.44
1999-03-15,0.68,0.68,0.69,0.66,7920,9408000.00,4.41,0.00,0.00,1.92
1999-03-16,0.67,0.68,0.69,0.66,6600,7805000.00,4.41,0.00,0.00,1.60
1999-03-17,0.68,0.67,0.69,0.67,8606,10253000.00,2.94,-1.47,-0.01,2.09
1999-03-18,0.67,0.68,0.68,0.66,8718,10294000.00,2.99,1.49,0.01,2.12
1999-03-19,0.68,0.69,0.69,0.68,8951,10689000.00,1.47,1.47,0.01,2.17
1999-03-22,0.69,0.71,0.71,0.69,11500,14022000.00,2.90,2.90,0.02,2.79
1999-03-23,0.71,0.72,0.72,0.70,8600,10538000.00,2.82,1.41,0.01,2.09
1999-03-24,0.71,0.73,0.74,0.71,15760,19728000.00,4.17,1.39,0.01,3.83
1999-03-25,0.73,0.74,0.74,0.71,16835,21072000.00,4.11,1.37,0.01,4.09
1999-03-26,0.75,0.73,0.76,0.69,26548,33080000.00,9.46,-1.35,-0.01,6.45
1999-03-29,0.72,0.72,0.73,0.70,9193,11277000.00,4.11,-1.37,-0.01,2.23
1999-03-30,0.72,0.71,0.72,0.70,6888,8442897.00,2.78,-1.39,-0.01,1.67
1999-03-31,0.70,0.72,0.73,0.69,6216,7635000.00,5.63,1.41,0.01,1.51
1999-04-01,0.72,0.74,0.74,0.71,6483,8102000.00,4.17,2.78,0.02,1.57
1999-04-02,0.74,0.74,0.74,0.73,5591,7043000.00,1.35,0.00,0.00,1.36
1999-04-05,0.74,0.74,0.75,0.73,5920,7460000.00,2.70,0.00,0.00,1.44
1999-04-06,0.75,0.78,0.81,0.75,14595,19070000.00,8.11,5.41,0.04,3.54
1999-04-07,0.78,0.77,0.79,0.76,5940,7696000.00,3.85,-1.28,-0.01,1.44
1999-04-08,0.77,0.77,0.77,0.76,4170,5388000.00,1.30,0.00,0.00,1.01
1999-04-09,0.77,0.76,0.78,0.76,5651,7345000.00,2.60,-1.30,-0.01,1.37
1999-04-12,0.76,0.73,0.76,0.72,7407,9353000.00,5.26,-3.95,-0.03,1.80
1999-04-13,0.72,0.74,0.74,0.71,5118,6389000.00,4.11,1.37,0.01,1.24
1999-04-14,0.74,0.74,0.75,0.73,2543,3204000.00,2.70,0.00,0.00,0.62
1999-04-15,0.74,0.73,0.75,0.73,2177,2732000.00,2.70,-1.35,-0.01,0.53
1999-04-16,0.73,0.72,0.74,0.72,4627,5742000.00,2.74,-1.37,-0.01,1.12
1999-04-19,0.72,0.74,0.74,0.71,3404,4262000.00,4.17,2.78,0.02,0.83
1999-04-20,0.74,0.75,0.76,0.74,2643,3365000.00,2.70,1.35,0.01,0.64
1999-04-21,0.76,0.72,0.76,0.72,3361,4231000.00,5.33,-4.00,-0.03,0.82
1999-04-22,0.72,0.74,0.74,0.71,5376,6667000.00,4.17,2.78,0.02,1.31
1999-04-23,0.74,0.74,0.75,0.73,2456,3107000.00,2.70,0.00,0.00,0.60
1999-04-26,0.75,0.76,0.78,0.75,8004,10345000.00,4.05,2.70,0.02,1.94
1999-04-27,0.76,0.81,0.82,0.72,9041,11577000.00,13.16,6.58,0.05,2.20
1999-04-29,0.78,0.76,0.78,0.71,6785,8713000.00,8.64,-6.17,-0.05,1.65
1999-04-30,0.76,0.76,0.77,0.75,4056,5199000.00,2.63,0.00,0.00,0.98
1999-05-04,0.76,0.76,0.76,0.73,5029,6392000.00,3.95,0.00,0.00,1.22
1999-05-05,0.75,0.76,0.76,0.75,3270,4198000.00,1.32,0.00,0.00,0.79
1999-05-06,0.76,0.78,0.79,0.76,18489,24153000.00,3.95,2.63,0.02,4.49
1999-05-07,0.78,0.77,0.79,0.75,16390,21444000.00,5.13,-1.28,-0.01,3.98
1999-05-10,0.71,0.71,0.75,0.70,7779,5694000.00,6.49,-7.79,-0.06,1.11
1999-05-11,0.73,0.77,0.77,0.73,5939,4455000.00,5.63,8.45,0.06,0.85
1999-05-12,0.78,0.77,0.80,0.76,8746,6763000.00,5.19,0.00,0.00,1.25
1999-05-13,0.76,0.75,0.78,0.74,3848,2903000.00,5.19,-2.60,-0.02,0.55
1999-05-14,0.75,0.72,0.75,0.71,4053,2948000.00,5.33,-4.00,-0.03,0.58
1999-05-17,0.71,0.73,0.74,0.70,2184,1591000.00,5.56,1.39,0.01,0.31
1999-05-18,0.73,0.73,0.77,0.71,1821,1336000.00,8.22,0.00,0.00,0.26
1999-05-19,0.73,0.78,0.78,0.71,9812,7375000.00,9.59,6.85,0.05,1.40
1999-05-20,0.78,0.80,0.80,0.75,16752,12910000.00,6.41,2.56,0.02,2.39
1999-05-21,0.80,0.86,0.86,0.79,47808,38665000.00,8.75,7.50,0.06,6.82
1999-05-24,0.86,0.97,0.97,0.85,45824,40057000.00,13.95,12.79,0.11,6.54
1999-05-25,1.03,1.00,1.06,0.93,57594,52921000.00,13.40,3.09,0.03,8.22
1999-05-26,1.01,0.98,1.04,0.96,13886,12785000.00,8.00,-2.00,-0.02,1.98
1999-05-27,0.97,0.99,1.05,0.96,44031,41101000.00,9.18,1.02,0.01,6.28
1999-05-28,0.99,0.94,1.00,0.92,41010,36458000.00,8.08,-5.05,-0.05,5.85
1999-05-31,0.93,1.00,1.00,0.92,52370,47262000.00,8.51,6.38,0.06,7.47
1999-06-01,1.00,1.00,1.01,0.95,21299,19539000.00,6.00,0.00,0.00,3.04
1999-06-02,1.00,0.98,1.06,0.95,35076,32830000.00,11.00,-2.00,-0.02,5.00
1999-06-03,0.96,0.96,0.98,0.92,17945,16139000.00,6.12,-2.04,-0.02,2.56
1999-06-04,0.96,0.96,1.00,0.94,14339,13002000.00,6.25,0.00,0.00,2.05
1999-06-07,0.98,1.09,1.09,0.95,49874,47112000.00,14.58,13.54,0.13,7.12
1999-06-08,1.06,1.10,1.12,1.06,50800,50423000.00,5.50,0.92,0.01,7.25
1999-06-09,1.11,1.10,1.15,1.07,44196,44547000.00,7.27,0.00,0.00,6.31
1999-06-10,1.11,1.15,1.16,1.09,52946,54157000.00,6.36,4.55,0.05,7.55
1999-06-11,1.15,1.29,1.29,1.13,65660,71986000.00,13.91,12.17,0.14,9.37
1999-06-14,1.29,1.35,1.36,1.24,49872,57105000.00,9.30,4.65,0.06,7.12
1999-06-15,1.35,1.25,1.36,1.18,41964,47702000.00,13.33,-7.41,-0.10,5.99
1999-06-16,1.25,1.28,1.31,1.22,30760,34188000.00,7.20,2.40,0.03,4.39
1999-06-17,1.29,1.32,1.35,1.26,41748,47790000.00,7.03,3.13,0.04,5.96
1999-06-18,1.36,1.29,1.36,1.27,34637,39534000.00,6.82,-2.27,-0.03,4.94
1999-06-21,1.31,1.33,1.35,1.28,39554,45605000.00,5.43,3.10,0.04,5.64
1999-06-22,1.34,1.50,1.50,1.33,46545,58583000.00,12.78,12.78,0.17,6.64
1999-06-23,1.56,1.68,1.68,1.54,47954,66532000.00,9.33,12.00,0.18,6.84
1999-06-24,1.63,1.78,1.87,1.62,55141,80348000.00,14.88,5.95,0.10,7.87
1999-06-25,1.73,1.85,1.97,1.73,63864,99022000.00,13.48,3.93,0.07,9.11
1999-06-29,2.06,2.06,2.06,2.03,35069,59285000.00,1.62,11.35,0.21,5.00
1999-06-30,2.02,2.18,2.25,2.02,71643,124573000.00,11.17,5.83,0.12,10.22
1999-07-01,2.21,2.07,2.22,1.95,46654,79001000.00,12.39,-5.05,-0.11,6.66
1999-07-02,2.08,2.17,2.21,2.06,25948,45265000.00,7.25,4.83,0.10,3.70
1999-07-05,2.21,2.26,2.32,2.14,24858,45020000.00,8.29,4.15,0.09,3.55
1999-07-06,2.31,2.08,2.31,2.05,70261,122781000.00,11.50,-7.96,-0.18,10.02
1999-07-07,2.06,2.15,2.15,2.05,22744,39074000.00,4.81,3.37,0.07,3.24
1999-07-08,2.21,2.19,2.21,2.12,17664,31323698.00,4.19,1.86,0.04,2.52
1999-07-09,2.17,2.28,2.29,2.17,33492,61081000.00,5.48,4.11,0.09,4.78
1999-07-12,2.33,2.15,2.33,2.15,29046,53503000.00,7.89,-5.70,-0.13,4.14
1999-07-13,2.06,2.14,2.15,2.06,41616,71610000.00,4.19,-0.47,-0.01,5.94
1999-07-14,2.15,2.11,2.20,2.09,20002,35079000.00,5.14,-1.40,-0.03,2.85
1999-07-15,2.15,2.21,2.22,2.15,34126,60959000.00,3.32,4.74,0.10,4.87
1999-07-16,2.26,2.17,2.26,2.15,27666,49460000.00,4.98,-1.81,-0.04,3.95
1999-07-19,2.15,2.10,2.15,2.07,10779,18602000.00,3.69,-3.23,-0.07,1.54
1999-07-20,2.07,2.17,2.21,2.07,44412,76547000.00,6.67,3.33,0.07,6.34
1999-07-21,2.10,2.34,2.34,2.10,51226,93723000.00,11.06,7.83,0.17,7.31
1999-07-22,2.47,2.42,2.60,2.32,73176,141420000.00,11.97,3.42,0.08,10.44
1999-07-23,2.40,2.37,2.46,2.32,44826,86354000.00,5.79,-2.07,-0.05,6.40
1999-07-26,2.39,2.26,2.40,2.21,27277,50650000.00,8.02,-4.64,-0.11,3.89
1999-07-27,2.29,2.22,2.29,2.17,29955,54207000.00,5.31,-1.77,-0.04,4.27
1999-07-28,2.22,2.26,2.32,2.22,15981,29584000.00,4.50,1.80,0.04,2.28
1999-07-29,2.28,2.32,2.37,2.26,14851,28053000.00,4.87,2.65,0.06,2.12
1999-07-30,2.25,2.39,2.42,2.25,35471,67561000.00,7.33,3.02,0.07,5.06
1999-08-02,2.40,2.47,2.48,2.40,24622,48579000.00,3.35,3.35,0.08,3.51
1999-08-03,2.48,2.67,2.75,2.48,43333,91287000.00,10.93,8.10,0.20,6.18
1999-08-04,2.65,2.67,2.67,2.58,39610,82782000.00,3.37,0.00,0.00,5.65
1999-08-05,2.67,2.70,2.71,2.62,20861,44465000.00,3.37,1.12,0.03,2.98
1999-08-06,2.70,2.69,2.72,2.46,31212,66086000.00,9.63,-0.37,-0.01,4.45
1999-08-09,2.69,2.61,2.69,2.58,10403,21760000.00,4.09,-2.97,-0.08,1.48
1999-08-10,2.57,2.57,2.60,2.52,11644,23820000.00,3.07,-1.53,-0.04,1.66
1999-08-11,2.53,2.55,2.62,2.53,7127,14586000.00,3.50,-0.78,-0.02,1.02
1999-08-12,2.60,2.55,2.62,2.49,9303,19098000.00,5.10,0.00,0.00,1.33
1999-08-13,2.55,2.56,2.62,2.53,7640,15711000.00,3.53,0.39,0.01,1.09
1999-08-16,2.58,2.51,2.58,2.49,11449,23210000.00,3.52,-1.95,-0.05,1.63
1999-08-17,2.51,2.43,2.55,2.40,20772,41612000.00,5.98,-3.19,-0.08,2.96
1999-08-18,2.43,2.39,2.44,2.21,37703,70314000.00,9.47,-1.65,-0.04,5.38
1999-08-19,2.38,2.39,2.39,2.29,45493,86132000.00,4.18,0.00,0.00,6.49
1999-08-20,2.39,2.31,2.40,2.27,32416,60830000.00,5.44,-3.35,-0.08,4.62
1999-08-23,2.28,2.37,2.37,2.28,10567,19973000.00,3.90,2.60,0.06,1.51
1999-08-24,2.36,2.44,2.44,2.34,19341,37677000.00,4.22,2.95,0.07,2.76
1999-08-25,2.43,2.46,2.50,2.42,30212,60019000.00,3.28,0.82,0.02,4.31
1999-08-26,2.45,2.41,2.49,2.35,13865,26802000.00,5.69,-2.03,-0.05,1.98
1999-08-27,2.39,2.35,2.46,2.35,8914,17078000.00,4.56,-2.49,-0.06,1.27
1999-08-30,2.35,2.25,2.38,2.25,16965,31589000.00,5.53,-4.26,-0.10,2.42
1999-08-31,2.27,2.29,2.32,2.25,14733,27140000.00,3.11,1.78,0.04,2.10
1999-09-01,2.31,2.28,2.31,2.25,4643,8543000.00,2.62,-0.44,-0.01,0.66
1999-09-02,2.26,2.26,2.28,2.22,8461,15422000.00,2.63,-0.88,-0.02,1.21
1999-09-03,2.29,2.28,2.30,2.23,16098,29512000.00,3.10,0.88,0.02,2.30
1999-09-06,2.29,2.32,2.33,2.25,18746,34730000.00,3.51,1.75,0.04,2.67
1999-09-07,2.32,2.32,2.34,2.29,23469,43886000.00,2.16,0.00,0.00,3.35
1999-09-08,2.31,2.48,2.50,2.31,46405,91614000.00,8.19,6.90,0.16,6.62
1999-09-09,2.50,2.76,2.76,2.50,43239,91071000.00,10.48,11.29,0.28,6.17
1999-09-10,2.76,2.77,2.82,2.69,33664,74137000.00,4.71,0.36,0.01,4.80
1999-09-13,2.76,2.80,2.81,2.71,20279,44497000.00,3.61,1.08,0.03,2.89
1999-09-14,2.80,2.76,2.81,2.72,20673,45136000.00,3.21,-1.43,-0.04,2.95
1999-09-15,2.72,2.69,2.75,2.66,15448,33429000.00,3.26,-2.54,-0.07,2.20
1999-09-16,2.66,2.72,2.76,2.63,21461,46217000.00,4.83,1.12,0.03,3.06
1999-09-17,2.71,2.81,2.86,2.70,33906,74954000.00,5.88,3.31,0.09,4.84
1999-09-20,2.83,2.76,2.84,2.71,21766,48321000.00,4.63,-1.78,-0.05,3.11
1999-09-21,2.74,2.74,2.79,2.71,18008,39263000.00,2.90,-0.72,-0.02,2.57
1999-09-22,2.70,2.65,2.74,2.64,11080,23876000.00,3.65,-3.28,-0.09,1.58
1999-09-23,2.68,2.53,2.70,2.38,37291,76256990.00,12.08,-4.53,-0.12,5.32
1999-09-24,2.49,2.47,2.50,2.35,48823,94967000.00,5.93,-2.37,-0.06,6.97
1999-09-27,2.49,2.44,2.49,2.38,7946,15527000.00,4.45,-1.21,-0.03,1.13
1999-09-28,2.42,2.42,2.49,2.37,17207,33149000.00,4.92,-0.82,-0.02,2.45
1999-09-29,2.41,2.49,2.49,2.39,33065,64435000.00,4.13,2.89,0.07,4.72
1999-09-30,2.45,2.49,2.49,2.42,37228,73488000.00,2.81,0.00,0.00,5.31
1999-10-08,2.46,2.47,2.47,2.43,3197,6320000.00,1.61,-0.80,-0.02,0.46
1999-10-11,2.45,2.50,2.56,2.45,5295,10583000.00,4.45,1.21,0.03,0.76
1999-10-12,2.59,2.55,2.59,2.46,8247,16591000.00,5.20,2.00,0.05,1.18
1999-10-13,2.53,2.53,2.58,2.49,5760,11701000.00,3.53,-0.78,-0.02,0.82
1999-10-14,2.51,2.56,2.59,2.49,9960,20463000.00,3.95,1.19,0.03,1.42
1999-10-15,2.56,2.75,2.75,2.55,84938,177438000.00,7.81,7.42,0.19,12.12
1999-10-18,2.71,2.62,2.72,2.55,18894,39764000.00,6.18,-4.73,-0.13,2.70
1999-10-19,2.57,2.60,2.62,2.56,6494,13471000.00,2.29,-0.76,-0.02,0.93
1999-10-20,2.57,2.65,2.67,2.57,7650,16060000.00,3.85,1.92,0.05,1.09
1999-10-21,2.64,2.62,2.65,2.59,22926,47889000.00,2.26,-1.13,-0.03,3.27
1999-10-22,2.63,2.63,2.74,2.60,39075,82847000.00,5.34,0.38,0.01,5.57
1999-10-25,2.63,2.55,2.64,2.50,11365,23211000.00,5.32,-3.04,-0.08,1.62
1999-10-26,2.53,2.57,2.58,2.53,6558,13448000.00,1.96,0.78,0.02,0.94
1999-10-27,2.62,2.63,2.68,2.58,19955,42142000.00,3.89,2.33,0.06,2.85
1999-10-28,2.62,2.61,2.67,2.58,8452,17651000.00,3.42,-0.76,-0.02,1.21
1999-10-29,2.57,2.60,2.61,2.57,13596,28294000.00,1.53,-0.38,-0.01,1.94
1999-11-01,2.60,2.42,2.60,2.41,13650,27152000.00,7.31,-6.92,-0.18,1.95
1999-11-02,2.40,2.38,2.40,2.35,16140,31012000.00,2.07,-1.65,-0.04,2.30
1999-11-03,2.39,2.40,2.40,2.38,3244,6263000.00,0.84,0.84,0.02,0.46
1999-11-04,2.39,2.39,2.42,2.38,3761,7283000.00,1.67,-0.42,-0.01,0.54
1999-11-05,2.39,2.40,2.40,2.35,5637,10799000.00,2.09,0.42,0.01,0.80
1999-11-08,2.37,2.35,2.38,2.28,12868,24261000.00,4.17,-2.08,-0.05,1.84
1999-11-09,2.34,2.32,2.34,2.30,8815,16526000.00,1.70,-1.28,-0.03,1.26
1999-11-10,2.31,2.35,2.35,2.28,3578,6695000.00,3.02,1.29,0.03,0.51
1999-11-11,2.32,2.39,2.39,2.30,9475,18081000.00,3.83,1.70,0.04,1.35
1999-11-12,2.40,2.41,2.41,2.38,11740,22707000.00,1.26,0.84,0.02,1.67
1999-11-15,2.48,2.43,2.48,2.38,8802,17148000.00,4.15,0.83,0.02,1.26
1999-11-16,2.43,2.39,2.45,2.38,2279,4410000.00,2.88,-1.65,-0.04,0.33
1999-11-17,2.38,2.43,2.43,2.38,9099,17696000.00,2.09,1.67,0.04,1.30
1999-11-18,2.43,2.42,2.45,2.39,9576,18716000.00,2.47,-0.41,-0.01,1.37
1999-11-19,2.43,2.42,2.47,2.40,11746,23058000.00,2.89,0.00,0.00,1.68
1999-11-22,2.42,2.42,2.43,2.32,9546,18371000.00,4.55,0.00,0.00,1.36
1999-11-23,2.38,2.34,2.43,2.34,21285,40903000.00,3.72,-3.31,-0.08,3.04
1999-11-24,2.33,2.21,2.33,2.21,19334,35359000.00,5.13,-5.56,-0.13,2.76
1999-11-25,2.18,2.23,2.24,2.16,12270,22108000.00,3.62,0.90,0.02,1.75
1999-11-26,2.23,2.23,2.26,2.21,17337,31417000.00,2.24,0.00,0.00,2.47
1999-11-29,2.23,2.09,2.29,2.07,20866,36132000.00,9.87,-6.28,-0.14,2.98
1999-11-30,2.05,2.01,2.09,2.00,14362,23914000.00,4.31,-3.83,-0.08,2.05
1999-12-01,2.01,2.11,2.11,2.01,23659,40027000.00,4.98,4.98,0.10,3.38
1999-12-02,2.14,2.08,2.14,2.07,11461,19588000.00,3.32,-1.42,-0.03,1.64
1999-12-03,2.07,2.10,2.12,2.03,28636,48729000.00,4.33,0.96,0.02,4.09
1999-12-06,2.09,2.08,2.11,2.06,15051,25689000.00,2.38,-0.95,-0.02,2.15
1999-12-07,2.08,2.11,2.13,2.07,22703,39151000.00,2.88,1.44,0.03,3.24
1999-12-08,2.12,2.20,2.21,2.07,28416,49509000.00,6.64,4.27,0.09,4.05
1999-12-09,2.20,2.23,2.27,2.17,31685,57511000.00,4.55,1.36,0.03,4.52
1999-12-10,2.22,2.35,2.35,2.20,28758,52691000.00,6.73,5.38,0.12,4.10
1999-12-13,2.29,2.21,2.33,2.17,43232,80476000.00,6.81,-5.96,-0.14,6.17
1999-12-14,2.20,2.24,2.25,2.14,6138,10934000.00,4.98,1.36,0.03,0.88
1999-12-15,2.23,2.23,2.27,2.18,29761,53904000.00,4.02,-0.45,-0.01,4.25
1999-12-16,2.23,2.17,2.23,2.14,23331,40993000.00,4.04,-2.69,-0.06,3.33
1999-12-17,2.16,2.14,2.19,2.14,22028,38697000.00,2.30,-1.38,-0.03,3.14
1999-12-21,2.14,2.18,2.18,2.14,14999,26371000.00,1.87,1.87,0.04,2.14
1999-12-22,2.18,2.22,2.26,2.18,22655,40709000.00,3.67,1.83,0.04,3.23
1999-12-23,2.22,2.16,2.23,2.13,8897,15845000.00,4.50,-2.70,-0.06,1.27
1999-12-24,2.16,2.12,2.19,2.11,11258,19623000.00,3.70,-1.85,-0.04,1.61
1999-12-27,2.12,2.08,2.15,2.07,30784,52609000.00,3.77,-1.89,-0.04,4.39
1999-12-28,2.08,2.13,2.14,2.08,11973,20771000.00,2.88,2.40,0.05,1.71
1999-12-29,2.15,2.14,2.15,2.11,16448,28646000.00,1.88,0.47,0.01,2.35
1999-12-30,2.13,2.19,2.19,2.13,6333,11222000.00,2.80,2.34,0.05,0.90