MjAxNC0wMS0wMiwzLjY5LDMuNzIsMy43NCwzLjY1LDE4MjczLDEzNzgxMDA1LjAwLDIuNDQsMC44MSwwLjAzLDAuNDA=
2014-01-03,3.72,3.71,3.75,3.67,17458,13135978.00,2.15,-0.27,-0.01,0.38
2014-01-06,3.74,3.61,3.74,3.61,26138,19462344.00,3.50,-2.70,-0.10,0.57
2014-01-07,3.61,3.62,3.66,3.59,18235,13418402.00,1.94,0.28,0.01,0.40
2014-01-08,3.62,3.57,3.67,3.54,20719,15149881.00,3.59,-1.38,-0.05,0.45
2014-01-09,3.59,3.54,3.61,3.53,17652,12818531.00,2.24,-0.84,-0.03,0.38
2014-01-10,3.53,3.44,3.57,3.40,23962,16948990.00,4.80,-2.82,-0.10,0.52
2014-01-13,3.44,3.47,3.53,3.41,18262,12917328.00,3.49,0.87,0.03,0.40
2014-01-14,3.44,3.50,3.51,3.43,13744,9731757.00,2.31,0.86,0.03,0.30
2014-01-15,3.48,3.48,3.50,3.45,13120,9256186.00,1.43,-0.57,-0.02,0.28
2014-01-16,3.50,3.53,3.59,3.44,37523,26797503.00,4.31,1.44,0.05,0.81
2014-01-17,3.53,3.44,3.54,3.44,19401,13687921.00,2.83,-2.55,-0.09,0.42
2014-01-20,3.41,3.35,3.42,3.35,25080,17245456.00,2.03,-2.62,-0.09,0.54
2014-01-21,3.33,3.41,3.43,3.33,28063,19279462.00,2.99,1.79,0.06,0.61
2014-01-22,3.41,3.48,3.52,3.38,29813,20982283.00,4.11,2.05,0.07,0.65
2014-01-23,3.48,3.46,3.49,3.45,22416,15818121.00,1.15,-0.57,-0.02,0.49
2014-01-24,3.46,3.53,3.57,3.46,37770,27097131.00,3.18,2.02,0.07,0.82
2014-01-27,3.56,3.50,3.56,3.48,26727,19014413.00,2.27,-0.85,-0.03,0.58
2014-01-28,3.51,3.49,3.53,3.48,21040,14970157.00,1.43,-0.29,-0.01,0.46
2014-01-29,3.50,3.52,3.52,3.47,15314,10907490.00,1.43,0.86,0.03,0.33
2014-01-30,3.51,3.51,3.55,3.49,18830,13446445.00,1.70,-0.28,-0.01,0.41
2014-02-07,3.47,3.55,3.55,3.47,16950,12134965.00,2.28,1.14,0.04,0.37
2014-02-10,3.55,3.64,3.66,3.54,34388,25344687.00,3.38,2.54,0.09,0.75
2014-02-11,3.66,3.67,3.68,3.61,35811,26541132.00,1.92,0.82,0.03,0.78
2014-02-12,3.67,3.69,3.71,3.63,27068,20175491.00,2.18,0.54,0.02,0.59
2014-02-13,3.67,3.65,3.75,3.64,41533,31304198.00,2.98,-1.08,-0.04,0.90
2014-02-14,3.65,3.68,3.70,3.65,21949,16380218.00,1.37,0.82,0.03,0.48
2014-02-17,3.71,3.76,3.78,3.71,38448,29306330.00,1.90,2.17,0.08,0.83
2014-02-18,3.73,3.71,3.78,3.70,27076,20557773.00,2.13,-1.33,-0.05,0.59
2014-02-19,3.71,3.74,3.74,3.62,53090,39619859.00,3.23,0.81,0.03,1.15
2014-02-20,3.74,3.66,3.79,3.66,49419,37491471.00,3.48,-2.14,-0.08,1.07
2014-02-21,3.67,3.68,3.72,3.63,22404,16694353.00,2.46,0.55,0.02,0.49
2014-02-24,3.65,3.60,3.65,3.54,42683,31098173.00,2.99,-2.17,-0.08,0.93
2014-02-25,3.59,3.48,3.65,3.46,39615,28629761.00,5.28,-3.33,-0.12,0.86
2014-02-26,3.48,3.53,3.53,3.44,30961,21956419.00,2.59,1.44,0.05,0.67
2014-02-27,3.53,3.47,3.57,3.47,28963,20730033.00,2.83,-1.70,-0.06,0.63
2014-02-28,3.48,3.50,3.51,3.44,29987,21170613.00,2.02,0.86,0.03,0.65
2014-03-03,3.50,3.53,3.54,3.48,30173,21530056.00,1.71,0.86,0.03,0.66
2014-03-04,3.50,3.53,3.55,3.48,30435,21704207.00,1.98,0.00,0.00,0.66
2014-03-07,3.57,3.77,3.88,3.53,131302,99325527.00,9.92,6.80,0.24,2.85
2014-03-10,3.66,3.54,3.72,3.51,68589,50557946.00,5.57,-6.10,-0.23,1.49
2014-03-11,3.54,3.46,3.54,3.39,44367,31153246.00,4.24,-2.26,-0.08,0.96
2014-03-12,3.45,3.45,3.49,3.41,27969,19570622.00,2.31,-0.29,-0.01,0.61
2014-03-13,3.45,3.47,3.50,3.45,22630,15944755.00,1.45,0.58,0.02,0.49
2014-03-14,3.45,3.44,3.48,3.42,23767,16662694.00,1.73,-0.86,-0.03,0.52
2014-03-17,3.46,3.49,3.49,3.44,24119,17012882.00,1.45,1.45,0.05,0.52
2014-03-18,3.48,3.51,3.55,3.47,39224,27991885.00,2.29,0.57,0.02,0.85
2014-03-19,3.49,3.53,3.53,3.46,21828,15523440.00,1.99,0.57,0.02,0.47
2014-03-20,3.52,3.43,3.54,3.43,31519,22340599.00,3.12,-2.83,-0.10,0.68
2014-03-21,3.43,3.49,3.54,3.38,33105,23219413.00,4.66,1.75,0.06,0.72
2014-03-24,3.49,3.53,3.55,3.48,27652,19779980.00,2.01,1.15,0.04,0.60
2014-03-25,3.51,3.58,3.61,3.49,34241,24665761.00,3.40,1.42,0.05,0.74
2014-03-26,3.57,3.58,3.62,3.54,35174,25640005.00,2.23,0.00,0.00,0.76
2014-03-27,3.57,3.58,3.63,3.53,37751,27434865.00,2.79,0.00,0.00,0.82
2014-03-28,3.57,3.48,3.57,3.46,50305,35776909.00,3.07,-2.79,-0.10,1.09
2014-03-31,3.47,3.41,3.49,3.41,40451,28356596.00,2.30,-2.01,-0.07,0.88
2014-04-01,3.42,3.47,3.49,3.42,22997,16185703.00,2.05,1.76,0.06,0.50
2014-04-02,3.48,3.51,3.53,3.47,29698,21127895.00,1.73,1.15,0.04,0.64
2014-04-03,3.52,3.52,3.54,3.49,32093,22931180.00,1.42,0.28,0.01,0.70
2014-04-04,3.52,3.54,3.57,3.49,39181,28145476.00,2.27,0.57,0.02,0.85
2014-04-08,3.55,3.61,3.63,3.54,51560,37635611.00,2.54,1.98,0.07,1.12
2014-04-09,3.63,3.61,3.66,3.60,44537,32763847.00,1.66,0.00,0.00,0.97
2014-04-10,3.61,3.60,3.62,3.59,43364,31752216.00,0.83,-0.28,-0.01,0.94
2014-04-11,3.60,3.61,3.65,3.59,37859,27876800.00,1.67,0.28,0.01,0.82
2014-04-14,3.63,3.64,3.66,3.60,35368,26098242.00,1.66,0.83,0.03,0.77
2014-04-15,3.63,3.59,3.63,3.58,29330,21460901.00,1.37,-1.37,-0.05,0.64
2014-04-16,3.58,3.59,3.61,3.58,20653,15064556.00,0.84,0.00,0.00,0.45
2014-04-17,3.58,3.56,3.60,3.55,24564,17839078.00,1.39,-0.84,-0.03,0.53
2014-04-18,3.56,3.58,3.58,3.55,21770,15772575.00,0.84,0.56,0.02,0.47
2014-04-21,3.54,3.48,3.56,3.48,34353,24612923.00,2.23,-2.79,-0.10,0.75
2014-04-22,3.49,3.49,3.50,3.44,23856,16845512.00,1.72,0.29,0.01,0.52
2014-04-23,3.49,3.50,3.54,3.47,16125,11472465.00,2.01,0.29,0.01,0.35
2014-04-24,3.48,3.44,3.50,3.44,26062,18397378.00,1.71,-1.71,-0.06,0.57
2014-04-25,3.45,3.43,3.48,3.42,22389,15701990.00,1.74,-0.29,-0.01,0.49
2014-04-28,3.44,3.32,3.44,3.30,27936,19090647.00,4.08,-3.21,-0.11,0.61
2014-04-29,3.32,3.37,3.38,3.32,15795,10769747.00,1.81,1.51,0.05,0.34
2014-04-30,3.37,3.38,3.40,3.35,18529,12729770.00,1.48,0.30,0.01,0.40
2014-05-05,3.38,3.43,3.44,3.34,23773,16438591.00,2.96,1.48,0.05,0.52
2014-05-06,3.44,3.43,3.46,3.40,17774,12394250.00,1.75,0.00,0.00,0.39
2014-05-07,3.44,3.36,3.44,3.35,19683,13558783.00,2.62,-2.04,-0.07,0.43
2014-05-08,3.38,3.38,3.42,3.34,17054,11755358.00,2.38,0.60,0.02,0.37
2014-05-09,3.43,3.54,3.65,3.40,110061,79724587.00,7.40,4.73,0.16,2.39
2014-05-12,3.58,3.90,3.90,3.55,150495,115714344.00,9.89,10.17,0.36,3.27
2014-05-13,4.30,4.30,4.30,4.14,619801,537517456.00,4.10,10.26,0.40,13.46
2014-05-14,4.30,4.43,4.62,4.23,587901,527445968.00,9.07,3.02,0.13,12.76
2014-05-15,4.18,4.38,4.41,4.15,441935,382302768.00,5.87,-1.13,-0.05,9.59
2014-05-16,4.34,4.17,4.38,4.13,334771,287008560.00,5.71,-4.79,-0.21,7.27
2014-05-19,4.18,4.10,4.28,3.99,310873,260585478.00,6.95,-1.68,-0.07,6.75
2014-05-20,4.29,4.02,4.34,3.95,280738,233723704.00,9.51,-1.95,-0.08,6.09
2014-05-21,3.91,4.10,4.17,3.87,293278,239526905.00,7.46,1.99,0.08,6.37
2014-05-22,4.02,4.01,4.11,3.95,182557,148748968.00,3.90,-2.20,-0.09,3.96
2014-05-23,4.00,3.96,4.05,3.89,171674,137890503.00,3.99,-1.25,-0.05,3.73
2014-05-26,4.04,3.99,4.06,3.95,187289,152216200.00,2.78,0.76,0.03,4.07
2014-05-27,3.97,3.99,3.99,3.89,143367,114438754.00,2.51,0.00,0.00,3.11
2014-05-28,3.97,4.06,4.08,3.94,201832,164007045.00,3.51,1.75,0.07,4.38
2014-05-29,4.02,3.97,4.07,3.97,136918,111523801.00,2.46,-2.22,-0.09,2.97
2014-05-30,3.96,4.25,4.34,3.94,372708,315446432.00,10.08,7.05,0.28,8.09
2014-06-03,4.22,4.68,4.68,4.19,398266,362638448.00,11.53,10.12,0.43,8.65
2014-06-04,4.59,4.41,4.62,4.34,363910,327719760.00,5.98,-5.77,-0.27,7.90
2014-06-05,4.42,4.45,4.66,4.39,344214,316427280.00,6.12,0.91,0.04,7.47
2014-06-06,4.47,4.36,4.47,4.27,203474,179065052.00,4.49,-2.02,-0.09,4.42
2014-06-09,4.27,4.23,4.32,4.21,147002,126961327.00,2.52,-2.98,-0.13,3.19
2014-06-10,4.24,4.32,4.35,4.21,149984,130497714.00,3.31,2.13,0.09,3.26
2014-06-11,4.30,4.52,4.68,4.21,314631,284252720.00,10.88,4.63,0.20,6.83
2014-06-12,4.44,4.78,4.94,4.40,376656,361602912.00,11.95,5.75,0.26,8.18
2014-06-13,4.67,4.66,4.93,4.64,313585,301866848.00,6.07,-2.51,-0.12,6.81
2014-06-16,4.58,4.71,4.83,4.57,212650,203415593.00,5.58,1.07,0.05,4.62
2014-06-17,4.80,4.65,4.87,4.62,177432,170646956.00,5.31,-1.27,-0.06,3.85
2014-06-18,4.74,5.04,5.08,4.53,343831,334960352.00,11.83,8.39,0.39,7.46
2014-06-19,4.88,4.61,4.92,4.53,266443,255611740.00,7.74,-8.53,-0.43,5.78
2014-06-20,4.67,4.71,4.82,4.65,158407,151682478.00,3.69,2.17,0.10,3.44
2014-06-23,4.71,4.81,4.92,4.60,183565,177680165.00,6.79,2.12,0.10,3.99
2014-06-24,4.81,4.83,4.86,4.75,140314,136486268.00,2.29,0.42,0.02,3.05
2014-06-25,4.81,4.64,4.81,4.62,146509,139046737.00,3.93,-3.93,-0.19,3.18
2014-06-26,4.65,4.72,4.84,4.65,182410,175496623.00,4.09,1.72,0.08,3.96
2014-06-27,4.72,4.72,4.78,4.65,131904,125673877.00,2.75,0.00,0.00,2.86
2014-06-30,4.70,4.72,4.77,4.65,93447,89139972.00,2.54,0.00,0.00,2.03
2014-07-01,4.73,4.83,4.99,4.73,197464,194583215.00,5.51,2.33,0.11,4.29
2014-07-02,4.80,4.76,4.80,4.67,139675,133570044.00,2.69,-1.45,-0.07,3.03
2014-07-03,4.89,4.83,4.99,4.79,200633,197285148.00,4.20,1.47,0.07,4.36
2014-07-04,4.79,4.77,4.90,4.71,131076,127232231.00,3.93,-1.24,-0.06,2.85
2014-07-07,4.73,4.74,4.83,4.70,86299,83036455.00,2.73,-0.63,-0.03,1.87
2014-07-08,4.74,4.64,4.77,4.51,152796,142934596.00,5.49,-2.11,-0.10,3.32
2014-07-09,4.66,4.58,4.72,4.56,120928,113390567.00,3.45,-1.29,-0.06,2.63
2014-07-10,4.54,4.50,4.60,4.44,101450,92891407.00,3.49,-1.75,-0.08,2.20
2014-07-11,4.49,4.49,4.54,4.45,83048,75708820.00,2.00,-0.22,-0.01,1.80
2014-07-14,4.51,4.65,4.66,4.51,108882,101507557.00,3.34,3.56,0.16,2.36
2014-07-15,4.63,4.54,4.66,4.48,93724,86766830.00,3.87,-2.37,-0.11,2.04
2014-07-16,4.53,4.56,4.64,4.53,64183,59313754.00,2.42,0.44,0.02,1.39
2014-07-17,4.56,4.68,4.82,4.54,139322,132201319.00,6.14,2.63,0.12,3.03
2014-07-18,4.64,4.65,4.74,4.60,68061,64181348.00,2.99,-0.64,-0.03,1.48
2014-07-21,4.62,4.51,4.62,4.51,65324,59999788.00,2.37,-3.01,-0.14,1.42
2014-07-22,4.58,4.62,4.68,4.56,90725,84938445.00,2.66,2.44,0.11,1.97
2014-07-23,4.63,4.72,4.83,4.61,146518,139806102.00,4.76,2.16,0.10,3.18
2014-07-24,4.72,4.69,4.78,4.57,110438,104125288.00,4.45,-0.64,-0.03,2.40
2014-07-25,4.69,5.17,5.17,4.69,315568,320259792.00,10.23,10.23,0.48,6.85
2014-07-28,5.24,5.47,5.68,5.23,508100,561194480.00,8.70,5.80,0.30,11.03
2014-07-29,5.50,5.70,5.93,5.38,422622,479330544.00,10.05,4.20,0.23,9.18
2014-07-30,5.50,5.52,5.72,5.45,287788,323253760.00,4.74,-3.16,-0.18,6.25
2014-07-31,5.59,5.67,5.82,5.20,269072,306618608.00,11.23,2.72,0.15,5.84
2014-08-01,5.58,5.47,5.67,5.40,200061,222791163.00,4.76,-3.53,-0.20,4.34
2014-08-04,5.45,5.67,5.68,5.38,194502,217690681.00,5.48,3.66,0.20,4.22
2014-08-05,5.74,5.56,5.77,5.47,176200,199156686.00,5.29,-1.94,-0.11,3.83
2014-08-06,5.49,5.77,5.78,5.46,244170,278681328.00,5.76,3.78,0.21,5.30
2014-08-07,5.73,5.60,5.75,5.57,170413,194342034.00,3.12,-2.95,-0.17,3.70
2014-08-08,5.54,5.53,5.64,5.49,122968,137661205.00,2.68,-1.25,-0.07,2.67
2014-08-11,5.51,5.59,5.65,5.51,131830,148418695.00,2.53,1.08,0.06,2.86
2014-08-12,5.57,5.51,5.59,5.48,110599,123089427.00,1.97,-1.43,-0.08,2.40
2014-08-13,5.53,5.69,5.83,5.51,266958,307318576.00,5.81,3.27,0.18,5.80
2014-08-14,5.64,5.53,5.64,5.51,154196,172666799.00,2.28,-2.81,-0.16,3.35
2014-08-15,5.50,5.55,5.56,5.49,85689,95603129.00,1.27,0.36,0.02,1.86
2014-08-18,5.58,5.59,5.62,5.51,116641,130983712.00,1.98,0.72,0.04,2.53
2014-08-19,5.57,5.75,5.75,5.52,196216,223922891.00,4.11,2.86,0.16,4.26
2014-08-20,5.81,5.66,5.85,5.61,131539,150983397.00,4.17,-1.57,-0.09,2.86
2014-08-21,5.70,5.91,6.00,5.69,262547,310775648.00,5.48,4.42,0.25,5.70
2014-08-22,5.85,5.80,5.86,5.68,140009,162562282.00,3.05,-1.86,-0.11,3.04
2014-08-25,5.80,5.58,5.80,5.58,117418,133621889.00,3.79,-3.79,-0.22,2.55
2014-08-26,5.54,5.58,5.69,5.50,87228,98304847.00,3.41,0.00,0.00,1.89
2014-08-27,5.57,5.54,5.68,5.49,85709,96342786.00,3.41,-0.72,-0.04,1.86
2014-08-28,5.57,5.26,5.60,5.23,134833,146320794.00,6.68,-5.05,-0.28,2.93
2014-08-29,5.26,5.30,5.32,5.23,70456,75119664.00,1.71,0.76,0.04,1.53
2014-09-01,5.44,5.41,5.45,5.32,77643,84366324.00,2.45,2.08,0.11,1.69
2014-09-02,5.38,5.49,5.52,5.34,99536,108992520.00,3.33,1.48,0.08,2.16
2014-09-03,5.51,5.52,5.58,5.46,95335,106280635.00,2.19,0.55,0.03,2.07
2014-09-04,5.65,5.60,5.71,5.55,108606,122629418.00,2.90,1.45,0.08,2.36
2014-09-05,5.72,5.69,5.77,5.63,151415,174312006.00,2.50,1.61,0.09,3.29
2014-09-09,5.70,5.65,5.76,5.62,100972,115190439.00,2.46,-0.70,-0.04,2.19
2014-09-10,5.46,5.51,5.54,5.40,106379,117821559.00,2.48,-2.48,-0.14,2.31
2014-09-11,5.53,5.43,5.55,5.40,112125,124027898.00,2.72,-1.45,-0.08,2.43
2014-09-12,5.40,5.52,5.53,5.34,89162,98078739.00,3.50,1.66,0.09,1.94
2014-09-15,5.54,5.59,5.62,5.52,81619,91772909.00,1.81,1.27,0.07,1.77
2014-09-16,5.61,5.34,5.62,5.34,94562,104697522.00,5.01,-4.47,-0.25,2.05
2014-09-17,5.36,5.44,5.48,5.31,58005,63319700.00,3.18,1.87,0.10,1.26
2014-09-18,5.41,5.44,5.47,5.38,45935,50245523.00,1.65,0.00,0.00,1.00
2014-09-19,5.44,5.47,5.49,5.39,43980,48339853.00,1.84,0.55,0.03,0.96
2014-09-22,5.46,5.52,5.63,5.43,98878,110699239.00,3.66,0.91,0.05,2.15
2014-09-23,5.52,5.66,5.67,5.48,128789,145761281.00,3.44,2.54,0.14,2.80
2014-09-24,5.65,5.66,5.70,5.58,113438,129208519.00,2.12,0.00,0.00,2.46
2014-09-25,5.67,5.61,5.75,5.60,115032,131595302.00,2.65,-0.88,-0.05,2.50
2014-09-30,6.08,5.71,6.08,5.69,213112,251184219.00,6.95,1.78,0.10,4.63
2014-10-08,5.75,5.69,5.75,5.55,129168,146933552.00,3.50,-0.35,-0.02,2.80
2014-10-09,5.69,5.72,5.74,5.62,121039,138657388.00,2.11,0.53,0.03,2.63
2014-10-10,5.70,5.63,5.71,5.61,80735,91960777.00,1.75,-1.57,-0.09,1.75
2014-10-13,5.62,5.68,5.69,5.58,61362,69961882.00,1.95,0.89,0.05,1.33
2014-10-14,5.65,5.62,5.69,5.60,63330,71969774.00,1.58,-1.06,-0.06,1.38
2014-10-15,5.60,5.61,5.66,5.54,51704,58461572.00,2.14,-0.18,-0.01,1.12
2014-10-16,5.58,5.46,5.60,5.45,66242,73948228.00,2.67,-2.67,-0.15,1.44
2014-10-17,5.47,5.30,5.50,5.27,69880,75328704.00,4.21,-2.93,-0.16,1.52
2014-10-20,5.31,5.40,5.42,5.31,38128,41404876.00,2.08,1.89,0.10,0.83
2014-10-21,5.40,5.35,5.45,5.35,31563,34427221.00,1.85,-0.93,-0.05,0.69
2014-10-22,5.35,5.12,5.39,5.09,71771,75601580.00,5.61,-4.30,-0.23,1.56
2014-10-23,5.14,4.99,5.17,4.96,56509,57509355.00,4.10,-2.54,-0.13,1.23
2014-10-24,5.03,5.01,5.04,4.96,32406,32703852.00,1.60,0.40,0.02,0.70
2014-10-27,5.00,5.06,5.07,4.98,40406,41077509.00,1.80,1.00,0.05,0.88
2014-10-28,5.09,5.16,5.18,5.06,50521,52369029.00,2.37,1.98,0.10,1.10
2014-10-29,5.23,5.37,5.37,5.21,82228,88123408.00,3.10,4.07,0.21,1.79
2014-10-30,5.36,5.36,5.47,5.30,70853,77360289.00,3.17,-0.19,-0.01,1.54
2014-10-31,5.36,5.32,5.39,5.21,63484,67730023.00,3.36,-0.75,-0.04,1.38
2014-11-03,5.30,5.42,5.47,5.30,66663,72737715.00,3.20,1.88,0.10,1.45
2014-11-04,5.40,5.45,5.48,5.36,62241,68259701.00,2.21,0.55,0.03,1.35
2014-11-05,5.41,5.38,5.50,5.38,44905,49249173.00,2.20,-1.28,-0.07,0.98
2014-11-06,5.38,5.35,5.40,5.27,51893,55710826.00,2.42,-0.56,-0.03,1.13
2014-11-07,5.35,5.25,5.39,5.25,53405,57402853.00,2.62,-1.87,-0.10,1.16
2014-11-10,5.25,5.34,5.38,5.25,39300,42109053.00,2.48,1.71,0.09,0.85
2014-11-11,5.34,5.24,5.42,5.21,60958,65528117.00,3.93,-1.87,-0.10,1.32
2014-11-12,5.24,5.42,5.44,5.23,62556,67489308.00,4.01,3.44,0.18,1.36
2014-11-13,5.42,5.60,5.67,5.36,151145,169566623.00,5.72,3.32,0.18,3.28
2014-11-14,5.54,5.45,5.61,5.42,72735,80877477.00,3.39,-2.68,-0.15,1.58
2014-11-17,5.47,5.46,5.55,5.43,41989,46508312.00,2.20,0.18,0.01,0.91
2014-11-18,5.45,5.45,5.50,5.42,34319,37736710.00,1.47,-0.18,-0.01,0.75
2014-11-19,5.43,5.46,5.53,5.43,30699,33970746.00,1.83,0.18,0.01,0.67
2014-11-20,5.45,5.54,5.58,5.43,50966,56926462.00,2.75,1.47,0.08,1.11
2014-11-21,5.52,5.60,5.65,5.51,90735,102524288.00,2.53,1.08,0.06,1.97
2014-11-24,5.68,5.69,5.75,5.64,134253,154482392.00,1.96,1.61,0.09,2.92
2014-11-25,5.68,5.80,5.82,5.65,157747,182091871.00,2.99,1.93,0.11,3.43
2014-11-26,5.80,5.89,6.05,5.70,209144,248583541.00,6.03,1.55,0.09,4.54
2014-11-27,5.89,5.89,6.04,5.81,141901,169207961.00,3.90,0.00,0.00,3.08
2014-11-28,5.88,5.74,5.94,5.67,115299,134203554.00,4.58,-2.55,-0.15,2.50
2014-12-01,5.69,5.60,5.74,5.58,103054,117380911.00,2.79,-2.44,-0.14,2.24
2014-12-02,5.64,5.67,5.75,5.63,88528,101488861.00,2.14,1.25,0.07,1.92
2014-12-03,5.67,6.24,6.24,5.62,363726,449477440.00,10.93,10.05,0.57,7.90
2014-12-04,6.45,6.41,6.56,6.24,376984,485689664.00,5.13,2.72,0.17,8.19
2014-12-05,6.35,6.05,6.37,5.77,290724,357034304.00,9.36,-5.62,-0.36,6.31
2014-12-08,5.94,6.07,6.28,5.85,194041,236634980.00,7.11,0.33,0.02,4.21
2014-12-09,6.08,5.74,6.34,5.73,255091,314319136.00,10.05,-5.44,-0.33,5.54
2014-12-10,5.77,5.93,6.00,5.74,119500,141835118.00,4.53,3.31,0.19,2.59