2006-01-04,2.28,2.42,2.52,2.23,194388,130377372.00,12.72,6.14,0.14,9.35
2006-01-05,2.43,2.47,2.51,2.39,137148,94090460.00,4.96,2.07,0.05,6.59
2006-01-06,2.46,2.46,2.50,2.44,101799,69904084.00,2.43,-0.40,-0.01,4.89
2006-01-09,2.43,2.39,2.49,2.38,179847,121968683.00,4.47,-2.85,-0.07,8.65
2006-01-10,2.39,2.48,2.52,2.28,153583,105074944.00,10.04,3.77,0.09,7.38
2006-01-11,2.48,2.68,2.71,2.45,205222,147942377.00,10.48,8.06,0.20,9.87
2006-01-12,2.67,2.70,2.81,2.63,135192,99820283.00,6.72,0.75,0.02,6.50
2006-01-13,2.70,2.75,2.90,2.69,109281,82068454.00,7.78,1.85,0.05,5.25
2006-01-16,2.77,2.73,2.86,2.71,84633,63456418.00,5.45,-0.73,-0.02,4.07
2006-01-17,2.73,2.63,2.76,2.58,112423,81553517.00,6.59,-3.66,-0.10,5.40
2006-01-18,2.62,2.80,2.81,2.59,83889,62072917.00,8.37,6.46,0.17,4.03
2006-01-19,2.80,2.86,2.92,2.73,92994,70660318.00,6.79,2.14,0.06,4.47
2006-01-20,2.87,3.22,3.23,2.86,181971,146160552.00,12.94,12.59,0.36,8.75
2006-01-23,3.22,3.42,3.49,3.14,153361,133193748.00,10.87,6.21,0.20,7.37
2006-01-24,3.42,3.32,3.66,3.26,167593,148239660.00,11.70,-2.92,-0.10,8.06
2006-01-25,3.33,3.75,3.75,3.29,194520,176914116.00,13.86,12.95,0.43,9.35
2006-02-06,3.86,4.16,4.22,3.83,139684,139654754.00,10.40,10.93,0.41,6.72
2006-02-07,4.16,4.10,4.42,3.99,134324,137248149.00,10.34,-1.44,-0.06,6.46
2006-02-08,3.81,3.59,3.93,3.59,201542,188656612.00,8.29,-12.44,-0.51,9.69
2006-02-09,3.54,3.68,3.72,3.49,164870,151068429.00,6.41,2.51,0.09,7.93
2006-02-10,3.70,3.53,3.76,3.48,155394,141428074.00,7.61,-4.08,-0.15,7.47
2006-02-13,3.38,3.18,3.38,3.08,247637,204970585.00,8.50,-9.92,-0.35,11.91
2006-02-14,3.13,3.28,3.34,3.12,152086,128582681.00,6.92,3.14,0.10,7.31
2006-02-15,3.29,3.32,3.39,3.25,113740,97663436.00,4.27,1.22,0.04,5.47
2006-02-16,3.15,3.18,3.20,3.08,105192,86577353.00,3.61,-4.22,-0.14,5.06
2006-02-17,3.13,3.02,3.23,3.00,110231,89651104.00,7.23,-5.03,-0.16,5.30
2006-02-20,2.98,3.05,3.13,2.97,65003,52497686.00,5.30,0.99,0.03,3.13
2006-02-21,3.09,3.32,3.35,3.08,108860,90783733.00,8.85,8.85,0.27,5.23
2006-02-22,3.35,3.36,3.48,3.28,132143,115306044.00,6.02,1.20,0.04,6.35
2006-02-23,3.36,3.39,3.46,3.24,81305,70200273.00,6.55,0.89,0.03,3.91
2006-02-24,3.33,3.37,3.46,3.30,59492,51504377.00,4.72,-0.59,-0.02,2.86
2006-02-27,3.38,3.28,3.45,3.25,61630,53274182.00,5.93,-2.67,-0.09,2.96
2006-02-28,3.27,3.21,3.28,3.14,68531,57204672.00,4.27,-2.13,-0.07,3.29
2006-03-01,3.28,3.34,3.45,3.28,89052,77332438.00,5.30,4.05,0.13,4.28
2006-03-02,3.37,3.54,3.64,3.32,156221,140229798.00,9.58,5.99,0.20,7.51
2006-03-03,3.56,3.62,3.70,3.55,120756,110973694.00,4.24,2.26,0.08,5.81
2006-03-06,3.61,3.58,3.66,3.51,43214,39174611.00,4.14,-1.10,-0.04,2.08
2006-03-07,3.48,3.38,3.52,3.36,53289,46856051.00,4.47,-5.59,-0.20,2.56
2006-03-08,3.33,3.32,3.40,3.29,47410,40781956.00,3.25,-1.78,-0.06,2.28
2006-03-09,3.29,3.18,3.37,3.16,51247,43257091.00,6.33,-4.22,-0.14,2.46
2006-03-10,3.18,3.18,3.26,3.16,29113,24283341.00,3.14,0.00,0.00,1.40
2006-03-13,3.22,3.32,3.34,3.19,33668,28639377.00,4.72,4.40,0.14,1.62
2006-03-14,3.32,3.33,3.38,3.26,32211,27665266.00,3.61,0.30,0.01,1.55
2006-03-15,3.33,3.65,3.67,3.33,114235,102960878.00,10.21,9.61,0.32,5.49
2006-03-16,3.65,3.54,3.67,3.49,107864,98019414.00,4.93,-3.01,-0.11,5.19
2006-03-17,3.54,3.58,3.68,3.54,100759,92169673.00,3.95,1.13,0.04,4.84
2006-03-20,3.63,3.86,3.88,3.57,188600,177354368.00,8.66,7.82,0.28,9.07
2006-03-21,3.84,3.91,3.92,3.78,92260,88923570.00,3.63,1.30,0.05,4.44
2006-03-22,3.91,3.93,3.98,3.83,69785,68149092.00,3.84,0.51,0.02,3.36
2006-03-23,3.97,4.03,4.08,3.94,88060,87762237.00,3.56,2.54,0.10,4.23
2006-03-24,4.07,3.98,4.34,3.96,155778,159892688.00,9.43,-1.24,-0.05,7.49
2006-03-27,3.96,4.01,4.08,3.86,71797,70768104.00,5.53,0.75,0.03,3.45
2006-03-28,4.08,4.12,4.21,4.06,60587,61607041.00,3.74,2.74,0.11,2.91
2006-03-29,4.17,4.14,4.30,4.07,107696,111139109.00,5.58,0.49,0.02,5.18
2006-03-30,4.11,3.96,4.18,3.83,125727,124549686.00,8.45,-4.35,-0.18,6.04
2006-03-31,4.04,4.31,4.38,3.99,208226,214436183.00,9.85,8.84,0.35,10.01
2006-04-03,4.23,4.78,4.84,4.18,280127,314671036.00,15.31,10.90,0.47,13.47
2006-04-04,4.93,4.93,5.19,4.75,229147,273012099.00,9.21,3.14,0.15,11.02
2006-04-05,4.88,4.81,5.03,4.68,134515,155737216.00,7.10,-2.43,-0.12,6.47
2006-04-06,4.96,5.39,5.39,4.93,207749,256461700.00,9.56,12.06,0.58,9.99
2006-04-07,5.38,5.34,5.48,5.15,121710,152125301.00,6.12,-0.93,-0.05,5.85
2006-04-10,5.33,5.13,5.33,4.87,131145,157663176.00,8.61,-3.93,-0.21,6.31
2006-04-11,5.32,5.00,5.42,4.97,139923,170822138.00,8.77,-2.53,-0.13,6.73
2006-04-12,5.01,4.78,5.03,4.63,134309,154599609.00,8.00,-4.40,-0.22,6.46
2006-04-13,4.81,4.49,4.93,4.47,134817,152016706.00,9.62,-6.07,-0.29,6.48
2006-04-14,4.47,4.71,4.75,4.43,89016,99199999.00,7.13,4.90,0.22,4.28
2006-04-17,4.67,4.69,4.86,4.55,72106,82365542.00,6.58,-0.42,-0.02,3.47
2006-04-18,4.67,5.18,5.21,4.67,167930,199193625.00,11.51,10.45,0.49,8.07
2006-04-19,5.18,5.12,5.36,4.91,147789,180150737.00,8.69,-1.16,-0.06,7.11
2006-04-20,5.12,5.51,5.61,5.07,295607,379563356.00,10.55,7.62,0.39,14.21
2006-04-24,5.83,6.16,6.16,5.74,189629,268734095.00,7.62,11.80,0.65,9.12
2006-04-25,6.42,6.73,6.88,6.08,271255,414832379.00,12.99,9.25,0.57,13.04
2006-04-26,7.03,6.18,7.14,5.96,319250,467429718.00,17.53,-8.17,-0.55,15.35
2006-04-27,6.13,6.31,6.63,6.03,144371,212223573.00,9.71,2.10,0.13,6.94
2006-04-28,5.75,6.48,6.53,5.59,159972,222881519.00,14.90,2.69,0.17,7.69
2006-05-08,6.85,7.14,7.22,6.85,171387,276941534.00,5.71,10.19,0.66,8.24
2006-05-09,7.02,6.92,7.27,6.73,144108,228163396.00,7.56,-3.08,-0.22,6.93
2006-05-10,6.92,7.19,7.52,6.92,114393,186389091.00,8.67,3.90,0.27,5.50
2006-05-11,7.32,8.00,8.00,7.19,197296,347465034.00,11.27,11.27,0.81,9.49
2006-05-12,8.53,8.90,8.90,8.53,155239,305130363.00,4.63,11.25,0.90,7.46
2006-05-15,9.76,9.88,9.88,9.53,195525,423470274.00,3.93,11.01,0.98,9.40
2006-05-16,9.13,8.80,9.69,8.80,168805,339001041.00,9.01,-10.93,-1.08,8.12
2006-05-17,8.83,8.77,9.43,7.93,157714,300767577.00,17.05,-0.34,-0.03,7.58
2006-05-18,8.19,8.17,8.53,7.92,150987,276669889.00,6.96,-6.84,-0.60,7.26
2006-05-19,8.15,7.79,8.23,7.44,141265,247973801.00,9.67,-4.65,-0.38,6.79
2006-05-22,6.92,6.91,7.28,6.91,186821,298180999.00,4.75,-11.30,-0.88,8.98
2006-05-23,6.92,7.17,7.61,6.92,123979,204025959.00,9.99,3.76,0.26,5.96
2006-05-24,7.98,7.67,7.99,7.21,113334,196801798.00,10.88,6.97,0.50,5.45
2006-05-25,7.29,7.48,7.53,7.05,52781,87447755.00,6.26,-2.48,-0.19,2.54
2006-05-26,7.51,7.63,7.81,7.18,72821,123621567.00,8.42,2.01,0.15,3.50
2006-05-29,7.96,8.22,8.28,7.73,61545,110887183.00,7.21,7.73,0.59,2.96
2006-05-30,8.26,8.47,8.63,7.92,63478,118318739.00,8.64,3.04,0.25,3.05
2006-05-31,8.23,8.00,8.57,7.93,51676,94939993.00,7.56,-5.55,-0.47,2.48
2006-06-01,7.73,7.80,8.08,7.58,50747,89281022.00,6.25,-2.50,-0.20,2.44
2006-06-02,6.93,7.20,7.49,6.93,77554,127181083.00,7.18,-7.69,-0.60,3.73
2006-06-05,7.28,7.76,7.81,7.03,62113,104876218.00,10.83,7.78,0.56,2.99
2006-06-06,7.62,7.23,7.62,7.18,36458,60592426.00,5.67,-6.83,-0.53,1.75
2006-06-07,7.19,6.74,7.38,6.41,102889,158252166.00,13.42,-6.78,-0.49,4.95
2006-06-08,6.87,6.74,7.12,6.71,47858,75343666.00,6.08,0.00,0.00,2.30
2006-06-09,5.97,5.97,6.28,5.97,118982,166884070.00,4.60,-11.42,-0.77,5.72
2006-06-12,5.82,6.00,6.16,5.74,51028,70966256.00,7.04,0.50,0.03,2.45
2006-06-13,5.90,6.14,6.18,5.89,37558,52415600.00,4.83,2.33,0.14,1.81
2006-06-14,5.71,5.48,5.81,5.43,84991,109416856.00,6.19,-10.75,-0.66,4.09
2006-06-15,5.50,5.55,5.73,5.46,47230,61203085.00,4.93,1.28,0.07,2.27
2006-06-16,5.72,5.68,5.94,5.62,61588,82141740.00,5.77,2.34,0.13,2.96
2006-06-19,5.56,5.86,6.00,5.46,49467,67136830.00,9.51,3.17,0.18,2.38
2006-06-20,5.78,6.15,6.26,5.66,50578,69673050.00,10.24,4.95,0.29,2.43
2006-06-21,6.04,6.49,6.71,5.96,83131,121529241.00,12.20,5.53,0.34,4.00
2006-06-22,6.36,6.36,6.67,6.34,44572,66478426.00,5.08,-2.00,-0.13,2.14
2006-06-23,6.36,6.13,6.36,6.10,36506,52130414.00,4.09,-3.62,-0.23,1.76
2006-06-26,6.11,6.17,6.21,6.03,26721,37801945.00,2.94,0.65,0.04,1.28
2006-06-27,6.23,6.46,6.57,6.15,37132,54856540.00,6.81,4.70,0.29,1.79
2006-06-28,6.41,6.48,6.60,6.21,26117,38635788.00,6.04,0.31,0.02,1.26
2006-06-29,6.46,6.95,6.96,6.46,58634,90957732.00,7.72,7.25,0.47,2.82
2006-06-30,7.31,7.52,7.74,7.26,102211,173451429.00,6.91,8.20,0.57,4.91
2006-07-03,7.79,7.68,7.80,7.46,72133,123410718.00,4.52,2.13,0.16,3.47
2006-07-04,7.65,7.81,7.96,7.61,73730,128833341.00,4.56,1.69,0.13,3.54
2006-07-05,7.86,7.45,7.86,7.32,37764,64302876.00,6.91,-4.61,-0.36,1.82
2006-07-06,7.44,7.43,7.76,7.26,34208,57165094.00,6.71,-0.27,-0.02,1.64
2006-07-07,7.61,7.52,7.80,7.48,31810,54317625.00,4.31,1.21,0.09,1.53
2006-07-10,7.58,7.90,7.96,7.48,48556,84131311.00,6.38,5.05,0.38,2.33
2006-07-11,7.96,7.93,8.05,7.58,31728,55543496.00,5.95,0.38,0.03,1.53
2006-07-12,7.99,8.35,8.63,7.86,82774,153501181.00,9.71,5.30,0.42,3.98
2006-07-13,8.32,7.48,8.50,7.46,63588,112470181.00,12.46,-10.42,-0.87,3.06
2006-07-14,7.35,7.54,7.73,7.16,50348,85395599.00,7.62,0.80,0.06,2.42
2006-07-17,7.61,7.73,7.80,7.42,29689,51192572.00,5.04,2.52,0.19,1.43
2006-07-19,7.57,7.30,7.61,7.06,39957,66289494.00,7.12,-5.56,-0.43,1.92
2006-07-20,7.33,7.27,7.47,7.13,22298,36662953.00,4.66,-0.41,-0.03,1.07
2006-07-21,7.13,7.26,7.30,7.01,34085,55069992.00,3.99,-0.14,-0.01,1.64
2006-07-24,7.13,7.38,7.49,7.01,23086,37968765.00,6.61,1.65,0.12,1.11
2006-07-25,7.51,7.58,7.71,7.46,21421,36578333.00,3.39,2.71,0.20,1.03
2006-07-26,7.68,7.47,7.86,7.38,21997,37281859.00,6.33,-1.45,-0.11,1.06
2006-07-27,7.43,7.29,7.56,7.21,20004,33205494.00,4.69,-2.41,-0.18,0.96
2006-07-28,7.38,7.16,7.40,6.56,29241,46764826.00,11.52,-1.78,-0.13,1.41
2006-07-31,7.16,6.90,7.20,6.85,17140,27129041.00,4.89,-3.63,-0.26,0.82
2006-08-01,6.96,6.81,7.08,6.81,14497,22744605.00,3.91,-1.30,-0.09,0.70
2006-08-02,6.71,6.61,6.81,6.30,18868,28446727.00,7.49,-2.94,-0.20,0.91
2006-08-03,6.61,6.34,6.69,6.26,15181,22425833.00,6.51,-4.08,-0.27,0.73
2006-08-04,6.35,5.88,6.41,5.81,34379,48051017.00,9.46,-7.26,-0.46,1.65
2006-08-07,5.87,5.95,6.18,5.87,26054,36223576.00,5.27,1.19,0.07,1.25
2006-08-08,6.05,6.12,6.16,5.96,16767,23508632.00,3.36,2.86,0.17,0.81
2006-08-09,6.15,6.03,6.16,5.94,17554,24503279.00,3.59,-1.47,-0.09,0.84
2006-08-10,6.12,6.36,6.39,6.07,29289,42458453.00,5.31,5.47,0.33,1.41
2006-08-11,6.31,6.26,6.31,6.18,14065,20199576.00,2.04,-1.57,-0.10,0.68
2006-08-14,6.13,5.86,6.25,5.84,24468,34190941.00,6.55,-6.39,-0.40,1.18
2006-08-15,5.86,6.05,6.12,5.86,13586,18877356.00,4.44,3.24,0.19,0.65
2006-08-16,6.05,6.38,6.43,6.04,26872,38987799.00,6.45,5.45,0.33,1.29
2006-08-17,6.41,6.38,6.50,6.27,21998,32319022.00,3.61,0.00,0.00,1.06
2006-08-18,6.26,6.13,6.37,6.12,26498,37887595.00,3.92,-3.92,-0.25,1.27
2006-08-21,5.91,6.20,6.22,5.81,20182,28422641.00,6.69,1.14,0.07,0.97
2006-08-22,6.18,6.43,6.45,6.16,36881,53706184.00,4.68,3.71,0.23,1.77
2006-08-23,6.43,6.36,6.57,6.32,30263,44717136.00,3.89,-1.09,-0.07,1.45
2006-08-24,6.36,6.45,6.46,6.27,17127,25045229.00,2.99,1.42,0.09,0.82
2006-08-25,6.46,6.30,6.46,6.23,17687,25736698.00,3.57,-2.33,-0.15,0.85
2006-08-28,6.33,6.36,6.41,6.16,29842,43311924.00,3.97,0.95,0.06,1.43
2006-08-29,6.36,6.51,6.71,6.36,54763,81979606.00,5.50,2.36,0.15,2.63
2006-08-30,6.46,6.45,6.54,6.41,22369,33124176.00,2.00,-0.92,-0.06,1.08
2006-08-31,6.45,6.62,6.70,6.45,34413,51837758.00,3.88,2.64,0.17,1.65
2006-09-01,6.73,6.62,6.81,6.55,33704,51240392.00,3.93,0.00,0.00,1.62
2006-09-04,6.62,6.66,6.71,6.57,23406,35533090.00,2.11,0.60,0.04,1.13
2006-09-05,6.71,6.63,6.76,6.60,24104,36770243.00,2.40,-0.45,-0.03,1.16
2006-09-06,6.77,7.12,7.15,6.77,70967,112654113.00,5.73,7.39,0.49,3.41
2006-09-07,7.20,7.06,7.20,7.05,41823,67473553.00,2.11,-0.84,-0.06,2.01
2006-09-08,6.96,7.07,7.12,6.96,23593,37726044.00,2.27,0.14,0.01,1.13
2006-09-11,6.93,6.61,6.93,6.55,36320,55102248.00,5.37,-6.51,-0.46,1.75
2006-09-12,6.40,6.56,6.63,6.21,34420,51279216.00,6.35,-0.76,-0.05,1.65
2006-09-13,6.56,6.37,6.56,6.33,21196,31217000.00,3.51,-2.90,-0.19,1.02
2006-09-14,6.38,6.49,6.51,6.36,19751,29111645.00,2.35,1.88,0.12,0.95
2006-09-15,6.46,6.29,6.46,6.25,30437,44086125.00,3.24,-3.08,-0.20,1.46
2006-09-18,6.25,6.27,6.33,6.15,34249,49130330.00,2.86,-0.32,-0.02,1.65
2006-09-19,6.40,6.32,6.42,6.25,20576,29832979.00,2.71,0.80,0.05,0.99
2006-09-20,6.26,6.22,6.31,6.14,20284,29065785.00,2.69,-1.58,-0.10,0.98
2006-09-21,6.26,6.15,6.33,6.05,44576,63114181.00,4.50,-1.13,-0.07,2.14
2006-09-22,6.21,6.02,6.21,5.85,47655,66261651.00,5.85,-2.11,-0.13,2.29
2006-09-25,6.03,5.87,6.03,5.82,24230,33236948.00,3.49,-2.49,-0.15,1.16
2006-09-26,5.85,5.56,5.93,5.54,49748,65647411.00,6.64,-5.28,-0.31,2.39
2006-09-27,5.61,5.66,5.68,5.48,57010,74011472.00,3.60,1.80,0.10,2.74
2006-09-28,5.65,5.85,5.89,5.63,32494,43726143.00,4.59,3.36,0.19,1.56
2006-09-29,5.88,5.80,5.95,5.68,45489,60991092.00,4.62,-0.85,-0.05,2.19
2006-10-09,5.92,6.08,6.13,5.80,51228,70739492.00,5.69,4.83,0.28,2.46
2006-10-10,6.03,6.10,6.25,6.01,46667,66081344.00,3.95,0.33,0.02,2.24
2006-10-11,6.10,6.01,6.21,5.93,24540,34358210.00,4.59,-1.48,-0.09,1.18
2006-10-12,6.07,6.21,6.36,6.07,51949,74655891.00,4.83,3.33,0.20,2.50
2006-10-13,6.23,6.18,6.37,6.16,26548,38302496.00,3.38,-0.48,-0.03,1.28
2006-10-16,6.26,6.22,6.33,6.11,39621,56633082.00,3.56,0.65,0.04,1.90
2006-10-17,6.43,6.53,6.64,6.36,74069,110415811.00,4.50,4.98,0.31,3.56
2006-10-18,6.40,6.50,6.56,6.31,23292,34330813.00,3.83,-0.46,-0.03,1.12
2006-10-19,6.49,6.30,6.49,6.27,23224,33823990.00,3.38,-3.08,-0.20,1.12
2006-10-20,6.31,6.31,6.48,6.27,30405,44428854.00,3.33,0.16,0.01,1.46
2006-10-23,6.28,5.97,6.37,5.94,35046,49731328.00,6.81,-5.39,-0.34,1.68
2006-10-24,6.05,6.04,6.10,5.94,27320,37877486.00,2.68,1.17,0.07,1.31
2006-10-25,6.06,6.12,6.13,5.86,29446,40946429.00,4.47,1.32,0.08,1.42
2006-10-26,6.26,6.06,6.32,6.01,37920,53825164.00,5.07,-0.98,-0.06,1.82
2006-10-27,6.06,5.70,6.13,5.60,61732,83223995.00,8.75,-5.94,-0.36,2.97
2006-10-30,5.66,5.86,5.93,5.61,62604,84189233.00,5.61,2.81,0.16,3.01
2006-10-31,5.88,5.81,5.97,5.70,58485,79284605.00,4.61,-0.85,-0.05,2.81
2006-11-01,5.91,6.35,6.40,5.82,109962,157517352.00,9.98,9.29,0.54,5.29
2006-11-02,6.41,6.41,6.43,6.14,68973,100502381.00,4.57,0.94,0.06,3.32
2006-11-03,6.45,6.30,6.48,6.26,53740,78610245.00,3.43,-1.72,-0.11,2.58
2006-11-06,6.28,6.81,6.92,6.16,102406,155655786.00,12.06,8.10,0.51,4.92
2006-11-07,6.91,6.83,7.16,6.71,97873,154663982.00,6.61,0.29,0.02,4.71
2006-11-08,6.86,6.80,7.14,6.76,62555,98952402.00,5.56,-0.44,-0.03,3.01
2006-11-09,6.63,6.62,6.73,6.37,66088,98783187.00,5.29,-2.65,-0.18,3.18
2006-11-10,6.74,6.43,6.84,6.37,46380,69810536.00,7.10,-2.87,-0.19,2.23
2006-11-13,6.08,5.95,6.29,5.93,56396,79201932.00,5.60,-7.47,-0.48,2.71
2006-11-14,5.83,6.16,6.18,5.70,46126,62808801.00,8.07,3.53,0.21,2.22
2006-11-15,6.06,6.26,6.45,5.97,53523,77115926.00,7.79,1.62,0.10,2.57
2006-11-16,6.28,6.19,6.40,6.05,40369,57896725.00,5.59,-1.12,-0.07,1.94
2006-11-17,6.20,6.15,6.28,6.06,20534,29123697.00,3.55,-0.65,-0.04,0.99
2006-11-20,6.13,5.94,6.13,5.86,56626,77800885.00,4.39,-3.41,-0.21,2.72
2006-11-21,6.04,6.14,6.23,5.97,41213,58216561.00,4.38,3.37,0.20,1.98
2006-11-22,6.26,6.21,6.35,6.13,58756,83938780.00,3.58,1.14,0.07,2.82
2006-11-23,6.21,6.52,6.53,6.14,79403,115920786.00,6.28,4.99,0.31,3.82
2006-11-24,6.55,6.83,6.93,6.45,94333,145410427.00,7.36,4.75,0.31,4.54
2006-11-27,6.94,6.83,7.14,6.81,109857,173908838.00,4.83,0.00,0.00,5.28
2006-11-28,6.73,6.65,6.85,6.64,58330,89516733.00,3.07,-2.64,-0.18,2.80
2006-11-29,6.45,6.91,7.00,6.41,60363,92889491.00,8.87,3.91,0.26,2.90
2006-11-30,7.06,6.99,7.18,6.91,88630,141663754.00,3.91,1.16,0.08,4.26
2006-12-01,7.06,7.22,7.35,6.88,107630,173777952.00,6.72,3.29,0.23,5.17
2006-12-04,7.40,7.33,7.60,7.14,101409,168442588.00,6.37,1.52,0.11,4.88
2006-12-05,7.41,8.15,8.15,7.21,194714,341466858.00,12.82,11.19,0.82,9.36
2006-12-06,8.31,8.50,8.69,8.01,230185,428869230.00,8.34,4.29,0.35,11.07
2006-12-07,8.31,7.55,8.58,7.55,226952,402119933.00,12.12,-11.18,-0.95,10.91
2006-12-08,6.70,6.70,7.21,6.70,304550,477606721.00,6.75,-11.26,-0.85,14.64
2006-12-11,6.75,6.94,6.94,6.66,97919,151725185.00,4.18,3.58,0.24,4.71
2006-12-12,6.94,6.70,7.01,6.36,78698,120826090.00,9.37,-3.46,-0.24,3.78
2006-12-13,6.85,6.87,6.93,6.67,53349,82831152.00,3.88,2.54,0.17,2.56
2006-12-14,6.81,6.73,6.83,6.69,57262,87883406.00,2.04,-2.04,-0.14,2.75
2006-12-15,6.78,7.01,7.15,6.75,90342,143249735.00,5.94,4.16,0.28,4.34
2006-12-18,7.06,7.15,7.22,6.91,92734,148706324.00,4.42,2.00,0.14,4.46
2006-12-19,7.17,6.95,7.20,6.81,91478,143881318.00,5.45,-2.80,-0.20,4.40
2006-12-20,6.90,6.97,6.98,6.73,77973,121494925.00,3.60,0.29,0.02,3.75
2006-12-21,6.88,6.85,7.01,6.66,62274,97181747.00,5.02,-1.72,-0.12,2.99
2006-12-22,6.76,6.76,6.86,6.70,37135,57333466.00,2.34,-1.31,-0.09,1.79
2006-12-25,6.76,6.77,6.89,6.68,49477,76547102.00,3.11,0.15,0.01,2.38
2006-12-26,6.77,6.52,6.79,6.46,70199,105424775.00,4.87,-3.69,-0.25,3.37
2006-12-27,6.69,6.80,7.06,6.58,99396,155493928.00,7.36,4.29,0.28,3.97
2006-12-28,6.84,6.65,6.93,6.62,43193,66385035.00,4.56,-2.21,-0.15,1.73
2006-12-29,6.68,6.82,6.90,6.66,59186,91481650.00,3.61,2.56,0.17,2.36