MjAxMS0wMS0wNCwyLjc5LDIuODAsMi44MywyLjc3LDYzMjI3LDIzMDMyOTIxLjAwLDIuMTcsMS4wOCwwLjAzLDAuNjU=
2011-01-05,2.79,2.78,2.80,2.76,41935,15169391.00,1.43,-0.71,-0.02,0.43
2011-01-06,2.78,2.78,2.81,2.78,53526,19424552.00,1.08,0.00,0.00,0.55
2011-01-07,2.79,2.79,2.82,2.78,59122,21490396.00,1.44,0.36,0.01,0.61
2011-01-10,2.78,2.72,2.79,2.72,54665,19597518.00,2.51,-2.51,-0.07,0.56
2011-01-11,2.72,2.75,2.75,2.68,57435,20270993.00,2.57,1.10,0.03,0.59
2011-01-12,2.75,2.79,2.79,2.73,52368,18838692.00,2.18,1.45,0.04,0.54
2011-01-13,2.81,2.78,2.81,2.77,38104,13805237.00,1.43,-0.36,-0.01,0.39
2011-01-14,2.77,2.80,2.80,2.73,59842,21568360.00,2.52,0.72,0.02,0.61
2011-01-17,2.79,2.72,2.80,2.68,73155,26147035.00,4.29,-2.86,-0.08,0.75
2011-01-18,2.69,2.77,2.78,2.68,64156,22737047.00,3.68,1.84,0.05,0.66
2011-01-19,2.77,2.79,2.79,2.72,69097,24883411.00,2.53,0.72,0.02,0.71
2011-01-20,2.78,2.70,2.79,2.69,55850,19890528.00,3.58,-3.23,-0.09,0.57
2011-01-21,2.70,2.74,2.75,2.70,44525,15796820.00,1.85,1.48,0.04,0.46
2011-01-24,2.73,2.74,2.78,2.71,43661,15627485.00,2.55,0.00,0.00,0.45
2011-01-25,2.74,2.78,2.80,2.74,70181,25303118.00,2.19,1.46,0.04,0.72
2011-01-26,2.78,2.79,2.80,2.75,56514,20408291.00,1.80,0.36,0.01,0.58
2011-01-27,2.78,2.81,2.82,2.76,92429,33612888.00,2.15,0.72,0.02,0.95
2011-01-28,2.81,2.79,2.83,2.78,59719,21729900.00,1.78,-0.71,-0.02,0.61
2011-01-31,2.78,2.81,2.82,2.78,54723,19933030.00,1.43,0.72,0.02,0.56
2011-02-01,2.81,2.79,2.82,2.78,44406,16139995.00,1.42,-0.71,-0.02,0.45
2011-02-09,2.78,2.82,2.82,2.76,73426,26713600.00,2.15,1.08,0.03,0.75
2011-02-10,2.82,2.88,2.88,2.78,131788,48755092.00,3.55,2.13,0.06,1.35
2011-02-11,2.88,2.87,2.91,2.85,109230,40833078.00,2.08,-0.35,-0.01,1.12
2011-02-14,2.88,2.92,2.92,2.86,123168,46421757.00,2.09,1.74,0.05,1.26
2011-02-15,2.92,2.89,2.95,2.88,133861,50693013.00,2.40,-1.03,-0.03,1.37
2011-02-16,2.88,2.92,2.92,2.87,87495,33000582.00,1.73,1.04,0.03,0.90
2011-02-17,2.92,2.96,2.97,2.90,162224,61914179.00,2.40,1.37,0.04,1.66
2011-02-18,2.96,2.90,2.97,2.89,93553,35554387.00,2.70,-2.03,-0.06,0.96
2011-02-21,2.88,2.95,2.95,2.88,113365,43189268.00,2.41,1.72,0.05,1.16
2011-02-22,2.95,2.86,2.95,2.85,108282,40684397.00,3.39,-3.05,-0.09,1.11
2011-02-23,2.86,3.08,3.15,2.85,597804,236824911.00,10.49,7.69,0.22,6.12
2011-02-24,3.08,3.24,3.37,3.08,1136127,478445737.00,9.42,5.19,0.16,11.64
2011-02-25,3.18,3.22,3.29,3.13,338063,141099420.00,4.94,-0.62,-0.02,3.46
2011-02-28,3.26,3.30,3.35,3.18,333461,142669575.00,5.28,2.48,0.08,3.42
2011-03-01,3.28,3.34,3.35,3.26,269845,115744597.00,2.73,1.21,0.04,2.76
2011-03-02,3.31,3.35,3.42,3.29,270033,117606497.00,3.89,0.30,0.01,2.77
2011-03-03,3.36,3.30,3.43,3.25,391801,170400720.00,5.37,-1.49,-0.05,4.01
2011-03-04,3.28,3.27,3.34,3.22,263477,111967043.00,3.64,-0.91,-0.03,2.70
2011-03-07,3.30,3.36,3.38,3.26,367828,159588364.00,3.67,2.75,0.09,3.77
2011-03-08,3.35,3.41,3.50,3.34,364613,161984185.00,4.76,1.49,0.05,3.74
2011-03-09,3.42,3.32,3.43,3.27,316439,137245327.00,4.69,-2.64,-0.09,3.24
2011-03-10,3.32,3.26,3.32,3.22,191268,81003401.00,3.01,-1.81,-0.06,1.96
2011-03-11,3.26,3.29,3.35,3.23,229881,98388838.00,3.68,0.92,0.03,2.35
2011-03-14,3.28,3.30,3.32,3.22,165338,70418669.00,3.04,0.30,0.01,1.69
2011-03-15,3.28,3.22,3.32,3.15,324241,136523320.00,5.15,-2.42,-0.08,3.32
2011-03-16,3.22,3.25,3.29,3.17,194901,81752191.00,3.73,0.93,0.03,2.00
2011-03-17,3.21,3.16,3.22,3.13,225874,93358082.00,2.77,-2.77,-0.09,2.31
2011-03-18,3.15,3.15,3.19,3.13,132952,54520282.00,1.90,-0.32,-0.01,1.36
2011-03-21,3.15,3.08,3.17,3.05,228587,91839776.00,3.81,-2.22,-0.07,2.34
2011-03-22,3.09,3.08,3.10,3.04,163682,65357455.00,1.95,0.00,0.00,1.68
2011-03-23,3.07,3.11,3.11,3.06,204237,81915154.00,1.62,0.97,0.03,2.09
2011-03-24,3.11,3.08,3.12,3.07,188293,75599873.00,1.61,-0.96,-0.03,1.93
2011-03-25,3.08,3.11,3.13,3.07,239712,96771366.00,1.95,0.97,0.03,2.46
2011-03-28,3.10,3.12,3.14,3.08,230795,93236282.00,1.93,0.32,0.01,2.36
2011-03-29,3.12,3.09,3.14,3.08,187973,75943599.00,1.92,-0.96,-0.03,1.93
2011-03-30,3.10,3.06,3.11,3.05,126840,50651697.00,1.94,-0.97,-0.03,1.30
2011-03-31,3.08,3.00,3.08,2.98,148337,58446317.00,3.27,-1.96,-0.06,1.52
2011-04-01,3.00,3.08,3.09,2.97,177536,70158940.00,4.00,2.67,0.08,1.82
2011-04-06,3.07,3.10,3.12,3.05,130309,52284432.00,2.27,0.65,0.02,1.33
2011-04-07,3.10,3.12,3.14,3.07,155402,62809397.00,2.26,0.65,0.02,1.59
2011-04-08,3.12,3.16,3.22,3.09,252610,103783077.00,4.17,1.28,0.04,2.59
2011-04-11,3.15,3.13,3.18,3.12,176343,71985703.00,1.90,-0.95,-0.03,1.81
2011-04-12,3.13,3.18,3.19,3.12,192586,79229705.00,2.24,1.60,0.05,1.97
2011-04-13,3.18,3.21,3.22,3.16,184613,76819659.00,1.89,0.94,0.03,1.89
2011-04-14,3.22,3.19,3.27,3.18,235802,98832287.00,2.80,-0.62,-0.02,2.42
2011-04-15,3.18,3.21,3.22,3.17,148694,61814166.00,1.57,0.63,0.02,1.52
2011-04-18,3.21,3.22,3.24,3.19,143546,60097940.00,1.56,0.31,0.01,1.47
2011-04-19,3.22,3.26,3.28,3.16,354300,149376224.00,3.73,1.24,0.04,3.63
2011-04-20,3.25,3.35,3.38,3.23,436668,188506299.00,4.60,2.76,0.09,4.47
2011-04-22,3.35,3.69,3.69,3.31,870412,411254161.00,11.34,10.15,0.34,8.92
2011-04-25,3.85,3.89,4.04,3.68,1868849,945965440.00,9.76,5.42,0.20,19.14
2011-04-26,3.73,3.65,3.85,3.55,777240,373127436.00,7.71,-6.17,-0.24,7.96
2011-04-27,3.72,3.95,4.02,3.72,1601601,822715531.00,8.22,8.22,0.30,16.41
2011-04-28,3.85,3.73,3.91,3.55,1049106,509359333.00,9.11,-5.57,-0.22,10.75
2011-04-29,3.64,3.88,3.97,3.64,865714,431917991.00,8.85,4.02,0.15,8.87
2011-05-03,3.89,4.11,4.23,3.82,1173175,616119637.00,10.57,5.93,0.23,12.02
2011-05-04,4.05,4.08,4.17,3.95,908364,477305107.00,5.35,-0.73,-0.03,9.31
2011-05-05,4.04,3.95,4.06,3.87,619274,318499155.00,4.66,-3.19,-0.13,6.34
2011-05-06,3.88,3.93,3.98,3.77,679915,344016800.00,5.32,-0.51,-0.02,6.97
2011-05-09,3.95,3.92,3.99,3.79,598300,303485671.00,5.09,-0.25,-0.01,6.13
2011-05-10,3.89,3.85,3.93,3.82,598214,299870636.00,2.81,-1.79,-0.07,6.13
2011-05-11,3.85,4.23,4.23,3.81,1432156,763306748.00,10.91,9.87,0.38,14.67
2011-05-12,4.27,4.08,4.55,4.05,2425980,1354150529.00,11.82,-3.55,-0.15,24.85
2011-05-13,4.01,3.98,4.10,3.92,1026960,531546317.00,4.41,-2.45,-0.10,10.52
2011-05-16,3.92,3.91,3.94,3.81,764122,385007435.00,3.27,-1.76,-0.07,7.83
2011-05-17,3.77,3.73,3.85,3.64,961850,468655142.00,5.37,-4.60,-0.18,9.85
2011-05-18,3.70,3.78,3.78,3.67,484884,235552838.00,2.95,1.34,0.05,4.97
2011-05-19,3.75,3.75,3.80,3.70,452462,220642043.00,2.65,-0.79,-0.03,4.64
2011-05-20,3.73,3.73,3.78,3.70,318077,154489195.00,2.13,-0.53,-0.02,3.26
2011-05-23,3.72,3.46,3.72,3.45,572706,263123909.00,7.24,-7.24,-0.27,5.87
2011-05-24,3.45,3.52,3.53,3.35,440490,196537508.00,5.20,1.73,0.06,4.51
2011-05-25,3.52,3.46,3.58,3.42,349376,158378103.00,4.55,-1.70,-0.06,3.58
2011-05-26,3.52,3.34,3.52,3.33,326240,145153877.00,5.49,-3.47,-0.12,3.34
2011-05-27,3.32,3.18,3.32,3.18,380961,160048617.00,4.19,-4.79,-0.16,3.90
2011-05-30,3.17,3.14,3.22,3.10,226581,93258181.00,3.77,-1.26,-0.04,2.32
2011-05-31,3.17,3.26,3.28,3.15,304121,127439381.00,4.14,3.82,0.12,3.12
2011-06-01,3.26,3.27,3.30,3.22,241853,102426497.00,2.45,0.31,0.01,2.48
2011-06-02,3.20,3.20,3.22,3.14,269500,111238559.00,2.45,-2.14,-0.07,2.76
2011-06-03,3.18,3.25,3.28,3.16,276393,116693803.00,3.75,1.56,0.05,2.83
2011-06-07,3.24,3.27,3.29,3.22,247361,104722360.00,2.15,0.62,0.02,2.53
2011-06-08,3.27,3.36,3.37,3.17,359473,153264291.00,6.12,2.75,0.09,3.68
2011-06-09,3.32,3.22,3.35,3.20,305349,130275661.00,4.46,-4.17,-0.14,3.13
2011-06-10,3.19,3.24,3.25,3.16,208375,86703079.00,2.80,0.62,0.02,2.13
2011-06-13,3.19,3.21,3.24,3.17,128639,53466179.00,2.16,-0.93,-0.03,1.32
2011-06-14,3.21,3.29,3.29,3.19,251328,106597350.00,3.12,2.49,0.08,2.57
2011-06-15,3.28,3.38,3.45,3.24,627670,274464829.00,6.38,2.74,0.09,6.43
2011-06-16,3.32,3.31,3.40,3.27,381049,164625672.00,3.85,-2.07,-0.07,3.90
2011-06-17,3.28,3.18,3.32,3.17,207114,87074401.00,4.53,-3.93,-0.13,2.12
2011-06-20,3.19,3.06,3.20,3.02,254694,102541909.00,5.66,-3.77,-0.12,2.61
2011-06-21,3.06,3.09,3.11,3.03,136330,54486735.00,2.61,0.98,0.03,1.40
2011-06-22,3.10,3.07,3.11,3.05,131153,52366234.00,1.94,-0.65,-0.02,1.34
2011-06-23,3.05,3.11,3.13,3.00,194952,77760961.00,4.23,1.30,0.04,2.00
2011-06-24,3.08,3.19,3.26,3.08,357297,147402878.00,5.79,2.57,0.08,3.66
2011-06-27,3.20,3.23,3.25,3.17,236960,99007299.00,2.51,1.25,0.04,2.43
2011-06-28,3.25,3.27,3.29,3.21,199708,84319307.00,2.48,1.24,0.04,2.05
2011-06-29,3.26,3.17,3.27,3.16,238798,99502302.00,3.36,-3.06,-0.10,2.45
2011-06-30,3.16,3.21,3.24,3.15,153313,63904265.00,2.84,1.26,0.04,1.57
2011-07-01,3.22,3.27,3.32,3.20,333579,141546734.00,3.74,1.87,0.06,3.42
2011-07-04,3.27,3.32,3.37,3.25,376694,162059914.00,3.67,1.53,0.05,3.86
2011-07-05,3.32,3.31,3.32,3.27,242418,103886352.00,1.51,-0.30,-0.01,2.48
2011-07-06,3.30,3.40,3.42,3.26,460269,199893555.00,4.83,2.72,0.09,4.72
2011-07-07,3.38,3.34,3.40,3.33,370830,161917737.00,2.06,-1.76,-0.06,3.80
2011-07-08,3.32,3.30,3.34,3.28,182669,78428330.00,1.80,-1.20,-0.04,1.87
2011-07-11,3.29,3.32,3.32,3.26,157867,67676094.00,1.82,0.61,0.02,1.62
2011-07-12,3.29,3.32,3.41,3.27,390362,170436784.00,4.22,0.00,0.00,4.00
2011-07-13,3.30,3.35,3.40,3.30,305542,133550038.00,3.01,0.90,0.03,3.13
2011-07-14,3.35,3.38,3.38,3.32,287908,125269320.00,1.79,0.90,0.03,2.95
2011-07-15,3.36,3.53,3.63,3.35,768565,349435509.00,8.28,4.44,0.15,7.87
2011-07-18,3.53,3.46,3.53,3.42,378695,170581885.00,3.12,-1.98,-0.07,3.88
2011-07-19,3.44,3.49,3.54,3.42,352822,159785892.00,3.47,0.87,0.03,3.61
2011-07-20,3.48,3.45,3.51,3.38,265804,118763484.00,3.72,-1.15,-0.04,2.72
2011-07-21,3.45,3.34,3.45,3.33,250317,109556993.00,3.48,-3.19,-0.11,2.56
2011-07-22,3.35,3.33,3.37,3.30,131169,56868558.00,2.10,-0.30,-0.01,1.34
2011-07-25,3.32,3.17,3.36,3.14,226208,95604631.00,6.61,-4.80,-0.16,2.32
2011-07-26,3.17,3.20,3.21,3.14,135842,56156669.00,2.21,0.95,0.03,1.39
2011-07-27,3.18,3.21,3.23,3.16,165153,68659048.00,2.19,0.31,0.01,1.69
2011-07-28,3.18,3.16,3.19,3.12,139362,57100568.00,2.18,-1.56,-0.05,1.43
2011-07-29,3.16,3.16,3.22,3.14,111333,45906746.00,2.53,0.00,0.00,1.14
2011-08-01,3.15,3.18,3.21,3.12,117150,48337025.00,2.85,0.63,0.02,1.20
2011-08-02,3.17,3.26,3.32,3.10,279422,116236585.00,6.92,2.52,0.08,2.86
2011-08-03,3.20,3.23,3.29,3.18,171828,72137813.00,3.37,-0.92,-0.03,1.76
2011-08-04,3.22,3.22,3.25,3.19,101796,42691862.00,1.86,-0.31,-0.01,1.04
2011-08-05,3.12,3.15,3.22,3.08,167381,68788330.00,4.35,-2.17,-0.07,1.71
2011-08-08,3.11,2.92,3.14,2.85,247308,96316749.00,9.21,-7.30,-0.23,2.53
2011-08-09,2.85,2.94,2.95,2.71,194916,72300845.00,8.22,0.68,0.02,2.00
2011-08-10,2.98,2.99,3.05,2.96,204360,79898654.00,3.06,1.70,0.05,2.09
2011-08-11,2.91,3.15,3.25,2.88,345052,140557474.00,12.37,5.35,0.16,3.53
2011-08-12,3.15,3.18,3.22,3.12,255150,104969026.00,3.17,0.95,0.03,2.61
2011-08-15,3.18,3.20,3.21,3.14,189820,78251623.00,2.20,0.63,0.02,1.94
2011-08-16,3.20,3.27,3.30,3.18,386177,163369667.00,3.75,2.19,0.07,3.96
2011-08-17,3.27,3.33,3.45,3.25,502615,220181497.00,6.12,1.83,0.06,5.15
2011-08-18,3.32,3.20,3.32,3.19,232712,98425825.00,3.90,-3.90,-0.13,2.38
2011-08-19,3.12,3.14,3.16,3.08,183088,74142703.00,2.50,-1.88,-0.06,1.88
2011-08-22,3.11,3.12,3.20,3.10,108742,44532074.00,3.18,-0.64,-0.02,1.11
2011-08-23,3.14,3.18,3.18,3.12,100306,41136533.00,1.92,1.92,0.06,1.03
2011-08-24,3.19,3.15,3.22,3.15,99368,41056395.00,2.20,-0.94,-0.03,1.02
2011-08-25,3.15,3.25,3.26,3.15,181593,75380968.00,3.49,3.17,0.10,1.86
2011-08-26,3.22,3.24,3.29,3.21,169065,71298382.00,2.46,-0.31,-0.01,1.73
2011-08-29,3.22,3.22,3.26,3.17,137860,57523485.00,2.78,-0.62,-0.02,1.41
2011-08-30,3.22,3.20,3.28,3.19,166350,70253498.00,2.80,-0.62,-0.02,1.70
2011-08-31,3.18,3.21,3.23,3.15,110506,45793116.00,2.50,0.31,0.01,1.13
2011-09-01,3.20,3.13,3.22,3.12,119396,49072873.00,3.12,-2.49,-0.08,1.22
2011-09-02,3.12,3.08,3.15,3.06,116559,46777548.00,2.88,-1.60,-0.05,1.19
2011-09-05,3.02,3.03,3.08,3.01,79338,31289475.00,2.27,-1.62,-0.05,0.81
2011-09-06,3.02,3.03,3.05,3.00,46316,18230130.00,1.65,0.00,0.00,0.47
2011-09-07,3.05,3.08,3.10,3.05,69781,27906352.00,1.65,1.65,0.05,0.71
2011-09-08,3.10,3.04,3.12,3.04,62951,25134193.00,2.60,-1.30,-0.04,0.64
2011-09-09,3.05,3.02,3.08,3.02,43918,17380314.00,1.97,-0.66,-0.02,0.45
2011-09-13,3.00,2.96,3.00,2.88,89323,34181445.00,3.97,-1.99,-0.06,0.92
2011-09-14,2.98,2.98,2.99,2.92,59234,22759927.00,2.36,0.68,0.02,0.61
2011-09-15,2.98,2.97,3.00,2.95,54878,21274011.00,1.68,-0.34,-0.01,0.56
2011-09-16,2.98,2.96,3.01,2.95,36987,14308769.00,2.02,-0.34,-0.01,0.38
2011-09-19,2.93,2.88,2.95,2.87,60844,22940486.00,2.70,-2.70,-0.08,0.62
2011-09-20,2.88,2.92,2.94,2.88,53466,20215827.00,2.08,1.39,0.04,0.55
2011-09-21,2.94,3.00,3.02,2.90,77163,29915112.00,4.11,2.74,0.08,0.79
2011-09-22,2.98,2.93,3.05,2.92,81442,31610340.00,4.33,-2.33,-0.07,0.83
2011-09-23,2.91,2.92,2.94,2.87,53916,20313188.00,2.39,-0.34,-0.01,0.55
2011-09-26,2.91,2.88,2.95,2.87,41349,15584440.00,2.74,-1.37,-0.04,0.42
2011-09-27,2.89,2.91,2.93,2.88,43759,16523346.00,1.74,1.04,0.03,0.45
2011-09-28,2.92,2.86,2.95,2.84,68073,25616190.00,3.78,-1.72,-0.05,0.70
2011-09-29,2.85,2.76,2.85,2.74,69134,25004757.00,3.85,-3.50,-0.10,0.71
2011-09-30,2.77,2.78,2.80,2.73,36997,13316245.00,2.54,0.72,0.02,0.38
2011-10-10,2.82,2.82,2.84,2.78,50986,18600314.00,2.16,1.44,0.04,0.52
2011-10-11,2.87,2.79,2.91,2.75,52965,19510391.00,5.67,-1.06,-0.03,0.54
2011-10-12,2.79,2.88,2.89,2.77,83937,31173871.00,4.30,3.23,0.09,0.86
2011-10-13,2.86,2.92,2.95,2.86,82497,31237265.00,3.13,1.39,0.04,0.85
2011-10-14,2.92,2.88,2.92,2.85,57866,21630126.00,2.40,-1.37,-0.04,0.59
2011-10-17,2.90,2.88,2.91,2.85,32753,12258811.00,2.08,0.00,0.00,0.34
2011-10-18,2.86,2.78,2.87,2.78,48582,17803601.00,3.13,-3.47,-0.10,0.50
2011-10-19,2.78,2.78,2.82,2.75,33841,12236439.00,2.52,0.00,0.00,0.35
2011-10-20,2.76,2.69,2.78,2.68,61695,21732238.00,3.60,-3.24,-0.09,0.63
2011-10-21,2.71,2.70,2.74,2.64,44012,15412265.00,3.72,0.37,0.01,0.45
2011-10-24,2.69,2.72,2.73,2.65,65163,22885275.00,2.96,0.74,0.02,0.67
2011-10-25,2.72,2.77,2.79,2.70,92587,33103221.00,3.31,1.84,0.05,0.95
2011-10-26,2.76,2.78,2.81,2.74,117570,42527792.00,2.53,0.36,0.01,1.20
2011-10-27,2.77,2.78,2.84,2.77,94289,34384558.00,2.52,0.00,0.00,0.97
2011-10-28,2.81,2.83,2.84,2.78,126687,46230114.00,2.16,1.80,0.05,1.19
2011-10-31,2.82,2.90,2.94,2.80,169538,63664682.00,4.95,2.47,0.07,1.60
2011-11-01,2.87,2.87,2.94,2.83,130015,48822927.00,3.79,-1.03,-0.03,1.22
2011-11-02,2.83,2.88,2.88,2.78,100774,37066819.00,3.48,0.35,0.01,0.95
2011-11-03,2.88,2.91,2.93,2.85,162309,61302600.00,2.78,1.04,0.03,1.53
2011-11-04,2.91,2.97,2.98,2.88,169037,64335588.00,3.44,2.06,0.06,1.59
2011-11-07,2.95,2.98,3.05,2.88,270274,104441911.00,5.72,0.34,0.01,2.55
2011-11-08,2.96,2.90,3.01,2.89,133085,50822718.00,4.03,-2.68,-0.08,1.25
2011-11-09,2.90,2.91,2.92,2.85,90734,34036106.00,2.41,0.34,0.01,0.85
2011-11-10,2.88,2.86,2.90,2.85,73736,27487445.00,1.72,-1.72,-0.05,0.69
2011-11-11,2.86,2.85,2.88,2.83,52270,19380924.00,1.75,-0.35,-0.01,0.49
2011-11-14,2.87,2.90,2.92,2.86,78417,29538785.00,2.11,1.75,0.05,0.74
2011-11-15,2.90,2.91,2.92,2.88,61753,23293050.00,1.38,0.34,0.01,0.58
2011-11-16,2.91,2.85,2.91,2.85,82363,30690577.00,2.06,-2.06,-0.06,0.78
2011-11-17,2.85,2.81,2.86,2.81,55906,20552447.00,1.75,-1.40,-0.04,0.53
2011-11-18,2.80,2.78,2.85,2.77,70249,25510798.00,2.85,-1.07,-0.03,0.66
2011-11-21,2.78,2.78,2.79,2.75,39810,14362514.00,1.44,0.00,0.00,0.37
2011-11-22,2.77,2.78,2.80,2.74,31718,11395074.00,2.16,0.00,0.00,0.30
2011-11-23,2.78,2.81,2.85,2.78,73284,26901897.00,2.52,1.08,0.03,0.69
2011-11-24,2.78,2.80,2.83,2.78,36928,13472827.00,1.78,-0.36,-0.01,0.35
2011-11-25,2.85,2.81,2.88,2.80,86042,31759872.00,2.86,0.36,0.01,0.81
2011-11-28,2.81,2.76,2.82,2.74,54441,19542503.00,2.85,-1.78,-0.05,0.51
2011-11-29,2.77,2.78,2.78,2.75,40126,14448407.00,1.09,0.72,0.02,0.38
2011-11-30,2.77,2.67,2.78,2.65,57721,20312350.00,4.68,-3.96,-0.11,0.54
2011-12-01,2.73,2.72,2.75,2.69,48020,17008416.00,2.25,1.87,0.05,0.45
2011-12-02,2.70,2.68,2.72,2.66,37531,13101547.00,2.21,-1.47,-0.04,0.35
2011-12-05,2.69,2.63,2.69,2.60,65750,22481158.00,3.36,-1.87,-0.05,0.62
2011-12-06,2.62,2.59,2.63,2.58,24324,8222458.00,1.90,-1.52,-0.04,0.23
2011-12-07,2.69,2.71,2.84,2.68,137379,48950110.00,6.18,4.63,0.12,1.29
2011-12-08,2.66,2.66,2.71,2.62,64893,22434340.00,3.32,-1.85,-0.05,0.61
2011-12-09,2.64,2.60,2.65,2.58,65252,22139951.00,2.63,-2.26,-0.06,0.61
2011-12-12,2.59,2.63,2.64,2.58,58020,19709879.00,2.31,1.15,0.03,0.55
2011-12-13,2.62,2.58,2.62,2.57,41757,14003987.00,1.90,-1.90,-0.05,0.39
2011-12-14,2.55,2.58,2.61,2.55,36170,12143032.00,2.33,0.00,0.00,0.34
2011-12-15,2.56,2.46,2.58,2.45,91481,29889871.00,5.04,-4.65,-0.12,0.86
2011-12-16,2.46,2.55,2.55,2.45,60011,19439101.00,4.07,3.66,0.09,0.57
2011-12-19,2.54,2.54,2.57,2.47,39145,12830807.00,3.92,-0.39,-0.01,0.37
2011-12-20,2.54,2.52,2.56,2.51,93543,30798273.00,1.97,-0.79,-0.02,0.88
2011-12-21,2.54,2.48,2.54,2.47,69510,22658155.00,2.78,-1.59,-0.04,0.65
2011-12-22,2.45,2.44,2.48,2.38,56774,17907196.00,4.03,-1.61,-0.04,0.53
2011-12-23,2.43,2.45,2.47,2.42,61904,19639202.00,2.05,0.41,0.01,0.58
2011-12-26,2.44,2.45,2.46,2.42,25037,7961541.00,1.63,0.00,0.00,0.24
2011-12-27,2.45,2.41,2.45,2.39,32550,10206196.00,2.45,-1.63,-0.04,0.31
2011-12-28,2.38,2.39,2.42,2.37,53448,16585377.00,2.07,-0.83,-0.02,0.50
2011-12-29,2.38,2.37,2.40,2.36,38300,11818877.00,1.67,-0.84,-0.02,0.36
2011-12-30,2.38,2.42,2.42,2.37,43817,13659319.00,2.11,2.11,0.05,0.41