2026-01-05,69.20,72.36,73.00,69.20,1228831,8824564893.00,5.56,5.79,3.96,1.15
2026-01-06,72.40,74.32,74.88,72.40,1468516,10867519151.00,3.43,2.71,1.96,1.38
2026-01-07,73.89,73.45,74.70,73.29,919695,6796568402.00,1.90,-1.17,-0.87,0.86
2026-01-08,73.37,70.38,73.40,69.66,1685392,11969587226.00,5.09,-4.18,-3.07,1.58
2026-01-09,70.60,69.00,71.28,68.24,2063348,14285738425.00,4.32,-1.96,-1.38,1.94
2026-01-12,68.90,67.55,69.00,67.22,1851661,12546774433.00,2.58,-2.10,-1.45,1.74
2026-01-13,67.80,68.20,69.98,67.78,1502151,10342110580.00,3.26,0.96,0.65,1.41
2026-01-14,68.35,67.00,68.93,66.82,1431109,9691268750.00,3.09,-1.76,-1.20,1.34
2026-01-15,66.90,67.41,68.38,66.69,1066614,7195271140.00,2.52,0.61,0.41,1.00
2026-01-16,67.60,66.33,67.94,65.80,1356100,9017682809.00,3.17,-1.60,-1.08,1.27
2026-01-19,66.28,66.30,66.95,65.91,838681,5560566590.00,1.57,-0.05,-0.03,0.79
2026-01-20,66.35,66.60,67.77,66.11,988500,6611639902.00,2.50,0.45,0.30,0.93
2026-01-21,66.64,65.85,67.18,65.65,935402,6198978527.00,2.30,-1.13,-0.75,0.88
2026-01-22,66.13,64.80,66.58,64.52,1143922,7455922559.00,3.13,-1.59,-1.05,1.07
2026-01-23,65.20,63.90,65.48,63.66,1407699,9048849720.00,2.81,-1.39,-0.90,1.32
2026-01-26,64.00,64.14,66.25,63.77,2013846,13083521294.00,3.88,0.38,0.24,1.89
2026-01-27,64.31,65.31,66.35,64.27,1508841,9868833866.00,3.24,1.82,1.17,1.42
2026-01-28,65.87,64.75,66.05,64.43,1992854,12952514678.00,2.48,-0.86,-0.56,1.87
2026-01-29,65.03,68.00,68.03,64.53,2755713,18287719695.00,5.41,5.02,3.25,2.59
2026-01-30,68.01,66.75,68.69,66.39,1603228,10768334982.00,3.38,-1.84,-1.25,1.50
2026-02-02,66.35,66.02,68.33,65.73,1354549,9059867836.00,3.90,-1.09,-0.73,1.27
2026-02-03,66.90,66.58,67.40,65.62,1033225,6862044454.00,2.70,0.85,0.56,0.97
2026-02-04,66.45,67.40,67.45,66.23,877403,5866716207.00,1.83,1.23,0.82,0.82
2026-02-05,67.17,67.35,67.99,66.16,908191,6088193606.00,2.72,-0.07,-0.05,0.85
2026-02-06,66.88,66.90,67.61,66.42,749275,5011778788.00,1.77,-0.67,-0.45,0.70
2026-02-09,67.45,68.70,69.10,67.11,1021237,6973342327.00,2.97,2.69,1.80,0.96
2026-02-10,68.71,68.19,68.80,67.80,548735,3743029914.00,1.46,-0.74,-0.51,0.51
2026-02-11,68.25,67.50,68.68,67.06,618032,4178546001.00,2.38,-1.01,-0.69,0.58
2026-02-12,67.60,66.54,67.68,66.35,646372,4320770033.00,1.97,-1.42,-0.96,0.61
2026-02-13,66.15,65.29,66.35,65.06,840772,5509966026.00,1.94,-1.88,-1.25,0.79
2026-02-24,65.77,64.50,66.25,64.37,800053,5208399201.00,2.88,-1.21,-0.79,0.75
2026-02-25,64.70,65.05,65.74,64.70,683556,4452349687.00,1.61,0.85,0.55,0.64
2026-02-26,65.50,63.50,65.53,63.29,1036146,6614432347.00,3.44,-2.38,-1.55,0.97
2026-02-27,63.60,63.09,63.74,63.06,633012,4006459826.00,1.07,-0.65,-0.41,0.59
2026-03-02,62.41,62.35,63.11,61.70,1010862,6295717498.00,2.23,-1.17,-0.74,0.95
2026-03-03,62.45,62.57,63.72,61.93,1095535,6885778079.00,2.87,0.35,0.22,1.03
2026-03-04,62.20,61.79,62.56,60.65,1008134,6196271382.00,3.05,-1.25,-0.78,0.95
2026-03-05,62.01,62.08,62.72,61.80,546365,3404335407.00,1.49,0.47,0.29,0.51
2026-03-06,61.79,62.67,63.35,61.66,574633,3590186818.00,2.72,0.95,0.59,0.54
2026-03-09,61.44,61.40,61.52,60.01,930368,5663230289.00,2.41,-2.03,-1.27,0.87
2026-03-10,61.86,62.09,62.38,61.72,462184,2866994902.00,1.07,1.12,0.69,0.43
2026-03-11,62.09,62.55,62.91,61.80,517270,3234820115.00,1.79,0.74,0.46,0.49
2026-03-12,62.15,61.60,62.43,61.22,668542,4123729384.00,1.93,-1.52,-0.95,0.63
2026-03-13,61.37,61.20,61.87,61.08,458041,2813751146.00,1.28,-0.65,-0.40,0.43
2026-03-16,61.20,60.48,61.36,60.10,818596,4946355959.00,2.06,-1.18,-0.72,0.77
2026-03-17,60.59,61.84,62.80,60.58,901850,5591874769.00,3.67,2.25,1.36,0.85
2026-03-18,61.87,61.89,62.32,61.50,490471,3034276337.00,1.33,0.08,0.05,0.46
2026-03-19,61.20,60.62,61.29,60.40,684722,4158160919.00,1.44,-2.05,-1.27,0.64
2026-03-20,60.80,59.74,60.90,59.70,620767,3738267788.00,1.98,-1.45,-0.88,0.58
2026-03-23,58.90,57.47,59.00,57.24,1253823,7264101524.00,2.95,-3.80,-2.27,1.18
2026-03-24,58.00,58.12,58.34,57.50,681870,3949789641.00,1.46,1.13,0.65,0.64
2026-03-25,58.50,58.79,59.36,58.42,562389,3309846362.00,1.62,1.15,0.67,0.53
2026-03-26,58.78,56.80,58.78,56.53,1011896,5801815138.00,3.83,-3.38,-1.99,0.95
2026-03-27,56.86,56.95,57.39,56.42,834379,4753261022.00,1.71,0.26,0.15,0.78