2025-01-02,5.84,5.70,5.89,5.67,1462419,889270901.00,3.77,-2.23,-0.13,0.69
2025-01-03,5.70,5.59,5.76,5.58,1270397,756993878.00,3.16,-1.93,-0.11,0.60
2025-01-06,5.59,5.65,5.66,5.47,1336958,788687693.00,3.40,1.07,0.06,0.63
2025-01-07,5.63,5.73,5.75,5.59,919270,550175516.00,2.83,1.42,0.08,0.43
2025-01-08,5.73,5.74,5.81,5.69,1004982,609981093.00,2.09,0.17,0.01,0.48
2025-01-09,5.74,5.67,5.75,5.62,883045,530661750.00,2.26,-1.22,-0.07,0.42
2025-01-10,5.69,5.63,5.71,5.54,962964,573052918.00,3.00,-0.71,-0.04,0.46
2025-01-13,5.59,5.54,5.62,5.49,1055971,619779604.00,2.31,-1.60,-0.09,0.50
2025-01-14,5.55,5.68,5.69,5.54,1033166,615971491.00,2.71,2.53,0.14,0.49
2025-01-15,5.68,5.69,5.79,5.67,907167,547832593.00,2.11,0.18,0.01,0.43
2025-01-16,5.73,5.72,5.74,5.66,746322,449918561.00,1.41,0.53,0.03,0.35
2025-01-17,5.71,5.67,5.73,5.64,852351,512474998.00,1.57,-0.87,-0.05,0.40
2025-01-20,5.71,5.68,5.74,5.67,650598,384049598.00,1.23,0.18,0.01,0.31
2025-01-21,5.71,5.69,5.75,5.67,499459,294881313.00,1.41,0.18,0.01,0.24
2025-01-22,5.70,5.58,5.70,5.57,732907,425780354.00,2.28,-1.93,-0.11,0.35
2025-01-23,5.61,5.71,5.75,5.61,914204,539250548.00,2.51,2.33,0.13,0.43
2025-01-24,5.71,5.71,5.73,5.62,677734,398669088.00,1.93,0.00,0.00,0.32
2025-01-27,5.71,5.79,5.81,5.71,865614,518461706.00,1.75,1.40,0.08,0.41
2025-02-05,5.79,5.72,5.82,5.71,769558,457891144.00,1.90,-1.21,-0.07,0.36
2025-02-06,5.72,5.71,5.77,5.65,813912,479836709.00,2.10,-0.17,-0.01,0.38
2025-02-07,5.69,5.67,5.72,5.66,839363,493564104.00,1.05,-0.70,-0.04,0.40
2025-02-10,5.68,5.67,5.76,5.65,942640,556384894.00,1.94,0.00,0.00,0.45
2025-02-11,5.68,5.75,5.75,5.68,748589,443435548.00,1.23,1.41,0.08,0.35
2025-02-12,5.75,5.77,5.78,5.71,543282,323155877.00,1.22,0.35,0.02,0.26
2025-02-13,5.76,5.76,5.79,5.75,510856,305216050.00,0.69,-0.17,-0.01,0.24
2025-02-14,5.76,5.75,5.77,5.71,607251,360362106.00,1.04,-0.17,-0.01,0.29
2025-02-17,5.76,5.76,5.78,5.70,667268,395677654.00,1.39,0.17,0.01,0.32
2025-02-18,5.75,5.82,5.85,5.74,1171898,704223080.00,1.91,1.04,0.06,0.55
2025-02-19,5.80,5.80,5.86,5.79,774512,466472492.00,1.20,-0.34,-0.02,0.37
2025-02-20,5.80,5.81,5.83,5.78,515281,309373919.00,0.86,0.17,0.01,0.24
2025-02-21,5.80,5.69,5.81,5.66,1551446,917021873.00,2.58,-2.07,-0.12,0.73
2025-02-24,5.68,5.63,5.70,5.63,842043,492664691.00,1.23,-1.05,-0.06,0.40
2025-02-25,5.63,5.60,5.65,5.59,657818,382834575.00,1.07,-0.53,-0.03,0.31
2025-02-26,5.60,5.62,5.67,5.59,682776,398312910.00,1.43,0.36,0.02,0.32
2025-02-27,5.63,5.67,5.68,5.59,742951,434069581.00,1.60,0.89,0.05,0.35
2025-02-28,5.66,5.64,5.70,5.63,737369,432128372.00,1.23,-0.53,-0.03,0.35
2025-03-03,5.65,5.65,5.67,5.59,764747,445374292.00,1.42,0.18,0.01,0.36
2025-03-04,5.64,5.64,5.67,5.62,464979,272020929.00,0.88,-0.18,-0.01,0.22
2025-03-05,5.63,5.78,5.79,5.63,1396226,828810297.00,2.84,2.48,0.14,0.66
2025-03-06,5.79,5.68,5.80,5.68,1128910,667485785.00,2.08,-1.73,-0.10,0.53
2025-03-07,5.69,5.67,5.72,5.66,565020,332420163.00,1.06,-0.18,-0.01,0.27
2025-03-10,5.65,5.62,5.66,5.61,715384,416763017.00,0.88,-0.88,-0.05,0.34
2025-03-11,5.61,5.63,5.63,5.58,763432,443147701.00,0.89,0.18,0.01,0.36
2025-03-12,5.62,5.63,5.65,5.59,581589,339093502.00,1.07,0.00,0.00,0.28
2025-03-13,5.63,5.65,5.67,5.62,559670,327534877.00,0.89,0.36,0.02,0.26
2025-03-14,5.65,5.70,5.73,5.65,1025305,605346078.00,1.42,0.88,0.05,0.48
2025-03-17,5.69,5.80,5.82,5.68,1387890,828343499.00,2.46,1.75,0.10,0.66
2025-03-18,5.80,5.79,5.82,5.77,524236,314110523.00,0.86,-0.17,-0.01,0.25
2025-03-19,5.80,5.86,5.86,5.79,753154,454194685.00,1.21,1.21,0.07,0.36
2025-03-20,5.86,5.84,5.89,5.82,525305,317516712.00,1.19,-0.34,-0.02,0.25
2025-03-21,5.82,5.79,5.85,5.77,693686,416197400.00,1.37,-0.86,-0.05,0.33
2025-03-24,5.79,5.80,5.82,5.78,610375,366291332.00,0.69,0.17,0.01,0.29
2025-03-25,5.81,5.89,5.90,5.80,858395,520334773.00,1.72,1.55,0.09,0.41
2025-03-26,5.89,5.87,5.90,5.85,565694,343262603.00,0.85,-0.34,-0.02,0.27
2025-03-27,5.87,5.84,5.90,5.83,458433,277811504.00,1.19,-0.51,-0.03,0.22
2025-03-28,5.84,5.82,5.86,5.80,508790,306398227.00,1.03,-0.34,-0.02,0.24
2025-03-31,5.84,5.84,5.88,5.80,769588,465432125.00,1.37,0.34,0.02,0.36
2025-04-01,5.84,5.84,5.91,5.77,1013905,611848674.00,2.40,0.00,0.00,0.48
2025-04-02,5.84,6.01,6.02,5.84,1542203,950729235.00,3.08,2.91,0.17,0.73
2025-04-03,5.99,6.07,6.07,5.99,733516,457684140.00,1.33,1.00,0.06,0.35
2025-04-07,5.91,5.70,5.96,5.59,2269751,1356073253.00,6.10,-6.10,-0.37,1.07
2025-04-08,5.70,5.82,5.83,5.69,1542538,920627902.00,2.46,2.11,0.12,0.73
2025-04-09,5.79,5.77,5.80,5.68,1123607,667978640.00,2.06,-0.86,-0.05,0.53
2025-04-10,5.79,5.82,5.86,5.74,830858,499746934.00,2.08,0.87,0.05,0.39
2025-04-11,5.81,5.80,5.83,5.76,571226,342506540.00,1.20,-0.34,-0.02,0.27
2025-04-14,5.81,5.86,5.89,5.81,693451,420083944.00,1.38,1.03,0.06,0.33
2025-04-15,5.84,5.88,5.90,5.83,937275,568402841.00,1.19,0.34,0.02,0.44
2025-04-16,5.88,5.95,5.98,5.87,1134844,695609320.00,1.87,1.19,0.07,0.54
2025-04-17,5.99,5.99,6.00,5.89,721279,443678180.00,1.85,0.67,0.04,0.34
2025-04-18,5.98,6.03,6.06,5.96,656827,409036089.00,1.67,0.67,0.04,0.31
2025-04-21,6.03,5.93,6.11,5.92,879293,545322909.00,3.15,-1.66,-0.10,0.42
2025-04-22,5.94,5.98,6.00,5.93,604475,373031472.00,1.18,0.84,0.05,0.29
2025-04-23,5.98,5.95,6.02,5.94,587629,362714069.00,1.34,-0.50,-0.03,0.28
2025-04-24,5.96,6.03,6.04,5.96,618025,384129119.00,1.34,1.34,0.08,0.29
2025-04-25,6.04,6.00,6.07,5.96,597361,370431480.00,1.82,-0.50,-0.03,0.28
2025-04-28,6.01,6.10,6.11,6.01,790178,496029923.00,1.67,1.67,0.10,0.37
2025-04-29,6.10,6.06,6.12,6.05,497871,312448210.00,1.15,-0.66,-0.04,0.24
2025-04-30,6.01,5.80,6.02,5.79,2066925,1249687219.00,3.80,-4.29,-0.26,0.98
2025-05-06,5.82,5.75,5.83,5.74,1156667,690343327.00,1.55,-0.86,-0.05,0.55
2025-05-07,5.77,5.85,5.86,5.76,1013549,610619137.00,1.74,1.74,0.10,0.48
2025-05-08,5.84,5.89,5.92,5.83,837274,508856487.00,1.54,0.68,0.04,0.40
2025-05-09,5.90,5.99,5.99,5.89,843383,519575745.00,1.70,1.70,0.10,0.40
2025-05-12,5.99,5.99,6.04,5.96,771718,478674815.00,1.34,0.00,0.00,0.37
2025-05-13,6.00,6.09,6.12,5.94,1240958,777484610.00,3.01,1.67,0.10,0.59
2025-05-14,6.09,6.13,6.16,6.05,895771,565308126.00,1.81,0.66,0.04,0.42
2025-05-15,6.11,6.07,6.16,6.07,739008,466522801.00,1.47,-0.98,-0.06,0.35
2025-05-16,6.07,5.98,6.11,5.96,903158,560206542.00,2.47,-1.48,-0.09,0.43
2025-05-19,5.99,6.00,6.09,5.98,773457,482451697.00,1.84,0.33,0.02,0.37
2025-05-20,6.03,6.02,6.08,5.99,606548,378236308.00,1.50,0.33,0.02,0.29
2025-05-21,6.03,6.06,6.10,6.02,595773,373260024.00,1.33,0.66,0.04,0.28
2025-05-22,6.07,6.13,6.14,6.04,739498,466566205.00,1.65,1.16,0.07,0.35
2025-05-23,6.15,6.08,6.18,6.07,777039,491201877.00,1.79,-0.82,-0.05,0.37
2025-05-26,6.07,6.03,6.11,6.02,704618,440893744.00,1.48,-0.82,-0.05,0.33
2025-05-27,6.04,6.07,6.10,6.03,561411,352058391.00,1.16,0.66,0.04,0.27
2025-05-28,6.07,6.05,6.12,6.00,683768,427414371.00,1.98,-0.33,-0.02,0.32
2025-05-29,6.04,6.03,6.07,6.01,578393,360802649.00,0.99,-0.33,-0.02,0.27
2025-05-30,6.04,6.10,6.13,6.04,909650,572326239.00,1.49,1.16,0.07,0.43
2025-06-03,6.10,6.25,6.28,6.09,1193286,763592669.00,3.11,2.46,0.15,0.56
2025-06-04,6.25,6.28,6.31,6.19,826204,533684893.00,1.92,0.48,0.03,0.39
2025-06-05,6.28,6.16,6.32,6.15,970549,620218312.00,2.71,-1.91,-0.12,0.46
2025-06-06,6.18,6.21,6.26,6.18,805371,516871152.00,1.30,0.81,0.05,0.38
2025-06-09,6.23,6.24,6.26,6.16,743154,477071998.00,1.61,0.48,0.03,0.35
2025-06-10,6.24,6.28,6.35,6.23,926437,602456505.00,1.92,0.64,0.04,0.44
2025-06-11,6.29,6.27,6.32,6.21,615276,397883884.00,1.75,-0.16,-0.01,0.29
2025-06-12,6.27,6.33,6.34,6.25,597004,388469816.00,1.44,0.96,0.06,0.28
2025-06-13,6.33,6.27,6.35,6.23,847640,549315673.00,1.90,-0.95,-0.06,0.40
2025-06-16,6.25,6.45,6.45,6.22,1405933,921207347.00,3.67,2.87,0.18,0.66
2025-06-17,6.44,6.46,6.51,6.42,856982,571391516.00,1.40,0.16,0.01,0.41
2025-06-18,6.48,6.62,6.63,6.45,1081796,730445064.00,2.79,2.48,0.16,0.51
2025-06-19,6.61,6.59,6.66,6.51,1048801,710773830.00,2.27,-0.45,-0.03,0.50
2025-06-20,6.59,6.64,6.68,6.53,911010,622365962.00,2.28,0.76,0.05,0.43
2025-06-23,6.63,6.74,6.78,6.56,946213,651885634.00,3.31,1.51,0.10,0.45
2025-06-24,6.71,6.72,6.75,6.64,1122652,775244285.00,1.63,-0.30,-0.02,0.53
2025-06-25,6.71,6.75,6.78,6.59,1040397,717101751.00,2.83,0.45,0.03,0.49
2025-06-26,6.74,6.83,6.86,6.68,930746,649658298.00,2.67,1.19,0.08,0.44
2025-06-27,6.82,6.72,6.89,6.65,1421403,991164304.00,3.51,-1.61,-0.11,0.67
2025-06-30,6.67,6.63,6.71,6.58,1002314,684931054.00,1.93,-1.34,-0.09,0.47
2025-07-01,6.64,6.76,6.82,6.64,956055,663532075.00,2.71,1.96,0.13,0.45
2025-07-02,6.78,6.84,6.87,6.77,772606,543334432.00,1.48,1.18,0.08,0.37
2025-07-03,6.85,6.82,6.90,6.79,635254,446807116.00,1.61,-0.29,-0.02,0.30
2025-07-04,6.82,7.00,7.03,6.81,1007190,720023402.00,3.23,2.64,0.18,0.48
2025-07-07,7.02,7.04,7.06,6.95,802400,579157541.00,1.57,0.57,0.04,0.38
2025-07-08,7.04,7.00,7.08,6.95,847500,609764348.00,1.85,-0.57,-0.04,0.40
2025-07-09,6.99,7.05,7.10,6.96,965901,699940310.00,2.00,0.71,0.05,0.46
2025-07-10,7.08,7.08,7.24,7.05,1618084,1155967934.00,2.70,0.43,0.03,0.77
2025-07-11,7.10,6.95,7.21,6.95,1999201,1409636258.00,3.67,-1.84,-0.13,0.95
2025-07-14,6.95,7.02,7.12,6.95,1353651,954612085.00,2.45,1.01,0.07,0.64
2025-07-15,7.05,6.98,7.09,6.96,758039,531477588.00,1.85,-0.57,-0.04,0.36
2025-07-16,6.98,6.88,7.01,6.86,1164072,802793895.00,2.15,-1.43,-0.10,0.55
2025-07-17,6.88,6.84,6.93,6.83,724770,497302343.00,1.45,-0.58,-0.04,0.34
2025-07-18,6.84,6.86,6.92,6.82,784901,539475804.00,1.46,0.29,0.02,0.37
2025-07-21,6.85,6.79,6.86,6.74,1209902,820002538.00,1.75,-1.02,-0.07,0.57
2025-07-22,6.78,6.69,6.80,6.66,1120111,751475646.00,2.06,-1.47,-0.10,0.53
2025-07-23,6.69,6.70,6.77,6.68,1049351,706124139.00,1.35,0.15,0.01,0.50
2025-07-24,6.70,6.60,6.71,6.58,1404365,929512001.00,1.94,-1.49,-0.10,0.66
2025-07-25,6.60,6.56,6.63,6.55,1020898,672474828.00,1.21,-0.61,-0.04,0.48
2025-07-28,6.56,6.59,6.67,6.55,1174998,777318185.00,1.83,0.46,0.03,0.56
2025-07-29,6.61,6.46,6.64,6.45,1109813,724421860.00,2.88,-1.97,-0.13,0.52
2025-07-30,6.49,6.51,6.58,6.47,1216515,793455614.00,1.70,0.77,0.05,0.58
2025-07-31,6.51,6.45,6.53,6.38,1142467,735829100.00,2.30,-0.92,-0.06,0.54
2025-08-01,6.47,6.48,6.51,6.38,941892,608328139.00,2.02,0.47,0.03,0.45
2025-08-04,6.46,6.47,6.54,6.45,853560,554169072.00,1.39,-0.15,-0.01,0.40
2025-08-05,6.49,6.55,6.58,6.47,1344499,879058213.00,1.70,1.24,0.08,0.64
2025-08-06,6.56,6.52,6.59,6.50,1037112,677039603.00,1.37,-0.46,-0.03,0.49
2025-08-07,6.52,6.54,6.56,6.47,904469,590678763.00,1.38,0.31,0.02,0.43
2025-08-08,6.55,6.53,6.58,6.52,758144,496226699.00,0.92,-0.15,-0.01,0.36
2025-08-11,6.54,6.45,6.55,6.44,1109630,717739144.00,1.68,-1.23,-0.08,0.52
2025-08-12,6.45,6.44,6.49,6.44,832546,538250119.00,0.78,-0.16,-0.01,0.39
2025-08-13,6.45,6.39,6.46,6.39,1078762,692202989.00,1.09,-0.78,-0.05,0.51
2025-08-14,6.40,6.33,6.42,6.33,1234494,785977047.00,1.41,-0.94,-0.06,0.58
2025-08-15,6.34,6.25,6.35,6.21,1554461,971721936.00,2.21,-1.26,-0.08,0.74
2025-08-18,6.24,6.24,6.29,6.21,1148793,717816828.00,1.28,-0.16,-0.01,0.54
2025-08-19,6.25,6.24,6.28,6.23,872515,545750617.00,0.80,0.00,0.00,0.41
2025-08-20,6.25,6.27,6.31,6.23,709057,445092512.00,1.28,0.48,0.03,0.34