2005-01-04,1.88,1.77,1.88,1.77,5228,2638964.00,5.82,-6.35,-0.12,1.16
2005-01-05,1.78,1.85,1.87,1.73,4388,2214870.00,7.91,4.52,0.08,0.98
2005-01-06,1.85,1.77,1.87,1.76,2443,1227609.00,5.95,-4.32,-0.08,0.54
2005-01-07,1.77,1.82,1.89,1.77,4151,2113634.00,6.78,2.82,0.05,0.92
2005-01-10,1.82,1.91,1.93,1.81,5992,3097016.00,6.59,4.95,0.09,1.33
2005-01-11,1.90,1.91,1.93,1.86,2889,1492879.00,3.66,0.00,0.00,0.64
2005-01-12,1.89,1.90,1.91,1.87,1681,868063.00,2.09,-0.52,-0.01,0.37
2005-01-13,1.94,1.91,1.94,1.87,2497,1291670.00,3.68,0.53,0.01,0.55
2005-01-14,1.90,1.89,1.97,1.89,5638,2945506.00,4.19,-1.05,-0.02,1.25
2005-01-17,1.85,1.74,1.85,1.73,4670,2330238.00,6.35,-7.94,-0.15,1.04
2005-01-18,1.77,1.81,1.83,1.73,2338,1163451.00,5.75,4.02,0.07,0.52
2005-01-19,1.79,1.78,1.79,1.75,2301,1149787.00,2.21,-1.66,-0.03,0.51
2005-01-20,1.78,1.75,1.81,1.73,2636,1307638.00,4.49,-1.69,-0.03,0.59
2005-01-21,1.75,1.85,1.89,1.63,5095,2562159.00,14.86,5.71,0.10,1.13
2005-01-24,1.95,1.91,1.97,1.86,5533,2870867.00,5.95,3.24,0.06,1.23
2005-01-25,1.90,1.86,1.90,1.81,4126,2101085.00,4.71,-2.62,-0.05,0.92
2005-01-26,1.85,1.84,1.89,1.83,3309,1693103.00,3.23,-1.08,-0.02,0.74
2005-01-27,1.83,1.73,1.83,1.71,4988,2480620.00,6.52,-5.98,-0.11,1.11
2005-01-28,1.69,1.56,1.73,1.54,7355,3493456.00,10.98,-9.83,-0.17,1.63
2005-01-31,1.45,1.25,1.45,1.25,19957,8455968.00,12.82,-19.87,-0.31,4.43
2005-02-01,1.18,1.23,1.37,1.18,15010,6391879.00,15.20,-1.60,-0.02,3.34
2005-02-02,1.18,1.42,1.46,1.18,19412,8489000.00,22.76,15.45,0.19,4.31
2005-02-03,1.45,1.31,1.46,1.30,12972,5694869.00,11.27,-7.75,-0.11,2.88
2005-02-04,1.30,1.35,1.37,1.25,7517,3247082.00,9.16,3.05,0.04,1.67
2005-02-16,1.39,1.42,1.50,1.37,9740,4354737.00,9.63,5.19,0.07,2.16
2005-02-17,1.40,1.44,1.45,1.38,7302,3234572.00,4.93,1.41,0.02,1.62
2005-02-18,1.45,1.41,1.47,1.41,6019,2693759.00,4.17,-2.08,-0.03,1.34
2005-02-21,1.39,1.50,1.51,1.39,10582,4765583.00,8.51,6.38,0.09,2.35
2005-02-22,1.51,1.58,1.60,1.45,15243,7074062.00,10.00,5.33,0.08,3.39
2005-02-23,1.58,1.67,1.69,1.55,18293,8748520.00,8.86,5.70,0.09,4.07
2005-02-24,1.67,1.71,1.71,1.60,12526,6046501.00,6.59,2.40,0.04,2.78
2005-02-25,1.68,1.65,1.73,1.63,15342,7460212.00,5.85,-3.51,-0.06,3.41
2005-02-28,1.63,1.61,1.63,1.58,6722,3186511.00,3.03,-2.42,-0.04,1.49
2005-03-01,1.59,1.65,1.66,1.59,5826,2773355.00,4.35,2.48,0.04,1.29
2005-03-02,1.65,1.55,1.69,1.54,11613,5467381.00,9.09,-6.06,-0.10,2.58
2005-03-03,1.53,1.61,1.63,1.47,10759,5008891.00,10.32,3.87,0.06,2.39
2005-03-04,1.65,1.69,1.81,1.64,43528,21460776.00,10.56,4.97,0.08,9.67
2005-03-07,1.68,1.61,1.68,1.55,11950,5677016.00,7.69,-4.73,-0.08,2.66
2005-03-08,1.61,1.65,1.67,1.58,10117,4825112.00,5.59,2.48,0.04,2.25
2005-03-09,1.65,1.75,1.78,1.65,16313,8030805.00,7.88,6.06,0.10,3.63
2005-03-10,1.75,1.61,1.76,1.60,8691,4202714.00,9.14,-8.00,-0.14,1.93
2005-03-11,1.59,1.64,1.67,1.59,6987,3329868.00,4.97,1.86,0.03,1.55
2005-03-14,1.61,1.52,1.62,1.51,6256,2915884.00,6.71,-7.32,-0.12,1.39
2005-03-15,1.49,1.46,1.55,1.45,5016,2299913.00,6.58,-3.95,-0.06,1.11
2005-03-16,1.46,1.54,1.63,1.43,14200,6615339.00,13.70,5.48,0.08,3.16
2005-03-17,1.51,1.38,1.51,1.25,9929,4393986.00,16.88,-10.39,-0.16,2.21
2005-03-18,1.37,1.33,1.39,1.30,3964,1719928.00,6.52,-3.62,-0.05,0.88
2005-03-21,1.31,1.32,1.34,1.27,3644,1566989.00,5.26,-0.75,-0.01,0.81
2005-03-22,1.31,1.23,1.33,1.21,4302,1814453.00,9.09,-6.82,-0.09,0.96
2005-03-23,1.23,1.23,1.28,1.18,6066,2528455.00,8.13,0.00,0.00,1.35
2005-03-24,1.23,1.28,1.28,1.19,3648,1527211.00,7.32,4.07,0.05,0.81
2005-03-25,1.28,1.29,1.31,1.25,2861,1216797.00,4.69,0.78,0.01,0.64
2005-03-28,1.26,1.22,1.26,1.19,2920,1213762.00,5.43,-5.43,-0.07,0.65
2005-03-29,1.21,1.23,1.26,1.19,2033,847556.00,5.74,0.82,0.01,0.45
2005-03-30,1.24,1.10,1.24,1.09,6249,2520916.00,12.20,-10.57,-0.13,1.39
2005-03-31,1.11,1.11,1.11,1.03,2992,1179157.00,7.27,0.91,0.01,0.66
2005-04-01,1.10,1.23,1.25,1.07,5948,2437647.00,16.22,10.81,0.12,1.32
2005-04-05,1.12,1.09,1.16,1.09,4425,1774413.00,5.69,-11.38,-0.14,0.98
2005-04-06,1.09,1.17,1.19,1.07,4805,1929724.00,11.01,7.34,0.08,1.07
2005-04-07,1.17,1.24,1.32,1.13,12621,5305116.00,16.24,5.98,0.07,2.80
2005-04-08,1.27,1.29,1.31,1.23,9278,3934996.00,6.45,4.03,0.05,2.06
2005-04-11,1.29,1.27,1.31,1.24,5213,2211889.00,5.43,-1.55,-0.02,1.16
2005-04-12,1.27,1.22,1.28,1.20,3828,1594668.00,6.30,-3.94,-0.05,0.85
2005-04-13,1.24,1.33,1.39,1.24,12935,5560487.00,12.30,9.02,0.11,2.87
2005-04-14,1.33,1.25,1.35,1.25,6516,2780248.00,7.52,-6.02,-0.08,1.45
2005-04-15,1.24,1.15,1.24,1.13,5315,2171763.00,8.80,-8.00,-0.10,1.18
2005-04-18,1.06,1.02,1.06,0.92,5902,2271267.00,12.17,-11.30,-0.13,1.31
2005-04-19,1.01,1.03,1.05,1.00,3106,1198279.00,4.90,0.98,0.01,0.69
2005-04-20,1.03,0.98,1.03,0.96,3637,1391134.00,6.80,-4.85,-0.05,0.81
2005-04-21,0.96,0.91,1.03,0.90,3396,1268960.00,13.27,-7.14,-0.07,0.75
2005-04-22,0.95,0.82,0.95,0.79,5304,1919171.00,17.58,-9.89,-0.09,1.18
2005-04-25,0.86,0.79,0.91,0.75,7489,2662427.00,19.51,-3.66,-0.03,1.66
2005-04-26,0.80,0.87,0.90,0.75,5376,1933115.00,18.99,10.13,0.08,1.19
2005-04-27,0.86,0.82,0.88,0.82,3253,1171511.00,6.90,-5.75,-0.05,0.72
2005-04-28,0.88,0.95,1.04,0.78,8482,3155097.00,31.71,15.85,0.13,1.88
2005-04-29,0.92,0.94,1.11,0.91,15374,5884483.00,21.05,-1.05,-0.01,3.42
2005-05-09,0.97,0.83,0.98,0.83,10142,3745362.00,15.96,-11.70,-0.11,2.25
2005-05-10,0.80,0.86,0.87,0.77,4849,1719217.00,12.05,3.61,0.03,1.08
2005-05-11,0.87,0.87,0.89,0.83,3014,1089743.00,6.98,1.16,0.01,0.67
2005-05-12,0.87,0.90,0.92,0.84,2722,992146.00,9.20,3.45,0.03,0.60
2005-05-13,0.89,0.91,0.95,0.87,4559,1690247.00,8.89,1.11,0.01,1.01
2005-05-17,0.91,0.94,0.96,0.87,4274,1589912.00,9.89,3.30,0.03,0.95
2005-05-18,0.95,0.95,0.97,0.91,3451,1284738.00,6.38,1.06,0.01,0.77
2005-05-19,0.95,0.93,0.97,0.89,2774,1031181.00,8.42,-2.11,-0.02,0.62
2005-05-20,0.94,0.92,0.96,0.89,2021,751865.00,7.53,-1.08,-0.01,0.45
2005-05-23,0.91,0.81,0.91,0.80,2572,921223.00,11.96,-11.96,-0.11,0.57
2005-05-24,0.81,0.87,0.89,0.81,1808,655343.00,9.88,7.41,0.06,0.40
2005-05-25,0.86,0.93,0.96,0.85,5168,1922048.00,12.64,6.90,0.06,1.15
2005-05-26,0.91,0.91,0.95,0.89,4016,1493435.00,6.45,-2.15,-0.02,0.89
2005-05-27,0.93,0.91,0.95,0.91,2912,1087015.00,4.40,0.00,0.00,0.65
2005-05-30,0.91,0.99,1.05,0.91,7451,2843074.00,15.38,8.79,0.08,1.66
2005-05-31,1.03,0.98,1.05,0.97,6064,2327000.00,8.08,-1.01,-0.01,1.35
2005-06-01,0.97,0.93,1.06,0.93,5074,1927399.00,13.27,-5.10,-0.05,1.13
2005-06-02,0.97,0.95,0.97,0.91,2318,866776.00,6.45,2.15,0.02,0.52
2005-06-03,0.97,0.95,1.00,0.94,3304,1251067.00,6.32,0.00,0.00,0.73
2005-06-06,0.95,0.96,0.96,0.89,3337,1238663.00,7.37,1.05,0.01,0.74
2005-06-07,0.95,1.00,1.03,0.95,8636,3303901.00,8.33,4.17,0.04,1.92
2005-06-08,1.02,1.15,1.19,0.99,21156,8456820.00,20.00,15.00,0.15,4.70
2005-06-09,1.15,1.15,1.21,1.10,16287,6612981.00,9.57,0.00,0.00,3.62
2005-06-10,1.16,1.09,1.17,1.09,8958,3592687.00,6.96,-5.22,-0.06,1.99
2005-06-13,1.11,1.15,1.18,1.07,7279,2918235.00,10.09,5.50,0.06,1.62
2005-06-14,1.15,1.10,1.21,1.08,8513,3462802.00,11.30,-4.35,-0.05,1.89
2005-06-15,1.09,1.01,1.10,1.01,5356,2091534.00,8.18,-8.18,-0.09,1.19
2005-06-16,1.01,1.04,1.05,0.99,2788,1073977.00,5.94,2.97,0.03,0.62
2005-06-17,1.07,1.05,1.08,1.02,3757,1470742.00,5.77,0.96,0.01,0.83
2005-06-20,1.05,1.13,1.14,0.99,5548,2197220.00,14.29,7.62,0.08,1.23
2005-06-21,1.14,1.10,1.15,1.09,4301,1719019.00,5.31,-2.65,-0.03,0.96
2005-06-22,1.10,1.13,1.15,1.09,4814,1927770.00,5.45,2.73,0.03,1.07
2005-06-23,1.13,1.08,1.13,1.08,3190,1212197.00,4.42,-4.42,-0.05,0.71
2005-06-24,1.07,1.08,1.11,1.05,3459,1295126.00,5.56,0.00,0.00,0.77
2005-06-27,1.08,1.21,1.24,1.08,22903,8942989.00,14.81,12.04,0.13,5.09
2005-06-28,1.18,1.18,1.21,1.15,10028,3918322.00,4.96,-2.48,-0.03,2.23
2005-06-29,1.21,1.21,1.27,1.21,34545,13767107.00,5.08,2.54,0.03,7.68
2005-06-30,1.21,1.11,1.21,1.11,8395,3246175.00,8.26,-8.26,-0.10,1.87
2005-07-01,1.09,0.93,1.10,0.89,8559,3115555.00,18.92,-16.22,-0.18,1.90
2005-07-04,0.91,0.85,0.91,0.81,4772,1616655.00,10.75,-8.60,-0.08,1.06
2005-07-05,0.83,0.85,0.89,0.82,2637,903426.00,8.24,0.00,0.00,0.59
2005-07-06,0.87,0.82,0.91,0.81,2790,951077.00,11.76,-3.53,-0.03,0.62
2005-07-07,0.82,0.86,0.87,0.81,1950,660305.00,7.32,4.88,0.04,0.43
2005-07-08,0.84,0.78,0.84,0.78,2543,849666.00,6.98,-9.30,-0.08,0.57
2005-07-11,0.85,0.79,0.87,0.78,2921,985458.00,11.54,1.28,0.01,0.65
2005-07-12,0.75,0.85,0.88,0.75,3710,1244113.00,16.46,7.59,0.06,0.82
2005-07-13,0.85,0.83,0.88,0.80,2826,957969.00,9.41,-2.35,-0.02,0.63
2005-07-14,0.84,0.81,0.86,0.79,2544,854624.00,8.43,-2.41,-0.02,0.57
2005-07-15,0.85,0.74,0.85,0.73,3966,1295566.00,14.81,-8.64,-0.07,0.88
2005-07-18,0.74,0.61,0.74,0.59,5993,1840231.00,20.27,-17.57,-0.13,1.33
2005-07-19,0.61,0.63,0.65,0.61,2180,667505.00,6.56,3.28,0.02,0.48
2005-07-20,0.65,0.62,0.65,0.62,2175,670408.00,4.76,-1.59,-0.01,0.48
2005-07-21,0.64,0.60,0.65,0.55,3776,1139782.00,16.13,-3.23,-0.02,0.84
2005-07-22,0.63,0.67,0.71,0.63,6389,2009586.00,13.33,11.67,0.07,1.42
2005-07-25,0.65,0.65,0.68,0.63,3003,937861.00,7.46,-2.99,-0.02,0.67
2005-07-26,0.68,0.76,0.77,0.65,9960,3194899.00,18.46,16.92,0.11,2.21
2005-07-27,0.78,0.81,0.82,0.75,16012,5306663.00,9.21,6.58,0.05,3.56
2005-07-28,0.81,0.77,0.82,0.76,10019,3323449.00,7.41,-4.94,-0.04,2.23
2005-07-29,0.76,0.75,0.77,0.74,4450,1452621.00,3.90,-2.60,-0.02,0.99
2005-08-01,0.75,0.76,0.77,0.72,2631,855375.00,6.67,1.33,0.01,0.58
2005-08-02,0.77,0.82,0.82,0.76,6456,2146688.00,7.89,7.89,0.06,1.43
2005-08-03,0.85,0.86,0.93,0.81,12899,4445634.00,14.63,4.88,0.04,2.87
2005-08-04,0.83,0.82,0.85,0.79,5702,1918091.00,6.98,-4.65,-0.04,1.27
2005-08-05,0.84,0.89,0.90,0.82,9140,3144744.00,9.76,8.54,0.07,2.03
2005-08-08,1.00,0.96,1.01,0.93,16790,6007993.00,8.99,7.87,0.07,3.73
2005-08-09,0.97,0.99,1.01,0.95,12634,4553634.00,6.25,3.13,0.03,2.81
2005-08-10,0.99,1.05,1.06,0.98,18903,6922778.00,8.08,6.06,0.06,4.20
2005-08-11,1.05,1.05,1.06,0.99,15472,5678542.00,6.67,0.00,0.00,3.44
2005-08-12,1.05,1.01,1.11,0.99,15541,5774642.00,11.43,-3.81,-0.04,3.45
2005-08-15,1.00,1.07,1.07,0.97,9068,3320681.00,9.90,5.94,0.06,2.02
2005-08-16,1.07,1.03,1.11,1.01,9278,3446583.00,9.35,-3.74,-0.04,2.06
2005-08-17,1.03,1.13,1.15,1.02,16817,6317237.00,12.62,9.71,0.10,3.74
2005-08-18,1.13,1.04,1.22,1.03,23300,9014025.00,16.81,-7.96,-0.09,5.18
2005-08-19,1.03,1.09,1.09,0.99,12180,4499157.00,9.62,4.81,0.05,2.71
2005-08-22,1.11,1.19,1.21,1.11,28279,11015920.00,9.17,9.17,0.10,6.28
2005-08-23,1.21,1.13,1.21,1.08,12705,4875825.00,10.92,-5.04,-0.06,2.82
2005-08-24,1.15,1.15,1.17,1.11,11342,4364420.00,5.31,1.77,0.02,2.52
2005-08-25,1.13,1.20,1.23,1.09,11888,4556475.00,12.17,4.35,0.05,2.64
2005-08-26,1.17,1.17,1.20,1.15,12313,4784456.00,4.17,-2.50,-0.03,2.74
2005-08-29,1.17,1.11,1.18,1.08,6426,2445021.00,8.55,-5.13,-0.06,1.43
2005-08-30,1.10,1.07,1.13,1.07,5111,1926477.00,5.41,-3.60,-0.04,1.14
2005-08-31,1.07,1.14,1.15,1.05,9466,3600796.00,9.35,6.54,0.07,2.10
2005-09-01,1.14,1.19,1.21,1.13,17727,6912616.00,7.02,4.39,0.05,3.94
2005-09-02,1.21,1.35,1.36,1.17,33599,13578339.00,15.97,13.45,0.16,7.47
2005-09-05,1.35,1.34,1.37,1.28,19076,7830273.00,6.67,-0.74,-0.01,4.24
2005-09-06,1.33,1.21,1.35,1.21,16652,6743523.00,10.45,-9.70,-0.13,3.70
2005-09-07,1.21,1.32,1.32,1.20,16384,6632096.00,9.92,9.09,0.11,3.64
2005-09-08,1.32,1.33,1.37,1.25,12774,5248135.00,9.09,0.76,0.01,2.84
2005-09-09,1.32,1.25,1.33,1.25,10219,4129450.00,6.02,-6.02,-0.08,2.27
2005-09-12,1.25,1.27,1.30,1.25,7596,3076306.00,4.00,1.60,0.02,1.69
2005-09-13,1.28,1.35,1.35,1.28,15917,6546808.00,5.51,6.30,0.08,3.54
2005-09-14,1.37,1.40,1.45,1.35,20877,8838246.00,7.41,3.70,0.05,4.64
2005-09-15,1.39,1.39,1.40,1.35,9940,4166202.00,3.57,-0.71,-0.01,2.21
2005-09-16,1.39,1.38,1.39,1.35,9566,3998876.00,2.88,-0.72,-0.01,2.13
2005-09-19,1.38,1.45,1.45,1.38,11028,4697568.00,5.07,5.07,0.07,2.45
2005-09-20,1.47,1.40,1.47,1.36,13600,5764833.00,7.59,-3.45,-0.05,3.02
2005-09-21,1.39,1.31,1.40,1.30,12059,4995495.00,7.14,-6.43,-0.09,2.68
2005-09-22,1.30,1.20,1.31,1.15,11528,4596429.00,12.21,-8.40,-0.11,2.56
2005-09-23,1.20,1.13,1.23,1.13,6326,2464445.00,8.33,-5.83,-0.07,1.41
2005-09-26,1.13,1.17,1.17,1.11,4014,1542886.00,5.31,3.54,0.04,0.89
2005-09-27,1.15,1.08,1.18,1.08,6135,2337397.00,8.55,-7.69,-0.09,1.36
2005-09-28,1.06,1.11,1.12,1.06,4810,1810010.00,5.56,2.78,0.03,1.07
2005-09-29,1.11,1.17,1.19,1.11,7389,2858546.00,7.21,5.41,0.06,1.64
2005-09-30,1.15,1.14,1.17,1.13,3172,1223044.00,3.42,-2.56,-0.03,0.70
2005-10-10,1.15,1.07,1.15,1.06,3113,1176728.00,7.89,-6.14,-0.07,0.69
2005-10-11,1.05,1.14,1.14,1.03,3088,1168285.00,10.28,6.54,0.07,0.69
2005-10-12,1.13,1.17,1.19,1.11,4890,1892487.00,7.02,2.63,0.03,1.09
2005-10-13,1.15,1.16,1.18,1.15,2770,1074679.00,2.56,-0.85,-0.01,0.62
2005-10-14,1.16,1.13,1.17,1.11,2571,983674.00,5.17,-2.59,-0.03,0.57
2005-10-17,1.11,1.11,1.11,1.05,5334,1993697.00,5.31,-1.77,-0.02,1.19
2005-10-18,1.09,1.17,1.18,1.09,5550,2141466.00,8.11,5.41,0.06,1.23
2005-10-19,1.18,1.21,1.37,1.18,16384,6633241.00,16.24,3.42,0.04,3.64
2005-10-20,1.18,1.28,1.28,1.15,7705,3046253.00,10.74,5.79,0.07,1.71
2005-10-21,1.28,1.28,1.31,1.26,7704,3121390.00,3.91,0.00,0.00,1.71
2005-10-24,1.28,1.29,1.31,1.26,5217,2118168.00,3.91,0.78,0.01,1.16
2005-10-25,1.28,1.17,1.29,1.17,5967,2356754.00,9.30,-9.30,-0.12,1.33
2005-10-26,1.18,1.07,1.18,1.07,5014,1909438.00,9.40,-8.55,-0.10,1.11
2005-10-27,1.05,1.03,1.09,0.99,8153,3001182.00,9.35,-3.74,-0.04,1.81
2005-10-28,1.05,0.94,1.06,0.91,5234,1869176.00,14.56,-8.74,-0.09,1.16
2005-10-31,0.95,0.99,1.00,0.93,3671,1314900.00,7.45,5.32,0.05,0.82
2005-11-01,0.98,0.93,0.98,0.88,3700,1289856.00,10.10,-6.06,-0.06,0.82
2005-11-02,0.95,0.99,1.03,0.92,4821,1732609.00,11.83,6.45,0.06,1.07
2005-11-03,0.99,0.95,0.99,0.94,3369,1202682.00,5.05,-4.04,-0.04,0.75
2005-11-04,0.95,0.96,0.97,0.91,1936,687731.00,6.32,1.05,0.01,0.43
2005-11-07,0.94,0.99,0.99,0.93,2277,813845.00,6.25,3.13,0.03,0.51
2005-11-08,0.98,1.03,1.05,0.98,4720,1728661.00,7.07,4.04,0.04,1.05
2005-11-09,1.05,1.03,1.06,1.01,4223,1555477.00,4.85,0.00,0.00,0.94
2005-11-10,0.99,0.93,1.01,0.93,2657,948596.00,7.77,-9.71,-0.10,0.59
2005-11-11,0.92,0.93,0.97,0.91,1971,695524.00,6.45,0.00,0.00,0.44
2005-11-14,0.93,0.97,1.00,0.93,2671,958280.00,7.53,4.30,0.04,0.59
2005-11-15,0.95,0.95,0.99,0.95,1722,617470.00,4.12,-2.06,-0.02,0.38
2005-11-16,0.95,0.99,0.99,0.92,3304,1174568.00,7.37,4.21,0.04,0.73
2005-11-17,0.97,1.22,1.23,0.95,27980,10870199.00,28.28,23.23,0.23,6.22
2005-11-18,1.12,1.24,1.30,1.11,41612,16456665.00,15.57,1.64,0.02,9.25
2005-11-21,1.19,1.17,1.23,1.15,12568,4905010.00,6.45,-5.65,-0.07,2.79
2005-11-22,1.15,1.11,1.22,1.09,9207,3558077.00,11.11,-5.13,-0.06,2.05
2005-11-23,1.09,1.13,1.15,1.09,4806,1834801.00,5.41,1.80,0.02,1.07
2005-11-24,1.11,1.13,1.16,1.11,4694,1801834.00,4.42,0.00,0.00,1.04
2005-11-25,1.11,1.15,1.15,1.11,4335,1657448.00,3.54,1.77,0.02,0.96
2005-12-08,1.17,1.11,1.17,1.08,7526,2868793.00,7.83,-3.48,-0.04,1.67
2005-12-09,1.12,1.15,1.17,1.11,5133,1974685.00,5.41,3.60,0.04,1.14
2005-12-12,1.15,1.21,1.23,1.15,8619,3393150.00,6.96,5.22,0.06,1.92
2005-12-13,1.18,1.25,1.27,1.18,11209,4470839.00,7.44,3.31,0.04,2.49
2005-12-14,1.25,1.24,1.29,1.22,10165,4092064.00,5.60,-0.80,-0.01,2.26
2005-12-15,1.25,1.29,1.31,1.22,16283,6572248.00,7.26,4.03,0.05,3.62
2005-12-16,1.37,1.30,1.37,1.27,16736,6843747.00,7.75,0.78,0.01,3.72