MjAyMi0wMS0wNCw1MS42Miw1MS4xNSw1MS42OCw1MC43OCwyMDI2NiwxMDUwMDkxODkuMDAsMS43NSwtMC42OCwtMC4zNSw2LjQy
2022-01-05,51.24,50.06,51.25,49.96,19606,100044861.00,2.52,-2.13,-1.09,6.21
2022-01-06,49.80,50.46,50.62,49.80,12186,62199109.00,1.64,0.80,0.40,3.86
2022-01-07,50.51,50.13,51.09,50.10,18109,92876995.00,1.96,-0.65,-0.33,5.74
2022-01-10,50.13,50.86,51.02,49.74,13937,71510659.00,2.55,1.46,0.73,4.41
2022-01-11,51.40,51.33,51.98,51.02,25355,132347432.00,1.89,0.92,0.47,8.03
2022-01-12,51.29,51.80,52.23,50.91,25367,132911232.00,2.57,0.92,0.47,8.04
2022-01-13,51.50,50.56,51.97,50.51,21698,112654240.00,2.82,-2.39,-1.24,6.87
2022-01-14,50.29,52.23,52.70,50.20,42923,225615050.00,4.94,3.30,1.67,13.60
2022-01-17,51.80,51.77,52.29,51.48,22515,118056811.00,1.55,-0.88,-0.46,7.13
2022-01-18,51.53,50.05,51.60,49.96,26945,137930131.00,3.17,-3.32,-1.72,8.54
2022-01-19,50.10,50.23,50.36,49.85,9378,47641937.00,1.02,0.36,0.18,2.97
2022-01-20,50.28,49.46,50.28,49.35,12975,65360837.00,1.85,-1.53,-0.77,4.11
2022-01-21,49.47,48.89,49.70,48.82,9122,45385513.00,1.78,-1.15,-0.57,2.89
2022-01-24,49.16,48.61,49.17,48.59,6342,31457406.00,1.19,-0.57,-0.28,2.01
2022-01-25,48.50,45.80,48.60,45.78,16651,78975422.00,5.80,-5.78,-2.81,5.27
2022-01-26,45.78,45.86,46.40,45.52,5154,24036947.00,1.92,0.13,0.06,1.63
2022-01-27,45.95,44.30,46.17,44.30,7579,34683677.00,4.08,-3.40,-1.56,2.40
2022-01-28,44.40,44.50,44.95,43.86,5705,25811675.00,2.46,0.45,0.20,1.81
2022-02-07,45.20,44.96,45.50,44.80,4488,20588554.00,1.57,1.03,0.46,1.42
2022-02-08,45.04,45.75,45.75,44.83,5229,24088767.00,2.05,1.76,0.79,1.66
2022-02-09,45.53,45.90,45.95,45.40,5328,24753296.00,1.20,0.33,0.15,1.69
2022-02-10,45.91,45.74,46.24,45.68,5965,27801307.00,1.22,-0.35,-0.16,1.89
2022-02-11,45.64,44.82,45.75,44.80,6954,31890714.00,2.08,-2.01,-0.92,2.20
2022-02-14,44.82,44.81,45.20,44.52,3825,17444746.00,1.52,-0.02,-0.01,1.21
2022-02-15,44.90,45.03,45.09,44.60,3819,17420118.00,1.09,0.49,0.22,1.21
2022-02-16,45.11,45.82,45.89,45.03,5915,27323182.00,1.91,1.75,0.79,1.87
2022-02-17,45.96,45.37,45.96,45.30,5666,26201047.00,1.44,-0.98,-0.45,1.79
2022-02-18,45.28,45.63,45.64,44.86,4972,22857787.00,1.72,0.57,0.26,1.58
2022-02-21,45.58,46.02,46.25,45.46,7745,36110651.00,1.73,0.85,0.39,2.45
2022-02-22,45.66,45.06,45.86,44.97,7651,35125613.00,1.93,-2.09,-0.96,2.42
2022-02-23,45.21,45.62,45.85,45.10,6768,31292811.00,1.66,1.24,0.56,2.14
2022-02-24,45.30,44.30,45.69,44.00,10131,46189965.00,3.70,-2.89,-1.32,3.21
2022-02-25,44.61,44.68,45.15,44.41,5994,27269931.00,1.67,0.86,0.38,1.90
2022-02-28,44.66,44.80,44.83,44.10,4925,22243247.00,1.63,0.27,0.12,1.56
2022-03-01,44.83,45.16,45.25,44.70,4658,21294020.00,1.23,0.80,0.36,1.48
2022-03-02,45.08,45.68,46.50,44.61,10065,46640985.00,4.19,1.15,0.52,3.19
2022-03-03,45.56,45.77,46.15,45.30,7574,35166223.00,1.86,0.20,0.09,2.40
2022-03-04,45.73,47.70,48.03,45.69,29064,138925420.00,5.11,4.22,1.93,9.21
2022-03-07,46.72,46.02,47.30,45.76,17812,83536799.00,3.23,-3.52,-1.68,5.64
2022-03-08,46.01,44.32,46.02,44.31,11395,51800787.00,3.72,-3.69,-1.70,3.61
2022-03-09,44.31,42.75,44.65,41.41,9989,43905604.00,7.31,-3.54,-1.57,3.16
2022-03-10,43.62,43.70,44.29,43.32,7843,34964555.00,2.27,2.22,0.95,2.48
2022-03-11,43.31,45.55,46.88,42.64,14346,65335010.00,9.70,4.23,1.85,4.54
2022-03-14,45.11,44.78,46.68,44.72,12437,57960690.00,4.30,-1.69,-0.77,3.94
2022-03-15,44.10,42.48,45.27,42.40,11179,49870785.00,6.41,-5.14,-2.30,3.54
2022-03-16,42.63,42.52,43.80,40.60,13142,55985726.00,7.53,0.09,0.04,4.16
2022-03-17,42.65,42.80,44.11,42.61,9561,42060002.00,3.53,0.66,0.28,3.03
2022-03-18,42.92,43.10,43.27,42.43,5479,23915632.00,1.96,0.70,0.30,1.74
2022-03-21,43.16,44.10,44.25,43.16,10041,44704238.00,2.53,2.32,1.00,3.18
2022-03-22,43.80,43.43,44.10,43.18,7087,31312702.00,2.09,-1.52,-0.67,2.24
2022-03-23,43.52,43.29,43.75,43.23,5275,23290288.00,1.20,-0.32,-0.14,1.67
2022-03-24,43.20,43.68,44.13,43.20,9634,42868819.00,2.15,0.90,0.39,3.05
2022-03-25,43.52,44.06,44.73,42.90,12874,57241452.00,4.19,0.87,0.38,4.08
2022-03-28,43.50,43.00,43.83,42.80,6564,28761870.00,2.34,-2.41,-1.06,2.08
2022-03-29,42.93,41.69,43.29,41.60,7046,30374638.00,3.93,-3.05,-1.31,2.23
2022-03-30,41.79,41.98,42.08,41.33,4458,18947551.00,1.80,0.70,0.29,1.41
2022-03-31,41.81,42.40,42.79,41.51,7126,30535755.00,3.05,1.00,0.42,2.26
2022-04-01,42.30,42.42,43.30,41.78,6833,29527388.00,3.58,0.05,0.02,2.16
2022-04-06,42.30,42.41,42.73,42.02,4386,18908862.00,1.67,-0.02,-0.01,1.39
2022-04-07,42.31,41.26,42.36,41.23,5522,23410754.00,2.66,-2.71,-1.15,1.75
2022-04-08,41.50,40.74,41.50,40.60,4836,20081945.00,2.18,-1.26,-0.52,1.53
2022-04-11,40.70,38.90,40.70,38.81,6398,25680725.00,4.64,-4.52,-1.84,2.03
2022-04-12,39.03,39.16,39.23,38.38,3056,12081830.00,2.19,0.67,0.26,0.97
2022-04-13,39.05,38.22,39.15,38.21,3812,14917873.00,2.40,-2.40,-0.94,1.21
2022-04-14,38.25,38.45,38.65,38.22,2999,11741253.00,1.13,0.60,0.23,0.95
2022-04-15,38.36,37.37,38.37,37.33,4855,18600058.00,2.70,-2.81,-1.08,1.54
2022-04-18,37.31,37.76,38.46,36.58,4633,17661501.00,5.03,1.04,0.39,1.47
2022-04-19,37.76,37.51,38.14,37.36,2819,10833481.00,2.07,-0.66,-0.25,0.89
2022-04-20,37.55,37.53,38.20,37.41,3470,13357765.00,2.11,0.05,0.02,1.10
2022-04-21,37.33,36.68,37.90,36.61,3911,14844236.00,3.44,-2.26,-0.85,1.24
2022-04-22,36.85,38.25,38.98,36.30,8698,33513598.00,7.31,4.28,1.57,2.76
2022-04-25,37.30,35.53,38.06,35.50,8600,32303040.00,6.69,-7.11,-2.72,2.72
2022-04-26,35.49,32.68,35.76,32.32,8711,30515140.00,9.68,-8.02,-2.85,2.82
2022-04-27,32.50,33.06,33.38,30.30,8359,27328263.00,9.42,1.16,0.38,2.71
2022-04-28,32.60,31.28,33.08,31.22,5856,19078684.00,5.63,-5.38,-1.78,1.90
2022-04-29,30.43,31.99,32.18,30.40,8736,28072889.00,5.69,2.27,0.71,2.83
2022-05-05,31.58,32.78,33.68,31.50,8822,29516586.00,6.81,2.47,0.79,2.85
2022-05-06,32.28,32.30,33.00,31.93,4890,16240141.00,3.26,-1.46,-0.48,1.58
2022-05-09,32.36,32.68,33.04,32.36,6041,20243004.00,2.11,1.18,0.38,1.95
2022-05-10,32.20,32.70,32.82,30.06,17598,57223296.00,8.45,0.06,0.02,5.39
2022-05-11,32.68,32.67,33.66,32.52,12814,43331394.00,3.49,-0.09,-0.03,3.92
2022-05-12,32.31,32.92,32.98,32.01,7857,26197801.00,2.97,0.77,0.25,2.41
2022-05-13,32.92,32.56,33.38,32.30,6898,23058854.00,3.28,-1.09,-0.36,2.11
2022-05-16,32.63,32.38,33.23,32.06,6728,22403291.00,3.59,-0.55,-0.18,2.06
2022-05-17,32.38,31.86,32.38,31.38,6328,20548282.00,3.09,-1.61,-0.52,1.94
2022-05-18,31.85,32.15,32.60,31.76,5968,19710349.00,2.64,0.91,0.29,1.83
2022-05-19,31.86,32.07,32.15,31.76,4759,15545945.00,1.21,-0.25,-0.08,1.46
2022-05-20,32.00,32.57,32.69,31.86,5804,19255956.00,2.59,1.56,0.50,1.78
2022-05-23,32.75,33.27,33.67,32.53,9346,31725572.00,3.50,2.15,0.70,2.86
2022-05-24,33.25,31.46,33.30,31.45,10222,33787441.00,5.56,-5.44,-1.81,3.13
2022-05-25,31.36,31.83,31.96,31.36,5128,16576529.00,1.91,1.18,0.37,1.57
2022-05-26,31.88,32.05,32.07,31.22,5968,19307559.00,2.67,0.69,0.22,1.83
2022-05-27,32.05,32.69,32.91,32.05,7582,25232939.00,2.68,2.00,0.64,2.32
2022-05-30,32.80,32.69,33.09,32.37,5205,17344038.00,2.20,0.00,0.00,1.59
2022-05-31,32.65,32.85,32.89,32.02,7093,23572592.00,2.66,0.49,0.16,2.17
2022-06-01,32.82,33.27,33.41,32.68,8020,27169078.00,2.22,1.28,0.42,2.46
2022-06-02,33.36,33.64,33.67,32.93,7618,25974613.00,2.22,1.11,0.37,2.33
2022-06-06,33.64,34.25,34.28,33.33,8305,28898325.00,2.82,1.81,0.61,2.54
2022-06-07,34.30,33.83,34.34,33.64,7505,25448153.00,2.04,-1.23,-0.42,2.30
2022-06-08,34.00,33.50,34.10,33.00,7149,23956214.00,3.25,-0.98,-0.33,2.19
2022-06-09,33.66,32.86,33.66,32.81,5864,19425459.00,2.54,-1.91,-0.64,1.80
2022-06-10,32.70,33.17,33.33,32.65,5000,16564015.00,2.07,0.94,0.31,1.53
2022-06-13,33.01,33.40,33.87,32.85,5037,16791868.00,3.08,0.69,0.23,1.54
2022-06-14,33.08,32.76,33.26,32.03,6580,21429365.00,3.68,-1.92,-0.64,2.01
2022-06-15,32.72,33.11,33.50,32.72,5660,18784911.00,2.38,1.07,0.35,1.73
2022-06-16,33.80,33.39,33.80,33.19,6323,21141602.00,1.84,0.85,0.28,1.94
2022-06-17,33.29,33.38,33.61,32.62,6185,20474221.00,2.96,-0.03,-0.01,1.89
2022-06-20,33.38,33.77,33.90,33.38,6810,22965215.00,1.56,1.17,0.39,2.09
2022-06-21,33.81,33.69,34.19,33.38,7785,26328831.00,2.40,-0.24,-0.08,2.38
2022-06-22,33.65,33.10,33.83,33.03,5992,20012042.00,2.37,-1.75,-0.59,1.83
2022-06-23,33.10,33.48,33.52,32.81,4729,15718697.00,2.15,1.15,0.38,1.45
2022-06-24,33.70,33.84,33.95,33.46,5945,20072271.00,1.46,1.08,0.36,1.82
2022-06-27,33.88,33.89,34.10,33.75,5996,20339101.00,1.03,0.15,0.05,1.84
2022-06-28,33.89,34.38,34.60,33.50,8998,30732855.00,3.25,1.45,0.49,2.76
2022-06-29,34.14,33.71,34.56,33.67,8693,29631639.00,2.59,-1.95,-0.67,2.66
2022-06-30,33.78,33.89,34.30,33.58,6958,23610971.00,2.14,0.53,0.18,2.13
2022-07-01,33.89,33.91,34.15,33.70,5078,17225048.00,1.33,0.06,0.02,1.55
2022-07-04,33.88,34.73,34.94,33.85,14108,48732615.00,3.21,2.42,0.82,4.32
2022-07-05,34.54,34.10,34.90,33.60,10570,36168176.00,3.74,-1.81,-0.63,3.24
2022-07-06,33.94,33.60,34.10,33.46,6331,21318021.00,1.88,-1.47,-0.50,1.94
2022-07-07,33.59,33.35,33.67,33.30,6519,21781064.00,1.10,-0.74,-0.25,2.00
2022-07-08,33.44,33.94,34.19,33.44,7816,26467237.00,2.25,1.77,0.59,2.39
2022-07-11,33.80,33.73,34.29,33.50,6893,23346340.00,2.33,-0.62,-0.21,2.11
2022-07-12,33.66,32.78,33.70,32.78,8476,28073144.00,2.73,-2.82,-0.95,2.60
2022-07-13,32.78,32.86,32.98,32.54,3532,11585311.00,1.34,0.24,0.08,1.08
2022-07-14,32.85,33.00,33.24,32.73,4689,15499301.00,1.55,0.43,0.14,1.44
2022-07-15,33.00,32.65,33.35,32.36,5828,19151744.00,3.00,-1.06,-0.35,1.78
2022-07-18,32.65,33.30,33.34,32.56,4520,14973974.00,2.39,1.99,0.65,1.38
2022-07-19,33.21,33.40,33.43,33.17,4942,16466890.00,0.78,0.30,0.10,1.51
2022-07-20,33.39,33.93,33.94,33.39,6986,23581050.00,1.65,1.59,0.53,2.14
2022-07-21,33.98,33.88,34.15,33.79,6205,21072411.00,1.06,-0.15,-0.05,1.90
2022-07-22,33.97,33.72,34.10,33.51,5358,18072987.00,1.74,-0.47,-0.16,1.64
2022-07-25,33.72,33.96,34.27,33.72,6153,20949838.00,1.63,0.71,0.24,1.88
2022-07-26,33.89,33.57,34.03,33.26,7096,23769072.00,2.27,-1.15,-0.39,2.17
2022-07-27,33.59,33.93,33.93,33.40,6658,22442512.00,1.58,1.07,0.36,2.04
2022-07-28,33.89,34.04,34.30,33.85,7041,23995138.00,1.33,0.32,0.11,2.16
2022-07-29,34.20,33.70,34.20,33.63,5971,20228806.00,1.67,-1.00,-0.34,1.83
2022-08-01,33.86,33.63,33.86,33.35,3535,11869208.00,1.51,-0.21,-0.07,1.08
2022-08-02,33.56,31.77,33.56,31.58,11163,35905132.00,5.89,-5.53,-1.86,3.42
2022-08-03,31.76,31.66,32.24,31.61,4780,15283615.00,1.98,-0.35,-0.11,1.46
2022-08-04,31.93,32.00,32.08,31.64,3293,10501936.00,1.39,1.07,0.34,1.01
2022-08-05,32.14,32.35,32.38,32.04,4591,14784918.00,1.06,1.09,0.35,1.41
2022-08-08,32.35,32.49,32.60,32.30,4392,14254613.00,0.93,0.43,0.14,1.34
2022-08-09,32.53,32.48,32.53,32.19,4066,13152126.00,1.05,-0.03,-0.01,1.24
2022-08-10,32.38,32.62,32.92,32.30,4248,13818328.00,1.91,0.43,0.14,1.30
2022-08-11,32.80,33.13,33.16,32.53,5607,18484679.00,1.93,1.56,0.51,1.72
2022-08-12,33.19,32.85,33.19,32.81,3255,10711796.00,1.15,-0.85,-0.28,1.00
2022-08-15,32.97,32.75,32.97,32.51,3447,11253860.00,1.40,-0.30,-0.10,1.06
2022-08-16,32.75,32.69,32.83,32.59,3052,9983905.00,0.73,-0.18,-0.06,0.93
2022-08-17,32.51,32.57,32.95,32.50,3362,10964573.00,1.38,-0.37,-0.12,1.03
2022-08-18,32.61,32.76,32.79,32.20,5230,16989519.00,1.81,0.58,0.19,1.60
2022-08-19,32.71,32.24,32.89,32.23,4781,15537726.00,2.01,-1.59,-0.52,1.46
2022-08-22,32.11,32.10,32.24,31.92,4259,13653638.00,0.99,-0.43,-0.14,1.30
2022-08-23,32.12,31.85,32.12,31.81,4183,13356841.00,0.97,-0.78,-0.25,1.28
2022-08-24,31.94,31.10,31.99,31.06,6677,20993195.00,2.92,-2.35,-0.75,2.04
2022-08-25,31.13,30.70,31.25,30.53,5298,16323427.00,2.32,-1.29,-0.40,1.62
2022-08-26,30.72,30.55,30.99,30.53,3527,10839642.00,1.50,-0.49,-0.15,1.08
2022-08-29,30.36,30.72,30.75,29.87,3371,10253279.00,2.88,0.56,0.17,1.03
2022-08-30,30.66,30.80,30.95,30.41,3895,11948680.00,1.76,0.26,0.08,1.19
2022-08-31,30.80,29.88,30.80,29.88,6027,18182885.00,2.99,-2.99,-0.92,1.85
2022-09-01,29.88,29.89,30.25,29.83,3572,10702579.00,1.41,0.03,0.01,1.09
2022-09-02,30.14,30.15,30.17,29.90,2523,7591137.00,0.90,0.87,0.26,0.77
2022-09-05,30.15,30.12,30.33,29.79,3962,11890475.00,1.79,-0.10,-0.03,1.21
2022-09-06,30.00,30.19,30.20,29.90,3278,9864395.00,1.00,0.23,0.07,1.00
2022-09-07,30.25,30.12,30.25,30.06,2894,8723582.00,0.63,-0.23,-0.07,0.89
2022-09-08,30.08,29.45,30.09,29.40,5406,16050786.00,2.29,-2.22,-0.67,1.65
2022-09-09,29.54,29.59,29.67,29.52,3328,9854059.00,0.51,0.48,0.14,1.02
2022-09-13,29.80,29.62,29.80,29.55,2916,8649719.00,0.84,0.10,0.03,0.89
2022-09-14,29.36,29.34,29.39,28.95,4030,11740837.00,1.49,-0.95,-0.28,1.23
2022-09-15,29.34,28.85,29.52,28.72,4267,12405024.00,2.73,-1.67,-0.49,1.31
2022-09-16,28.85,28.00,28.97,28.00,5600,15830965.00,3.36,-2.95,-0.85,1.71
2022-09-19,27.84,27.34,27.97,27.30,3912,10770720.00,2.39,-2.36,-0.66,1.20
2022-09-20,27.39,27.53,27.79,27.39,2374,6542445.00,1.46,0.69,0.19,0.73
2022-09-21,27.44,27.62,27.66,26.86,3584,9767300.00,2.91,0.33,0.09,1.10
2022-09-22,27.46,27.33,27.70,27.32,2264,6226176.00,1.38,-1.05,-0.29,0.69
2022-09-23,27.22,26.76,27.42,26.56,4592,12325589.00,3.15,-2.09,-0.57,1.41
2022-09-26,26.56,25.98,26.65,25.93,2330,6127349.00,2.69,-2.91,-0.78,0.71
2022-09-27,26.21,26.74,26.75,26.20,3900,10324518.00,2.12,2.93,0.76,1.19
2022-09-28,26.74,26.53,27.50,26.53,5258,14205007.00,3.63,-0.79,-0.21,1.61
2022-09-29,26.60,26.56,27.10,26.50,3462,9276106.00,2.26,0.11,0.03,1.06
2022-09-30,26.56,26.42,26.84,26.26,2313,6131382.00,2.18,-0.53,-0.14,0.71
2022-10-10,26.42,26.00,26.90,25.93,3060,8062297.00,3.67,-1.59,-0.42,0.94
2022-10-11,26.01,25.58,26.20,25.38,3058,7833939.00,3.15,-1.62,-0.42,0.94
2022-10-12,25.80,26.20,26.22,25.40,3185,8215792.00,3.21,2.42,0.62,0.98
2022-10-13,26.00,26.84,27.20,26.00,5963,15941579.00,4.58,2.44,0.64,1.77
2022-10-14,27.00,28.47,29.01,26.86,19029,53760562.00,8.01,6.07,1.63,5.65
2022-10-17,28.31,28.46,29.22,28.31,12340,35314372.00,3.20,-0.04,-0.01,3.67
2022-10-18,28.80,28.56,28.85,28.01,8838,25162074.00,2.95,0.35,0.10,2.63
2022-10-19,28.38,27.94,28.52,27.80,6564,18435568.00,2.52,-2.17,-0.62,1.95
2022-10-20,27.70,29.74,30.28,27.50,24003,70443309.00,9.95,6.44,1.80,7.13
2022-10-21,29.46,28.94,29.90,28.87,10806,31501997.00,3.46,-2.69,-0.80,3.21
2022-10-24,28.87,28.47,29.17,28.18,6561,18781271.00,3.42,-1.62,-0.47,1.95
2022-10-25,28.47,27.93,28.60,27.60,6811,19034339.00,3.51,-1.90,-0.54,2.02
2022-10-26,27.78,28.50,28.99,27.78,7838,22440171.00,4.33,2.04,0.57,2.33
2022-10-27,28.50,31.52,32.92,28.50,39645,125385429.00,15.51,10.60,3.02,11.78
2022-10-28,31.08,29.30,31.40,29.02,21055,63493794.00,7.55,-7.04,-2.22,6.26
2022-10-31,29.30,29.98,30.73,29.15,17840,53725240.00,5.39,2.32,0.68,1.87
2022-11-01,29.35,27.65,29.77,26.99,52360,145598546.00,9.27,-7.77,-2.33,5.43
2022-11-02,27.65,27.95,28.20,27.23,41066,114036118.00,3.51,1.08,0.30,4.26
2022-11-03,27.35,27.46,27.57,26.99,27494,74942460.00,2.08,-1.75,-0.49,2.85
2022-11-04,27.30,27.70,27.78,27.24,26328,72542794.00,1.97,0.87,0.24,2.73
2022-11-07,27.71,27.63,27.91,27.42,20154,55701525.00,1.77,-0.25,-0.07,2.09
2022-11-08,27.56,27.15,27.56,27.01,19468,52861380.00,1.99,-1.74,-0.48,2.02
2022-11-09,27.06,27.27,27.36,26.90,14201,38639865.00,1.69,0.44,0.12,1.47
2022-11-10,27.12,27.24,27.62,27.03,19474,53312453.00,2.16,-0.11,-0.03,2.02
2022-11-11,27.38,28.28,28.77,27.38,69095,194693353.00,5.10,3.82,1.04,7.17
2022-11-14,27.90,28.47,28.75,27.48,51934,146621961.00,4.49,0.67,0.19,5.39
2022-11-15,28.48,28.79,28.81,28.10,43073,122653470.00,2.49,1.12,0.32,4.47
2022-11-16,28.51,28.27,28.79,28.22,30586,87037396.00,1.98,-1.81,-0.52,3.17
2022-11-17,28.32,28.28,28.50,27.99,20446,57673627.00,1.80,0.04,0.01,2.12
2022-11-18,28.33,29.05,29.33,28.27,48844,141513379.00,3.75,2.72,0.77,5.06
2022-11-21,28.87,29.54,29.68,28.59,44934,131501743.00,3.75,1.69,0.49,4.66
2022-11-22,29.36,28.33,29.80,28.24,35256,101844375.00,5.28,-4.10,-1.21,3.66
2022-11-23,28.33,27.36,28.41,27.02,24688,67806850.00,4.91,-3.42,-0.97,2.56
2022-11-24,27.36,27.60,27.78,27.33,11423,31457303.00,1.64,0.88,0.24,1.18
2022-11-25,27.36,26.88,27.68,26.85,15915,43071366.00,3.01,-2.61,-0.72,1.65
2022-11-28,26.65,26.78,27.00,26.50,8391,22434836.00,1.86,-0.37,-0.10,0.87
2022-11-29,26.82,27.38,27.49,26.81,11594,31625065.00,2.54,2.24,0.60,1.20
2022-11-30,27.34,27.17,27.60,27.10,11635,31753619.00,1.83,-0.77,-0.21,1.21
2022-12-01,27.33,27.29,27.48,27.15,13788,37635068.00,1.21,0.44,0.12,1.43
2022-12-02,27.20,27.46,27.59,27.20,11385,31227329.00,1.43,0.62,0.17,1.18
2022-12-05,27.60,27.60,27.66,27.41,12366,34090577.00,0.91,0.51,0.14,1.28
2022-12-06,27.51,27.21,27.62,27.11,14312,39158279.00,1.85,-1.41,-0.39,1.48
2022-12-07,27.31,27.48,27.56,27.12,14620,40053543.00,1.62,0.99,0.27,1.52
2022-12-08,28.00,28.83,30.68,28.00,64329,189285752.00,9.75,4.91,1.35,6.67
2022-12-09,29.00,28.70,29.34,28.50,33879,98017293.00,2.91,-0.45,-0.13,3.51
2022-12-12,28.69,28.92,29.07,28.24,21562,62062402.00,2.89,0.77,0.22,2.24
2022-12-13,28.85,28.56,28.88,28.23,18728,53301518.00,2.25,-1.24,-0.36,1.94
2022-12-14,28.45,28.02,28.53,27.94,16102,45322914.00,2.07,-1.89,-0.54,1.67
2022-12-15,28.00,28.07,28.29,27.97,11154,31300023.00,1.14,0.18,0.05,1.16
2022-12-16,27.85,28.17,28.20,27.68,12016,33646386.00,1.85,0.36,0.10,1.25
2022-12-19,28.21,27.00,28.30,26.96,17208,47080019.00,4.76,-4.15,-1.17,1.78
2022-12-20,26.80,26.86,27.07,26.65,6390,17153197.00,1.56,-0.52,-0.14,0.66
2022-12-21,26.71,26.26,27.12,26.25,8305,22050300.00,3.24,-2.23,-0.60,0.86
2022-12-22,26.29,25.80,26.55,25.76,9277,24247933.00,3.01,-1.75,-0.46,0.96
2022-12-23,25.77,25.78,25.97,25.61,8826,22761450.00,1.40,-0.08,-0.02,0.92
2022-12-26,25.74,25.92,25.96,25.70,5650,14609222.00,1.01,0.54,0.14,0.59
2022-12-27,25.90,25.83,25.93,25.46,7276,18669364.00,1.81,-0.35,-0.09,0.75
2022-12-28,25.80,25.70,26.06,25.62,7650,19758024.00,1.70,-0.50,-0.13,0.79
2022-12-29,25.55,25.40,25.79,25.40,8425,21525507.00,1.52,-1.17,-0.30,0.87
2022-12-30,25.62,25.40,25.62,25.25,5391,13694990.00,1.46,0.00,0.00,0.56