MjAxNy0wMS0wMyw2LjgzLDYuOTksNy4xNSw2LjgxLDEzMjU5OCwxMDIwNDE1NTUuMDAsNC45OCwyLjM0LDAuMTYsMC44Mg==
2017-01-04,7.00,7.09,7.10,6.91,97920,75385890.00,2.72,1.43,0.10,0.60
2017-01-05,7.08,6.95,7.15,6.93,108085,83017017.00,3.10,-1.97,-0.14,0.67
2017-01-06,6.95,7.03,7.06,6.92,85222,65447911.00,2.01,1.15,0.08,0.53
2017-01-09,7.03,7.34,7.46,7.03,263034,209430898.00,6.12,4.41,0.31,1.62
2017-01-10,7.34,7.37,7.47,7.23,169079,135876005.00,3.27,0.41,0.03,1.04
2017-01-11,7.31,7.28,7.47,7.22,125478,100692565.00,3.39,-1.22,-0.09,0.77
2017-01-12,7.26,7.59,7.78,7.24,297098,245332050.00,7.42,4.26,0.31,1.83
2017-01-13,7.52,7.17,7.67,7.13,236746,191635539.00,7.11,-5.53,-0.42,1.46
2017-01-16,6.91,6.74,7.15,6.38,251981,188864571.00,10.74,-6.00,-0.43,1.55
2017-01-17,6.68,7.01,7.09,6.58,143819,109299177.00,7.57,4.01,0.27,0.89
2017-01-18,7.07,7.25,7.29,6.96,138562,109089337.00,4.71,3.42,0.24,0.86
2017-01-19,7.25,7.26,7.49,7.17,140656,113294459.00,4.41,0.14,0.01,0.87
2017-01-20,7.26,7.29,7.40,7.17,111025,88614365.00,3.17,0.41,0.03,0.69
2017-01-23,7.28,7.42,7.46,7.28,117181,94633375.00,2.47,1.78,0.13,0.72
2017-01-24,7.41,7.43,7.48,7.33,76882,62284139.00,2.02,0.13,0.01,0.47
2017-01-25,7.41,7.38,7.47,7.33,65136,52809053.00,1.88,-0.67,-0.05,0.40
2017-01-26,7.36,7.12,7.36,7.03,136802,107560519.00,4.47,-3.52,-0.26,0.84
2017-02-03,7.14,7.58,7.61,7.14,178754,145410185.00,6.60,6.46,0.46,1.10
2017-02-06,7.56,7.60,7.65,7.47,126252,104154480.00,2.37,0.26,0.02,0.78
2017-02-07,7.58,7.60,7.61,7.48,103279,84896550.00,1.71,0.00,0.00,0.64
2017-02-08,7.61,7.59,7.64,7.46,102405,84381204.00,2.37,-0.13,-0.01,0.63
2017-02-09,7.60,7.61,7.77,7.60,148682,124455326.00,2.24,0.26,0.02,0.92
2017-02-10,7.58,7.44,7.60,7.38,156432,127924321.00,2.89,-2.23,-0.17,0.97
2017-02-13,7.43,7.45,7.56,7.42,85831,70147614.00,1.88,0.13,0.01,0.53
2017-02-14,7.41,7.36,7.50,7.32,109419,88508090.00,2.42,-1.21,-0.09,0.68
2017-02-15,7.36,7.42,7.51,7.32,112407,90943760.00,2.58,0.82,0.06,0.69
2017-02-16,7.41,7.44,7.46,7.34,66311,53652114.00,1.62,0.27,0.02,0.41
2017-02-17,7.42,7.46,7.54,7.39,92148,75135025.00,2.02,0.27,0.02,0.57
2017-02-20,7.46,7.66,7.66,7.46,113096,93788625.00,2.68,2.68,0.20,0.70
2017-05-18,6.83,6.83,6.83,6.83,7912,5949824.00,0.00,-10.84,-0.83,0.05
2017-05-19,6.08,6.08,6.08,6.08,16410,11109570.00,0.00,-10.98,-0.75,0.10
2017-05-22,5.40,5.40,5.47,5.40,912429,556288352.00,1.15,-11.18,-0.68,5.63
2017-05-23,5.22,4.88,5.40,4.84,587271,339312576.00,10.37,-9.63,-0.52,3.62
2017-05-24,4.88,5.13,5.20,4.81,446134,254654619.00,7.99,5.12,0.25,2.75
2017-05-25,5.19,5.03,5.19,4.87,389965,222255853.00,6.24,-1.95,-0.10,2.41
2017-05-26,5.03,5.29,5.60,5.02,773233,464714320.00,11.53,5.17,0.26,4.77
2017-05-31,5.36,5.09,5.36,5.05,483853,284717120.00,5.86,-3.78,-0.20,2.99
2017-06-01,5.10,4.95,5.16,4.86,303735,172024995.00,5.89,-2.75,-0.14,1.87
2017-06-02,4.87,4.99,5.05,4.83,229708,130139822.00,4.44,0.81,0.04,1.42
2017-06-05,4.99,4.89,5.09,4.82,245748,138803737.00,5.41,-2.00,-0.10,1.52
2017-06-06,4.85,4.74,4.88,4.67,289258,157218505.00,4.29,-3.07,-0.15,1.78
2017-06-07,4.73,4.88,4.91,4.71,235043,129685580.00,4.22,2.95,0.14,1.45
2017-06-08,4.89,4.82,4.90,4.78,204768,113235659.00,2.46,-1.23,-0.06,1.26
2017-06-09,4.79,4.79,4.82,4.71,157930,86136139.00,2.28,-0.62,-0.03,0.97
2017-06-12,4.77,4.64,4.77,4.61,167800,90115873.00,3.34,-3.13,-0.15,1.04
2017-06-13,4.64,4.71,4.72,4.62,100849,54213753.00,2.16,1.51,0.07,0.62
2017-06-14,4.69,4.71,4.75,4.66,99601,53706699.00,1.91,0.00,0.00,0.61
2017-06-15,4.71,4.84,4.85,4.69,160520,87988492.00,3.40,2.76,0.13,0.99
2017-06-16,4.82,4.83,4.90,4.81,117590,65058556.00,1.86,-0.21,-0.01,0.73
2017-06-19,4.83,4.82,4.87,4.79,92171,50768403.00,1.66,-0.21,-0.01,0.57
2017-06-20,4.82,4.87,4.90,4.82,131814,73167830.00,1.66,1.04,0.05,0.81
2017-06-21,4.86,4.79,4.88,4.73,123318,67715951.00,3.08,-1.64,-0.08,0.76
2017-06-22,4.80,4.66,4.83,4.65,135645,73664652.00,3.76,-2.71,-0.13,0.84
2017-06-23,4.67,4.66,4.72,4.59,109240,58277976.00,2.79,0.00,0.00,0.67
2017-06-26,4.67,4.70,4.72,4.62,97589,52462778.00,2.15,0.86,0.04,0.60
2017-06-27,4.70,4.73,4.76,4.68,77598,41928252.00,1.70,0.64,0.03,0.48
2017-06-28,4.71,4.64,4.71,4.63,88433,47294361.00,1.69,-1.90,-0.09,0.55
2017-06-29,4.63,4.64,4.67,4.62,78239,41731916.00,1.08,0.00,0.00,0.48
2017-06-30,4.62,4.62,4.64,4.58,80521,42699960.00,1.29,-0.43,-0.02,0.50
2017-07-03,4.64,4.69,4.69,4.62,86199,46117929.00,1.52,1.52,0.07,0.53
2017-07-04,4.71,4.66,4.72,4.65,68030,36486720.00,1.49,-0.64,-0.03,0.42
2017-07-05,4.66,4.68,4.68,4.63,84927,45468257.00,1.07,0.43,0.02,0.52
2017-07-06,4.68,4.68,4.71,4.65,98048,52686271.00,1.28,0.00,0.00,0.61
2017-07-07,4.69,4.69,4.70,4.65,80736,43298979.00,1.07,0.21,0.01,0.50
2017-07-10,4.70,4.66,4.71,4.65,87392,46178450.00,1.28,-0.64,-0.03,0.54
2017-07-11,4.65,4.58,4.66,4.55,130221,67774326.00,2.36,-1.72,-0.08,0.80
2017-07-12,4.55,4.43,4.58,4.30,176450,88940428.00,6.11,-3.28,-0.15,1.09
2017-07-13,4.42,4.40,4.46,4.38,72743,36594921.00,1.81,-0.68,-0.03,0.45
2017-07-14,4.39,4.36,4.43,4.35,72455,36178701.00,1.82,-0.91,-0.04,0.45
2017-07-17,4.37,4.03,4.37,4.02,188979,89873612.00,8.03,-7.57,-0.33,1.17
2017-07-18,4.03,4.08,4.11,3.95,114611,53237528.00,3.97,1.24,0.05,0.71
2017-07-19,4.04,4.09,4.12,3.97,115018,53464757.00,3.68,0.25,0.01,0.71
2017-07-20,4.06,4.08,4.13,4.04,109325,51237564.00,2.20,-0.24,-0.01,0.67
2017-07-21,4.04,4.07,4.12,4.04,81748,38352432.00,1.96,-0.25,-0.01,0.50
2017-07-24,4.06,4.10,4.13,4.04,95578,44864117.00,2.21,0.74,0.03,0.59
2017-07-25,4.08,4.06,4.13,4.03,82592,38610686.00,2.44,-0.98,-0.04,0.51
2017-07-26,4.07,4.02,4.08,4.00,69548,32242579.00,1.97,-0.99,-0.04,0.43
2017-07-27,4.04,4.15,4.16,3.99,172983,81150298.00,4.23,3.23,0.13,1.07
2017-07-28,4.16,4.10,4.16,4.09,91712,43367385.00,1.69,-1.20,-0.05,0.57
2017-07-31,4.11,4.15,4.15,4.07,95602,45121510.00,1.95,1.22,0.05,0.59
2017-08-01,4.16,4.11,4.16,4.09,90795,42887780.00,1.69,-0.96,-0.04,0.56
2017-08-02,4.12,4.05,4.12,4.04,94795,44450289.00,1.95,-1.46,-0.06,0.58
2017-08-03,4.05,4.08,4.12,4.04,78471,36855587.00,1.98,0.74,0.03,0.48
2017-08-04,4.09,4.16,4.18,4.07,147242,70048011.00,2.70,1.96,0.08,0.91
2017-08-07,4.16,4.35,4.44,4.15,308266,152922948.00,6.97,4.57,0.19,1.90
2017-08-08,4.38,4.33,4.38,4.27,143205,70490824.00,2.53,-0.46,-0.02,0.88
2017-08-09,4.31,4.48,4.53,4.31,251911,127831289.00,5.08,3.46,0.15,1.55
2017-08-10,4.43,4.43,4.53,4.35,147942,74678884.00,4.02,-1.12,-0.05,0.91
2017-08-11,4.46,4.48,4.61,4.41,208821,107091335.00,4.51,1.13,0.05,1.29
2017-08-14,4.49,4.51,4.58,4.43,157529,80394072.00,3.35,0.67,0.03,0.97
2017-08-15,4.51,4.44,4.53,4.42,103083,52170537.00,2.44,-1.55,-0.07,0.64
2017-08-16,4.44,4.40,4.45,4.34,111722,56030069.00,2.48,-0.90,-0.04,0.69
2017-08-17,4.41,4.45,4.45,4.38,80317,40441675.00,1.59,1.14,0.05,0.50
2017-08-18,4.43,4.41,4.45,4.40,61086,30738642.00,1.12,-0.90,-0.04,0.38
2017-08-21,4.42,4.37,4.44,4.30,140453,69765500.00,3.17,-0.91,-0.04,0.87
2017-08-22,4.35,4.39,4.40,4.35,78375,39081507.00,1.14,0.46,0.02,0.48
2017-08-23,4.39,4.34,4.39,4.33,48827,24252410.00,1.37,-1.14,-0.05,0.30
2017-08-24,4.38,4.68,4.75,4.32,426509,221416947.00,9.91,7.83,0.34,2.63
2017-08-25,4.63,4.64,4.66,4.53,275042,143284000.00,2.78,-0.85,-0.04,1.70
2017-08-28,4.59,4.62,4.62,4.52,253267,131296189.00,2.16,-0.43,-0.02,1.56
2017-08-29,4.60,4.61,4.77,4.57,218183,115317421.00,4.33,-0.22,-0.01,1.35
2017-08-30,4.59,4.57,4.61,4.53,121402,62803026.00,1.74,-0.87,-0.04,0.75
2017-08-31,4.55,4.58,4.60,4.54,92456,47874083.00,1.31,0.22,0.01,0.57
2017-09-01,4.58,4.56,4.59,4.53,101950,52598778.00,1.31,-0.44,-0.02,0.63
2017-09-04,4.58,4.54,4.58,4.51,113020,58198252.00,1.54,-0.44,-0.02,0.70
2017-09-05,4.54,4.60,4.63,4.52,123343,64047968.00,2.42,1.32,0.06,0.76
2017-09-06,4.60,4.55,4.60,4.50,113866,58577750.00,2.17,-1.09,-0.05,0.70
2017-09-07,4.55,4.54,4.59,4.52,104624,54039158.00,1.54,-0.22,-0.01,0.65
2017-09-08,4.56,4.53,4.56,4.50,65175,33486247.00,1.32,-0.22,-0.01,0.40
2017-09-11,4.52,4.55,4.55,4.49,65082,33437106.00,1.32,0.44,0.02,0.40
2017-09-12,4.55,4.50,4.56,4.49,80460,41287137.00,1.54,-1.10,-0.05,0.50
2017-09-13,4.53,4.56,4.64,4.51,142629,74099008.00,2.89,1.33,0.06,0.88
2017-09-14,4.56,4.53,4.58,4.51,81968,42176514.00,1.54,-0.66,-0.03,0.51
2017-09-15,4.52,4.54,4.55,4.50,57998,29784816.00,1.10,0.22,0.01,0.36
2017-09-18,4.56,4.55,4.57,4.53,50386,25982663.00,0.88,0.22,0.01,0.31
2017-09-19,4.57,4.52,4.57,4.49,80075,41078730.00,1.76,-0.66,-0.03,0.49
2017-09-20,4.51,4.52,4.53,4.48,56776,29012276.00,1.11,0.00,0.00,0.35
2017-09-21,4.51,4.45,4.51,4.44,56356,28692346.00,1.55,-1.55,-0.07,0.35
2017-09-22,4.47,4.44,4.48,4.43,45071,22792645.00,1.12,-0.22,-0.01,0.28
2017-09-25,4.40,4.34,4.44,4.32,83451,41657962.00,2.70,-2.25,-0.10,0.51
2017-09-26,4.33,4.28,4.36,4.24,65793,32297609.00,2.76,-1.38,-0.06,0.41
2017-09-27,4.28,4.30,4.31,4.26,44908,21988327.00,1.17,0.47,0.02,0.28
2017-09-28,4.29,4.26,4.30,4.26,32817,16035616.00,0.93,-0.93,-0.04,0.20
2017-09-29,4.25,4.33,4.35,4.25,45479,22390187.00,2.35,1.64,0.07,0.28
2017-10-09,4.36,4.36,4.42,4.32,70560,35030753.00,2.31,0.69,0.03,0.44
2017-10-10,4.36,4.37,4.37,4.31,67971,33592679.00,1.38,0.23,0.01,0.42
2017-10-11,4.35,4.38,4.40,4.35,69653,34753820.00,1.14,0.23,0.01,0.43
2017-10-12,4.38,4.38,4.42,4.36,52516,26226766.00,1.37,0.00,0.00,0.32
2017-10-13,4.38,4.57,4.60,4.36,223485,114502655.00,5.48,4.34,0.19,1.38
2017-10-16,4.58,4.41,4.58,4.40,151938,77132545.00,3.94,-3.50,-0.16,0.94
2017-10-17,4.42,4.38,4.42,4.34,63406,31607871.00,1.81,-0.68,-0.03,0.39
2017-10-18,4.38,4.41,4.47,4.37,83640,42175825.00,2.28,0.68,0.03,0.52
2017-10-19,4.38,4.29,4.38,4.27,88502,43561689.00,2.49,-2.72,-0.12,0.55
2017-10-20,4.30,4.33,4.33,4.26,35944,17612384.00,1.63,0.93,0.04,0.22
2017-10-23,4.33,4.32,4.34,4.26,47242,23253290.00,1.85,-0.23,-0.01,0.29
2017-10-24,4.31,4.27,4.31,4.25,59979,29271971.00,1.39,-1.16,-0.05,0.37
2017-10-25,4.28,4.32,4.35,4.24,49279,24278680.00,2.58,1.17,0.05,0.30
2017-10-26,4.29,4.31,4.33,4.29,45359,22310381.00,0.93,-0.23,-0.01,0.28
2017-10-27,4.31,4.27,4.31,4.24,53062,25919845.00,1.62,-0.93,-0.04,0.33
2017-10-30,4.24,4.11,4.26,4.10,86934,41305902.00,3.75,-3.75,-0.16,0.54
2017-10-31,4.11,4.16,4.16,4.09,39987,18911146.00,1.70,1.22,0.05,0.25
2017-11-01,4.16,4.14,4.18,4.12,28210,13429543.00,1.44,-0.48,-0.02,0.17
2017-11-02,4.14,4.10,4.14,4.09,36107,17022098.00,1.21,-0.97,-0.04,0.22
2017-11-03,4.10,4.06,4.15,4.02,39409,18469852.00,3.17,-0.98,-0.04,0.24
2017-11-06,4.06,4.10,4.10,4.01,37847,17619602.00,2.22,0.99,0.04,0.23
2017-11-07,4.07,4.11,4.12,4.04,34585,16222040.00,1.95,0.24,0.01,0.21
2017-11-08,4.11,4.13,4.21,4.08,55710,26482151.00,3.16,0.49,0.02,0.34
2017-11-09,4.13,4.14,4.17,4.11,29233,13890742.00,1.45,0.24,0.01,0.18
2017-11-10,4.14,4.10,4.14,4.07,44885,21123192.00,1.69,-0.97,-0.04,0.28
2017-11-13,4.10,4.04,4.10,4.00,62734,29172791.00,2.44,-1.46,-0.06,0.39
2017-11-14,4.04,4.06,4.09,4.01,43343,20233257.00,1.98,0.50,0.02,0.27
2017-11-15,4.07,4.02,4.08,4.00,31672,14677524.00,1.97,-0.99,-0.04,0.20
2017-11-16,4.02,3.96,4.04,3.95,60020,27590990.00,2.24,-1.49,-0.06,0.37
2017-11-17,3.96,3.72,3.97,3.68,98129,43450997.00,7.32,-6.06,-0.24,0.61
2017-11-20,3.72,3.68,3.74,3.55,53941,22913328.00,5.11,-1.08,-0.04,0.33
2017-11-21,3.68,3.71,3.72,3.64,44211,19017255.00,2.17,0.82,0.03,0.27
2017-11-22,3.71,3.69,3.74,3.67,33489,14461421.00,1.89,-0.54,-0.02,0.21
2017-11-23,3.69,3.60,3.69,3.58,35364,15045725.00,2.98,-2.44,-0.09,0.22
2017-11-24,3.60,3.67,3.72,3.57,45946,19638812.00,4.17,1.94,0.07,0.28
2017-11-27,3.70,3.62,3.70,3.62,27480,11724264.00,2.18,-1.36,-0.05,0.17
2017-11-28,3.63,3.68,3.70,3.59,35368,15084999.00,3.04,1.66,0.06,0.22
2017-11-29,3.67,3.66,3.72,3.65,46097,19756234.00,1.90,-0.54,-0.02,0.28
2017-11-30,3.67,3.63,3.67,3.62,36271,15422481.00,1.37,-0.82,-0.03,0.22
2017-12-01,3.62,3.69,3.70,3.58,51609,21981398.00,3.31,1.65,0.06,0.32
2017-12-04,3.66,3.63,3.69,3.61,40311,17195003.00,2.17,-1.63,-0.06,0.25
2017-12-05,3.62,3.53,3.65,3.52,44450,18709878.00,3.58,-2.75,-0.10,0.27
2017-12-06,3.50,3.46,3.56,3.37,74975,30421949.00,5.38,-1.98,-0.07,0.46
2017-12-07,3.46,3.42,3.46,3.40,37254,15071223.00,1.73,-1.16,-0.04,0.23
2017-12-08,3.43,3.45,3.48,3.42,41332,16778582.00,1.75,0.88,0.03,0.26
2017-12-11,3.46,3.49,3.50,3.44,40907,16730252.00,1.74,1.16,0.04,0.25
2017-12-12,3.49,3.42,3.49,3.42,36424,14790675.00,2.01,-2.01,-0.07,0.22
2017-12-13,3.41,3.45,3.47,3.41,25844,10494750.00,1.75,0.88,0.03,0.16
2017-12-14,3.45,3.45,3.49,3.43,27840,11311594.00,1.74,0.00,0.00,0.17
2017-12-15,3.46,3.44,3.46,3.42,29766,12047926.00,1.16,-0.29,-0.01,0.18
2017-12-18,3.46,3.43,3.46,3.41,26567,10732167.00,1.45,-0.29,-0.01,0.16
2017-12-19,3.42,3.45,3.46,3.42,32618,13228834.00,1.17,0.58,0.02,0.20
2017-12-20,3.43,3.41,3.46,3.40,30304,12219501.00,1.74,-1.16,-0.04,0.19
2017-12-21,3.41,3.42,3.42,3.38,37868,15195965.00,1.17,0.29,0.01,0.23
2017-12-22,3.42,3.45,3.46,3.39,39976,16133809.00,2.05,0.88,0.03,0.25
2017-12-25,3.43,3.39,3.46,3.38,36573,14704691.00,2.32,-1.74,-0.06,0.23
2017-12-26,3.40,3.43,3.44,3.38,27591,11058401.00,1.77,1.18,0.04,0.17
2017-12-27,3.43,3.39,3.43,3.38,24743,9926009.00,1.46,-1.17,-0.04,0.15
2017-12-28,3.40,3.39,3.41,3.36,46772,18669854.00,1.47,0.00,0.00,0.29
2017-12-29,3.39,3.40,3.41,3.38,22423,8978113.00,0.88,0.29,0.01,0.14