2006-10-18,5.59,5.06,5.85,5.00,435362,260725976.70,29.31,74.48,2.16,77.74
2006-10-19,4.88,4.95,5.04,4.77,155238,84673046.23,5.34,-2.17,-0.11,27.72
2006-10-20,4.88,4.78,4.93,4.78,82309,44193153.41,3.03,-3.43,-0.17,14.70
2006-10-23,4.78,4.72,4.87,4.64,58312,30898321.83,4.81,-1.26,-0.06,10.41
2006-10-24,4.72,4.75,4.78,4.69,40954,21531247.19,1.91,0.64,0.03,7.31
2006-10-25,4.75,4.73,4.83,4.69,42188,22271045.00,2.95,-0.42,-0.02,7.53
2006-10-26,4.73,4.70,4.75,4.66,25537,13350488.00,1.90,-0.63,-0.03,4.56
2006-10-27,4.68,4.63,4.76,4.63,30680,15915250.00,2.77,-1.49,-0.07,5.48
2006-10-30,4.64,4.48,4.67,4.44,51179,25624301.00,4.97,-3.24,-0.15,9.14
2006-10-31,4.48,4.50,4.53,4.45,27679,13799365.00,1.79,0.45,0.02,4.94
2006-11-01,4.50,4.50,4.54,4.44,26395,13144147.24,2.22,0.00,0.00,4.71
2006-11-02,4.50,4.63,4.65,4.44,52981,26800080.73,4.67,2.89,0.13,9.46
2006-11-03,4.63,4.59,4.63,4.56,22985,11721155.03,1.51,-0.86,-0.04,4.10
2006-11-06,4.55,4.50,4.57,4.49,25879,12996339.89,1.74,-1.96,-0.09,4.62
2006-11-07,4.50,4.65,4.67,4.47,58218,29805034.34,4.44,3.33,0.15,10.40
2006-11-08,4.66,4.57,4.67,4.55,23643,12079741.50,2.58,-1.72,-0.08,4.22
2006-11-09,4.55,4.69,4.75,4.55,41360,21489871.54,4.38,2.63,0.12,7.39
2006-11-10,4.69,4.57,4.69,4.53,26900,13766982.56,3.41,-2.56,-0.12,4.80
2006-11-13,4.55,4.55,4.60,4.39,30995,15509556.09,4.60,-0.44,-0.02,5.53
2006-11-14,4.51,4.55,4.56,4.45,14352,7192164.15,2.42,0.00,0.00,2.56
2006-11-15,4.52,4.58,4.59,4.46,20296,10238343.40,2.86,0.66,0.03,3.62
2006-11-16,4.57,4.55,4.61,4.51,22562,11405776.19,2.18,-0.66,-0.03,4.03
2006-11-17,4.53,4.55,4.59,4.48,14402,7264102.00,2.42,0.00,0.00,2.57
2006-11-20,4.55,4.47,4.55,4.44,18866,9388128.76,2.42,-1.76,-0.08,3.37
2006-11-21,4.48,4.63,4.68,4.43,50942,26065105.40,5.59,3.58,0.16,9.10
2006-11-22,4.60,4.61,4.65,4.54,27910,14250776.21,2.38,-0.43,-0.02,4.98
2006-11-23,4.59,4.74,4.74,4.57,54943,28550823.83,3.69,2.82,0.13,9.81
2006-11-24,4.75,4.67,4.75,4.65,33732,17505121.85,2.11,-1.48,-0.07,6.02
2006-11-27,4.66,4.70,4.72,4.62,25108,13021454.51,2.14,0.64,0.03,4.48
2006-11-28,4.70,4.62,4.70,4.59,25306,13036005.04,2.34,-1.70,-0.08,4.52
2006-11-29,4.59,4.60,4.63,4.54,20151,10255029.40,1.95,-0.43,-0.02,3.60
2006-11-30,4.60,4.64,4.65,4.57,23639,12129938.27,1.74,0.87,0.04,4.22
2006-12-01,4.61,4.59,4.64,4.55,31857,16214567.74,1.94,-1.08,-0.05,5.69
2006-12-04,4.59,4.70,4.70,4.55,46469,23967776.58,3.27,2.40,0.11,8.30
2006-12-05,4.70,4.68,4.73,4.64,45160,23517672.11,1.91,-0.43,-0.02,8.06
2006-12-06,4.68,4.95,5.06,4.65,157192,85176403.55,8.76,5.77,0.27,28.07
2006-12-07,4.94,4.88,5.22,4.86,115962,64855242.27,7.27,-1.41,-0.07,20.71
2006-12-08,4.82,4.71,4.92,4.69,52147,27790229.55,4.71,-3.48,-0.17,9.31
2006-12-11,4.70,4.84,4.84,4.68,28359,15035812.86,3.40,2.76,0.13,5.06
2006-12-12,4.84,4.75,4.85,4.68,28557,15063240.70,3.51,-1.86,-0.09,5.10
2006-12-13,4.75,4.76,4.80,4.69,20188,10648937.79,2.32,0.21,0.01,3.60
2006-12-14,4.75,4.82,4.84,4.72,21049,11194633.80,2.52,1.26,0.06,3.76
2006-12-15,4.85,4.79,4.85,4.77,22696,12089210.97,1.66,-0.62,-0.03,4.05
2006-12-18,4.82,4.76,4.82,4.74,28499,15044960.80,1.67,-0.63,-0.03,5.09
2006-12-19,4.77,4.84,4.84,4.72,28851,15320127.66,2.52,1.68,0.08,5.15
2006-12-20,4.82,4.89,4.97,4.80,40218,21878967.89,3.51,1.03,0.05,7.18
2006-12-21,4.90,4.78,4.94,4.78,31378,16886043.41,3.27,-2.25,-0.11,5.60
2006-12-22,4.78,4.71,4.79,4.68,29232,15327026.02,2.30,-1.46,-0.07,5.22
2006-12-25,4.71,4.71,4.76,4.66,23509,12327910.57,2.12,0.00,0.00,4.20
2006-12-26,4.71,4.58,4.73,4.55,27639,14156837.65,3.82,-2.76,-0.13,4.94
2006-12-27,4.55,4.55,4.61,4.55,16649,8466868.10,1.31,-0.66,-0.03,2.97
2006-12-28,4.56,4.47,4.62,4.45,20632,10369906.50,3.74,-1.76,-0.08,3.68
2006-12-29,4.49,4.55,4.57,4.49,19931,10023227.61,1.79,1.79,0.08,3.56