2014-01-02,4.37,4.46,4.49,4.35,39129,17536800.00,3.20,2.06,0.09,1.28
2014-01-03,4.45,4.55,4.61,4.41,76106,34976374.00,4.48,2.02,0.09,2.49
2014-01-06,4.55,4.52,4.64,4.48,89662,41514257.00,3.52,-0.66,-0.03,2.93
2014-01-07,4.53,4.58,4.62,4.47,61767,28418971.00,3.32,1.33,0.06,2.02
2014-01-08,4.59,4.54,4.59,4.50,38639,17738076.00,1.97,-0.87,-0.04,1.26
2014-01-09,4.54,4.36,4.54,4.33,57514,25827608.00,4.63,-3.96,-0.18,1.88
2014-01-10,4.34,4.34,4.38,4.28,26210,11437989.00,2.29,-0.46,-0.02,0.86
2014-01-13,4.34,4.33,4.39,4.28,21492,9416080.00,2.53,-0.23,-0.01,0.70
2014-01-14,4.33,4.39,4.39,4.30,21458,9448654.00,2.08,1.39,0.06,0.70
2014-01-15,4.38,4.34,4.38,4.31,20446,8969570.00,1.59,-1.14,-0.05,0.67
2014-01-16,4.35,4.42,4.42,4.32,35823,15864596.00,2.30,1.84,0.08,1.17
2014-01-17,4.42,4.30,4.42,4.29,33843,14784114.00,2.94,-2.71,-0.12,1.11
2014-01-20,4.30,4.34,4.40,4.25,37631,16383497.00,3.49,0.93,0.04,1.23
2014-01-21,4.35,4.37,4.40,4.30,31489,13852162.00,2.30,0.69,0.03,1.03
2014-01-22,4.37,4.47,4.50,4.34,51681,23089735.00,3.66,2.29,0.10,1.69
2014-01-23,4.44,4.46,4.50,4.42,37336,16850872.00,1.79,-0.22,-0.01,1.22
2014-01-24,4.45,4.48,4.53,4.40,49197,22286471.00,2.91,0.45,0.02,1.61
2014-01-27,4.46,4.50,4.54,4.42,40439,18342301.00,2.68,0.45,0.02,1.32
2014-01-28,4.48,4.45,4.50,4.40,31488,14156661.00,2.22,-1.11,-0.05,1.03
2014-01-29,4.45,4.50,4.53,4.42,24744,11229010.00,2.47,1.12,0.05,0.81
2014-01-30,4.50,4.46,4.53,4.44,22521,10210251.00,2.00,-0.89,-0.04,0.74
2014-02-07,4.45,4.52,4.52,4.40,26698,12077739.00,2.69,1.35,0.06,0.87
2014-02-10,4.55,4.64,4.65,4.52,75514,35073103.00,2.88,2.65,0.12,2.47
2014-02-11,4.64,4.61,4.65,4.54,52693,24523550.00,2.37,-0.65,-0.03,1.72
2014-02-12,4.61,4.70,4.72,4.55,98536,46381226.00,3.69,1.95,0.09,3.22
2014-02-13,4.68,4.59,4.74,4.58,75158,35477787.00,3.40,-2.34,-0.11,2.46
2014-02-14,4.60,4.72,4.72,4.58,73866,34732927.00,3.05,2.83,0.13,2.42
2014-02-17,4.75,4.83,4.89,4.68,112407,54559695.00,4.45,2.33,0.11,3.68
2014-02-18,4.84,4.80,4.85,4.75,80665,39092123.00,2.07,-0.62,-0.03,2.64
2014-02-19,4.80,4.79,4.82,4.74,65257,31542142.00,1.67,-0.21,-0.01,2.13
2014-02-20,4.78,4.65,4.79,4.64,81695,38735756.00,3.13,-2.92,-0.14,2.67
2014-02-21,4.64,4.65,4.68,4.58,48622,22761534.00,2.15,0.00,0.00,1.59
2014-02-24,4.62,4.59,4.63,4.51,52508,24180925.00,2.58,-1.29,-0.06,1.72
2014-02-25,4.59,4.43,4.66,4.34,63774,29286837.00,6.97,-3.49,-0.16,2.09
2014-02-26,4.40,4.48,4.60,4.35,50181,22408871.00,5.64,1.13,0.05,1.64
2014-02-27,4.46,4.40,4.51,4.39,41890,18838032.00,2.68,-1.79,-0.08,1.37
2014-02-28,4.37,4.46,4.48,4.35,32463,14447796.00,2.95,1.36,0.06,1.06
2014-03-03,4.43,4.51,4.52,4.41,47942,21763376.00,2.47,1.12,0.05,1.57
2014-03-04,4.50,4.55,4.55,4.46,30097,13701434.00,2.00,0.89,0.04,0.98
2014-03-05,4.55,4.54,4.60,4.53,36582,16849695.00,1.54,-0.22,-0.01,1.20
2014-03-06,4.54,4.51,4.55,4.45,33613,15304082.00,2.20,-0.66,-0.03,1.10
2014-03-07,4.51,4.50,4.56,4.46,36707,16713702.00,2.22,-0.22,-0.01,1.20
2014-03-10,4.47,4.49,4.53,4.36,56111,25077873.00,3.78,-0.22,-0.01,1.84
2014-03-11,4.48,4.69,4.69,4.40,148790,68239314.00,6.46,4.45,0.20,4.87
2014-03-12,4.65,4.70,4.71,4.58,83880,39419735.00,2.77,0.21,0.01,2.74
2014-03-13,4.69,4.65,4.71,4.62,45138,21239805.00,1.91,-1.06,-0.05,1.48
2014-03-14,4.65,4.74,4.82,4.61,122023,58430756.00,4.52,1.94,0.09,3.99
2014-03-17,4.75,4.76,4.79,4.70,79675,38110878.00,1.90,0.42,0.02,2.61
2014-03-18,4.75,4.63,4.76,4.62,88847,42079821.00,2.94,-2.73,-0.13,2.91
2014-03-19,4.62,4.82,4.87,4.61,149335,72140212.00,5.62,4.10,0.19,4.88
2014-03-20,4.80,4.65,4.84,4.65,107431,51683237.00,3.94,-3.53,-0.17,3.51
2014-03-21,4.61,4.74,4.77,4.55,87902,41425960.00,4.73,1.94,0.09,2.88
2014-03-24,4.72,4.74,4.80,4.68,74067,35500940.00,2.53,0.00,0.00,2.42
2014-03-25,4.74,4.86,4.89,4.72,118797,57570351.00,3.59,2.53,0.12,3.89
2014-03-26,4.85,4.80,4.85,4.77,57072,27684669.00,1.65,-1.23,-0.06,1.87
2014-03-27,4.80,4.65,4.82,4.65,73947,35282035.00,3.54,-3.13,-0.15,2.42
2014-03-28,4.67,4.51,4.67,4.49,79936,36845129.00,3.87,-3.01,-0.14,2.61
2014-03-31,4.52,4.49,4.55,4.46,31031,14145755.00,2.00,-0.44,-0.02,1.01
2014-04-01,4.50,4.56,4.56,4.49,30585,14022364.00,1.56,1.56,0.07,1.00
2014-04-02,4.57,4.54,4.58,4.50,43082,19799354.00,1.75,-0.44,-0.02,1.41
2014-04-03,4.54,4.54,4.56,4.48,36641,16721640.00,1.76,0.00,0.00,1.20
2014-04-04,4.53,4.60,4.61,4.50,34672,16003198.00,2.42,1.32,0.06,1.13
2014-04-08,4.59,4.65,4.67,4.56,51996,24334927.00,2.39,1.09,0.05,1.70
2014-04-09,4.65,4.67,4.72,4.62,35084,16533008.00,2.15,0.43,0.02,1.15
2014-04-10,4.67,4.63,4.69,4.63,41228,19418904.00,1.28,-0.86,-0.04,1.35
2014-04-15,4.71,4.65,4.75,4.60,68332,32227221.00,3.24,0.43,0.02,2.24
2014-04-16,4.65,4.70,4.71,4.60,46280,21757554.00,2.37,1.08,0.05,1.51
2014-04-17,4.69,4.66,4.72,4.66,31520,14924675.00,1.28,-0.85,-0.04,1.03
2014-04-18,4.65,4.64,4.67,4.61,24844,11634212.00,1.29,-0.43,-0.02,0.81
2014-04-21,4.62,4.52,4.64,4.51,32315,14966755.00,2.80,-2.59,-0.12,1.06
2014-04-22,4.50,4.56,4.56,4.49,28991,13282093.00,1.55,0.88,0.04,0.95
2014-04-23,4.54,4.52,4.56,4.51,23138,10601499.00,1.10,-0.88,-0.04,0.76
2014-04-24,4.53,4.50,4.54,4.49,19857,9063091.00,1.11,-0.44,-0.02,0.65
2014-04-25,4.50,4.39,4.53,4.39,31036,13974930.00,3.11,-2.44,-0.11,1.02
2014-04-28,4.39,4.38,4.46,4.34,29551,13110622.00,2.73,-0.23,-0.01,0.97
2014-04-29,4.38,4.43,4.43,4.36,16876,7500740.00,1.60,1.14,0.05,0.55
2014-04-30,4.43,4.50,4.52,4.41,22636,10231053.00,2.48,1.58,0.07,0.74
2014-05-05,4.49,4.58,4.62,4.47,43204,19930452.00,3.33,1.78,0.08,1.41
2014-05-06,4.59,4.55,4.61,4.52,23973,11058002.00,1.97,-0.66,-0.03,0.78
2014-05-07,4.53,4.52,4.55,4.50,17817,8150009.00,1.10,-0.66,-0.03,0.58
2014-05-08,4.51,4.53,4.58,4.50,24147,11096249.00,1.77,0.22,0.01,0.79
2014-05-09,4.52,4.44,4.56,4.43,29778,13444203.00,2.87,-1.99,-0.09,0.97
2014-05-12,4.47,4.62,4.63,4.45,58283,26841295.00,4.05,4.05,0.18,1.91
2014-05-13,4.60,4.65,4.68,4.59,58807,27610418.00,1.95,0.65,0.03,1.92
2014-05-14,4.65,4.60,4.65,4.58,22913,10673128.00,1.51,-1.08,-0.05,0.75
2014-05-15,4.60,4.64,4.68,4.58,36410,17032443.00,2.17,0.87,0.04,1.19
2014-05-16,4.62,4.74,4.79,4.55,102988,48961753.00,5.17,2.16,0.10,3.37
2014-05-19,4.70,4.67,4.78,4.59,82172,39048308.00,4.01,-1.48,-0.07,2.69
2014-05-20,4.69,4.80,4.80,4.63,107182,51326519.00,3.64,2.78,0.13,3.51
2014-05-21,4.80,4.77,4.82,4.73,86472,41725677.00,1.88,-0.63,-0.03,2.83
2014-05-22,4.77,4.70,4.80,4.68,71266,34052238.00,2.52,-1.47,-0.07,2.33
2014-05-23,4.69,4.73,4.74,4.63,61151,28950237.00,2.34,0.64,0.03,2.00
2014-05-26,4.74,4.72,4.75,4.68,42495,20239668.00,1.48,-0.21,-0.01,1.39
2014-05-27,4.71,4.83,4.89,4.67,128871,62496346.00,4.66,2.33,0.11,4.22
2014-05-28,4.82,4.82,4.86,4.76,107652,52363331.00,2.07,-0.21,-0.01,3.52
2014-05-29,4.80,4.70,4.82,4.70,65445,31419735.00,2.49,-2.49,-0.12,2.14
2014-05-30,4.69,4.68,4.74,4.64,45654,21595159.00,2.13,-0.43,-0.02,1.49
2014-06-03,4.68,4.69,4.76,4.64,43400,20663236.00,2.56,0.21,0.01,1.42
2014-06-04,4.70,4.82,4.85,4.67,183952,89132622.00,3.84,2.77,0.13,6.02
2014-06-05,4.78,4.83,4.89,4.77,126398,61678864.00,2.49,0.21,0.01,4.13
2014-06-06,4.90,4.88,4.98,4.81,171054,84712407.00,3.52,1.04,0.05,5.59
2014-06-09,4.88,4.96,5.07,4.84,192050,96989509.00,4.71,1.64,0.08,6.28
2014-06-10,4.95,4.99,5.00,4.88,102867,51362787.00,2.42,0.60,0.03,3.36
2014-06-11,4.95,4.94,4.97,4.86,110436,54757549.00,2.20,-1.00,-0.05,3.61
2014-06-12,4.90,4.89,4.95,4.86,66462,32911128.00,1.82,-1.01,-0.05,2.17
2014-06-13,4.87,4.91,4.97,4.87,74093,36877111.00,2.04,0.41,0.02,2.42
2014-06-16,4.89,5.04,5.05,4.85,114081,56886253.00,4.07,2.65,0.13,3.73
2014-06-17,5.15,4.90,5.15,4.90,154885,78471084.00,4.96,-2.78,-0.14,5.07
2014-06-18,4.85,4.93,4.95,4.83,89572,44162414.00,2.45,0.61,0.03,2.93
2014-06-19,4.97,4.97,5.10,4.87,157729,79532194.00,4.67,0.81,0.04,5.16
2014-06-20,4.96,4.93,4.97,4.86,69650,34506705.00,2.21,-0.80,-0.04,2.28
2014-06-23,4.93,4.98,5.02,4.89,70769,35472331.00,2.64,1.01,0.05,2.31
2014-06-24,4.98,5.01,5.03,4.90,70650,35504243.00,2.61,0.60,0.03,2.31
2014-06-25,5.00,5.04,5.09,4.98,93661,47617378.00,2.20,0.60,0.03,3.06
2014-06-26,5.02,5.00,5.08,4.98,91168,46305042.00,1.98,-0.79,-0.04,2.98
2014-06-27,5.01,5.00,5.07,4.95,92180,46595357.00,2.40,0.00,0.00,3.02
2014-06-30,5.01,4.97,5.08,4.96,93653,47366639.00,2.40,-0.60,-0.03,3.06
2014-07-01,4.97,4.92,5.00,4.90,105878,52790685.00,2.01,-1.01,-0.05,3.46
2014-07-02,4.90,4.99,4.99,4.89,81408,40635577.00,2.03,1.42,0.07,2.66
2014-07-03,4.99,4.98,5.03,4.92,84491,42409464.00,2.20,-0.20,-0.01,2.76
2014-07-04,4.98,4.94,4.99,4.91,58071,28995909.00,1.61,-0.80,-0.04,1.90
2014-07-07,4.96,4.96,4.97,4.90,48911,24399283.00,1.42,0.40,0.02,1.60
2014-07-08,4.96,5.06,5.09,4.91,140696,71452378.00,3.63,2.02,0.10,4.60
2014-07-09,5.06,4.92,5.08,4.92,100041,50654870.00,3.16,-2.77,-0.14,3.27
2014-07-10,4.92,5.23,5.41,4.90,304967,159859701.00,10.37,6.30,0.31,9.98
2014-07-11,5.25,5.29,5.37,5.19,169342,90043934.00,3.44,1.15,0.06,5.54
2014-07-14,5.28,5.38,5.42,5.20,152169,81769577.00,4.16,1.70,0.09,4.98
2014-07-15,5.37,5.31,5.39,5.24,98628,52940343.00,2.79,-1.30,-0.07,3.23
2014-07-16,5.28,5.18,5.35,5.17,112075,59275534.00,3.39,-2.45,-0.13,3.67
2014-07-17,5.15,5.20,5.28,5.14,84080,44169239.00,2.70,0.39,0.02,2.75
2014-07-18,5.20,5.16,5.28,5.15,62405,32827520.00,2.50,-0.77,-0.04,2.04
2014-07-21,5.18,5.19,5.20,5.11,44642,23256941.00,1.74,0.58,0.03,1.46
2014-07-22,5.20,5.22,5.30,5.17,66083,34946840.00,2.50,0.58,0.03,2.16
2014-07-23,5.23,5.11,5.25,5.07,75582,39295611.00,3.45,-2.11,-0.11,2.47
2014-07-24,5.08,5.06,5.13,4.96,85048,43287393.00,3.33,-0.98,-0.05,2.78
2014-07-25,5.06,5.09,5.11,5.02,51630,26508868.00,1.78,0.59,0.03,1.69
2014-07-28,5.11,5.14,5.17,5.09,72298,37494318.00,1.57,0.98,0.05,2.36
2014-07-29,5.14,5.16,5.21,5.14,64196,33570895.00,1.36,0.39,0.02,2.10
2014-07-30,5.15,5.24,5.24,5.10,84526,44176531.00,2.71,1.55,0.08,2.76
2014-07-31,5.23,5.26,5.31,5.20,73020,38700487.00,2.10,0.38,0.02,2.39
2014-08-01,5.24,5.13,5.28,5.12,75808,39840306.00,3.04,-2.47,-0.13,2.48
2014-08-04,5.11,5.22,5.23,5.10,73170,38258067.00,2.53,1.75,0.09,2.39
2014-08-05,5.22,5.42,5.45,5.18,142606,76481599.00,5.17,3.83,0.20,4.66
2014-08-06,5.37,5.75,5.97,5.35,374425,217107764.00,11.44,6.09,0.33,12.25
2014-08-07,5.72,5.77,6.04,5.67,359533,212355986.00,6.43,0.35,0.02,11.76
2014-08-08,5.68,5.71,5.79,5.58,146253,83787002.00,3.64,-1.04,-0.06,4.78
2014-08-11,5.66,5.77,5.82,5.65,127622,73721088.00,2.98,1.05,0.06,4.17
2014-08-12,5.78,5.90,5.97,5.77,196465,116565587.00,3.47,2.25,0.13,6.43
2014-08-13,5.90,5.79,5.95,5.72,137744,80673851.00,3.90,-1.86,-0.11,4.51
2014-08-14,5.75,5.74,5.83,5.72,90295,52642623.00,1.90,-0.86,-0.05,2.95
2014-08-15,5.74,5.78,5.80,5.68,83003,48159555.00,2.09,0.70,0.04,2.71
2014-08-18,5.78,5.86,5.90,5.77,112362,66089552.00,2.25,1.38,0.08,3.68
2014-08-19,5.86,5.89,5.99,5.81,140408,83670921.00,3.07,0.51,0.03,4.59
2014-08-20,5.89,5.86,5.96,5.83,89124,52950629.00,2.21,-0.51,-0.03,2.92
2014-08-21,5.85,6.02,6.02,5.82,144121,86217785.00,3.41,2.73,0.16,4.71
2014-08-22,6.06,5.96,6.20,5.94,164025,100106976.00,4.32,-1.00,-0.06,5.37
2014-08-25,5.93,5.78,5.99,5.78,118844,70203706.00,3.52,-3.02,-0.18,3.89
2014-08-26,5.78,5.65,5.83,5.63,99062,57191760.00,3.46,-2.25,-0.13,3.24
2014-08-27,5.65,5.74,5.75,5.60,57774,33134998.00,2.65,1.59,0.09,1.89
2014-08-28,5.74,5.79,5.84,5.70,71816,41901514.00,2.44,0.87,0.05,2.35
2014-08-29,5.79,5.82,5.84,5.72,50042,29220276.00,2.07,0.52,0.03,1.64
2014-09-01,5.84,5.88,5.93,5.82,70943,42101944.00,1.89,1.03,0.06,2.32
2014-09-02,5.90,6.03,6.06,5.88,114326,69179878.00,3.06,2.55,0.15,3.74
2014-09-03,6.08,6.04,6.09,5.98,102213,62226153.00,1.82,0.17,0.01,3.34
2014-09-04,6.04,6.06,6.08,6.00,86023,52346604.00,1.32,0.33,0.02,2.81
2014-09-05,6.08,6.09,6.14,6.00,72065,44115262.00,2.31,0.50,0.03,2.36
2014-09-09,6.11,6.05,6.15,6.05,91356,55995407.00,1.64,-0.66,-0.04,2.99
2014-09-10,6.06,6.07,6.09,5.97,95625,58156849.00,1.98,0.33,0.02,3.13
2014-09-11,6.07,6.36,6.44,6.03,211660,132781435.00,6.75,4.78,0.29,6.92
2014-09-12,6.33,6.49,6.60,6.28,222022,144723019.00,5.03,2.04,0.13,7.26
2014-09-15,6.51,6.80,6.93,6.44,209158,141612016.00,7.55,4.78,0.31,6.84
2014-09-16,6.80,6.60,6.84,6.54,169693,114213623.00,4.41,-2.94,-0.20,5.55
2014-09-17,6.53,6.70,6.79,6.46,135097,90319290.00,5.00,1.52,0.10,4.42
2014-09-18,6.70,6.69,6.76,6.56,85838,57607621.00,2.99,-0.15,-0.01,2.81
2014-09-19,6.70,6.69,6.73,6.56,80358,53841300.00,2.54,0.00,0.00,2.63
2014-09-22,6.67,6.59,6.69,6.57,87784,58495415.00,1.79,-1.49,-0.10,2.87
2014-09-23,6.58,7.22,7.24,6.51,202475,141642191.00,11.08,9.56,0.63,6.62
2014-09-24,7.15,7.24,7.33,7.06,126877,91870746.00,3.74,0.28,0.02,4.15
2014-09-25,7.23,7.14,7.31,7.12,100421,72735629.00,2.62,-1.38,-0.10,3.28
2014-09-26,7.14,7.43,7.77,7.10,162553,122493178.00,9.38,4.06,0.29,5.32
2014-09-29,7.47,7.65,7.69,7.46,123410,94441973.00,3.10,2.96,0.22,4.04
2014-09-30,7.66,7.94,8.10,7.65,184594,147858281.00,5.88,3.79,0.29,6.04
2014-10-08,7.95,8.74,8.74,7.85,229325,194091875.00,11.21,10.08,0.80,7.50
2014-10-09,8.86,8.59,8.93,8.33,339931,294380704.00,6.86,-1.72,-0.15,11.12
2014-10-10,8.45,8.53,8.82,8.34,153236,132393018.00,5.59,-0.70,-0.06,5.01
2014-10-13,8.45,8.19,8.49,7.97,157165,129650719.00,6.10,-3.99,-0.34,5.14
2014-10-14,8.23,8.35,8.56,8.13,129989,109145885.00,5.25,1.95,0.16,4.25
2014-10-15,8.36,8.09,8.38,7.93,151548,123448989.00,5.39,-3.11,-0.26,4.96
2014-10-16,8.05,7.75,8.07,7.73,120245,95784328.00,4.20,-4.20,-0.34,3.93
2014-10-17,7.74,7.97,8.03,7.56,135449,106127698.00,6.06,2.84,0.22,4.43
2014-10-20,7.91,8.03,8.08,7.81,79665,63919239.00,3.39,0.75,0.06,2.61
2014-10-21,8.04,7.98,8.15,7.97,61019,49398413.00,2.24,-0.62,-0.05,2.00
2014-10-22,7.95,7.67,8.03,7.62,73835,57954256.00,5.14,-3.88,-0.31,2.42
2014-10-23,7.63,7.38,7.63,7.30,101665,75913455.00,4.30,-3.78,-0.29,3.33
2014-10-24,7.36,7.40,7.56,7.34,54032,40470232.00,2.98,0.27,0.02,1.77
2014-10-27,7.39,7.48,7.53,7.15,66562,49195792.00,5.14,1.08,0.08,2.18
2014-10-28,7.54,7.81,7.89,7.51,100888,77938274.00,5.08,4.41,0.33,3.30
2014-10-29,7.91,7.86,7.97,7.75,113904,90367026.00,2.82,0.64,0.05,3.73
2014-10-30,7.85,7.75,7.91,7.75,72879,57405087.00,2.04,-1.40,-0.11,2.38
2014-10-31,7.75,7.50,7.84,7.40,107607,81950689.00,5.68,-3.23,-0.25,3.52
2014-11-03,7.50,7.60,7.68,7.48,75468,57601527.00,2.67,1.33,0.10,2.47
2014-11-04,7.61,7.48,7.63,7.44,78397,59178827.00,2.50,-1.58,-0.12,2.56
2014-11-05,7.43,7.44,7.55,7.39,48303,36328584.00,2.14,-0.53,-0.04,1.58
2014-11-06,7.45,7.58,7.58,7.34,75051,56368138.00,3.23,1.88,0.14,2.45
2014-11-07,7.59,7.44,7.70,7.41,86476,66018500.00,3.83,-1.85,-0.14,2.83
2014-11-10,7.45,7.41,7.52,7.16,94482,69603517.00,4.84,-0.40,-0.03,3.09
2014-11-11,7.36,6.96,7.42,6.87,138997,99238477.00,7.42,-6.07,-0.45,4.55
2014-11-12,6.92,7.05,7.09,6.91,53977,38260499.00,2.59,1.29,0.09,1.77
2014-11-13,7.05,6.82,7.05,6.79,84597,58731702.00,3.69,-3.26,-0.23,2.77
2014-11-14,6.75,6.88,6.94,6.73,49561,34268595.00,3.08,0.88,0.06,1.62
2014-11-17,6.93,7.13,7.18,6.82,67423,47939781.00,5.23,3.63,0.25,2.21
2014-11-18,7.13,7.18,7.23,7.02,52351,37562476.00,2.95,0.70,0.05,1.71
2014-11-19,7.18,7.33,7.48,7.13,91780,68084697.00,4.87,2.09,0.15,3.00
2014-11-20,7.28,7.46,7.70,7.28,107239,80676756.00,5.73,1.77,0.13,3.51
2014-11-21,7.41,7.44,7.50,7.35,56497,42223995.00,2.01,-0.27,-0.02,1.85
2014-11-24,7.56,7.56,7.70,7.38,101376,77183273.00,4.30,1.61,0.12,3.32
2014-11-25,7.56,7.67,7.68,7.47,96295,73703337.00,2.78,1.46,0.11,3.15
2014-11-26,7.70,7.88,7.95,7.64,117147,92455297.00,4.04,2.74,0.21,3.83
2014-11-27,7.91,8.22,8.27,7.91,184538,150584069.00,4.57,4.31,0.34,6.04
2014-11-28,8.27,8.09,8.30,8.01,120869,98754497.00,3.53,-1.58,-0.13,3.95
2014-12-01,8.10,7.91,8.14,7.80,105068,84076156.00,4.20,-2.22,-0.18,3.44
2014-12-02,7.91,7.93,8.11,7.85,80071,64435277.00,3.29,0.25,0.02,2.62
2014-12-03,7.95,7.76,7.96,7.59,142262,110632698.00,4.67,-2.14,-0.17,4.65
2014-12-04,7.76,7.84,7.98,7.67,105700,83320336.00,3.99,1.03,0.08,3.46
2014-12-05,7.84,7.36,7.84,7.06,158443,119280317.00,9.95,-6.12,-0.48,5.18
2014-12-08,7.25,7.34,7.45,7.18,91467,67697964.00,3.67,-0.27,-0.02,2.99
2014-12-09,7.24,7.01,7.33,6.97,113507,81335125.00,4.90,-4.50,-0.33,3.71
2014-12-10,7.01,7.21,7.24,6.96,62637,45126282.00,3.99,2.85,0.20,2.05
2014-12-11,7.21,7.45,7.45,7.11,81881,60396311.00,4.72,3.33,0.24,2.68
2014-12-12,7.45,7.53,7.59,7.38,61797,46637334.00,2.82,1.07,0.08,2.02
2014-12-15,7.55,7.64,7.69,7.45,71111,54503330.00,3.19,1.46,0.11,2.33
2014-12-16,7.64,7.47,7.70,7.40,83032,62666307.00,3.93,-2.23,-0.17,2.72
2014-12-17,7.45,7.27,7.45,7.20,74486,54727072.00,3.35,-2.68,-0.20,2.44
2014-12-18,7.27,7.23,7.35,7.20,49086,35804091.00,2.06,-0.55,-0.04,1.61
2014-12-19,7.24,7.17,7.27,7.04,54956,39422503.00,3.18,-0.83,-0.06,1.80
2014-12-22,7.13,6.86,7.13,6.70,81303,56445998.00,6.00,-4.32,-0.31,2.66
2014-12-23,6.92,6.85,7.00,6.75,45513,31278338.00,3.64,-0.15,-0.01,1.49
2014-12-24,6.95,7.05,7.08,6.85,40956,28816097.00,3.36,2.92,0.20,1.34
2014-12-25,7.04,7.14,7.20,7.00,38908,27898420.00,2.84,1.28,0.09,1.27
2014-12-26,7.15,7.10,7.21,7.08,38036,27337383.00,1.82,-0.56,-0.04,1.24
2014-12-29,7.07,6.86,7.07,6.83,50720,35201939.00,3.38,-3.38,-0.24,1.66
2014-12-30,6.86,6.73,6.87,6.73,35345,24080615.00,2.04,-1.90,-0.13,1.16
2014-12-31,6.73,6.80,6.82,6.68,27262,18564040.00,2.08,1.04,0.07,0.87