MjAxMC0wMS0wNCw1LjAwLDQuOTAsNS4wNSw0LjkwLDQ1OTUzLDQ2NDI2NDc5LjAwLDMuMDEsLTEuODAsLTAuMDksMS42Ng==
2010-01-05,4.90,4.77,4.92,4.63,97782,95434843.00,5.92,-2.65,-0.13,3.53
2010-01-06,4.76,4.74,4.85,4.68,53018,52053558.00,3.56,-0.63,-0.03,1.91
2010-01-07,4.76,4.70,4.81,4.64,56802,55378134.00,3.59,-0.84,-0.04,2.05
2010-01-08,4.69,4.84,4.85,4.67,47785,46803787.00,3.83,2.98,0.14,1.72
2010-01-11,4.90,4.72,4.93,4.68,57386,56128426.00,5.17,-2.48,-0.12,2.07
2010-01-12,4.70,4.82,4.84,4.62,58108,56836925.00,4.66,2.12,0.10,2.10
2010-01-13,4.69,4.73,4.84,4.64,55800,54605271.00,4.15,-1.87,-0.09,2.01
2010-01-14,4.76,4.86,4.87,4.65,71972,70855350.00,4.65,2.75,0.13,2.60
2010-01-15,4.86,4.95,5.01,4.86,88723,89637690.00,3.09,1.85,0.09,3.20
2010-01-18,4.97,5.09,5.09,4.92,84944,86868484.00,3.43,2.83,0.14,3.06
2010-01-19,5.13,5.01,5.13,4.96,92720,94628753.00,3.34,-1.57,-0.08,3.34
2010-01-20,5.02,4.74,5.06,4.70,77860,77544344.00,7.19,-5.39,-0.27,2.81
2010-01-21,4.76,5.11,5.14,4.76,127339,129240182.00,8.02,7.81,0.37,4.59
2010-01-22,5.05,5.07,5.24,4.89,138472,142206645.00,6.85,-0.78,-0.04,5.00
2010-01-25,4.96,4.90,5.07,4.88,56983,57697922.00,3.75,-3.35,-0.17,2.06
2010-01-26,4.89,4.47,4.92,4.37,70109,66923783.00,11.22,-8.78,-0.43,2.53
2010-01-27,4.46,4.35,4.54,4.30,35487,32839827.00,5.37,-2.68,-0.12,1.28
2010-01-28,4.30,4.38,4.42,4.28,27098,24852817.00,3.22,0.69,0.03,0.98
2010-01-29,4.35,4.36,4.45,4.30,32284,29787370.00,3.42,-0.46,-0.02,1.16
2010-02-01,4.33,4.27,4.33,4.11,39509,35333165.00,5.05,-2.06,-0.09,1.43
2010-02-02,4.28,4.17,4.34,4.17,27439,24885779.00,3.98,-2.34,-0.10,0.99
2010-02-04,4.31,4.57,4.75,4.29,113515,107442578.00,11.03,9.59,0.40,4.10
2010-02-05,4.37,4.39,4.44,4.25,53062,48752472.00,4.16,-3.94,-0.18,1.91
2010-02-08,4.31,4.49,4.59,4.31,46090,43384532.00,6.38,2.28,0.10,1.66
2010-02-09,4.45,4.53,4.59,4.42,27978,26282510.00,3.79,0.89,0.04,1.01
2010-02-10,4.56,4.52,4.58,4.45,18984,17850695.00,2.87,-0.22,-0.01,0.68
2010-02-11,4.53,4.51,4.57,4.49,21818,20583591.00,1.77,-0.22,-0.01,0.79
2010-02-12,4.56,4.57,4.57,4.50,24839,23501082.00,1.55,1.33,0.06,0.90
2010-02-22,4.55,4.49,4.55,4.47,24495,23070650.00,1.75,-1.75,-0.08,0.88
2010-02-23,4.49,4.43,4.51,4.32,31230,28874404.00,4.23,-1.34,-0.06,1.13
2010-02-24,4.42,4.55,4.55,4.36,39917,37480545.00,4.29,2.71,0.12,1.44
2010-02-25,4.56,4.73,4.75,4.55,84319,81520127.00,4.40,3.96,0.18,3.04
2010-02-26,4.73,4.73,4.75,4.63,79229,76799890.00,2.54,0.00,0.00,2.86
2010-03-01,4.88,4.85,4.94,4.79,97920,97316790.00,3.17,2.54,0.12,3.53
2010-03-02,4.86,4.96,4.97,4.80,89861,89951151.00,3.51,2.27,0.11,3.24
2010-03-03,4.96,4.98,5.01,4.88,65201,65763663.00,2.62,0.40,0.02,2.35
2010-03-04,4.96,4.77,5.03,4.73,80517,80440914.00,6.02,-4.22,-0.21,2.90
2010-03-05,4.79,4.98,5.05,4.74,98329,98833744.00,6.50,4.40,0.21,3.55
2010-03-08,4.98,5.22,5.32,4.96,179443,187224472.00,7.23,4.82,0.24,6.47
2010-03-09,5.19,5.18,5.38,5.05,151236,159107298.00,6.32,-0.77,-0.04,5.46
2010-03-10,5.23,5.01,5.24,4.97,100381,103263873.00,5.21,-3.28,-0.17,3.62
2010-03-11,5.01,4.97,5.08,4.88,62894,63612384.00,3.99,-0.80,-0.04,2.27
2010-03-12,4.98,4.92,5.05,4.89,50549,51171708.00,3.22,-1.01,-0.05,1.82
2010-03-15,4.92,4.98,4.98,4.84,38395,38655620.00,2.85,1.22,0.06,1.39
2010-03-16,4.98,5.25,5.31,4.98,137116,143077066.00,6.63,5.42,0.27,4.95
2010-03-17,5.24,5.31,5.31,5.15,125756,132815555.00,3.05,1.14,0.06,4.54
2010-03-18,5.34,5.39,5.51,5.26,170031,182524301.00,4.71,1.51,0.08,6.13
2010-03-19,5.39,5.40,5.48,5.28,104643,112458634.00,3.71,0.19,0.01,3.77
2010-03-22,5.38,5.37,5.42,5.26,75995,81164371.00,2.96,-0.56,-0.03,2.74
2010-03-23,5.28,5.25,5.35,5.20,68764,72745348.00,2.79,-2.23,-0.12,2.48
2010-03-24,5.26,5.28,5.31,5.24,57002,60385330.00,1.33,0.57,0.03,2.06
2010-03-25,5.25,5.23,5.36,5.22,67025,71085263.00,2.65,-0.95,-0.05,2.42
2010-03-26,5.23,5.43,5.50,5.16,133831,144066548.00,6.50,3.82,0.20,4.83
2010-03-29,5.45,5.47,5.51,5.36,101135,109599623.00,2.76,0.74,0.04,3.65
2010-03-30,5.44,5.56,5.58,5.42,100752,110740937.00,2.93,1.65,0.09,3.63
2010-03-31,5.56,5.44,5.58,5.42,83605,91219042.00,2.88,-2.16,-0.12,3.02
2010-04-01,5.46,5.55,5.56,5.41,94814,103781015.00,2.76,2.02,0.11,3.42
2010-04-02,5.59,5.52,5.60,5.49,83941,92267220.00,1.98,-0.54,-0.03,3.03
2010-04-06,5.54,5.41,5.58,5.33,97247,105192345.00,4.53,-1.99,-0.11,3.51
2010-04-07,5.41,5.30,5.41,5.24,84307,89746186.00,3.14,-2.03,-0.11,3.04
2010-04-08,5.27,5.31,5.35,5.25,63833,67810910.00,1.89,0.19,0.01,2.30
2010-04-09,5.33,5.37,5.40,5.25,57735,61709264.00,2.82,1.13,0.06,2.08
2010-04-12,5.34,5.11,5.37,5.07,110017,114858994.00,5.59,-4.84,-0.26,3.97
2010-04-13,5.10,5.15,5.20,4.99,75146,77693556.00,4.11,0.78,0.04,2.71
2010-04-14,5.15,5.17,5.18,5.09,47386,49146501.00,1.75,0.39,0.02,1.71
2010-04-16,5.06,5.03,5.11,4.93,50564,51543072.00,3.48,-2.71,-0.14,1.82
2010-04-19,4.96,4.42,4.96,4.40,96258,92885853.00,11.13,-12.13,-0.61,3.47
2010-04-20,4.41,4.33,4.46,4.24,70805,64537363.00,4.98,-2.04,-0.09,2.55
2010-04-21,4.30,4.46,4.48,4.30,56872,52589852.00,4.16,3.00,0.13,2.05
2010-04-22,4.42,4.32,4.42,4.28,54002,49391157.00,3.14,-3.14,-0.14,1.95
2010-04-23,4.32,4.34,4.39,4.29,38955,35651287.00,2.31,0.46,0.02,1.41
2010-04-26,4.36,4.34,4.38,4.29,27732,25366769.00,2.07,0.00,0.00,1.00
2010-04-27,4.34,4.08,4.34,3.95,55627,48813961.00,8.99,-5.99,-0.26,2.01
2010-04-28,4.01,4.02,4.12,3.96,32163,27945124.00,3.92,-1.47,-0.06,1.16
2010-04-29,4.06,4.04,4.19,4.03,41447,36604533.00,3.98,0.50,0.02,1.50
2010-04-30,4.02,4.05,4.13,3.95,37223,32318079.00,4.46,0.25,0.01,1.34
2010-05-04,3.98,3.76,4.05,3.71,42019,35487708.00,8.40,-7.16,-0.29,1.52
2010-05-05,3.76,3.90,3.93,3.59,49005,40477250.00,9.04,3.72,0.14,1.77
2010-05-06,3.98,3.63,3.98,3.42,23482,17546853.00,14.36,-6.92,-0.27,0.77
2010-05-07,3.46,3.56,3.64,3.45,34338,24705733.00,5.23,-1.93,-0.07,1.13
2010-05-10,3.57,3.63,3.65,3.46,28243,20387056.00,5.34,1.97,0.07,0.93
2010-05-11,3.71,3.53,3.75,3.51,32052,23273589.00,6.61,-2.75,-0.10,1.05
2010-05-12,3.51,3.57,3.63,3.44,29270,21011087.00,5.38,1.13,0.04,0.96
2010-05-13,3.60,3.63,3.63,3.51,34292,24783859.00,3.36,1.68,0.06,1.12
2010-05-14,3.60,3.50,3.60,3.48,31951,22855995.00,3.31,-3.58,-0.13,1.05
2010-12-07,4.01,4.01,4.01,4.01,6902,5397317.00,0.00,14.57,0.51,0.16
2010-12-08,4.57,4.57,4.57,4.57,6756,5810246.00,0.00,13.97,0.56,0.16
2010-12-09,5.19,4.49,5.19,4.49,367429,328584970.00,15.32,-1.75,-0.08,8.56
2010-12-10,4.26,4.14,4.26,4.06,168999,135351403.00,4.45,-7.80,-0.35,3.94
2010-12-13,4.16,4.18,4.21,4.07,115285,92525840.00,3.38,0.97,0.04,2.69
2010-12-14,4.16,4.13,4.16,4.08,104090,82818256.00,1.91,-1.20,-0.05,2.42
2010-12-15,4.11,4.03,4.15,4.00,78411,61962977.00,3.63,-2.42,-0.10,1.83
2010-12-16,4.01,4.04,4.13,4.00,55517,43842678.00,3.23,0.25,0.01,1.29
2010-12-17,4.03,4.05,4.09,4.00,40152,31549393.00,2.23,0.25,0.01,0.94
2010-12-20,4.05,3.88,4.09,3.82,63239,48798307.00,6.67,-4.20,-0.17,1.47
2010-12-21,3.90,4.09,4.12,3.88,76099,59713488.00,6.19,5.41,0.21,1.77
2010-12-22,4.07,3.98,4.13,3.96,60145,47289380.00,4.16,-2.69,-0.11,1.40
2010-12-24,3.93,3.90,4.06,3.86,44578,34439420.00,5.03,-2.01,-0.08,1.04
2010-12-27,3.85,3.63,3.93,3.61,54018,40654329.00,8.21,-6.92,-0.27,1.26
2010-12-28,3.59,3.55,3.68,3.52,31486,22775866.00,4.41,-2.20,-0.08,0.73
2010-12-29,3.57,3.60,3.62,3.52,23893,17206346.00,2.82,1.41,0.05,0.56
2010-12-30,3.60,3.51,3.60,3.44,48185,34202682.00,4.44,-2.50,-0.09,1.12
2010-12-31,3.49,3.59,3.60,3.47,34236,24488691.00,3.70,2.28,0.08,0.80