2020-01-02,10.50,10.45,10.59,10.28,35653,51945757.00,2.97,0.00,0.00,1.78
2020-01-03,10.42,10.36,10.44,10.33,20203,29416413.00,1.05,-0.86,-0.09,1.01
2020-01-06,10.33,10.49,10.67,10.26,31164,45810610.00,3.96,1.25,0.13,1.56
2020-01-07,10.50,10.77,10.77,10.49,33598,50214743.00,2.67,2.67,0.28,1.68
2020-01-08,10.66,10.55,10.70,10.49,25623,38083317.00,1.95,-2.04,-0.22,1.28
2020-01-09,10.59,10.76,10.79,10.59,23875,35701746.00,1.90,1.99,0.21,1.19
2020-01-10,10.82,10.79,10.83,10.66,26822,40364333.00,1.58,0.28,0.03,1.34
2020-01-13,10.79,10.83,10.89,10.66,19373,29209108.00,2.13,0.37,0.04,0.97
2020-01-14,10.86,11.13,11.23,10.77,45081,69719128.00,4.25,2.77,0.30,2.25
2020-01-15,11.13,11.13,11.29,10.96,33518,51819793.00,2.96,0.00,0.00,1.68
2020-01-16,11.23,11.33,11.36,11.03,33798,52911222.00,2.96,1.80,0.20,1.69
2020-01-17,11.23,10.96,11.34,10.53,84616,129109149.00,7.15,-3.27,-0.37,4.23
2020-01-20,10.90,10.93,10.96,10.69,28982,43955312.00,2.46,-0.27,-0.03,1.45
2020-01-21,11.05,11.06,11.28,10.96,47722,74121305.00,2.93,1.19,0.13,2.39
2020-01-22,11.06,10.83,11.11,10.67,30949,46864791.00,3.98,-2.08,-0.23,1.55
2020-01-23,11.00,11.35,11.76,10.83,87624,138468855.00,8.59,4.80,0.52,4.38
2020-02-03,12.16,11.55,12.45,10.14,129649,213178805.00,20.35,1.76,0.20,6.48
2020-02-04,11.69,12.34,12.37,10.94,125248,206590061.00,12.38,6.84,0.79,6.26
2020-02-05,12.11,13.16,13.43,11.94,138304,242073185.00,12.07,6.65,0.82,6.92
2020-02-06,13.02,12.86,13.61,12.76,152689,278302032.00,6.46,-2.28,-0.30,7.63
2020-02-07,12.86,12.13,13.11,11.90,105531,182264502.00,9.41,-5.68,-0.73,5.28
2020-02-10,12.46,12.32,12.86,12.03,83604,144191608.00,6.84,1.57,0.19,4.18
2020-02-11,12.37,11.93,12.39,11.60,71549,118012157.00,6.41,-3.17,-0.39,3.58
2020-02-12,11.88,11.93,12.04,11.65,41651,68671860.00,3.27,0.00,0.00,2.08
2020-02-13,11.85,11.61,11.86,11.56,41200,66830290.00,2.51,-2.68,-0.32,2.06
2020-02-14,11.54,11.41,11.76,11.33,36774,59034890.00,3.70,-1.72,-0.20,1.84
2020-02-17,11.40,11.67,11.71,11.40,37300,60400241.00,2.72,2.28,0.26,1.86
2020-02-18,11.64,11.80,11.90,11.60,33023,54187053.00,2.57,1.11,0.13,1.65
2020-02-19,11.84,11.45,11.84,11.42,41449,66818022.00,3.56,-2.97,-0.35,2.07
2020-02-20,11.40,11.49,11.53,11.25,32382,51376898.00,2.45,0.35,0.04,1.62
2020-02-21,11.49,11.54,11.57,11.34,29307,46840686.00,2.00,0.44,0.05,1.47
2020-02-24,11.63,11.98,12.05,11.62,70158,116074234.00,3.73,3.81,0.44,3.51
2020-02-25,11.82,12.15,12.35,11.70,75485,126491984.00,5.43,1.42,0.17,3.77
2020-02-26,12.09,11.80,12.37,11.79,49677,83022931.00,4.77,-2.88,-0.35,2.48
2020-02-27,11.83,11.44,11.86,11.41,36516,58628825.00,3.81,-3.05,-0.36,1.83
2020-02-28,11.17,11.06,11.53,11.02,32925,51540126.00,4.46,-3.32,-0.38,1.65
2020-03-02,11.11,11.40,11.46,11.04,24378,38467924.00,3.80,3.07,0.34,1.22
2020-03-03,11.53,11.61,11.75,11.46,38344,61973826.00,2.54,1.84,0.21,1.92
2020-03-04,11.58,11.49,11.58,11.34,23395,37330200.00,2.07,-1.03,-0.12,1.17
2020-03-05,11.54,11.70,11.79,11.54,33116,53862879.00,2.18,1.83,0.21,1.66
2020-03-06,11.86,12.06,12.07,11.73,50214,83622258.00,2.91,3.08,0.36,2.51
2020-03-09,12.59,12.97,13.29,12.26,156930,279267104.00,8.54,7.55,0.91,7.85
2020-03-10,12.46,12.28,12.60,11.63,81170,136839697.00,7.48,-5.32,-0.69,4.06
2020-03-11,12.30,12.70,13.21,12.09,100476,176734695.00,9.12,3.42,0.42,5.02
2020-03-12,13.09,12.93,13.36,12.56,106517,191246144.00,6.30,1.81,0.23,5.33
2020-03-13,12.23,12.09,12.86,11.86,95641,162512733.00,7.73,-6.50,-0.84,4.78
2020-03-16,12.32,11.76,12.81,11.71,88132,151621603.00,9.10,-2.73,-0.33,4.41
2020-03-17,11.82,11.39,12.13,10.87,63875,103199882.00,10.71,-3.15,-0.37,3.19
2020-03-18,11.40,10.93,11.59,10.91,47003,73866790.00,5.97,-4.04,-0.46,2.35
2020-03-19,11.04,10.45,11.04,10.23,42533,62682728.00,7.41,-4.39,-0.48,2.13
2020-03-20,10.47,11.27,11.55,10.47,69150,107677051.00,10.33,7.85,0.82,3.46
2020-03-23,11.40,11.14,11.69,11.09,46405,73654992.00,5.32,-1.15,-0.13,2.32
2020-03-24,11.26,11.41,11.42,10.76,38624,60440675.00,5.92,2.42,0.27,1.93
2020-03-25,11.59,11.94,12.09,11.26,56792,91952953.00,7.27,4.65,0.53,2.84
2020-03-26,11.98,12.93,13.11,11.80,134003,235030694.00,10.97,8.29,0.99,6.70
2020-03-27,13.02,12.96,13.35,12.64,109840,196681510.00,5.49,0.23,0.03,5.49
2020-03-30,13.15,12.94,13.61,12.79,101441,184892556.00,6.33,-0.15,-0.02,5.07
2020-03-31,13.00,12.78,13.06,12.37,75311,132637381.00,5.33,-1.24,-0.16,3.77
2020-04-01,12.63,12.73,13.10,12.42,61295,108291440.00,5.32,-0.39,-0.05,3.06
2020-04-02,12.86,12.56,12.86,12.29,57218,99233420.00,4.48,-1.34,-0.17,2.86
2020-04-03,12.51,13.90,13.90,12.51,131258,245683528.00,11.07,10.67,1.34,6.56
2020-04-07,14.71,15.38,15.38,14.44,175726,362212544.00,6.76,10.65,1.48,8.79
2020-04-08,15.71,14.78,16.72,14.59,217901,463356480.00,13.85,-3.90,-0.60,10.90
2020-04-09,14.79,15.44,15.59,14.19,176703,363561664.00,9.47,4.47,0.66,8.84
2020-04-10,14.96,14.40,15.35,14.25,137297,279324560.00,7.12,-6.74,-1.04,6.86
2020-04-13,14.62,15.07,15.52,14.39,108833,224716948.00,7.85,4.65,0.67,5.44
2020-04-14,15.02,15.36,15.59,14.32,123816,256805726.00,8.43,1.92,0.29,6.19
2020-04-15,15.23,16.09,16.62,15.18,152697,331302432.00,9.38,4.75,0.73,7.63
2020-04-16,15.67,15.39,15.81,15.09,117888,250092229.00,4.47,-4.35,-0.70,5.89
2020-04-17,15.19,14.57,15.42,14.53,96376,195277165.00,5.78,-5.33,-0.82,4.82
2020-04-20,14.56,14.68,14.86,14.13,66534,133481862.00,5.01,0.75,0.11,3.33
2020-04-21,14.59,14.33,14.78,14.19,61298,121666048.00,4.02,-2.38,-0.35,3.06
2020-04-22,14.25,14.29,14.43,13.99,50464,98733441.00,3.07,-0.28,-0.04,2.52
2020-04-23,14.71,14.44,14.93,14.41,69526,139969646.00,3.64,1.05,0.15,3.48
2020-04-24,14.37,13.44,14.38,13.42,66257,125844418.00,6.65,-6.93,-1.00,3.31
2020-04-27,13.56,13.23,13.59,13.07,44304,81732241.00,3.87,-1.56,-0.21,2.22
2020-04-28,13.26,12.95,13.39,12.30,46266,82276130.00,8.24,-2.12,-0.28,2.31
2020-04-29,11.83,12.09,12.36,11.83,84016,140415434.00,4.09,-6.64,-0.86,4.20
2020-04-30,12.09,11.78,12.09,11.63,62740,103455303.00,3.80,-2.56,-0.31,3.14
2020-05-06,11.66,12.02,12.03,11.49,48688,80161978.00,4.58,2.04,0.24,2.43
2020-05-07,11.89,11.86,12.07,11.77,37660,62348936.00,2.50,-1.33,-0.16,1.88
2020-05-08,11.89,11.93,11.99,11.71,34977,57784373.00,2.36,0.59,0.07,1.75
2020-05-11,12.02,11.74,12.06,11.56,44375,72536094.00,4.19,-1.59,-0.19,2.22
2020-05-12,11.74,11.63,12.00,11.59,41155,67480098.00,3.49,-0.94,-0.11,2.06
2020-05-13,11.70,11.99,12.06,11.50,55871,92168140.00,4.82,3.10,0.36,2.79
2020-05-14,11.99,11.76,12.02,11.66,37369,61333933.00,3.00,-1.92,-0.23,1.87
2020-05-15,11.71,11.61,11.79,11.57,23444,37989106.00,1.87,-1.28,-0.15,1.17
2020-05-18,11.68,11.48,11.74,11.45,29006,46749572.00,2.50,-1.12,-0.13,1.45
2020-05-19,11.64,11.68,11.72,11.48,24378,39477530.00,2.09,1.74,0.20,1.22
2020-05-20,11.67,11.54,11.73,11.49,18144,29262716.00,2.05,-1.20,-0.14,0.91
2020-05-21,11.58,11.78,11.84,11.57,31494,51422033.00,2.34,2.08,0.24,1.57
2020-05-22,11.78,11.64,11.83,11.48,22192,35833270.00,2.97,-1.19,-0.14,1.11
2020-05-25,11.58,11.54,11.84,11.46,16597,20465439.00,3.26,-0.86,-0.10,0.64
2020-05-26,11.52,11.41,11.57,11.09,37998,45526316.00,4.16,-1.13,-0.13,1.46
2020-05-27,11.39,11.00,11.41,10.94,41265,48697778.00,4.12,-3.59,-0.41,1.59
2020-05-28,10.93,10.66,10.99,10.52,33148,37712905.00,4.27,-3.09,-0.34,1.27
2020-05-29,10.75,10.95,11.09,10.60,31745,36652282.00,4.60,2.72,0.29,1.22
2020-06-01,10.96,11.52,11.54,10.96,48949,58699528.00,5.30,5.21,0.57,1.88
2020-06-02,11.63,11.59,11.79,11.45,37655,46224827.00,2.95,0.61,0.07,1.45
2020-06-03,11.71,11.90,12.13,11.63,57235,72187661.00,4.31,2.67,0.31,2.20
2020-06-04,11.93,11.92,12.30,11.63,43786,55630252.00,5.63,0.17,0.02,1.68
2020-06-05,12.08,12.00,12.22,11.85,33540,42631248.00,3.10,0.67,0.08,1.29
2020-06-08,12.01,12.02,12.56,12.00,51815,66937598.00,4.67,0.17,0.02,1.99
2020-06-09,12.06,11.95,12.14,11.73,35346,44496044.00,3.41,-0.58,-0.07,1.36
2020-06-10,11.96,12.08,12.26,11.74,51363,65585834.00,4.35,1.09,0.13,1.98
2020-06-11,12.15,11.93,12.15,11.83,39599,49867958.00,2.65,-1.24,-0.15,1.52
2020-06-12,11.94,12.39,12.71,11.83,82599,107764348.00,7.38,3.86,0.46,3.18
2020-06-15,12.55,12.91,13.03,12.35,119464,159779061.00,5.49,4.20,0.52,4.59
2020-06-16,12.93,12.99,13.10,12.45,101323,136639153.00,5.03,0.62,0.08,3.90
2020-06-17,12.95,13.30,13.41,12.76,107576,149409905.00,5.00,2.39,0.31,4.14
2020-06-18,13.20,12.61,13.20,12.48,80189,107736214.00,5.41,-5.19,-0.69,3.08
2020-06-19,12.62,12.34,12.75,12.29,59127,77429742.00,3.65,-2.14,-0.27,2.27
2020-06-22,12.30,12.26,12.41,12.09,46932,60380851.00,2.59,-0.65,-0.08,1.81
2020-06-23,12.30,12.15,12.51,12.04,39794,51163674.00,3.83,-0.90,-0.11,1.53
2020-06-24,12.21,12.25,12.29,11.94,34423,44003313.00,2.88,0.82,0.10,1.32
2020-06-29,12.20,12.81,12.87,12.10,83703,110928626.00,6.29,4.57,0.56,3.22
2020-06-30,12.79,12.84,12.92,12.58,62448,83815029.00,2.65,0.23,0.03,2.40
2020-07-01,12.83,12.43,12.84,12.27,63389,83475473.00,4.44,-3.19,-0.41,2.44
2020-07-02,12.40,12.53,12.69,12.19,42090,55515995.00,4.02,0.80,0.10,1.62
2020-07-03,12.49,12.46,12.52,12.23,44650,58246562.00,2.31,-0.56,-0.07,1.72
2020-07-06,12.48,12.77,12.79,12.39,85177,113434470.00,3.21,2.49,0.31,3.28
2020-07-07,12.84,12.93,13.28,12.64,92916,126945775.00,5.01,1.25,0.16,3.57
2020-07-08,12.90,13.21,13.33,12.90,79584,109966293.00,3.33,2.17,0.28,3.06
2020-07-09,13.21,13.89,13.94,13.04,115597,165214503.00,6.81,5.15,0.68,4.45
2020-07-10,13.90,14.68,14.83,13.68,142692,213388390.00,8.28,5.69,0.79,5.49
2020-07-13,14.82,14.84,15.13,14.23,141715,217704260.00,6.13,1.09,0.16,5.45
2020-07-14,14.73,14.04,15.03,13.80,117543,175592833.00,8.29,-5.39,-0.80,4.52
2020-07-15,14.09,13.56,14.24,13.53,76529,111265659.00,5.06,-3.42,-0.48,2.94
2020-07-16,13.56,12.81,13.80,12.67,78353,108215697.00,8.33,-5.53,-0.75,3.01
2020-07-17,12.78,13.07,13.15,12.63,45191,61497148.00,4.06,2.03,0.26,1.74
2020-07-20,13.17,13.30,13.30,12.84,47096,65095615.00,3.52,1.76,0.23,1.81
2020-07-21,13.23,13.41,13.55,13.15,42766,60105423.00,3.01,0.83,0.11,1.64
2020-07-22,13.47,13.34,13.58,13.29,45913,64744440.00,2.16,-0.52,-0.07,1.77
2020-07-23,13.28,13.48,13.51,12.97,59691,83301425.00,4.05,1.05,0.14,2.30
2020-07-24,13.48,13.46,14.11,13.31,93196,133707974.00,5.93,-0.15,-0.02,3.58
2020-07-27,13.19,13.00,13.33,12.68,47460,64799166.00,4.83,-3.42,-0.46,1.83
2020-07-28,13.00,12.89,13.18,12.73,34427,46768577.00,3.46,-0.85,-0.11,1.32
2020-07-29,12.87,14.25,14.25,12.81,115998,166882240.00,11.17,10.55,1.36,4.46
2020-07-30,14.51,14.36,14.83,14.08,150977,228338156.00,5.26,0.77,0.11,5.81
2020-07-31,15.04,15.35,15.83,14.53,242034,384490000.00,9.05,6.89,0.99,9.31
2020-08-03,15.29,16.62,16.95,15.29,205474,349018320.00,10.81,8.27,1.27,7.90
2020-08-04,16.58,15.65,16.58,15.59,152530,253044474.00,5.96,-5.84,-0.97,5.87
2020-08-05,15.50,16.18,16.52,15.31,115103,192327072.00,7.73,3.39,0.53,4.43
2020-08-06,16.23,15.78,16.38,15.46,89975,147960280.00,5.69,-2.47,-0.40,3.46
2020-08-07,15.71,15.50,15.98,15.18,74536,120187602.00,5.07,-1.77,-0.28,2.87
2020-08-10,15.53,15.86,15.95,15.19,72234,117807395.00,4.90,2.32,0.36,2.78
2020-08-11,15.75,15.19,16.01,15.04,60280,97491521.00,6.12,-4.22,-0.67,2.32
2020-08-12,15.10,14.80,15.19,14.38,64239,98352020.00,5.33,-2.57,-0.39,2.47
2020-08-13,14.83,14.75,15.07,14.60,35039,54056056.00,3.18,-0.34,-0.05,1.35
2020-08-14,14.78,15.07,15.12,14.56,42307,65644687.00,3.80,2.17,0.32,1.63
2020-08-17,15.10,15.22,15.32,14.83,50796,80139836.00,3.25,1.00,0.15,1.95
2020-08-18,15.23,15.06,15.23,14.92,41176,64723277.00,2.04,-1.05,-0.16,1.58
2020-08-19,15.08,14.57,15.20,14.55,44099,68148859.00,4.32,-3.25,-0.49,1.70
2020-08-20,14.43,14.65,14.78,14.24,31573,48070774.00,3.71,0.55,0.08,1.21
2020-08-21,14.54,14.53,14.78,14.45,25962,39699787.00,2.25,-0.82,-0.12,1.00
2020-08-24,14.53,14.82,14.88,14.50,27906,43060698.00,2.62,2.00,0.29,1.07
2020-08-25,14.71,15.07,15.31,14.64,46753,73473924.00,4.52,1.69,0.25,1.80
2020-08-26,15.03,14.40,15.07,14.36,40931,62814993.00,4.71,-4.45,-0.67,1.57
2020-08-27,14.42,14.66,14.70,14.38,26094,39791177.00,2.22,1.81,0.26,1.00
2020-08-28,14.58,14.76,14.83,14.43,26691,40851973.00,2.73,0.68,0.10,1.03
2020-08-31,14.91,14.62,14.98,14.61,32519,50246846.00,2.51,-0.95,-0.14,1.25
2020-09-01,14.63,14.83,14.86,14.53,26035,40084705.00,2.26,1.44,0.21,1.00
2020-09-02,14.83,15.33,15.39,14.75,56536,89677465.00,4.32,3.37,0.50,2.17
2020-09-03,15.33,15.28,15.60,14.98,45727,73237975.00,4.04,-0.33,-0.05,1.76
2020-09-04,14.99,15.33,15.51,14.95,34347,54621023.00,3.66,0.33,0.05,1.32
2020-09-07,15.32,14.61,15.41,14.53,40547,63502379.00,5.74,-4.70,-0.72,1.56
2020-09-08,14.63,14.52,14.89,14.32,30702,46597331.00,3.90,-0.62,-0.09,1.18
2020-09-09,14.44,13.82,14.50,13.66,43078,63202102.00,5.79,-4.82,-0.70,1.66
2020-09-10,13.82,13.24,13.99,13.22,30524,43450963.00,5.57,-4.20,-0.58,1.17
2020-09-11,13.24,13.80,13.86,13.15,27516,39340985.00,5.36,4.23,0.56,1.06
2020-09-14,13.80,13.84,14.00,13.73,17439,25343085.00,1.96,0.29,0.04,0.67
2020-09-15,13.84,13.71,13.92,13.52,19588,28091331.00,2.89,-0.94,-0.13,0.75
2020-09-16,13.77,13.51,13.81,13.40,15103,21490888.00,2.99,-1.46,-0.20,0.58
2020-09-17,13.51,13.62,13.65,13.27,15588,22055366.00,2.81,0.81,0.11,0.60
2020-09-18,13.57,13.77,13.79,13.44,20055,28671612.00,2.57,1.10,0.15,0.77
2020-09-21,13.75,13.59,13.76,13.53,16264,23201128.00,1.67,-1.31,-0.18,0.63
2020-09-22,13.50,13.58,13.91,13.35,24187,34785174.00,4.12,-0.07,-0.01,0.93
2020-09-23,13.53,13.81,13.98,13.39,24604,35474489.00,4.34,1.69,0.23,0.95
2020-09-24,13.69,13.35,13.79,13.31,28289,39873558.00,3.48,-3.33,-0.46,1.09
2020-09-25,13.47,13.46,13.61,13.23,15572,21890330.00,2.85,0.82,0.11,0.60
2020-09-28,13.53,13.08,13.53,13.07,22562,31382258.00,3.42,-2.82,-0.38,0.87
2020-09-29,13.23,13.54,13.74,13.14,26944,38201644.00,4.59,3.52,0.46,1.04
2020-09-30,13.53,13.59,13.69,13.43,15205,21652381.00,1.92,0.37,0.05,0.58
2020-10-09,13.62,13.89,14.11,13.62,26743,39000152.00,3.61,2.21,0.30,1.03
2020-10-12,13.98,14.08,14.17,13.89,26970,39681042.00,2.02,1.37,0.19,1.04
2020-10-13,14.06,14.01,14.32,13.94,32607,48192513.00,2.70,-0.50,-0.07,1.25
2020-10-14,14.11,13.82,14.17,13.79,29355,42903221.00,2.71,-1.36,-0.19,1.13
2020-10-15,13.84,13.69,13.91,13.65,18295,26373244.00,1.88,-0.94,-0.13,0.70
2020-10-16,13.66,14.12,14.22,13.55,29484,42905023.00,4.89,3.14,0.43,1.13
2020-10-19,14.20,14.70,15.05,14.08,76689,117711654.00,6.87,4.11,0.58,2.95
2020-10-20,14.70,14.47,14.70,14.21,43306,65225190.00,3.33,-1.56,-0.23,1.67
2020-10-21,14.47,14.50,14.73,14.37,28897,43890120.00,2.49,0.21,0.03,1.11
2020-10-22,14.50,14.20,14.50,14.03,26633,39600062.00,3.24,-2.07,-0.30,1.02
2020-10-23,14.16,13.76,14.32,13.72,28062,41144408.00,4.23,-3.10,-0.44,1.08
2020-10-26,13.83,14.14,14.17,13.63,18143,26547301.00,3.92,2.76,0.38,0.70
2020-10-27,14.13,14.18,14.23,14.00,13164,19475452.00,1.63,0.28,0.04,0.51
2020-10-28,13.97,13.62,13.97,13.44,34894,49933137.00,3.74,-3.95,-0.56,1.34
2020-10-29,13.44,13.65,13.83,13.39,26694,38163466.00,3.23,0.22,0.03,1.03
2020-10-30,13.73,13.18,13.73,13.08,28572,40019786.00,4.76,-3.44,-0.47,1.10
2020-11-02,13.16,12.69,13.22,12.58,29868,40102624.00,4.86,-3.72,-0.49,1.15
2020-11-03,12.70,13.07,13.16,12.65,24424,33311535.00,4.02,2.99,0.38,0.94
2020-11-04,13.07,12.85,13.13,12.78,13400,18202541.00,2.68,-1.68,-0.22,0.52
2020-11-05,12.88,13.02,13.08,12.83,17330,23614184.00,1.95,1.32,0.17,0.67
2020-11-06,12.99,12.83,13.08,12.72,16512,22337589.00,2.76,-1.46,-0.19,0.64
2020-11-09,12.86,13.04,13.11,12.86,23280,31913801.00,1.95,1.64,0.21,0.90
2020-11-10,13.04,12.91,13.08,12.84,16820,22875438.00,1.84,-1.00,-0.13,0.65
2020-11-11,12.84,12.52,12.91,12.48,21874,29027375.00,3.33,-3.02,-0.39,0.84
2020-11-12,12.56,12.54,12.62,12.52,8821,11678381.00,0.80,0.16,0.02,0.34
2020-11-13,12.56,12.44,12.58,12.37,13065,17103276.00,1.67,-0.80,-0.10,0.50
2020-11-16,12.46,12.65,12.66,12.46,10220,13550669.00,1.61,1.69,0.21,0.39
2020-11-17,12.70,12.44,12.70,12.34,10989,14408791.00,2.85,-1.66,-0.21,0.42
2020-11-18,12.47,12.51,12.55,12.33,8535,11218409.00,1.77,0.56,0.07,0.33
2020-11-19,12.49,12.66,12.66,12.39,12006,15903024.00,2.16,1.20,0.15,0.46
2020-11-20,12.61,12.75,12.82,12.53,13032,17448070.00,2.29,0.71,0.09,0.50
2020-11-23,12.76,12.90,13.01,12.68,18240,24757631.00,2.59,1.18,0.15,0.70
2020-11-24,12.82,12.65,12.82,12.65,13059,17469262.00,1.32,-1.94,-0.25,0.50
2020-11-25,12.66,12.39,12.76,12.37,18282,24011295.00,3.08,-2.06,-0.26,0.70
2020-11-26,12.42,12.40,12.50,12.34,8306,10867162.00,1.29,0.08,0.01,0.32
2020-11-27,12.40,12.45,12.47,12.33,8828,11542212.00,1.13,0.40,0.05,0.34
2020-11-30,12.48,12.54,12.69,12.37,14153,18652977.00,2.57,0.72,0.09,0.54
2020-12-01,12.53,12.63,12.65,12.47,10271,13630676.00,1.44,0.72,0.09,0.40
2020-12-02,12.67,12.71,12.74,12.51,12832,17059377.00,1.82,0.63,0.08,0.49
2020-12-03,12.71,12.93,12.98,12.65,23820,32260501.00,2.60,1.73,0.22,0.92
2020-12-04,12.94,12.93,13.02,12.81,15414,20949192.00,1.62,0.00,0.00,0.59
2020-12-07,12.95,12.74,12.95,12.73,10410,14020994.00,1.70,-1.47,-0.19,0.40
2020-12-08,12.75,12.67,12.82,12.65,6742,9020223.00,1.33,-0.55,-0.07,0.26
2020-12-09,12.67,12.42,12.69,12.39,10445,13764462.00,2.37,-1.97,-0.25,0.40
2020-12-10,12.41,12.49,12.58,12.38,7486,9848965.00,1.61,0.56,0.07,0.29
2020-12-11,12.50,12.14,12.55,12.00,17445,22545291.00,4.40,-2.80,-0.35,0.67
2020-12-14,12.18,11.99,12.21,11.91,9982,12638985.00,2.47,-1.24,-0.15,0.38
2020-12-15,11.97,12.05,12.09,11.93,4595,5832826.00,1.33,0.50,0.06,0.18
2020-12-16,12.05,11.85,12.12,11.84,5796,7333389.00,2.32,-1.66,-0.20,0.22
2020-12-17,11.81,12.14,12.17,11.81,8844,11179446.00,3.04,2.45,0.29,0.34
2020-12-18,12.10,11.89,12.10,11.86,8124,10266227.00,1.98,-2.06,-0.25,0.31
2020-12-21,11.89,12.00,12.02,11.74,8336,10489624.00,2.35,0.93,0.11,0.32
2020-12-22,11.92,12.23,12.46,11.91,22314,28925560.00,4.58,1.92,0.23,0.86
2020-12-23,12.08,12.26,12.32,11.98,12240,15627193.00,2.78,0.25,0.03,0.47
2020-12-24,12.20,12.02,12.32,11.99,8944,11450915.00,2.69,-1.96,-0.24,0.34
2020-12-25,12.00,12.27,12.28,11.84,11035,14063498.00,3.66,2.08,0.25,0.42
2020-12-28,12.27,11.91,12.32,11.91,13560,17293722.00,3.34,-2.93,-0.36,0.52
2020-12-29,11.83,11.79,11.96,11.64,9269,11548598.00,2.69,-1.01,-0.12,0.36
2020-12-30,11.79,11.79,11.90,11.69,6342,7917656.00,1.78,0.00,0.00,0.24
2020-12-31,11.79,11.86,11.95,11.75,9390,11760625.00,1.70,0.59,0.07,0.36