MjAxMC0wMS0wNCwxMC41MiwxMC41MSwxMC43MiwxMC40Nyw3MTMwMCw3NjE4MTc1Mi4wMCwyLjM5LDAuNDgsMC4wNSwyLjY3
2010-01-05,10.54,10.63,10.66,10.39,61481,65587868.00,2.57,1.14,0.12,2.30
2010-01-06,10.63,10.67,10.77,10.53,52663,56808976.00,2.26,0.38,0.04,1.97
2010-01-07,10.65,10.29,10.65,10.22,52014,54869716.00,4.03,-3.56,-0.38,1.95
2010-01-08,10.21,10.41,10.46,10.21,40879,42694704.00,2.43,1.17,0.12,1.53
2010-01-11,10.65,10.36,10.65,10.29,48749,51394320.00,3.46,-0.48,-0.05,1.82
2010-01-12,10.32,10.84,10.85,10.31,103202,111054496.00,5.21,4.63,0.48,3.86
2010-01-13,10.62,10.76,11.07,10.58,147510,161545520.00,4.52,-0.74,-0.08,5.52
2010-01-14,10.77,11.13,11.15,10.72,110025,122396560.00,4.00,3.44,0.37,4.12
2010-01-15,11.15,11.03,11.17,10.92,67338,74981480.00,2.25,-0.90,-0.10,2.52
2010-01-18,10.98,11.25,11.25,10.95,90478,101594512.00,2.72,1.99,0.22,3.39
2010-01-19,11.25,11.02,11.26,11.01,78710,87974592.00,2.22,-2.04,-0.23,2.95
2010-01-20,11.03,10.67,11.06,10.66,84212,92073944.00,3.63,-3.18,-0.35,3.15
2010-01-21,10.68,10.77,10.92,10.62,53001,57717712.00,2.81,0.94,0.10,1.98
2010-01-22,10.60,10.45,10.81,10.25,51122,54391844.00,5.20,-2.97,-0.32,1.91
2010-01-25,10.40,10.35,10.54,10.21,39793,41617800.00,3.16,-0.96,-0.10,1.49
2010-01-26,10.33,9.99,10.39,9.87,49601,50168136.00,5.02,-3.48,-0.36,1.86
2010-01-27,9.99,9.95,10.11,9.80,33273,33441584.00,3.10,-0.40,-0.04,1.25
2010-01-28,9.92,9.78,10.02,9.71,55815,55579732.00,3.12,-1.71,-0.17,2.09
2010-01-29,9.76,9.81,9.88,9.72,58098,57578600.00,1.64,0.31,0.03,2.17
2010-02-01,9.79,9.44,9.81,9.31,46009,43958520.00,5.10,-3.77,-0.37,1.72
2010-02-02,9.52,9.34,9.59,9.33,37862,36252444.00,2.75,-1.06,-0.10,1.42
2010-02-03,9.35,9.50,9.50,9.06,45718,42965060.00,4.71,1.71,0.16,1.71
2010-02-04,9.40,9.52,9.64,9.35,39057,37541700.00,3.05,0.21,0.02,1.46
2010-02-05,9.35,9.26,9.39,9.11,35471,33237344.00,2.94,-2.73,-0.26,1.33
2010-02-08,9.20,9.33,9.37,9.20,17392,16367544.00,1.84,0.76,0.07,0.65
2010-02-09,9.34,9.48,9.48,9.34,19060,18137346.00,1.50,1.61,0.15,0.71
2010-02-10,9.52,9.52,9.54,9.43,17637,16920356.00,1.16,0.42,0.04,0.66
2010-02-11,9.55,9.50,9.57,9.48,20693,19921972.00,0.95,-0.21,-0.02,0.77
2010-02-12,9.53,9.60,9.63,9.51,21734,20982538.00,1.26,1.05,0.10,0.81
2010-02-22,9.57,9.62,9.77,9.47,35196,34182936.00,3.13,0.21,0.02,1.32
2010-02-23,9.57,9.55,9.58,9.35,26836,25688772.00,2.39,-0.73,-0.07,1.00
2010-02-24,9.50,9.72,9.75,9.45,36728,35826196.00,3.14,1.78,0.17,1.37
2010-02-25,9.80,9.85,9.86,9.72,45754,45289640.00,1.44,1.34,0.13,1.71
2010-02-26,9.85,9.95,9.95,9.76,63338,63250040.00,1.93,1.02,0.10,2.37
2010-03-01,10.09,10.11,10.29,10.00,108296,111131208.00,2.91,1.61,0.16,4.05
2010-03-02,10.10,10.18,10.26,10.03,61207,62659400.00,2.27,0.69,0.07,2.29
2010-03-03,10.20,10.36,10.37,10.11,88206,91349856.00,2.55,1.77,0.18,3.30
2010-03-04,10.37,9.83,10.37,9.80,82607,83820240.00,5.50,-5.12,-0.53,3.09
2010-03-05,9.82,9.75,9.91,9.63,56339,55609256.00,2.85,-0.81,-0.08,2.11
2010-03-08,9.80,9.99,10.09,9.75,43508,43536920.00,3.49,2.46,0.24,1.63
2010-03-09,9.92,9.88,10.00,9.70,38528,38473976.00,3.00,-1.10,-0.11,1.44
2010-03-10,9.81,9.78,9.93,9.68,37796,37347464.00,2.53,-1.01,-0.10,1.41
2010-03-11,9.78,9.77,9.86,9.63,30250,29812830.00,2.35,-0.10,-0.01,1.13
2010-03-12,9.69,9.52,9.79,9.50,32175,31344152.00,2.97,-2.56,-0.25,1.20
2010-03-15,9.52,9.48,9.55,9.40,19687,18850678.00,1.58,-0.42,-0.04,0.74
2010-03-16,9.47,9.59,9.60,9.45,17349,16662935.00,1.58,1.16,0.11,0.65
2010-03-17,9.59,9.78,9.78,9.56,31388,30720914.00,2.29,1.98,0.19,1.17
2010-03-18,9.78,9.78,9.84,9.73,28970,28649348.00,1.12,0.00,0.00,1.08
2010-03-19,9.80,9.89,9.98,9.80,43644,43549336.00,1.84,1.12,0.11,1.63
2010-03-22,9.91,9.92,9.95,9.81,37070,36956572.00,1.42,0.30,0.03,1.39
2010-03-23,9.92,9.83,9.98,9.74,32892,32733690.00,2.42,-0.91,-0.09,1.23
2010-03-24,9.87,9.89,9.92,9.76,38755,38541160.00,1.63,0.61,0.06,1.45
2010-03-25,9.87,9.68,9.87,9.67,35100,34614460.00,2.02,-2.12,-0.21,1.31
2010-03-26,9.72,9.75,9.81,9.58,25911,25456200.00,2.38,0.72,0.07,0.97
2010-03-29,9.74,9.91,9.92,9.74,44416,44336960.00,1.85,1.64,0.16,1.66
2010-03-30,9.91,9.96,9.97,9.84,35392,35414824.00,1.31,0.50,0.05,1.32
2010-03-31,9.96,9.89,10.03,9.87,37363,37554688.00,1.61,-0.70,-0.07,1.40
2010-04-01,9.90,10.11,10.13,9.88,56943,57578584.00,2.53,2.22,0.22,2.13
2010-04-02,10.10,10.06,10.12,10.00,37680,38228912.00,1.19,-0.49,-0.05,1.41
2010-04-06,10.06,10.09,10.15,10.00,39717,40386812.00,1.49,0.30,0.03,1.49
2010-04-07,10.06,10.02,10.16,9.97,60093,61021348.00,1.88,-0.69,-0.07,2.25
2010-04-08,10.02,10.23,10.24,9.98,120561,122996176.00,2.59,2.10,0.21,4.51
2010-04-09,10.17,10.27,10.35,10.14,124581,128879200.00,2.05,0.39,0.04,4.66
2010-04-12,10.22,10.16,10.34,10.10,91353,94313976.00,2.34,-1.07,-0.11,3.42
2010-04-13,10.06,10.00,10.24,9.64,111738,112886080.00,5.91,-1.57,-0.16,4.18
2010-04-14,9.96,10.11,10.14,9.88,67471,68314928.00,2.60,1.10,0.11,2.53
2010-04-15,10.13,10.23,10.28,10.05,120211,123594144.00,2.27,1.19,0.12,4.50
2010-04-19,10.07,10.02,10.46,9.95,219834,227878928.00,4.99,-2.05,-0.21,8.23
2010-04-20,9.95,9.63,10.05,9.37,112589,109848104.00,6.79,-3.89,-0.39,4.21
2010-04-21,9.64,10.00,10.00,9.50,84786,84394192.00,5.19,3.84,0.37,3.17
2010-04-22,10.01,10.15,10.28,9.92,164939,169163584.00,3.60,1.50,0.15,6.17
2010-04-23,10.16,10.15,10.27,10.06,87610,90109488.00,2.07,0.00,0.00,3.28
2010-04-26,10.20,10.04,10.27,10.01,76624,78703688.00,2.56,-1.08,-0.11,2.87
2010-04-27,10.02,9.78,10.02,9.51,70792,69818792.00,5.08,-2.59,-0.26,2.65
2010-04-28,9.62,9.70,9.79,9.41,42553,41381952.00,3.89,-0.82,-0.08,1.59
2010-04-29,9.73,9.20,9.79,9.20,49326,47275096.00,6.08,-5.15,-0.50,1.85
2010-04-30,9.19,8.73,9.20,8.51,52987,47338644.00,7.50,-5.11,-0.47,1.98
2010-05-04,8.61,8.68,8.85,8.53,25734,22574710.00,3.67,-0.57,-0.05,0.96
2010-05-05,8.57,8.80,8.84,8.54,35377,31172786.00,3.46,1.38,0.12,1.32
2010-05-06,8.74,8.19,8.80,8.11,35762,31029902.00,7.84,-6.93,-0.61,1.34
2010-05-07,7.92,8.23,8.26,7.92,34712,28480198.00,4.15,0.49,0.04,1.30
2010-05-10,8.24,8.29,8.39,8.11,25696,21450926.00,3.40,0.73,0.06,0.96
2010-05-11,8.42,8.00,8.46,7.96,28701,23855806.00,6.03,-3.50,-0.29,1.07
2010-05-12,7.95,8.16,8.28,7.85,32776,26817390.00,5.38,2.00,0.16,1.23
2010-05-13,8.20,8.28,8.29,8.06,26297,21825046.00,2.82,1.47,0.12,0.98
2010-05-14,8.24,8.22,8.31,8.14,31069,25835072.00,2.05,-0.72,-0.06,1.16
2010-05-17,8.10,7.39,8.15,7.39,39959,31031668.00,9.25,-10.10,-0.83,1.50
2010-05-18,7.27,7.37,7.43,7.08,33688,24907236.00,4.74,-0.27,-0.02,1.26
2010-05-19,7.35,7.33,7.45,7.21,22922,17070784.00,3.26,-0.54,-0.04,0.86
2010-05-20,7.29,7.19,7.40,7.14,19462,14363039.00,3.55,-1.91,-0.14,0.73
2010-05-21,6.90,7.27,7.27,6.86,26829,19327096.00,5.70,1.11,0.08,1.00
2010-05-24,7.27,7.54,7.60,7.27,72619,55291528.00,4.54,3.71,0.27,2.72
2010-05-25,7.48,7.35,7.48,7.25,39439,29466458.00,3.05,-2.52,-0.19,1.48
2010-05-26,7.28,7.64,7.65,7.20,59982,45575848.00,6.12,3.95,0.29,2.25
2010-05-27,7.59,7.70,7.74,7.43,50212,38742760.00,4.06,0.79,0.06,1.88
2010-05-28,7.70,7.69,7.80,7.63,43595,33968776.00,2.21,-0.13,-0.01,1.63
2010-05-31,7.62,7.70,7.90,7.47,55664,43307404.00,5.59,0.13,0.01,2.08
2010-06-01,7.59,7.33,7.68,7.25,35762,26927920.00,5.58,-4.81,-0.37,1.34
2010-06-02,7.27,7.44,7.44,7.21,18385,13613303.00,3.14,1.50,0.11,0.69
2010-06-03,7.46,7.29,7.68,7.28,37441,28423832.00,5.38,-2.02,-0.15,1.40
2010-06-04,7.25,7.21,7.28,7.01,26754,19413012.00,3.70,-1.10,-0.08,1.00
2010-06-07,7.05,7.05,7.10,6.91,24007,17115574.00,2.64,-2.22,-0.16,0.90
2010-06-08,7.08,7.12,7.18,6.98,19227,13820693.00,2.84,0.99,0.07,0.72
2010-06-09,7.13,7.24,7.26,7.00,45485,32925120.00,3.65,1.69,0.12,1.70
2010-06-10,7.18,7.34,7.44,7.13,53333,39598376.00,4.28,1.38,0.10,2.00
2010-06-11,7.34,7.28,7.48,7.27,25041,18645634.00,2.86,-0.82,-0.06,0.94
2010-06-17,7.31,7.26,7.36,7.25,19983,14788563.00,1.51,-0.27,-0.02,0.75
2010-06-18,7.25,7.25,7.32,7.13,30594,22455354.00,2.62,-0.14,-0.01,1.15
2010-06-21,7.70,7.42,7.70,7.27,71485,53661132.00,5.93,2.34,0.17,2.68
2010-06-22,7.35,7.42,7.49,7.33,37647,28241290.00,2.16,0.00,0.00,1.41
2010-06-23,7.36,7.22,7.40,7.12,34897,25684322.00,3.77,-2.70,-0.20,1.31
2010-06-24,7.15,7.13,7.22,7.02,24995,18069378.00,2.77,-1.25,-0.09,0.94
2010-06-25,7.10,7.00,7.12,6.94,20670,14730041.00,2.52,-1.82,-0.13,0.77
2010-06-28,7.04,6.99,7.05,6.93,13242,9375812.00,1.71,-0.14,-0.01,0.50
2010-06-29,7.05,6.43,7.07,6.40,33012,22167330.00,9.59,-8.01,-0.56,1.24
2010-06-30,6.41,6.21,6.44,6.16,23442,14688811.00,4.35,-3.42,-0.22,0.88
2010-07-01,6.21,6.21,6.30,6.15,28215,17536468.00,2.42,0.00,0.00,1.06
2010-07-02,6.21,6.16,6.23,5.92,27100,16520961.00,4.99,-0.81,-0.05,1.01
2010-07-05,6.10,6.26,6.34,6.04,76263,47275224.00,4.87,1.62,0.10,2.85
2010-07-06,6.27,6.38,6.50,6.24,93378,59291912.00,4.15,1.92,0.12,3.50
2010-07-07,6.32,6.36,6.38,6.24,45416,28690902.00,2.19,-0.31,-0.02,1.70
2010-07-08,6.38,6.30,6.39,6.25,37712,23784596.00,2.20,-0.94,-0.06,1.41
2010-07-09,6.33,6.47,6.50,6.26,54549,34894500.00,3.81,2.70,0.17,2.04
2010-07-12,6.45,6.54,6.69,6.41,77891,51085864.00,4.33,1.08,0.07,2.92
2010-07-13,6.43,6.35,6.48,6.30,40778,25947118.00,2.75,-2.91,-0.19,1.53
2010-07-14,6.34,6.42,6.49,6.34,41028,26365426.00,2.36,1.10,0.07,1.54
2010-07-15,6.36,6.21,6.42,6.20,55433,35060200.00,3.43,-3.27,-0.21,2.07
2010-07-16,6.10,6.34,6.34,6.10,25570,15895906.00,3.86,2.09,0.13,0.96
2010-07-19,6.25,6.47,6.50,6.20,34565,22115616.00,4.73,2.05,0.13,1.29
2010-07-20,6.47,6.64,6.69,6.43,87446,57599052.00,4.02,2.63,0.17,3.27
2010-07-21,6.60,6.65,6.75,6.55,64013,42620904.00,3.01,0.15,0.01,2.40
2010-07-22,6.62,6.74,6.78,6.59,68584,45945520.00,2.86,1.35,0.09,2.57
2010-07-23,6.75,6.72,6.80,6.63,62976,42245876.00,2.52,-0.30,-0.02,2.36
2010-07-26,6.72,6.83,6.98,6.70,89640,61181936.00,4.17,1.64,0.11,3.36
2010-07-27,6.79,6.75,6.82,6.73,40017,27084298.00,1.32,-1.17,-0.08,1.50
2010-07-28,6.71,6.93,6.95,6.69,72613,49824528.00,3.85,2.67,0.18,2.72
2010-07-29,6.90,7.03,7.05,6.86,82642,57528808.00,2.74,1.44,0.10,3.09
2010-07-30,7.01,6.96,7.02,6.88,61174,42513208.00,1.99,-1.00,-0.07,2.29
2010-08-02,6.96,7.14,7.19,6.90,106195,75648496.00,4.17,2.59,0.18,3.98
2010-08-03,7.14,7.02,7.17,6.98,66347,46956960.00,2.66,-1.68,-0.12,2.48
2010-08-04,6.98,7.16,7.18,6.82,80396,56213616.00,5.13,1.99,0.14,3.01
2010-08-05,7.14,7.15,7.24,7.09,76782,55023068.00,2.09,-0.14,-0.01,2.87
2010-08-06,7.15,7.28,7.38,7.09,122671,89244440.00,4.06,1.82,0.13,4.59
2010-08-09,7.25,7.32,7.37,7.22,84739,61810160.00,2.06,0.55,0.04,3.17
2010-08-10,7.30,6.91,7.32,6.90,78696,55925596.00,5.74,-5.60,-0.41,2.95
2010-08-11,6.91,6.98,7.03,6.88,41101,28574162.00,2.17,1.01,0.07,1.54
2010-08-12,6.88,6.80,6.99,6.78,58598,40340976.00,3.01,-2.58,-0.18,2.19
2010-08-13,6.81,6.99,6.99,6.75,48705,33454784.00,3.53,2.79,0.19,1.82
2010-08-16,6.95,7.14,7.17,6.95,61835,43736656.00,3.15,2.15,0.15,2.31
2010-08-17,7.13,7.20,7.24,7.11,64924,46567464.00,1.82,0.84,0.06,2.43
2010-08-18,7.32,7.27,7.35,7.12,70191,50723272.00,3.19,0.97,0.07,2.63
2010-08-19,7.24,7.25,7.33,7.16,54720,39628200.00,2.34,-0.28,-0.02,2.05
2010-08-20,7.20,7.23,7.37,7.10,135583,98727168.00,3.72,-0.28,-0.02,5.08
2010-08-23,7.23,7.39,7.43,7.16,104998,77132960.00,3.73,2.21,0.16,3.93
2010-08-24,7.35,7.39,7.43,7.20,75043,55152084.00,3.11,0.00,0.00,2.81
2010-08-25,7.30,7.13,7.35,7.12,55210,39903732.00,3.11,-3.52,-0.26,2.07
2010-08-26,7.13,7.09,7.18,6.98,45472,32187798.00,2.81,-0.56,-0.04,1.70
2010-08-27,7.08,7.13,7.16,7.03,26093,18546768.00,1.83,0.56,0.04,0.98
2010-08-30,7.18,7.31,7.37,7.14,59715,43516688.00,3.23,2.52,0.18,2.24
2010-08-31,7.27,7.38,7.43,7.22,75138,55061680.00,2.87,0.96,0.07,2.81
2010-09-01,7.40,7.23,7.55,7.10,78124,57515880.00,6.10,-2.03,-0.15,2.92
2010-09-02,7.28,7.38,7.44,7.20,73686,53986740.00,3.32,2.07,0.15,2.76
2010-09-03,7.40,7.52,7.54,7.32,89242,66334548.00,2.98,1.90,0.14,3.34
2010-09-06,7.56,7.61,7.76,7.50,104354,79489336.00,3.46,1.20,0.09,3.91
2010-09-07,7.61,7.63,7.66,7.51,56848,43069184.00,1.97,0.26,0.02,2.13
2010-09-08,7.57,7.59,7.65,7.44,55781,42173668.00,2.75,-0.52,-0.04,2.09
2010-09-09,7.61,7.53,7.82,7.52,99290,76205848.00,3.95,-0.79,-0.06,3.72
2010-09-10,7.53,7.69,7.80,7.43,96547,74068520.00,4.91,2.12,0.16,3.61
2010-09-13,7.70,7.90,7.93,7.65,105905,82658088.00,3.64,2.73,0.21,3.96
2010-09-14,7.93,7.81,7.96,7.75,87865,68761928.00,2.66,-1.14,-0.09,3.29
2010-09-15,7.80,7.53,7.83,7.51,63852,48817420.00,4.10,-3.59,-0.28,2.39
2010-09-16,7.50,7.21,7.59,7.10,65904,48191004.00,6.51,-4.25,-0.32,2.47
2010-09-17,7.22,7.14,7.27,7.10,46266,33249432.00,2.36,-0.97,-0.07,1.73
2010-09-20,7.17,7.08,7.24,7.06,35876,25609340.00,2.52,-0.84,-0.06,1.34
2010-09-21,7.10,7.13,7.15,7.04,30073,21343802.00,1.55,0.71,0.05,1.13
2010-09-27,7.20,7.28,7.32,7.16,36529,26444466.00,2.24,2.10,0.15,1.37
2010-09-28,7.29,7.10,7.29,7.01,34961,25047956.00,3.85,-2.47,-0.18,1.31
2010-09-29,7.13,6.91,7.13,6.88,37734,26499620.00,3.52,-2.68,-0.19,1.41
2010-09-30,6.86,6.99,7.01,6.86,32236,22391018.00,2.17,1.16,0.08,1.21
2010-10-08,7.03,7.20,7.24,7.00,40520,28993738.00,3.43,3.00,0.21,1.52
2010-10-11,7.24,7.41,7.50,7.16,90272,66850328.00,4.72,2.92,0.21,3.38
2010-10-12,7.40,7.43,7.47,7.33,61681,45664608.00,1.89,0.27,0.02,2.31
2010-10-13,7.44,7.46,7.59,7.34,74499,55374132.00,3.36,0.40,0.03,2.79
2010-10-14,7.46,7.19,7.52,7.15,81386,59442668.00,4.96,-3.62,-0.27,3.05
2010-10-15,7.15,7.28,7.36,7.12,67793,49208300.00,3.34,1.25,0.09,2.54
2010-10-18,7.31,7.68,7.77,7.09,138751,103930096.00,9.34,5.49,0.40,5.19
2010-10-19,7.61,7.78,7.78,7.50,96272,73649392.00,3.65,1.30,0.10,3.60
2010-10-20,7.61,7.69,7.77,7.55,79046,60580896.00,2.83,-1.16,-0.09,2.96
2010-10-21,7.69,7.80,7.95,7.63,123526,96349304.00,4.16,1.43,0.11,4.62
2010-10-22,7.73,7.71,7.95,7.66,106097,82506272.00,3.72,-1.15,-0.09,3.97
2010-10-25,7.75,8.00,8.11,7.63,153637,122172048.00,6.23,3.76,0.29,5.75
2010-10-26,8.12,8.00,8.12,7.82,133325,105943008.00,3.75,0.00,0.00,4.99
2010-10-27,7.97,7.76,8.03,7.72,97757,77036344.00,3.88,-3.00,-0.24,3.66
2010-10-28,7.72,7.64,7.80,7.59,99043,75916368.00,2.71,-1.55,-0.12,3.71
2010-10-29,7.63,7.68,7.73,7.56,58084,44472312.00,2.23,0.52,0.04,2.17
2010-11-01,7.68,7.94,8.00,7.61,121828,95973968.00,5.08,3.39,0.26,4.56
2010-11-02,7.94,8.04,8.15,7.86,154472,124315824.00,3.65,1.26,0.10,5.78
2010-11-03,8.04,8.19,8.51,7.99,257658,213565136.00,6.47,1.87,0.15,9.64
2010-11-04,8.18,8.56,8.88,8.04,244175,204714272.00,10.26,4.52,0.37,9.14
2010-11-05,8.50,8.89,9.31,8.42,354880,315698208.00,10.40,3.86,0.33,13.28
2010-11-08,8.91,9.18,9.28,8.60,246440,221263088.00,7.65,3.26,0.29,9.22
2010-11-09,9.28,9.13,9.43,8.90,169359,154043056.00,5.77,-0.54,-0.05,6.34
2010-11-10,9.00,9.10,9.30,8.88,216018,195440240.00,4.60,-0.33,-0.03,8.09
2010-11-11,9.00,9.15,9.88,8.95,354662,330901152.00,10.22,0.55,0.05,13.28
2010-11-12,9.24,9.01,9.50,8.74,331443,302777856.00,8.31,-1.53,-0.14,12.41
2010-11-15,9.18,9.15,9.43,8.90,332852,302119584.00,5.88,1.55,0.14,12.46
2010-11-16,9.03,8.79,9.10,8.52,229020,201708240.00,6.34,-3.93,-0.36,8.57
2010-11-17,8.56,8.69,9.06,8.33,228383,200313648.00,8.30,-1.14,-0.10,8.55
2010-11-18,8.71,9.13,9.15,8.51,266654,236629872.00,7.36,5.06,0.44,9.98
2010-11-19,9.23,8.94,9.42,8.60,242115,216395456.00,8.98,-2.08,-0.19,9.06
2010-11-22,8.74,8.68,8.88,8.60,126440,110181480.00,3.13,-2.91,-0.26,4.73
2010-11-23,8.70,8.09,8.70,7.90,127053,104101792.00,9.22,-6.80,-0.59,4.76
2010-11-24,8.04,8.15,8.19,7.93,71667,58091052.00,3.21,0.74,0.06,2.68
2010-11-25,8.16,8.23,8.36,8.11,68740,56638884.00,3.07,0.98,0.08,2.57
2010-11-26,8.26,8.09,8.32,8.02,57227,46712036.00,3.65,-1.70,-0.14,2.14
2010-11-29,8.05,8.32,8.36,8.02,83095,68484312.00,4.20,2.84,0.23,3.11
2010-11-30,8.32,8.00,8.38,7.77,74169,59522748.00,7.33,-3.85,-0.32,2.78
2010-12-01,7.91,8.02,8.08,7.87,39991,31927898.00,2.63,0.25,0.02,1.50
2010-12-02,8.10,8.01,8.18,8.01,42581,34363980.00,2.12,-0.12,-0.01,1.59
2010-12-03,8.01,7.89,8.07,7.79,36932,29194506.00,3.50,-1.50,-0.12,1.38
2010-12-06,7.90,7.67,7.93,7.65,37631,29138768.00,3.55,-2.79,-0.22,1.41
2010-12-07,7.65,7.73,7.80,7.47,37509,28623024.00,4.30,0.78,0.06,1.40
2010-12-08,7.73,7.68,7.88,7.68,31817,24723226.00,2.59,-0.65,-0.05,1.19
2010-12-09,7.61,7.44,7.68,7.44,32132,24165296.00,3.13,-3.13,-0.24,1.20
2010-12-10,7.40,7.49,7.55,7.38,27543,20542494.00,2.28,0.67,0.05,1.03
2010-12-13,7.55,7.71,7.73,7.53,39262,30046128.00,2.67,2.94,0.22,1.47
2010-12-14,7.73,7.76,7.76,7.66,39020,30140564.00,1.30,0.65,0.05,1.46
2010-12-15,7.74,7.79,7.87,7.72,35643,27813774.00,1.93,0.39,0.03,1.33
2010-12-16,7.79,7.73,7.83,7.70,26866,20833006.00,1.67,-0.77,-0.06,1.01
2010-12-17,7.73,7.74,7.75,7.57,27226,20865424.00,2.33,0.13,0.01,1.02
2010-12-20,7.75,7.64,7.82,7.44,40478,30996730.00,4.91,-1.29,-0.10,1.52
2010-12-21,7.63,7.71,7.73,7.55,32365,24819894.00,2.36,0.92,0.07,1.21
2010-12-22,7.71,7.66,7.78,7.65,34133,26367752.00,1.69,-0.65,-0.05,1.28
2010-12-23,7.60,7.50,7.66,7.50,23453,17771754.00,2.09,-2.09,-0.16,0.88
2010-12-24,7.56,7.38,7.56,7.34,21975,16307925.00,2.93,-1.60,-0.12,0.82
2010-12-27,7.32,7.13,7.50,7.11,29357,21542428.00,5.28,-3.39,-0.25,1.10
2010-12-28,7.13,7.15,7.20,6.96,30678,21773516.00,3.37,0.28,0.02,1.15
2010-12-29,7.15,7.25,7.25,7.11,19045,13713523.00,1.96,1.40,0.10,0.71
2010-12-30,7.25,7.18,7.25,7.02,22060,15727599.00,3.17,-0.97,-0.07,0.83
2010-12-31,7.18,7.24,7.24,7.15,18932,13631135.00,1.25,0.84,0.06,0.71