MjAyMy0wNC0xOCw0LjQwLDQuNjUsNS4xOCw0LjM3LDIxNjMwNywxMDI5MjY4ODguNTcsMjAuMzUsMTYuODMsMC42NywzNy4wNQ==
2023-04-19,4.50,4.73,4.89,4.09,108919,49037672.46,17.20,1.72,0.08,18.66
2023-04-20,4.58,4.27,4.77,4.19,71825,31970126.24,12.26,-9.73,-0.46,12.30
2023-04-21,4.23,4.12,4.33,3.97,59513,24367934.15,8.43,-3.51,-0.15,10.19
2023-04-24,4.05,4.16,4.32,3.95,41539,17272752.17,8.98,0.97,0.04,7.11
2023-04-25,4.30,4.41,5.08,4.29,90238,41735701.21,18.99,6.01,0.25,15.46
2023-04-26,4.30,4.42,4.59,4.11,55928,24499728.98,10.88,0.23,0.01,9.58
2023-04-27,4.41,4.98,5.25,4.31,96398,46834414.37,21.27,12.67,0.56,16.51
2023-04-28,4.92,4.98,5.26,4.85,66198,33157784.05,8.23,0.00,0.00,11.34
2023-05-04,4.99,5.05,5.25,4.71,79845,39837698.03,10.84,1.41,0.07,13.68
2023-05-05,5.10,5.48,5.69,4.90,95537,49902255.75,15.64,8.51,0.43,16.36
2023-05-08,5.61,6.11,6.29,5.61,95982,57198105.26,12.41,11.50,0.63,16.44
2023-05-09,6.06,5.43,6.06,5.40,81070,45933807.68,10.80,-11.13,-0.68,13.89
2023-05-10,5.37,5.16,5.42,5.11,59205,30726006.96,5.71,-4.97,-0.27,10.14
2023-05-11,5.20,5.43,5.47,4.98,56899,29621316.20,9.50,5.23,0.27,9.75
2023-05-12,5.44,5.24,5.69,5.19,38671,20813330.45,9.21,-3.50,-0.19,6.62
2023-05-15,5.15,5.16,5.45,5.12,36475,19106977.57,6.30,-1.53,-0.08,6.25
2023-05-16,5.09,4.92,5.11,4.82,54697,26973837.12,5.62,-4.65,-0.24,9.37
2023-05-17,4.92,4.98,5.06,4.85,22782,11242638.89,4.27,1.22,0.06,3.90
2023-05-18,5.00,5.18,5.24,4.95,37059,19049853.04,5.82,4.02,0.20,6.35
2023-05-19,5.12,5.14,5.20,5.05,32496,16613778.10,2.90,-0.77,-0.04,5.57
2023-05-22,5.14,5.06,5.14,5.01,22478,11380444.07,2.53,-1.56,-0.08,3.85
2023-05-23,5.04,5.24,5.33,5.01,31905,16488247.34,6.32,3.56,0.18,5.46
2023-05-24,5.22,5.23,5.43,5.18,29908,15853745.80,4.77,-0.19,-0.01,5.12
2023-05-25,5.29,5.05,5.31,5.00,33282,17044900.16,5.93,-3.44,-0.18,5.70
2023-05-26,5.03,5.01,5.05,4.86,22088,10919421.27,3.76,-0.79,-0.04,3.78
2023-05-29,5.01,4.84,5.01,4.78,23183,11276447.60,4.59,-3.39,-0.17,3.97
2023-05-30,4.82,4.73,4.88,4.70,14833,7051626.71,3.72,-2.27,-0.11,2.54
2023-05-31,4.69,4.70,4.80,4.60,13856,6498535.00,4.23,-0.63,-0.03,2.37
2023-06-01,4.66,4.71,4.77,4.61,9409,4393761.94,3.40,0.21,0.01,1.61
2023-06-02,4.71,4.82,4.90,4.65,15660,7544784.19,5.31,2.34,0.11,2.68
2023-06-05,4.88,4.75,4.88,4.72,10189,4865296.88,3.32,-1.45,-0.07,1.75
2023-06-06,4.73,4.64,4.73,4.64,9179,4297486.71,1.89,-2.32,-0.11,1.57
2023-06-07,4.62,4.60,4.67,4.58,9231,4260360.03,1.94,-0.86,-0.04,1.58
2023-06-08,4.61,4.49,4.61,4.47,14060,6353997.19,3.04,-2.39,-0.11,2.41
2023-06-09,4.50,4.45,4.50,4.41,5311,2362095.57,2.00,-0.89,-0.04,0.91
2023-06-12,4.48,4.33,4.48,4.30,10944,4749806.89,4.04,-2.70,-0.12,1.87
2023-06-13,4.33,4.35,4.36,4.30,5575,2419731.15,1.39,0.46,0.02,0.95
2023-06-14,4.36,4.32,4.39,4.31,4523,1962521.58,1.84,-0.69,-0.03,0.77
2023-06-15,4.30,4.31,4.34,4.21,8389,3578010.66,3.01,-0.23,-0.01,1.44
2023-06-16,4.34,4.33,4.37,4.28,11330,4902022.92,2.09,0.46,0.02,1.94