2020-01-02,1088.86,1094.92,1096.65,1087.37,2239622,1018529958.00,0.86,1.04,11.27,0.22
2020-01-03,1097.68,1096.06,1099.63,1092.31,1967003,897909630.00,0.67,0.10,1.14,0.19
2020-01-06,1090.00,1092.41,1101.23,1083.50,2211101,1026464780.00,1.62,-0.33,-3.65,0.22
2020-01-07,1093.63,1100.95,1100.95,1093.19,1733279,779849933.00,0.71,0.78,8.54,0.17
2020-01-08,1096.59,1083.36,1096.59,1081.12,2269324,1032564745.00,1.41,-1.60,-17.59,0.22
2020-01-09,1090.15,1093.32,1093.45,1086.91,1472479,681282432.00,0.60,0.92,9.96,0.14
2020-01-10,1096.72,1096.22,1097.63,1090.21,2024565,981894727.00,0.68,0.27,2.90,0.20
2020-01-13,1089.14,1094.03,1094.03,1083.14,1958039,991182518.00,0.99,-0.20,-2.19,0.19
2020-01-14,1096.37,1093.29,1100.90,1092.38,2054222,1022785748.00,0.78,-0.07,-0.74,0.20
2020-01-15,1091.41,1082.00,1091.41,1081.44,1559382,744177739.00,0.91,-1.03,-11.29,0.15
2020-01-16,1084.40,1076.60,1084.58,1076.18,1244727,587574140.00,0.78,-0.50,-5.40,0.12
2020-01-17,1078.48,1071.97,1079.96,1070.87,1226691,556885889.00,0.84,-0.43,-4.63,0.12
2020-01-20,1070.90,1076.79,1077.22,1068.78,1258100,598185903.00,0.79,0.45,4.82,0.12
2020-01-21,1075.57,1061.72,1075.57,1061.72,1479874,658736988.00,1.29,-1.40,-15.07,0.15
2020-01-22,1060.27,1060.95,1064.17,1049.63,1539862,673191970.00,1.37,-0.07,-0.77,0.15
2020-01-23,1056.15,1034.95,1056.15,1030.83,2302199,970926499.00,2.39,-2.45,-26.00,0.23
2020-02-03,931.32,931.18,932.39,931.18,1227602,475201551.00,0.12,-10.03,-103.77,0.12
2020-02-04,860.55,906.32,913.80,860.55,3656801,1322385536.00,5.72,-2.67,-24.86,0.36
2020-02-05,906.27,918.17,931.67,905.50,2329200,838606161.00,2.89,1.31,11.85,0.23
2020-02-06,918.95,924.54,927.78,912.14,2218913,811226390.00,1.70,0.69,6.37,0.22
2020-02-07,921.88,925.40,925.92,912.91,1912317,717036605.00,1.41,0.09,0.86,0.19
2020-02-10,920.36,941.72,942.29,917.27,2115325,772776751.00,2.70,1.76,16.32,0.21
2020-02-11,943.29,948.22,955.88,938.65,1958897,751800290.00,1.83,0.69,6.50,0.19
2020-02-12,947.95,952.47,953.13,943.09,1472656,557727953.00,1.06,0.45,4.25,0.14
2020-02-13,949.73,941.40,954.95,940.75,1867093,693938911.00,1.49,-1.16,-11.07,0.18
2020-02-14,940.55,939.54,943.76,936.75,1262567,485634664.00,0.74,-0.20,-1.86,0.12
2020-02-17,940.69,962.64,962.64,940.69,2265654,886182329.00,2.34,2.46,23.10,0.22
2020-02-18,965.29,967.62,970.46,959.28,2051343,814800682.00,1.16,0.52,4.98,0.20
2020-02-19,967.43,962.88,970.40,962.36,1709334,686950497.00,0.83,-0.49,-4.74,0.17
2020-02-20,963.98,979.47,979.47,963.21,2433092,958224456.00,1.69,1.72,16.59,0.24
2020-02-21,977.77,982.96,987.34,976.83,2308779,933768313.00,1.07,0.36,3.49,0.23
2020-02-24,977.93,968.84,977.93,962.95,2563122,1016693135.00,1.52,-1.44,-14.12,0.25
2020-02-25,954.33,950.96,954.33,932.01,3165201,1222767725.00,2.30,-1.85,-17.88,0.31
2020-02-26,940.82,959.83,970.56,936.37,3195038,1186227026.00,3.60,0.93,8.87,0.31
2020-02-27,959.61,964.31,972.36,959.61,2533952,915792876.00,1.33,0.47,4.48,0.25
2020-02-28,947.38,929.08,949.12,927.83,3057339,1125292707.00,2.21,-3.65,-35.23,0.30
2020-03-02,929.01,953.96,956.38,929.01,2390018,887047937.00,2.95,2.68,24.88,0.23
2020-03-03,962.09,993.25,1011.83,956.98,6735951,2569991773.00,5.75,4.12,39.29,0.66
2020-03-04,981.13,1004.13,1011.06,980.20,5138578,2033795716.00,3.11,1.10,10.88,0.50
2020-03-05,1005.97,1004.43,1007.35,999.70,3893471,1597141534.00,0.76,0.03,0.30,0.38
2020-03-06,994.65,992.76,995.66,987.49,2309208,944819408.00,0.81,-1.16,-11.67,0.23
2020-03-09,979.59,973.12,990.94,972.68,2769740,1087772022.00,1.84,-1.98,-19.64,0.27
2020-03-10,960.96,986.73,986.73,957.10,3016191,1271130933.00,3.04,1.40,13.61,0.30
2020-03-11,988.06,996.22,1004.11,983.24,3556139,1512649155.00,2.12,0.96,9.49,0.35
2020-03-12,985.36,976.20,987.55,970.81,2456420,1019157699.00,1.68,-2.01,-20.02,0.24
2020-03-13,937.09,961.90,965.25,934.58,2830200,1094824698.00,3.14,-1.46,-14.30,0.28
2020-03-16,969.14,935.50,970.10,934.18,2463632,964711942.00,3.73,-2.74,-26.40,0.24
2020-03-17,934.15,924.28,945.09,908.93,2145275,813564934.00,3.87,-1.20,-11.22,0.21
2020-03-18,929.54,914.86,943.14,914.83,2331132,855597060.00,3.06,-1.02,-9.42,0.23
2020-03-19,910.98,909.01,917.38,893.38,2063537,759360076.00,2.62,-0.64,-5.85,0.20
2020-03-20,916.58,920.17,920.24,906.57,1589421,624895346.00,1.50,1.23,11.16,0.16
2020-03-23,903.65,895.24,910.36,895.22,1761310,637591036.00,1.65,-2.71,-24.93,0.17
2020-03-24,905.25,908.30,911.98,897.88,1644208,591030139.00,1.57,1.46,13.06,0.16
2020-03-25,923.80,931.06,936.70,917.48,2759191,1014821653.00,2.12,2.51,22.76,0.27
2020-03-26,927.70,924.82,934.69,923.81,2284030,880282280.00,1.17,-0.67,-6.24,0.22
2020-03-27,933.37,932.11,938.72,929.61,2450720,944370389.00,0.99,0.79,7.29,0.24
2020-03-30,923.97,911.17,923.97,906.67,2754697,1001127048.00,1.86,-2.25,-20.94,0.27
2020-03-31,917.09,920.72,932.07,913.45,2587037,975250125.00,2.04,1.05,9.55,0.25
2020-04-01,915.43,910.38,921.43,909.12,1793138,661977302.00,1.34,-1.12,-10.34,0.18
2020-04-02,906.45,917.68,917.68,905.05,1370691,489639626.00,1.39,0.80,7.30,0.13
2020-04-03,916.02,912.88,916.46,906.69,1266514,464590189.00,1.06,-0.52,-4.80,0.12
2020-04-07,920.30,926.19,927.89,919.13,1748992,659496610.00,0.96,1.46,13.31,0.17
2020-04-08,923.01,924.66,927.37,919.48,1260651,482724606.00,0.85,-0.17,-1.53,0.12
2020-04-09,926.71,926.10,928.47,924.95,1094187,416785417.00,0.38,0.16,1.44,0.11
2020-04-10,925.34,939.07,945.22,915.28,2193069,934466474.00,3.23,1.40,12.97,0.21
2020-04-13,927.03,919.35,927.03,918.97,1211327,508560427.00,0.86,-2.10,-19.72,0.12
2020-04-14,919.94,929.26,929.44,919.94,1142713,480275636.00,1.03,1.08,9.91,0.11
2020-04-15,929.47,929.03,933.51,921.19,1721199,774179770.00,1.33,-0.02,-0.23,0.17
2020-04-16,922.98,926.04,928.28,921.64,1303031,495423040.00,0.71,-0.32,-2.99,0.13
2020-04-17,928.97,925.45,928.97,922.87,1428033,565382838.00,0.66,-0.06,-0.59,0.14
2020-04-20,926.35,923.62,926.81,922.77,1048329,415115550.00,0.44,-0.20,-1.83,0.10
2020-04-21,925.59,923.02,931.42,920.03,1366313,564045754.00,1.23,-0.06,-0.60,0.13
2020-04-22,919.73,921.72,922.15,916.08,1306586,498788674.00,0.66,-0.14,-1.30,0.13
2020-04-23,922.80,925.96,935.06,919.65,2238218,756998253.00,1.67,0.46,4.24,0.22
2020-04-24,922.64,913.12,922.64,911.78,1478996,515087369.00,1.17,-1.39,-12.84,0.14
2020-04-27,913.67,912.14,916.32,911.59,1016360,372443529.00,0.52,-0.11,-0.98,0.10
2020-04-28,912.57,897.98,912.59,887.34,1614147,602943614.00,2.77,-1.55,-14.16,0.16
2020-04-29,902.08,902.07,906.88,900.64,933417,404625927.00,0.69,0.46,4.09,0.09
2020-04-30,903.18,914.41,916.16,903.18,1365491,544009277.00,1.44,1.37,12.34,0.13
2020-05-06,906.97,919.41,919.80,906.01,1744072,642278265.00,1.51,0.55,5.00,0.17
2020-05-07,918.33,915.86,918.33,914.34,1262559,485329886.00,0.43,-0.39,-3.55,0.12
2020-05-08,917.45,922.00,923.38,917.34,1513026,557854891.00,0.66,0.67,6.14,0.15
2020-05-11,924.11,919.89,924.70,916.96,1514586,549148634.00,0.84,-0.23,-2.11,0.15
2020-05-12,919.78,910.83,919.78,909.27,1264163,498051301.00,1.14,-0.98,-9.06,0.12
2020-05-13,909.63,910.04,911.49,905.69,1066517,406001082.00,0.64,-0.09,-0.79,0.10
2020-05-14,906.96,899.63,906.96,899.63,1141784,437811993.00,0.81,-1.14,-10.41,0.11
2020-05-15,903.59,910.27,914.91,903.59,2042745,744471925.00,1.26,1.18,10.64,0.20
2020-05-18,916.46,911.73,917.23,910.25,1935540,900062934.00,0.77,0.16,1.46,0.19
2020-05-19,913.69,909.08,914.66,908.12,1320220,605329056.00,0.72,-0.29,-2.65,0.13
2020-05-20,907.77,905.02,907.77,902.99,1206755,477184305.00,0.53,-0.45,-4.06,0.12
2020-05-21,905.82,899.41,906.60,898.90,1127788,436045184.00,0.85,-0.62,-5.61,0.11
2020-05-22,898.42,889.68,898.42,888.64,1218915,458869521.00,1.09,-1.08,-9.73,0.12
2020-05-25,889.54,890.41,894.03,888.55,986592,366314592.00,0.62,0.08,0.73,0.10
2020-05-26,892.46,896.18,896.78,891.71,1006682,386800919.00,0.57,0.65,5.77,0.10
2020-05-27,895.56,897.69,899.00,891.06,1083786,397356943.00,0.89,0.17,1.51,0.11
2020-05-28,895.40,897.56,900.49,891.86,1144990,422885377.00,0.96,-0.01,-0.13,0.11
2020-05-29,897.90,907.34,908.53,894.45,2125841,740729468.00,1.57,1.09,9.78,0.21
2020-06-01,906.75,921.56,922.06,905.46,2543952,1033705652.00,1.83,1.57,14.22,0.25
2020-06-02,924.42,942.51,949.45,924.42,4242860,1752557778.00,2.72,2.27,20.95,0.42
2020-06-03,937.20,927.41,937.96,926.93,2636795,1109711329.00,1.17,-1.60,-15.10,0.26
2020-06-04,930.06,926.41,930.57,924.79,1559051,640045204.00,0.62,-0.11,-1.00,0.15
2020-06-05,926.50,928.68,931.16,923.58,1646922,674502757.00,0.82,0.25,2.27,0.16
2020-06-08,930.76,931.37,936.07,930.04,1671702,755831482.00,0.65,0.29,2.69,0.16
2020-06-09,931.54,930.44,931.91,928.97,1399736,563333453.00,0.32,-0.10,-0.93,0.14
2020-06-10,931.48,925.42,931.48,924.94,1305189,486958051.00,0.70,-0.54,-5.02,0.13
2020-06-11,925.06,920.40,927.19,920.06,1377140,545790896.00,0.77,-0.54,-5.02,0.13
2020-06-12,909.67,919.16,922.59,908.57,1908219,744274101.00,1.52,-0.13,-1.24,0.19
2020-06-15,917.26,922.33,929.94,913.08,1916943,795575830.00,1.83,0.34,3.17,0.19
2020-06-16,927.24,940.07,941.00,924.39,2081004,903175913.00,1.80,1.92,17.74,0.20
2020-06-17,939.03,936.20,941.42,934.33,1902653,820670099.00,0.75,-0.41,-3.87,0.19
2020-06-18,934.84,946.03,951.29,932.76,2293474,976721793.00,1.98,1.05,9.83,0.22
2020-06-19,944.84,955.04,963.67,944.84,3351323,1287544862.00,1.99,0.95,9.01,0.33
2020-06-22,952.22,947.23,959.57,947.23,2053804,903954980.00,1.29,-0.82,-7.81,0.20
2020-06-23,946.24,949.99,950.48,942.45,1541670,717600974.00,0.85,0.29,2.76,0.15
2020-06-24,950.74,948.46,950.96,945.40,1315871,624558198.00,0.59,-0.16,-1.53,0.13
2020-06-29,947.16,939.16,947.16,938.16,1329143,622850377.00,0.95,-0.98,-9.30,0.13
2020-06-30,941.99,947.13,948.35,941.99,1449666,712170570.00,0.68,0.85,7.97,0.14
2020-07-01,945.89,951.06,951.49,944.31,1692310,814678332.00,0.76,0.41,3.93,0.17
2020-07-02,950.43,976.98,977.59,950.43,3477478,1659472738.00,2.86,2.73,25.92,0.34
2020-07-03,980.55,995.48,997.13,980.55,4015279,1905772025.00,1.70,1.89,18.50,0.39
2020-07-06,1001.75,1046.28,1048.05,1001.75,6007820,2873290207.00,4.65,5.10,50.80,0.59
2020-07-07,1054.90,1039.89,1067.64,1039.31,5963948,2810913968.00,2.71,-0.61,-6.39,0.58
2020-07-08,1045.12,1067.69,1068.30,1045.12,4957988,2317453110.00,2.23,2.67,27.80,0.49
2020-07-09,1085.53,1098.86,1107.56,1085.53,6138589,2999593915.00,2.06,2.92,31.17,0.60
2020-07-10,1099.67,1125.72,1138.77,1094.24,7523418,3760104730.00,4.05,2.44,26.86,0.74
2020-07-13,1147.61,1150.00,1150.37,1114.33,11135155,4792252230.00,3.20,2.16,24.28,1.09
2020-07-14,1140.56,1123.65,1140.56,1106.34,8474215,3684686243.00,2.98,-2.29,-26.35,0.83
2020-07-15,1122.11,1081.32,1124.63,1081.27,5741526,2429022083.00,3.86,-3.77,-42.33,0.56
2020-07-16,1078.78,1041.71,1090.50,1037.25,4934263,2101384636.00,4.92,-3.66,-39.61,0.48
2020-07-17,1045.57,1040.30,1051.69,1032.42,3321222,1334548455.00,1.85,-0.14,-1.41,0.33
2020-07-20,1046.65,1074.92,1074.92,1046.20,3834523,1614986476.00,2.76,3.33,34.62,0.38
2020-07-21,1076.06,1068.63,1077.65,1062.81,2794657,1218688942.00,1.38,-0.59,-6.29,0.27
2020-07-22,1066.86,1068.32,1082.06,1060.36,3005385,1286665465.00,2.03,-0.03,-0.31,0.29
2020-07-23,1061.75,1072.32,1075.82,1041.96,4200083,1714025815.00,3.17,0.37,4.00,0.41
2020-07-24,1063.75,1045.14,1075.53,1042.90,4006990,1910934982.00,3.04,-2.53,-27.18,0.39
2020-07-27,1047.13,1046.35,1052.08,1037.93,2527920,1262738721.00,1.35,0.12,1.21,0.25
2020-07-28,1050.32,1055.51,1056.79,1048.68,1877934,983673799.00,0.78,0.88,9.16,0.18
2020-07-29,1053.21,1065.85,1065.85,1044.83,2443624,1214850854.00,1.99,0.98,10.34,0.24
2020-07-30,1065.33,1073.65,1079.36,1059.43,3176868,1609648163.00,1.87,0.73,7.80,0.31
2020-07-31,1074.59,1080.29,1086.78,1066.47,3557845,1863887170.00,1.89,0.62,6.64,0.35
2020-08-03,1084.28,1112.58,1114.36,1084.28,5109280,2479811506.00,2.78,2.99,32.29,0.50
2020-08-04,1114.52,1137.74,1142.10,1107.00,6125314,3234621738.00,3.15,2.26,25.16,0.60
2020-08-05,1132.84,1138.13,1142.47,1113.63,5143904,3376082509.00,2.53,0.03,0.39,0.50
2020-08-06,1139.50,1123.56,1142.39,1115.72,4839962,3068804102.00,2.34,-1.28,-14.57,0.47
2020-08-07,1113.22,1096.95,1113.22,1091.79,3505075,2038204870.00,1.91,-2.37,-26.61,0.34
2020-08-10,1091.94,1109.52,1116.16,1090.00,2967877,1775508738.00,2.38,1.15,12.57,0.29
2020-08-11,1110.65,1094.76,1115.52,1094.05,2170326,949373317.00,1.94,-1.33,-14.76,0.21
2020-08-12,1093.62,1097.43,1097.43,1079.33,2340799,1018943535.00,1.65,0.24,2.67,0.23
2020-08-13,1098.85,1104.21,1109.33,1097.06,1923289,897323460.00,1.12,0.62,6.78,0.19
2020-08-14,1103.75,1110.19,1112.51,1098.35,1698247,828672509.00,1.28,0.54,5.98,0.17
2020-08-17,1117.30,1125.72,1131.95,1116.55,3160678,1574947124.00,1.39,1.40,15.53,0.31
2020-08-18,1127.21,1125.08,1127.24,1118.40,2609766,1240769175.00,0.79,-0.06,-0.64,0.26
2020-08-19,1123.34,1121.77,1134.53,1120.37,3384936,1851797969.00,1.26,-0.29,-3.31,0.33
2020-08-20,1110.02,1101.64,1114.14,1096.90,2597746,1492376999.00,1.54,-1.79,-20.13,0.25
2020-08-21,1102.55,1101.68,1107.07,1094.75,1816234,989151609.00,1.12,0.00,0.04,0.18
2020-08-24,1103.62,1095.19,1103.62,1094.86,2014410,1001096834.00,0.80,-0.59,-6.49,0.20
2020-08-25,1096.97,1087.21,1099.35,1084.02,2317475,1140702516.00,1.40,-0.73,-7.98,0.23
2020-08-26,1086.28,1063.47,1086.28,1061.71,3015282,1418004436.00,2.26,-2.18,-23.74,0.30
2020-08-27,1062.56,1062.27,1065.45,1057.68,2073078,920612682.00,0.73,-0.11,-1.20,0.20
2020-08-28,1062.67,1080.73,1081.55,1058.35,4357409,1547855100.00,2.18,1.74,18.46,0.43
2020-08-31,1080.55,1065.91,1080.55,1065.91,3686581,1381332052.00,1.35,-1.37,-14.82,0.36
2020-09-01,1065.08,1064.60,1066.15,1058.76,2393339,937722852.00,0.69,-0.12,-1.31,0.23
2020-09-02,1065.61,1060.19,1066.51,1053.68,2281941,894196139.00,1.21,-0.41,-4.41,0.22
2020-09-03,1060.01,1059.14,1066.07,1056.68,2463466,1035570773.00,0.89,-0.10,-1.05,0.24
2020-09-04,1049.46,1055.23,1056.36,1042.58,1953160,812033088.00,1.30,-0.37,-3.91,0.19
2020-09-07,1055.90,1048.86,1066.31,1045.63,2596079,1057008689.00,1.96,-0.60,-6.37,0.25
2020-09-08,1049.86,1063.77,1064.47,1046.22,2950039,1096593881.00,1.74,1.42,14.91,0.29
2020-09-09,1056.77,1077.58,1081.64,1055.99,6730322,2114028713.00,2.41,1.30,13.81,0.66
2020-09-10,1081.02,1044.97,1081.02,1043.44,4298474,1469082830.00,3.49,-3.03,-32.61,0.42
2020-09-11,1041.47,1041.73,1043.67,1034.37,2651544,927509664.00,0.89,-0.31,-3.24,0.26
2020-09-14,1041.80,1049.05,1050.47,1039.82,2718177,943871069.00,1.02,0.70,7.32,0.27
2020-09-15,1048.19,1047.58,1048.81,1042.74,1966863,759574562.00,0.58,-0.14,-1.47,0.19
2020-09-16,1047.02,1047.60,1055.83,1043.83,1956057,736235179.00,1.15,0.00,0.02,0.19
2020-09-17,1046.16,1044.77,1049.50,1039.81,1672466,640774647.00,0.92,-0.27,-2.83,0.16
2020-09-18,1045.18,1065.51,1065.80,1043.84,2298345,987139389.00,2.10,1.99,20.74,0.23
2020-09-21,1069.70,1065.76,1073.01,1062.94,2372002,1134821470.00,0.95,0.02,0.25,0.23
2020-09-22,1059.42,1050.14,1061.74,1048.52,2151856,872680049.00,1.24,-1.47,-15.62,0.21
2020-09-23,1051.91,1054.38,1060.67,1049.44,1980853,938782042.00,1.07,0.40,4.24,0.19
2020-09-24,1051.95,1034.54,1051.95,1034.30,2049326,946696203.00,1.67,-1.88,-19.84,0.20
2020-09-25,1036.33,1025.07,1036.33,1021.15,1435639,682646742.00,1.47,-0.92,-9.47,0.14
2020-09-28,1026.01,1016.13,1030.16,1016.13,1263539,539957573.00,1.37,-0.87,-8.94,0.12
2020-09-29,1017.88,1019.90,1026.01,1016.69,1222733,529743611.00,0.92,0.37,3.77,0.12
2020-09-30,1021.69,1016.00,1026.03,1012.14,1380535,648230224.00,1.36,-0.38,-3.90,0.14
2020-10-09,1025.68,1040.31,1043.15,1025.48,1889908,1008827284.00,1.74,2.39,24.31,0.19
2020-10-12,1050.41,1061.13,1063.58,1049.01,2712352,1536947198.00,1.40,2.00,20.82,0.27
2020-10-13,1059.99,1056.92,1059.99,1050.13,1737706,986222807.00,0.93,-0.40,-4.21,0.17
2020-10-14,1056.16,1042.95,1056.16,1041.62,1776847,993547331.00,1.38,-1.32,-13.97,0.17
2020-10-15,1039.63,1033.01,1040.20,1033.01,1585214,807033982.00,0.69,-0.95,-9.94,0.16
2020-10-16,1033.85,1034.96,1036.31,1030.29,1257853,579364205.00,0.58,0.19,1.95,0.12
2020-10-19,1039.17,1034.28,1048.07,1033.60,1570684,704863619.00,1.40,-0.07,-0.68,0.15
2020-10-20,1032.55,1034.33,1034.99,1027.77,1051005,460675545.00,0.70,0.00,0.05,0.10
2020-10-21,1034.52,1025.13,1034.52,1020.76,1134349,488469336.00,1.33,-0.89,-9.20,0.11
2020-10-22,1024.56,1024.22,1026.82,1021.25,949871,390873918.00,0.54,-0.09,-0.91,0.09
2020-10-23,1025.05,1021.63,1029.27,1019.62,962770,426265194.00,0.94,-0.25,-2.59,0.09
2020-10-26,1022.11,1015.05,1022.11,1011.79,1013705,426026598.00,1.01,-0.64,-6.58,0.10
2020-10-27,1012.29,1014.16,1014.19,1007.75,975766,391366334.00,0.63,-0.09,-0.89,0.10
2020-10-28,1013.93,1015.03,1016.48,1006.72,979040,408262913.00,0.96,0.09,0.87,0.10
2020-10-29,1007.69,1012.82,1016.17,1005.54,1137477,451156727.00,1.05,-0.22,-2.21,0.11
2020-10-30,1013.40,997.37,1014.64,996.23,1410569,575332049.00,1.82,-1.53,-15.45,0.14
2020-11-02,997.11,996.53,997.64,991.63,1416992,546537034.00,0.60,-0.08,-0.84,0.14
2020-11-03,998.88,1009.40,1011.37,998.00,1158651,470538519.00,1.34,1.29,12.87,0.11
2020-11-04,1011.65,1006.82,1012.11,1000.56,947058,386169776.00,1.14,-0.26,-2.58,0.09
2020-11-05,1011.29,1024.39,1024.48,1011.29,1711176,723041360.00,1.31,1.75,17.57,0.17
2020-11-06,1023.56,1040.99,1045.98,1016.75,3161602,1353566140.00,2.85,1.62,16.60,0.31
2020-11-09,1045.66,1084.29,1085.36,1045.66,6304229,2819760488.00,3.81,4.16,43.30,0.62
2020-11-10,1091.51,1071.57,1091.51,1065.91,4131304,1868410679.00,2.36,-1.17,-12.72,0.40
2020-11-11,1069.29,1063.00,1071.35,1061.60,2717310,1215316973.00,0.91,-0.80,-8.57,0.27
2020-11-12,1064.48,1080.86,1090.27,1060.58,5031135,1964704505.00,2.79,1.68,17.86,0.49
2020-11-13,1075.44,1066.60,1075.44,1057.79,3453002,1341891454.00,1.63,-1.32,-14.26,0.34
2020-11-16,1113.74,1092.77,1123.09,1091.66,6415901,2918614135.00,2.95,2.45,26.17,0.63
2020-11-17,1095.47,1146.73,1151.89,1095.47,10503907,4630350841.00,5.16,4.94,53.96,1.03
2020-11-18,1153.42,1143.82,1162.77,1138.82,7589891,3499735357.00,2.09,-0.25,-2.91,0.74
2020-11-19,1133.42,1115.03,1136.28,1112.25,6013094,2869285379.00,2.10,-2.52,-28.79,0.59
2020-11-20,1105.19,1125.85,1139.90,1094.15,5797774,2725613018.00,4.10,0.97,10.82,0.57
2020-11-23,1122.25,1125.21,1139.89,1120.42,5450927,2511420939.00,1.73,-0.06,-0.64,0.53
2020-11-24,1122.48,1114.07,1128.15,1113.41,3713962,1678078470.00,1.31,-0.99,-11.14,0.36
2020-11-25,1116.74,1095.05,1121.12,1094.81,3606904,1577312697.00,2.36,-1.71,-19.02,0.35
2020-11-26,1093.15,1103.20,1105.96,1086.77,3182541,1354985265.00,1.75,0.74,8.15,0.31
2020-11-27,1100.68,1098.41,1101.84,1084.34,2611601,1082703102.00,1.59,-0.43,-4.79,0.26
2020-11-30,1097.89,1100.78,1112.37,1097.89,3675109,1531496494.00,1.32,0.22,2.37,0.36
2020-12-01,1099.07,1111.70,1113.03,1097.23,3397415,1353278032.00,1.44,0.99,10.92,0.33
2020-12-02,1113.59,1112.89,1122.05,1104.92,3465245,1394930189.00,1.54,0.11,1.19,0.34
2020-12-03,1111.99,1100.89,1111.99,1099.42,2630011,1076618865.00,1.13,-1.08,-12.00,0.26
2020-12-04,1101.12,1102.83,1107.30,1092.73,2568580,1068873064.00,1.32,0.18,1.94,0.25
2020-12-07,1102.08,1086.98,1102.08,1086.39,2034932,923710943.00,1.42,-1.44,-15.85,0.20
2020-12-08,1088.08,1078.63,1089.18,1077.38,2202964,878550633.00,1.09,-0.77,-8.35,0.22
2020-12-09,1081.80,1057.73,1081.80,1057.73,2344833,909221313.00,2.23,-1.94,-20.90,0.23
2020-12-10,1054.58,1050.00,1058.48,1048.62,1774920,702537564.00,0.93,-0.73,-7.73,0.17
2020-12-11,1050.97,1037.37,1051.64,1028.44,2639444,1032821210.00,2.21,-1.20,-12.63,0.26
2020-12-14,1036.71,1038.14,1038.58,1030.92,1465471,577098088.00,0.74,0.07,0.77,0.14
2020-12-15,1037.66,1043.95,1045.08,1033.33,1427883,573362246.00,1.13,0.56,5.81,0.14
2020-12-16,1045.05,1037.55,1045.05,1036.80,1281760,518861316.00,0.79,-0.61,-6.40,0.13
2020-12-17,1038.94,1059.73,1062.28,1037.39,2609846,1058757656.00,2.40,2.14,22.18,0.26
2020-12-18,1056.08,1057.92,1062.29,1054.46,1974703,814168910.00,0.74,-0.17,-1.81,0.19
2020-12-21,1056.00,1056.69,1059.66,1049.47,1665029,698928294.00,0.96,-0.12,-1.23,0.16
2020-12-22,1051.85,1033.90,1051.85,1032.05,2032553,831661616.00,1.87,-2.16,-22.79,0.20
2020-12-23,1034.73,1036.29,1041.02,1034.48,1431694,577735550.00,0.63,0.23,2.39,0.14
2020-12-24,1037.11,1034.43,1048.07,1033.07,1895679,749092369.00,1.45,-0.18,-1.86,0.19
2020-12-25,1031.86,1054.65,1057.69,1029.67,2827399,1090897550.00,2.71,1.95,20.22,0.28
2020-12-28,1051.19,1046.51,1055.99,1043.28,2444304,957969427.00,1.21,-0.77,-8.14,0.24
2020-12-29,1047.76,1082.48,1089.33,1046.52,4393986,1790888249.00,4.09,3.44,35.97,0.43
2020-12-30,1078.07,1080.25,1099.18,1074.26,4408233,1910786347.00,2.30,-0.21,-2.23,0.43
2020-12-31,1088.45,1081.35,1091.28,1074.37,3618922,1638401141.00,1.57,0.10,1.10,0.35