2013-01-04,12.47,12.23,12.57,12.21,14388,17917691.00,2.90,-1.61,-0.20,1.20
2013-01-07,12.28,12.44,12.53,12.19,11067,13756389.00,2.78,1.72,0.21,0.92
2013-01-08,12.39,12.64,12.69,12.34,21340,27034621.00,2.81,1.61,0.20,1.78
2013-01-09,12.63,12.65,12.86,12.49,15048,19177503.00,2.93,0.08,0.01,1.26
2013-01-10,12.64,12.68,12.81,12.60,9303,11914181.00,1.66,0.24,0.03,0.78
2013-01-11,12.99,12.71,13.24,12.64,25223,32671870.00,4.73,0.24,0.03,2.10
2013-01-14,12.59,13.15,13.20,12.49,18577,24210085.00,5.59,3.46,0.44,1.55
2013-01-15,13.14,13.20,13.34,12.99,14924,19749765.00,2.66,0.38,0.05,1.25
2013-01-16,13.10,13.41,13.41,13.02,30060,40047260.00,2.95,1.59,0.21,2.51
2013-01-17,13.40,13.15,13.40,13.09,13419,17839341.00,2.31,-1.94,-0.26,1.12
2013-01-18,13.15,13.20,13.30,13.04,10299,13696978.00,1.98,0.38,0.05,0.86
2013-01-21,13.14,13.79,13.97,13.14,35591,49096909.00,6.29,4.47,0.59,2.97
2013-01-22,13.87,14.27,14.39,13.70,27966,39827286.00,5.00,3.48,0.48,2.33
2013-01-23,14.19,14.87,14.89,14.11,27429,40203443.00,5.47,4.20,0.60,2.29
2013-01-24,14.90,14.62,14.96,14.42,15751,23396264.00,3.63,-1.68,-0.25,1.31
2013-01-25,14.62,14.59,15.29,14.52,22695,34181495.00,5.27,-0.21,-0.03,1.89
2013-01-28,14.59,15.33,15.33,14.59,38569,58659157.00,5.07,5.07,0.74,3.22
2013-01-29,15.64,15.47,15.76,15.19,22466,34994024.00,3.72,0.91,0.14,1.87
2013-01-30,15.58,15.52,15.76,15.29,16588,25849699.00,3.04,0.32,0.05,1.38
2013-01-31,15.52,14.79,15.69,14.79,16806,25502717.00,5.80,-4.70,-0.73,1.40
2013-02-01,14.89,15.04,15.05,14.84,11782,17697200.00,1.42,1.69,0.25,0.98
2013-02-04,15.13,15.79,16.56,14.99,51281,81261760.00,10.44,4.99,0.75,4.28
2013-02-05,15.59,16.19,16.58,15.42,45110,73127721.00,7.35,2.53,0.40,3.76
2013-02-06,16.39,16.89,17.31,16.15,54163,92055281.00,7.16,4.32,0.70,4.52
2013-02-07,16.87,16.85,17.14,16.40,66323,112010072.00,4.38,-0.24,-0.04,5.53
2013-02-08,16.85,17.48,17.49,16.85,28862,50255177.00,3.80,3.74,0.63,2.41
2013-02-18,17.39,17.66,18.10,17.39,24095,42897332.00,4.06,1.03,0.18,2.01
2013-02-26,18.29,17.09,18.29,16.04,34503,59620152.00,12.74,-3.23,-0.57,2.88
2013-02-27,17.02,17.09,17.69,16.90,24109,42238009.00,4.62,0.00,0.00,2.01
2013-02-28,17.29,17.32,17.60,16.92,12421,21729351.00,3.98,1.35,0.23,1.04
2013-03-04,19.06,19.06,19.06,18.62,37601,72050201.00,2.54,10.05,1.74,3.14
2013-03-05,19.87,19.41,19.87,18.99,46086,90151327.00,4.62,1.84,0.35,3.84
2013-03-06,18.71,18.59,19.36,18.59,24345,46382595.00,3.97,-4.22,-0.82,2.03
2013-03-07,18.33,18.63,18.95,17.92,17255,32007727.00,5.54,0.22,0.04,1.44
2013-03-08,18.63,18.84,19.10,18.19,14920,28045520.00,4.88,1.13,0.21,1.24
2013-03-11,18.39,18.56,18.85,18.24,14558,27243713.00,3.24,-1.49,-0.28,1.21
2013-03-12,18.39,17.49,18.39,16.69,38768,68687850.00,9.16,-5.77,-1.07,3.23
2013-03-13,17.19,17.71,17.84,16.80,22843,40207788.00,5.95,1.26,0.22,1.91
2013-03-14,17.71,17.51,17.89,17.42,18334,32749383.00,2.65,-1.13,-0.20,1.53
2013-03-15,17.32,17.74,17.79,17.32,7891,14049328.00,2.68,1.31,0.23,0.66
2013-03-18,17.75,17.78,18.55,17.39,12649,22955693.00,6.54,0.23,0.04,1.06
2013-03-19,17.44,17.79,18.06,17.39,6266,11122387.00,3.77,0.06,0.01,0.52
2013-03-20,17.79,18.06,18.18,17.79,9000,16285388.00,2.19,1.52,0.27,0.75
2013-03-21,17.90,18.30,18.37,17.90,9143,16704602.00,2.60,1.33,0.24,0.76
2013-03-22,18.23,18.21,18.47,17.93,8367,15299760.00,2.95,-0.49,-0.09,0.70
2013-03-25,18.29,19.03,19.24,18.09,49168,93109661.00,6.32,4.50,0.82,4.10
2013-03-26,19.04,19.11,19.24,18.71,27327,52407496.00,2.79,0.42,0.08,2.28
2013-03-27,19.11,19.00,19.37,18.90,7361,14083358.00,2.46,-0.58,-0.11,0.61
2013-03-28,19.08,18.29,19.08,18.22,8910,16559489.00,4.53,-3.74,-0.71,0.74
2013-03-29,18.12,17.40,18.29,17.40,8572,15232723.00,4.87,-4.87,-0.89,0.72
2013-04-01,17.39,17.91,17.91,16.73,8141,14163903.00,6.78,2.93,0.51,0.68
2013-04-02,17.78,17.96,17.96,17.45,8047,14443340.00,2.85,0.28,0.05,0.67
2013-04-03,17.76,18.15,18.35,17.71,6102,11130210.00,3.56,1.06,0.19,0.51
2013-04-08,17.74,18.76,18.88,17.42,17375,32216202.00,8.04,3.36,0.61,1.45
2013-04-09,18.40,18.77,19.13,18.40,8392,15859257.00,3.89,0.05,0.01,0.70
2013-04-10,18.71,18.44,18.89,18.39,5304,9901186.00,2.66,-1.76,-0.33,0.44
2013-04-11,18.09,19.02,19.09,18.09,22366,42583749.00,5.42,3.15,0.58,1.87
2013-04-12,19.01,18.44,19.16,17.89,8455,15675354.00,6.68,-3.05,-0.58,0.71
2013-04-15,18.25,17.71,18.25,17.57,6245,11171811.00,3.69,-3.96,-0.73,0.52
2013-04-16,17.72,18.52,18.69,17.45,8599,15865091.00,7.00,4.57,0.81,0.72
2013-04-17,18.64,18.37,18.68,18.29,2789,5157816.00,2.11,-0.81,-0.15,0.23
2013-04-18,18.64,18.35,18.64,18.00,2098,3860555.00,3.48,-0.11,-0.02,0.18
2013-04-19,18.19,18.20,18.70,18.19,12566,23293117.00,2.78,-0.82,-0.15,1.05
2013-04-22,17.99,17.50,18.10,17.39,16446,29201765.00,3.90,-3.85,-0.70,1.37
2013-04-23,17.50,17.59,17.81,17.43,5077,8975170.00,2.17,0.51,0.09,0.42
2013-04-24,17.52,17.59,17.67,17.50,4461,7890409.00,0.97,0.00,0.00,0.37
2013-04-25,17.59,17.06,17.63,17.06,5881,10272091.00,3.24,-3.01,-0.53,0.49
2013-04-26,16.89,16.89,17.33,16.77,8134,13887722.00,3.28,-1.00,-0.17,0.68
2013-05-02,16.88,17.09,17.09,16.49,3462,5819118.00,3.55,1.18,0.20,0.29
2013-05-03,17.36,16.93,17.36,16.70,3321,5684792.00,3.86,-0.94,-0.16,0.28
2013-05-06,16.84,16.88,17.06,16.79,2832,4815823.00,1.59,-0.30,-0.05,0.24
2013-05-07,17.05,16.76,17.05,16.69,3398,5750419.00,2.13,-0.71,-0.12,0.28
2013-05-08,16.59,17.01,17.01,15.79,16531,27533945.00,7.28,1.49,0.25,1.38
2013-05-09,16.65,16.55,17.21,16.41,7356,12311773.00,4.70,-2.70,-0.46,0.61
2013-05-10,16.30,16.46,16.64,16.21,4003,6613331.00,2.60,-0.54,-0.09,0.33
2013-05-13,16.31,16.89,16.89,16.02,12891,21262512.00,5.29,2.61,0.43,1.08
2013-05-14,16.84,16.51,16.84,16.36,4467,7467899.00,2.84,-2.25,-0.38,0.37
2013-05-15,16.46,16.42,16.66,16.14,9671,15883534.00,3.15,-0.55,-0.09,0.81
2013-05-16,16.30,16.39,16.48,16.24,9182,15163701.00,1.46,-0.18,-0.03,0.77
2013-05-17,16.39,16.50,16.77,16.26,7422,12354058.00,3.11,0.67,0.11,0.62
2013-05-20,16.50,16.85,16.90,16.42,10857,18370664.00,2.91,2.12,0.35,0.91
2013-05-21,16.96,16.85,17.11,16.71,16613,28166246.00,2.37,0.00,0.00,1.39
2013-05-22,16.87,17.06,17.11,16.80,24671,42120373.00,1.84,1.25,0.21,2.06
2013-05-23,17.06,16.93,17.29,16.79,15562,26673585.00,2.93,-0.76,-0.13,1.30
2013-05-24,16.88,16.98,17.08,16.56,19969,33882382.00,3.07,0.30,0.05,1.67
2013-05-27,16.87,16.98,17.02,16.79,12865,21911352.00,1.35,0.00,0.00,1.07
2013-05-28,16.97,16.68,16.99,16.65,11258,19024151.00,2.00,-1.77,-0.30,0.94
2013-05-29,16.68,16.39,16.85,16.28,15123,24966371.00,3.42,-1.74,-0.29,1.26
2013-05-30,16.39,16.41,16.48,16.22,10885,17928927.00,1.59,0.12,0.02,0.91
2013-05-31,16.47,16.34,16.47,16.19,9504,15620222.00,1.71,-0.43,-0.07,0.79
2013-06-03,16.22,16.05,16.36,15.96,8738,14168512.00,2.45,-1.77,-0.29,0.73
2013-06-04,16.05,15.75,16.08,15.49,6115,9735703.00,3.68,-1.87,-0.30,0.51
2013-06-05,15.80,15.84,15.84,15.66,4957,7866843.00,1.14,0.57,0.09,0.41
2013-06-06,15.88,16.47,16.53,15.59,14926,24239155.00,5.93,3.98,0.63,1.25
2013-06-07,16.50,16.55,16.70,16.10,17075,28269092.00,3.64,0.49,0.08,1.42
2013-06-13,16.55,15.90,16.55,15.47,6906,11181356.00,6.53,-3.93,-0.65,0.58
2013-06-14,15.99,15.95,16.45,15.65,7772,12362859.00,5.03,0.31,0.05,0.65
2013-06-17,15.90,16.53,16.77,15.62,26772,43326478.00,7.21,3.64,0.58,2.23
2013-06-18,16.55,16.42,16.64,15.95,11346,18579333.00,4.17,-0.67,-0.11,0.95
2013-06-19,16.41,15.75,16.41,15.75,8877,14130928.00,4.02,-4.08,-0.67,0.74
2013-06-20,15.83,15.75,15.83,14.98,13864,21423219.00,5.40,0.00,0.00,1.16
2013-06-21,15.74,15.52,15.74,15.07,4428,6837214.00,4.25,-1.46,-0.23,0.37
2013-06-24,15.74,14.70,15.74,14.00,14674,21541022.00,11.21,-5.28,-0.82,1.22
2013-06-25,14.50,14.15,14.69,13.23,18072,25384233.00,9.93,-3.74,-0.55,1.51
2013-06-26,14.15,14.25,14.41,13.96,7262,10335556.00,3.18,0.71,0.10,0.61
2013-06-27,14.31,14.20,14.82,13.95,12013,17431120.00,6.11,-0.35,-0.05,1.00
2013-06-28,14.18,14.19,14.50,13.95,7355,10518795.00,3.87,-0.07,-0.01,0.61
2013-07-01,14.18,14.42,14.42,13.95,3982,5642389.00,3.31,1.62,0.23,0.33
2013-07-02,14.40,14.51,14.78,14.06,13295,19229419.00,4.99,0.62,0.09,1.11
2013-07-03,14.51,14.45,14.63,14.18,3718,5383311.00,3.10,-0.41,-0.06,0.31
2013-07-04,14.43,14.95,15.12,14.07,14218,20615015.00,7.27,3.46,0.50,1.19
2013-07-05,14.94,14.85,15.25,14.56,16513,24802959.00,4.62,-0.67,-0.10,1.38
2013-07-08,14.74,14.34,14.74,14.03,5391,7726664.00,4.78,-3.43,-0.51,0.45
2013-07-09,14.08,14.29,14.38,14.07,2191,3118378.00,2.16,-0.35,-0.05,0.18
2013-07-10,14.12,14.57,14.61,14.05,7721,11054666.00,3.92,1.96,0.28,0.64
2013-07-11,14.45,14.67,15.14,14.37,10982,16314003.00,5.28,0.69,0.10,0.92
2013-07-12,14.75,14.50,14.80,14.38,7194,10544290.00,2.86,-1.16,-0.17,0.60
2013-07-15,14.35,14.40,14.64,14.33,7531,10903817.00,2.14,-0.69,-0.10,0.63
2013-07-16,14.60,14.72,14.72,14.38,10480,15294123.00,2.36,2.22,0.32,0.87
2013-07-17,14.64,14.55,15.01,14.31,7075,10424513.00,4.76,-1.15,-0.17,0.59
2013-07-18,14.45,14.80,14.89,14.33,14477,21280118.00,3.85,1.72,0.25,1.21
2013-07-19,14.80,14.67,14.86,14.61,6209,9197968.00,1.69,-0.88,-0.13,0.52
2013-07-22,14.65,14.54,14.68,14.26,4746,6872333.00,2.86,-0.89,-0.13,0.40
2013-07-23,14.41,14.68,14.74,14.31,4557,6673338.00,2.96,0.96,0.14,0.38
2013-07-24,14.53,14.37,14.73,14.13,6961,10039703.00,4.09,-2.11,-0.31,0.58
2013-07-25,14.35,13.94,14.37,13.92,6762,9576301.00,3.13,-2.99,-0.43,0.56
2013-07-26,13.77,13.99,14.19,13.66,7758,10944242.00,3.80,0.36,0.05,0.65
2013-07-29,13.90,13.65,13.95,13.47,6316,8644210.00,3.43,-2.43,-0.34,0.53
2013-07-30,13.55,13.41,13.74,12.95,7854,10605388.00,5.79,-1.76,-0.24,0.66
2013-07-31,13.41,13.56,13.75,13.26,9045,12286677.00,3.65,1.12,0.15,0.75
2013-08-01,13.67,14.24,14.27,13.38,11825,16496492.00,6.56,5.01,0.68,0.99
2013-08-02,14.15,14.44,14.51,14.04,9817,14104286.00,3.30,1.40,0.20,0.82
2013-08-05,14.44,14.53,14.58,14.16,9782,14187245.00,2.91,0.62,0.09,0.82
2013-08-06,14.52,15.03,15.11,14.32,13346,19909354.00,5.44,3.44,0.50,1.11
2013-08-07,15.03,14.84,15.17,14.55,11091,16598717.00,4.13,-1.26,-0.19,0.93
2013-08-08,14.66,14.85,15.14,14.66,5462,8156105.00,3.23,0.07,0.01,0.46
2013-08-09,14.70,14.80,15.05,14.70,4308,6422288.00,2.36,-0.34,-0.05,0.36
2013-08-12,14.95,14.84,14.95,14.61,3764,5578567.00,2.30,0.27,0.04,0.31
2013-08-13,14.85,14.69,14.95,14.62,4585,6776255.00,2.22,-1.01,-0.15,0.38
2013-08-14,14.66,14.40,14.73,14.32,8177,11891104.00,2.79,-1.97,-0.29,0.68
2013-08-15,14.43,14.17,14.61,14.17,5051,7281228.00,3.06,-1.60,-0.23,0.42
2013-08-16,14.15,14.93,14.93,13.73,7873,11114449.00,8.47,5.36,0.76,0.66
2013-08-19,14.05,14.82,14.85,14.05,8688,12744575.00,5.36,-0.74,-0.11,0.72
2013-08-20,14.81,14.67,14.87,14.46,8136,11957768.00,2.77,-1.01,-0.15,0.68
2013-08-21,14.84,14.66,14.84,14.50,4380,6429630.00,2.32,-0.07,-0.01,0.37
2013-08-22,14.53,14.76,14.88,14.53,10981,16198612.00,2.39,0.68,0.10,0.92
2013-08-23,14.70,15.22,15.53,14.48,31334,47276521.00,7.11,3.12,0.46,2.61
2013-08-26,15.07,15.93,16.04,15.00,23757,37335950.00,6.83,4.66,0.71,1.98
2013-08-27,15.77,16.23,16.23,15.63,12977,20613805.00,3.77,1.88,0.30,1.08
2013-08-28,15.95,15.78,16.65,15.76,13830,22293987.00,5.48,-2.77,-0.45,1.15
2013-08-29,15.75,15.53,15.82,15.46,5858,9141422.00,2.28,-1.58,-0.25,0.49
2013-08-30,15.53,15.75,15.84,15.46,6636,10435441.00,2.45,1.42,0.22,0.55
2013-09-02,15.50,16.25,16.44,15.47,8947,14464137.00,6.16,3.17,0.50,0.75
2013-09-03,16.30,16.00,16.52,15.80,16345,26347412.00,4.43,-1.54,-0.25,1.36
2013-09-04,16.00,15.85,16.18,15.81,6171,9878610.00,2.31,-0.94,-0.15,0.51
2013-09-05,15.75,15.95,15.99,15.55,7057,11124361.00,2.78,0.63,0.10,0.59
2013-09-06,15.58,16.14,16.42,15.57,13597,22186630.00,5.33,1.19,0.19,1.13
2013-09-09,16.14,15.82,16.34,15.69,12548,19986084.00,4.03,-1.98,-0.32,1.05
2013-09-10,15.80,15.17,15.98,15.11,20117,31284515.00,5.50,-4.11,-0.65,1.68
2013-09-11,15.20,14.99,15.38,14.97,10886,16512723.00,2.70,-1.19,-0.18,0.91
2013-09-12,14.99,15.36,15.39,14.78,43784,66349378.00,4.07,2.47,0.37,3.65
2013-09-13,15.23,15.44,15.54,15.20,14740,22809050.00,2.21,0.52,0.08,1.23
2013-09-16,15.59,15.54,15.87,15.41,14697,23118976.00,2.98,0.65,0.10,1.23
2013-09-17,15.45,15.04,15.45,14.85,15158,22991278.00,3.86,-3.22,-0.50,1.26
2013-09-18,15.05,15.37,15.47,14.75,11142,16868656.00,4.79,2.19,0.33,0.93
2013-09-23,15.34,15.23,15.43,15.10,6481,9884868.00,2.15,-0.91,-0.14,0.54
2013-09-24,15.15,15.21,15.43,15.03,8497,12947100.00,2.63,-0.13,-0.02,0.71
2013-09-25,15.23,14.95,15.29,14.82,8916,13440941.00,3.09,-1.71,-0.26,0.74
2013-09-26,14.78,14.54,15.02,14.45,4178,6177203.00,3.81,-2.74,-0.41,0.35
2013-09-27,14.50,14.43,14.56,14.35,6637,9657723.00,1.44,-0.76,-0.11,0.55
2013-09-30,14.43,14.66,14.66,14.27,6573,9581403.00,2.70,1.59,0.23,0.55
2013-10-08,14.83,15.06,15.10,14.46,8369,12458637.00,4.37,2.73,0.40,0.70
2013-10-09,15.04,14.85,15.20,14.73,5424,8103444.00,3.12,-1.39,-0.21,0.45
2013-10-10,14.85,14.50,14.85,14.45,5227,7644105.00,2.69,-2.36,-0.35,0.44
2013-10-11,14.57,15.32,15.34,14.56,13121,19629312.00,5.38,5.66,0.82,1.09
2013-10-14,15.31,15.82,15.93,15.03,23066,35998292.00,5.87,3.26,0.50,1.92
2013-10-15,15.82,15.36,15.87,15.31,10265,15911269.00,3.54,-2.91,-0.46,0.86
2013-10-16,15.31,15.34,15.68,15.15,10456,16153446.00,3.45,-0.13,-0.02,0.87
2013-10-17,15.34,15.10,15.54,14.95,7328,11205179.00,3.85,-1.56,-0.24,0.61
2013-10-18,15.00,15.08,15.21,14.96,3260,4932012.00,1.66,-0.13,-0.02,0.27
2013-10-21,15.06,15.30,15.30,15.06,4853,7419157.00,1.59,1.46,0.22,0.40
2013-10-22,15.39,15.46,15.55,15.18,6829,10536015.00,2.42,1.05,0.16,0.57
2013-10-23,15.47,15.05,15.47,14.95,8180,12443315.00,3.36,-2.65,-0.41,0.68
2013-10-24,15.05,15.13,15.37,14.95,6064,9197173.00,2.79,0.53,0.08,0.51
2013-10-25,15.20,15.10,15.20,14.50,7985,11938158.00,4.63,-0.20,-0.03,0.67
2013-10-28,15.14,15.10,15.32,14.85,6239,9470940.00,3.11,0.00,0.00,0.52
2013-10-29,15.15,15.11,15.22,13.95,8948,13361009.00,8.41,0.07,0.01,0.75
2013-10-30,15.11,14.85,15.11,14.64,6950,10386616.00,3.11,-1.72,-0.26,0.58
2013-10-31,14.93,14.75,14.93,14.45,5476,8063120.00,3.23,-0.67,-0.10,0.46
2013-11-01,14.85,15.00,15.00,14.64,2970,4412292.00,2.44,1.69,0.25,0.25
2013-11-04,15.13,15.55,15.89,15.01,25473,39899552.00,5.87,3.67,0.55,2.13
2013-11-05,15.70,16.80,17.00,15.70,45257,74582452.00,8.36,8.04,1.25,3.78
2013-11-06,16.83,16.85,16.93,16.23,19705,32878431.00,4.17,0.30,0.05,1.64
2013-11-07,16.54,16.65,16.85,16.30,9428,15739637.00,3.26,-1.19,-0.20,0.79
2013-11-08,16.60,16.26,16.64,16.15,7337,12042372.00,2.94,-2.34,-0.39,0.61
2013-11-11,16.15,16.24,16.30,15.53,18149,28900411.00,4.74,-0.12,-0.02,1.51
2013-11-12,16.15,16.42,16.65,15.93,13236,21606235.00,4.43,1.11,0.18,1.10
2013-11-13,16.42,16.48,16.85,16.11,11167,18621308.00,4.51,0.37,0.06,0.93
2013-11-14,16.06,16.13,16.62,16.06,5914,9651128.00,3.40,-2.12,-0.35,0.49
2013-11-15,16.15,16.27,16.85,16.15,8835,14688547.00,4.34,0.87,0.14,0.74
2013-11-18,16.23,16.38,16.64,16.15,7272,11933588.00,3.01,0.68,0.11,0.61
2013-11-19,16.44,17.18,17.20,16.36,22089,37584300.00,5.13,4.88,0.80,1.84
2013-11-20,17.19,17.05,17.30,16.91,9824,16818200.00,2.27,-0.76,-0.13,0.82
2013-11-21,16.86,16.89,17.30,16.67,8930,15258964.00,3.70,-0.94,-0.16,0.74
2013-11-22,16.71,16.78,17.10,16.71,6229,10512306.00,2.31,-0.65,-0.11,0.52
2013-11-25,16.68,16.33,16.95,16.31,9378,15637867.00,3.81,-2.68,-0.45,0.78
2013-11-26,16.33,15.98,16.42,15.60,10657,17083882.00,5.02,-2.14,-0.35,0.89
2013-11-27,15.98,16.03,16.23,15.81,2898,4660454.00,2.63,0.31,0.05,0.24
2013-11-28,16.03,16.03,16.50,16.03,4604,7491155.00,2.93,0.00,0.00,0.38
2013-11-29,16.04,16.05,16.34,15.77,4527,7248997.00,3.56,0.12,0.02,0.38
2013-12-02,15.94,15.52,15.94,15.25,6012,9360997.00,4.30,-3.30,-0.53,0.50
2013-12-03,15.55,16.55,16.73,15.40,15504,25350915.00,8.57,6.64,1.03,1.29
2013-12-04,16.35,16.45,16.85,16.24,14568,24159560.00,3.69,-0.60,-0.10,1.22
2013-12-05,16.31,16.49,16.50,16.31,4285,7066124.00,1.16,0.24,0.04,0.36
2013-12-06,16.49,16.58,16.64,16.46,9349,15514505.00,1.09,0.55,0.09,0.78
2013-12-09,16.61,16.15,16.61,16.15,9189,15079086.00,2.77,-2.59,-0.43,0.77
2013-12-10,16.19,16.13,16.87,15.97,8013,13081536.00,5.57,-0.12,-0.02,0.67
2013-12-11,16.15,16.02,16.28,16.00,4610,7438840.00,1.74,-0.68,-0.11,0.38
2013-12-12,16.02,15.80,16.16,15.75,9326,14872065.00,2.56,-1.37,-0.22,0.78
2013-12-13,15.78,15.83,16.14,15.67,5607,8961937.00,2.97,0.19,0.03,0.47
2013-12-16,15.77,15.65,16.05,15.56,6998,11024848.00,3.10,-1.14,-0.18,0.58
2013-12-17,15.73,15.75,15.78,15.56,2747,4322072.00,1.41,0.64,0.10,0.23
2013-12-18,15.74,15.86,15.89,15.70,5459,8662470.00,1.21,0.70,0.11,0.46
2013-12-19,15.77,15.67,16.13,15.66,5176,8248109.00,2.96,-1.20,-0.19,0.43
2013-12-20,15.92,15.78,15.93,15.52,3838,6059963.00,2.62,0.70,0.11,0.32
2013-12-23,15.75,15.55,15.88,15.50,6089,9566070.00,2.41,-1.46,-0.23,0.51
2013-12-24,15.51,15.70,15.81,15.51,3465,5433618.00,1.93,0.96,0.15,0.29
2013-12-25,15.66,15.99,15.99,15.59,3284,5215012.00,2.55,1.85,0.29,0.27
2013-12-26,15.98,15.76,16.03,15.59,6057,9555788.00,2.75,-1.44,-0.23,0.51
2013-12-27,15.72,15.88,15.97,15.72,3981,6338700.00,1.59,0.76,0.12,0.33
2013-12-30,15.94,16.06,16.30,15.81,10745,17393235.00,3.09,1.13,0.18,0.90
2013-12-31,16.07,16.12,16.24,15.68,7649,12243005.00,3.49,0.37,0.06,0.64