2021-01-04,9.67,10.69,10.69,9.65,142192,155442802.00,10.75,10.55,1.02,5.90
2021-01-05,10.95,11.81,11.81,10.95,87765,105314813.00,8.04,10.48,1.12,3.64
2021-01-06,12.63,11.39,12.63,11.06,214934,260966317.00,13.29,-3.56,-0.42,8.92
2021-01-07,11.39,11.60,12.24,11.26,203027,251023978.00,8.60,1.84,0.21,8.43
2021-01-08,11.05,11.02,11.43,10.89,136967,160056169.00,4.66,-5.00,-0.58,5.68
2021-01-11,11.25,10.18,11.40,10.16,123651,139424397.00,11.25,-7.62,-0.84,5.13
2021-01-12,10.16,10.37,11.04,10.14,103856,114606262.00,8.84,1.87,0.19,4.31
2021-01-13,10.36,9.96,10.51,9.85,82387,87441730.00,6.36,-3.95,-0.41,3.42
2021-01-14,9.85,9.60,9.94,9.58,74940,76930721.00,3.61,-3.61,-0.36,3.11
2021-01-15,9.55,9.88,9.95,9.54,71972,74212802.00,4.27,2.92,0.28,2.99
2021-01-18,9.80,10.29,10.44,9.67,88819,95025560.00,7.79,4.15,0.41,3.69
2021-01-19,10.21,9.94,10.26,9.83,66555,70286922.00,4.18,-3.40,-0.35,2.76
2021-01-20,9.95,9.83,9.95,9.70,46997,48609869.00,2.52,-1.11,-0.11,1.95
2021-01-21,9.75,10.03,10.10,9.72,64518,67707416.00,3.87,2.03,0.20,2.68
2021-01-22,9.90,9.48,9.92,9.45,63651,64804412.00,4.69,-5.48,-0.55,2.64
2021-01-25,9.34,8.98,9.38,8.95,65069,62886065.00,4.54,-5.27,-0.50,2.70
2021-01-26,8.94,8.84,9.05,8.79,39930,37684527.00,2.90,-1.56,-0.14,1.66
2021-01-27,8.85,8.69,8.95,8.61,36413,33687119.00,3.85,-1.70,-0.15,1.51
2021-01-28,8.58,8.65,8.87,8.56,31936,29670657.00,3.57,-0.46,-0.04,1.33
2021-01-29,8.70,8.68,8.80,8.53,34206,31523149.00,3.12,0.35,0.03,1.42
2021-02-01,8.61,8.74,8.76,8.56,24928,23025845.00,2.30,0.69,0.06,1.03
2021-02-02,8.70,8.48,8.73,8.40,45782,41501473.00,3.78,-2.97,-0.26,1.90
2021-02-03,8.51,8.80,9.19,8.49,64833,60927937.00,8.25,3.77,0.32,2.69
2021-02-04,8.65,8.33,8.70,8.28,49124,44154027.00,4.77,-5.34,-0.47,2.04
2021-02-05,8.34,8.01,8.41,7.96,38419,33429359.00,5.40,-3.84,-0.32,1.59
2021-02-08,8.01,8.06,8.20,7.85,22072,18856766.00,4.37,0.62,0.05,0.92
2021-02-09,8.03,8.11,8.16,7.96,18026,15544070.00,2.48,0.62,0.05,0.75
2021-02-10,8.15,8.18,8.19,8.07,18633,16187598.00,1.48,0.86,0.07,0.77
2021-02-18,8.19,8.36,8.40,8.19,22258,19774485.00,2.57,2.20,0.18,0.92
2021-02-19,8.37,8.67,8.72,8.32,31296,28593907.00,4.78,3.71,0.31,1.30
2021-02-22,8.75,8.81,9.01,8.65,44218,41497918.00,4.15,1.61,0.14,1.84
2021-02-23,8.76,8.59,8.80,8.55,27472,25204421.00,2.84,-2.50,-0.22,1.14
2021-02-24,8.55,8.59,8.68,8.49,19956,18220745.00,2.21,0.00,0.00,0.83
2021-02-25,8.65,8.52,8.66,8.49,16092,14631629.00,1.98,-0.81,-0.07,0.67
2021-02-26,8.45,8.93,9.20,8.42,52397,48972194.00,9.15,4.81,0.41,2.17
2021-03-01,8.92,8.85,8.97,8.68,39611,37141496.00,3.25,-0.90,-0.08,1.64
2021-03-02,8.86,8.75,8.86,8.67,24674,22926364.00,2.15,-1.13,-0.10,1.02
2021-03-03,8.66,8.82,8.90,8.66,24646,23084299.00,2.74,0.80,0.07,1.02
2021-03-04,8.77,9.00,9.08,8.71,40096,38017364.00,4.20,2.04,0.18,1.66
2021-03-05,9.00,9.08,9.31,8.97,50752,49169006.00,3.78,0.89,0.08,2.11
2021-03-08,8.99,8.84,9.07,8.81,34534,32722346.00,2.86,-2.64,-0.24,1.43
2021-03-09,8.80,8.58,8.80,8.35,32725,29839148.00,5.09,-2.94,-0.26,1.36
2021-03-10,8.57,8.50,8.64,8.46,16438,14909071.00,2.10,-0.93,-0.08,0.68
2021-03-11,8.46,8.63,8.63,8.45,18424,16760530.00,2.12,1.53,0.13,0.76
2021-03-12,8.67,8.74,8.90,8.56,28334,26304577.00,3.94,1.27,0.11,1.18
2021-03-15,8.65,8.78,8.82,8.60,20040,18617128.00,2.52,0.46,0.04,0.83
2021-03-16,8.78,8.86,8.86,8.65,21552,20075482.00,2.39,0.91,0.08,0.89
2021-03-17,8.87,9.05,9.25,8.83,44748,43084071.00,4.74,2.14,0.19,1.86
2021-03-18,9.05,9.01,9.23,8.88,37616,36044981.00,3.87,-0.44,-0.04,1.56
2021-03-19,8.96,8.99,9.11,8.85,28105,26707163.00,2.89,-0.22,-0.02,1.17
2021-03-22,8.90,9.05,9.08,8.86,28184,26840629.00,2.45,0.67,0.06,1.17
2021-03-23,9.04,9.03,9.14,8.95,23256,22235948.00,2.10,-0.22,-0.02,0.97
2021-03-24,8.95,8.93,9.02,8.88,18927,17948347.00,1.55,-1.11,-0.10,0.79
2021-03-25,8.90,8.87,9.09,8.85,23727,22582665.00,2.69,-0.67,-0.06,0.98
2021-03-26,8.83,8.90,8.93,8.72,18139,17038019.00,2.37,0.34,0.03,0.75
2021-03-29,8.92,8.85,8.96,8.78,16160,15196110.00,2.02,-0.56,-0.05,0.67
2021-03-30,8.84,8.71,8.87,8.68,14561,13513443.00,2.15,-1.58,-0.14,0.60
2021-03-31,8.74,8.85,8.87,8.66,20881,19494939.00,2.41,1.61,0.14,0.87
2021-04-01,8.86,8.70,8.86,8.63,24485,22682668.00,2.60,-1.69,-0.15,1.02
2021-04-02,8.68,8.69,8.74,8.64,15211,14049858.00,1.15,-0.11,-0.01,0.63
2021-04-06,8.69,8.77,8.84,8.67,16604,15459820.00,1.96,0.92,0.08,0.69
2021-04-07,8.75,8.87,8.88,8.70,22872,21375085.00,2.05,1.14,0.10,0.95
2021-04-08,8.83,8.74,8.87,8.74,15768,14719678.00,1.47,-1.47,-0.13,0.65
2021-04-09,8.73,8.88,8.94,8.66,36326,34017002.00,3.20,1.60,0.14,1.51
2021-04-12,8.98,9.01,9.44,8.98,75661,73380075.00,5.18,1.46,0.13,3.14
2021-04-13,8.92,9.97,9.97,8.91,117513,120218415.00,11.76,10.65,0.96,4.88
2021-04-14,10.11,9.81,10.75,9.67,199401,213628705.00,10.83,-1.60,-0.16,8.28
2021-04-15,9.81,9.38,9.81,9.33,117128,117328824.00,4.89,-4.38,-0.43,4.86
2021-04-16,9.30,9.55,9.74,9.18,93480,94044258.00,5.97,1.81,0.17,3.88
2021-04-19,9.40,9.54,9.56,9.24,68679,68290956.00,3.35,-0.10,-0.01,2.85
2021-04-20,9.61,9.25,9.61,9.22,70796,70323473.00,4.09,-3.04,-0.29,2.94
2021-04-21,9.17,9.23,9.29,9.06,37860,36779126.00,2.49,-0.22,-0.02,1.57
2021-04-22,9.17,9.12,9.30,9.10,33082,32154728.00,2.17,-1.19,-0.11,1.37
2021-04-23,9.16,8.77,9.16,8.77,46403,43792479.00,4.28,-3.84,-0.35,1.93
2021-04-26,8.75,8.56,8.80,8.55,41150,37996415.00,2.85,-2.39,-0.21,1.71
2021-04-27,8.53,8.42,8.58,8.37,27468,24720815.00,2.45,-1.64,-0.14,1.14
2021-04-28,8.59,8.52,8.59,8.40,25680,23245120.00,2.26,1.19,0.10,1.07
2021-04-29,8.51,8.53,8.60,8.43,15095,13710277.00,2.00,0.12,0.01,0.63
2021-04-30,8.57,8.40,8.59,8.33,19520,17512348.00,3.05,-1.52,-0.13,0.81
2021-05-06,8.39,8.55,8.56,8.39,15604,14141723.00,2.02,1.79,0.15,0.65
2021-05-07,8.57,8.52,8.57,8.46,14716,13341516.00,1.29,-0.35,-0.03,0.61
2021-05-10,8.52,8.60,8.63,8.48,19400,17680736.00,1.76,0.94,0.08,0.81
2021-05-11,8.62,8.72,8.77,8.54,24635,22729681.00,2.67,1.40,0.12,1.02
2021-05-12,8.72,8.69,8.75,8.57,20713,19067979.00,2.06,-0.34,-0.03,0.86
2021-05-13,8.60,8.58,8.65,8.55,19537,17854518.00,1.15,-1.27,-0.11,0.81
2021-05-14,8.63,8.64,8.66,8.57,16957,15545354.00,1.05,0.70,0.06,0.70
2021-05-17,8.60,8.60,8.72,8.57,15992,14661210.00,1.74,-0.46,-0.04,0.66
2021-05-18,8.61,8.65,8.68,8.56,15663,14354601.00,1.40,0.58,0.05,0.65
2021-05-19,8.61,8.59,8.63,8.52,14618,13334714.00,1.27,-0.69,-0.06,0.61
2021-05-20,8.60,8.52,8.60,8.51,14555,13233717.00,1.05,-0.81,-0.07,0.60
2021-05-21,8.52,8.56,8.60,8.49,11257,10239433.00,1.29,0.47,0.04,0.47
2021-05-24,8.59,8.65,8.68,8.56,19162,17594071.00,1.40,1.05,0.09,0.80
2021-05-25,8.63,8.65,8.66,8.51,16938,15488150.00,1.73,0.00,0.00,0.70
2021-05-26,8.64,9.02,9.04,8.63,60216,56829880.00,4.74,4.28,0.37,2.50
2021-05-27,8.92,8.86,8.93,8.80,35741,33604733.00,1.44,-1.77,-0.16,1.48
2021-05-28,8.94,8.92,9.01,8.79,28023,26462015.00,2.48,0.68,0.06,1.16
2021-05-31,8.96,9.39,9.62,8.92,82462,81500200.00,7.85,5.27,0.47,3.42
2021-06-01,9.44,9.20,9.73,9.18,51367,50662982.00,5.86,-2.02,-0.19,2.13
2021-06-02,9.26,9.07,9.28,9.04,36666,35543929.00,2.61,-1.41,-0.13,1.52
2021-06-03,9.11,9.15,9.23,9.01,26250,25336026.00,2.43,0.88,0.08,1.09
2021-06-04,9.10,9.29,9.52,9.07,50629,49989591.00,4.92,1.53,0.14,2.10
2021-06-07,9.26,9.07,9.29,9.03,35040,33859498.00,2.80,-2.37,-0.22,1.45
2021-06-08,9.05,9.04,9.17,8.99,21581,20749408.00,1.98,-0.33,-0.03,0.90
2021-06-09,8.99,9.09,9.10,8.97,19282,18516504.00,1.44,0.55,0.05,0.80
2021-06-10,9.10,8.98,9.11,8.93,27180,25415964.00,1.98,-1.21,-0.11,1.13
2021-06-11,8.99,8.91,9.07,8.89,19062,17835764.00,2.00,-0.78,-0.07,0.79
2021-06-15,8.92,8.72,8.93,8.71,20093,18391041.00,2.47,-2.13,-0.19,0.83
2021-06-16,8.73,8.74,8.82,8.70,11313,10313358.00,1.38,0.23,0.02,0.47
2021-06-17,8.71,8.73,8.80,8.69,11475,10451048.00,1.26,-0.11,-0.01,0.48
2021-06-18,8.71,8.85,8.85,8.67,12206,11169004.00,2.06,1.37,0.12,0.51
2021-06-21,8.84,8.81,8.87,8.78,11563,10625950.00,1.02,-0.45,-0.04,0.48
2021-06-22,8.80,8.91,8.96,8.80,15279,14166568.00,1.82,1.14,0.10,0.63
2021-06-23,8.89,8.84,8.92,8.78,14639,13468690.00,1.57,-0.79,-0.07,0.61
2021-06-24,8.84,8.91,8.94,8.79,18949,17492711.00,1.70,0.79,0.07,0.79
2021-06-25,8.90,8.96,9.03,8.89,21209,19790637.00,1.57,0.56,0.05,0.88
2021-06-28,8.98,9.08,9.13,8.97,22853,21543804.00,1.79,1.34,0.12,0.95
2021-06-29,9.04,9.01,9.13,8.96,22665,21300467.00,1.87,-0.77,-0.07,0.94
2021-06-30,9.01,8.88,9.06,8.83,17094,15864231.00,2.55,-1.44,-0.13,0.71
2021-07-01,8.87,8.78,8.92,8.75,21479,19750457.00,1.91,-1.13,-0.10,0.89
2021-07-02,8.78,8.73,8.86,8.71,15056,13752524.00,1.71,-0.57,-0.05,0.62
2021-07-05,8.73,8.84,8.85,8.72,10253,9387819.00,1.49,1.26,0.11,0.43
2021-07-06,8.84,8.86,8.89,8.78,13602,12516107.00,1.24,0.23,0.02,0.56
2021-07-07,8.85,8.86,8.91,8.81,11267,10398867.00,1.13,0.00,0.00,0.47
2021-07-08,8.86,8.76,8.86,8.72,13986,12771433.00,1.58,-1.13,-0.10,0.58
2021-07-09,8.76,8.80,8.82,8.71,9144,8365830.00,1.26,0.46,0.04,0.38
2021-07-12,8.81,8.80,8.86,8.79,12736,11703824.00,0.80,0.00,0.00,0.53
2021-07-13,8.84,8.81,8.84,8.76,12299,11285166.00,0.91,0.11,0.01,0.51
2021-07-14,8.81,8.75,8.83,8.74,13332,12189677.00,1.02,-0.68,-0.06,0.55
2021-07-15,8.74,8.66,8.74,8.58,17971,16227779.00,1.83,-1.03,-0.09,0.75
2021-07-16,8.66,8.66,8.71,8.61,8180,7382108.00,1.15,0.00,0.00,0.34
2021-07-19,8.63,8.65,8.71,8.55,12567,11286903.00,1.85,-0.12,-0.01,0.52
2021-07-20,8.60,8.67,8.68,8.57,7184,6453246.00,1.27,0.23,0.02,0.30
2021-07-21,8.66,8.67,8.75,8.63,7276,6570076.00,1.38,0.00,0.00,0.30
2021-07-22,8.69,8.64,8.71,8.62,14314,12905057.00,1.04,-0.35,-0.03,0.59
2021-07-23,8.63,8.51,8.63,8.50,15759,14053409.00,1.50,-1.50,-0.13,0.65
2021-07-26,8.52,8.47,8.55,8.43,13248,11713302.00,1.41,-0.47,-0.04,0.55
2021-07-27,8.49,8.36,8.53,8.35,10516,9281752.00,2.13,-1.30,-0.11,0.44
2021-07-28,8.37,8.21,8.41,8.02,13964,11942352.00,4.67,-1.79,-0.15,0.58
2021-07-29,8.21,8.30,8.35,8.21,8984,7782799.00,1.71,1.10,0.09,0.37
2021-07-30,8.24,8.26,8.33,8.14,9861,8468002.00,2.29,-0.48,-0.04,0.41
2021-08-02,8.31,8.40,8.42,8.17,9662,8422020.00,3.03,1.69,0.14,0.40
2021-08-03,8.41,8.45,8.48,8.38,9599,8450197.00,1.19,0.60,0.05,0.40
2021-08-04,8.45,8.43,8.52,8.36,6392,5622998.00,1.89,-0.24,-0.02,0.27
2021-08-05,8.41,8.35,8.47,8.33,8471,7417721.00,1.66,-0.95,-0.08,0.35
2021-08-06,8.32,8.32,8.39,8.23,10193,8815608.00,1.92,-0.36,-0.03,0.42
2021-08-09,8.31,8.44,8.46,8.27,11954,10502239.00,2.28,1.44,0.12,0.50
2021-08-10,8.44,8.59,8.62,8.44,16063,14314289.00,2.13,1.78,0.15,0.67
2021-08-11,8.59,8.55,8.65,8.50,11896,10627293.00,1.75,-0.47,-0.04,0.49
2021-08-12,8.60,8.53,8.60,8.47,7690,6839651.00,1.52,-0.23,-0.02,0.32
2021-08-13,8.48,8.51,8.53,8.41,14081,12440883.00,1.41,-0.23,-0.02,0.58
2021-08-16,8.54,8.55,8.56,8.45,11494,10230994.00,1.29,0.47,0.04,0.48
2021-08-17,8.58,8.39,8.58,8.39,10635,9400004.00,2.22,-1.87,-0.16,0.44
2021-08-18,8.37,8.44,8.45,8.36,8594,7535853.00,1.07,0.60,0.05,0.36
2021-08-19,8.43,8.43,8.47,8.39,7744,6818489.00,0.95,-0.12,-0.01,0.32
2021-08-20,8.42,8.35,8.43,8.25,9140,7951731.00,2.14,-0.95,-0.08,0.38
2021-08-23,8.38,8.53,8.54,8.33,11051,9798178.00,2.51,2.16,0.18,0.46
2021-08-24,8.48,8.53,8.58,8.48,9122,8116851.00,1.17,0.00,0.00,0.38
2021-08-25,8.56,8.88,8.99,8.54,49860,45979472.00,5.28,4.10,0.35,2.07
2021-08-26,8.75,8.77,8.86,8.70,23453,21401604.00,1.80,-1.24,-0.11,0.97
2021-08-27,8.74,8.82,8.89,8.71,16597,15202218.00,2.05,0.57,0.05,0.69
2021-08-30,9.31,9.42,9.68,9.15,109412,107519861.00,6.01,6.80,0.60,4.54
2021-08-31,9.42,9.95,10.06,9.40,119982,122527456.00,7.01,5.63,0.53,4.98
2021-09-01,9.93,9.87,9.95,9.68,61821,63030634.00,2.71,-0.80,-0.08,2.57
2021-09-02,9.83,9.95,9.98,9.79,38080,39103644.00,1.93,0.81,0.08,1.58
2021-09-03,9.87,10.21,10.34,9.83,55420,58376151.00,5.13,2.61,0.26,2.30
2021-09-06,10.20,10.78,10.83,10.10,72595,79386949.00,7.15,5.58,0.57,3.01
2021-09-07,10.73,10.62,10.75,10.39,52245,56782263.00,3.34,-1.48,-0.16,2.17
2021-09-08,10.55,10.66,10.70,10.43,37854,41354376.00,2.54,0.38,0.04,1.57
2021-09-09,10.66,10.60,10.80,10.48,30266,33195888.00,3.00,-0.56,-0.06,1.26
2021-09-10,10.66,10.63,10.99,10.61,52864,59075192.00,3.58,0.28,0.03,2.19
2021-09-13,10.63,11.00,11.12,10.47,45996,51834404.00,6.11,3.48,0.37,1.91
2021-09-14,11.00,10.84,11.12,10.78,32833,37008834.00,3.09,-1.45,-0.16,1.36
2021-09-15,10.84,11.11,11.25,10.80,31135,35615761.00,4.15,2.49,0.27,1.29
2021-09-16,11.18,10.95,11.33,10.94,34058,39159152.00,3.51,-1.44,-0.16,1.41
2021-09-17,11.05,11.45,11.57,10.98,46133,54215137.00,5.39,4.57,0.50,1.91
2021-09-22,11.31,10.91,11.41,10.65,57679,64710700.00,6.64,-4.72,-0.54,2.39
2021-09-23,10.95,10.93,11.17,10.68,46814,52627903.00,4.49,0.18,0.02,1.94
2021-09-24,10.94,10.70,10.99,10.61,37255,41483814.00,3.48,-2.10,-0.23,1.55
2021-09-27,10.83,10.66,10.83,10.28,52186,57283556.00,5.14,-0.37,-0.04,2.17
2021-09-28,10.67,10.80,10.87,10.34,28005,30898417.00,4.97,1.31,0.14,1.16
2021-09-29,10.61,10.46,10.79,10.40,22339,24370038.00,3.61,-3.15,-0.34,0.93
2021-09-30,10.45,11.08,11.23,10.45,38466,43766544.00,7.46,5.93,0.62,1.60
2021-10-08,11.23,11.23,11.30,10.96,40445,46488798.00,3.07,1.35,0.15,1.68
2021-10-11,11.26,11.27,11.40,10.96,35023,40452803.00,3.92,0.36,0.04,1.45
2021-10-12,11.18,11.13,11.38,10.99,32420,37422375.00,3.46,-1.24,-0.14,1.35
2021-10-13,11.16,10.68,11.22,10.39,32720,36115601.00,7.46,-4.04,-0.45,1.36
2021-10-14,10.60,10.76,10.87,10.51,18272,20282215.00,3.37,0.75,0.08,0.76
2021-10-15,10.76,10.11,10.79,10.10,31319,33503431.00,6.41,-6.04,-0.65,1.30
2021-10-18,10.14,11.16,11.16,10.07,37559,41696418.00,10.78,10.39,1.05,1.56
2021-10-19,11.53,12.03,12.23,11.05,117908,142565910.00,10.57,7.80,0.87,4.89
2021-10-20,12.07,11.58,12.08,11.47,68230,82227656.00,5.07,-3.74,-0.45,2.83
2021-10-21,11.58,11.27,11.61,11.21,50491,59109203.00,3.45,-2.68,-0.31,2.10
2021-10-22,11.23,10.56,11.26,10.52,56474,62806111.00,6.57,-6.30,-0.71,2.34
2021-10-25,10.66,10.32,10.79,10.26,50960,54750684.00,5.02,-2.27,-0.24,2.12
2021-10-26,10.32,10.17,10.42,10.05,37741,39816814.00,3.59,-1.45,-0.15,1.57
2021-10-27,10.10,9.79,10.12,9.62,40313,40910479.00,4.92,-3.74,-0.38,1.67
2021-10-28,9.80,9.27,9.87,9.14,67765,65791434.00,7.46,-5.31,-0.52,2.81
2021-10-29,9.14,9.29,9.54,9.05,66732,64505478.00,5.29,0.22,0.02,2.77
2021-11-01,9.37,9.37,9.68,9.33,63377,62361846.00,3.77,0.86,0.08,2.63
2021-11-02,9.36,9.12,9.41,8.97,60329,57523908.00,4.70,-2.67,-0.25,2.50
2021-11-03,9.17,9.36,9.47,9.03,55131,53359377.00,4.82,2.63,0.24,2.29
2021-11-04,9.29,9.58,9.65,9.28,51025,50452873.00,3.95,2.35,0.22,2.12
2021-11-05,9.57,9.45,9.88,9.44,55066,55186380.00,4.59,-1.36,-0.13,2.29
2021-11-08,9.62,9.48,9.62,9.35,35138,34533192.00,2.86,0.32,0.03,1.46
2021-11-09,9.47,9.82,9.85,9.47,46767,47203918.00,4.01,3.59,0.34,1.94
2021-11-10,9.81,9.83,9.95,9.65,37797,38468360.00,3.05,0.10,0.01,1.57
2021-11-11,9.84,9.79,10.05,9.73,43577,44790474.00,3.26,-0.41,-0.04,1.81
2021-11-12,9.87,10.13,10.18,9.81,42366,44170677.00,3.78,3.47,0.34,1.76
2021-11-15,10.22,10.09,10.49,10.07,46254,48866083.00,4.15,-0.39,-0.04,1.92
2021-11-16,10.14,9.98,10.27,9.94,30440,31813056.00,3.27,-1.09,-0.11,1.26
2021-11-17,9.94,10.01,10.06,9.83,26983,27854014.00,2.30,0.30,0.03,1.12
2021-11-18,9.99,10.03,10.13,9.87,27225,28177101.00,2.60,0.20,0.02,1.13
2021-11-19,9.97,9.94,10.02,9.77,21183,21689051.00,2.49,-0.90,-0.09,0.88
2021-11-22,9.92,9.98,10.02,9.82,21495,22128198.00,2.01,0.40,0.04,0.89
2021-11-23,10.03,9.97,10.04,9.90,21448,22173945.00,1.40,-0.10,-0.01,0.89
2021-11-24,9.99,9.93,10.02,9.84,20698,21253159.00,1.81,-0.40,-0.04,0.86
2021-11-25,9.89,9.87,9.99,9.85,17302,17757081.00,1.41,-0.60,-0.06,0.72
2021-11-26,9.88,9.68,9.90,9.67,24824,25054450.00,2.33,-1.93,-0.19,1.03
2021-11-29,9.60,9.52,9.60,9.46,25001,24720599.00,1.45,-1.65,-0.16,1.04
2021-11-30,9.53,9.67,9.67,9.51,21965,21884310.00,1.68,1.58,0.15,0.91
2021-12-01,9.61,9.77,9.77,9.53,23020,23071094.00,2.48,1.03,0.10,0.96
2021-12-02,9.72,9.68,9.81,9.64,18519,18698736.00,1.74,-0.92,-0.09,0.77
2021-12-03,9.69,9.77,9.83,9.63,19865,20109014.00,2.07,0.93,0.09,0.82
2021-12-06,9.82,9.57,9.82,9.54,28261,28202276.00,2.87,-2.05,-0.20,1.17
2021-12-07,9.58,9.83,9.83,9.56,37794,38166073.00,2.82,2.72,0.26,1.57
2021-12-08,9.84,10.06,10.09,9.72,45874,47359772.00,3.76,2.34,0.23,1.90
2021-12-09,10.03,9.98,10.06,9.93,36066,37296706.00,1.29,-0.80,-0.08,1.50
2021-12-10,10.02,10.06,10.19,9.95,29385,30611943.00,2.40,0.80,0.08,1.22
2021-12-13,10.01,10.08,10.19,9.93,34529,36018064.00,2.58,0.20,0.02,1.43
2021-12-14,10.05,9.98,10.05,9.93,24416,25261524.00,1.19,-0.99,-0.10,1.01
2021-12-15,10.02,9.96,10.07,9.92,21302,22053362.00,1.50,-0.20,-0.02,0.88
2021-12-16,9.99,10.13,10.14,9.88,28200,29387841.00,2.61,1.71,0.17,1.17
2021-12-17,10.13,10.04,10.17,10.03,28093,29353427.00,1.38,-0.89,-0.09,1.17
2021-12-20,10.08,10.61,10.68,10.05,92908,100534042.00,6.27,5.68,0.57,3.86
2021-12-21,10.50,10.70,10.71,10.42,51901,56681979.00,2.73,0.85,0.09,2.15
2021-12-22,10.70,10.60,10.80,10.53,31636,34679924.00,2.52,-0.93,-0.10,1.31
2021-12-23,10.54,10.55,10.88,10.50,43823,48270500.00,3.58,-0.47,-0.05,1.82
2021-12-24,10.54,10.45,10.65,10.42,35090,38117890.00,2.18,-0.95,-0.10,1.46
2021-12-27,10.45,10.77,10.81,10.44,42838,47246304.00,3.54,3.06,0.32,1.78
2021-12-28,10.75,10.69,10.79,10.59,27529,30384118.00,1.86,-0.74,-0.08,1.14
2021-12-29,10.71,10.74,10.81,10.53,35005,38672212.00,2.62,0.47,0.05,1.45
2021-12-30,10.78,10.91,10.97,10.67,43700,48958426.00,2.79,1.58,0.17,1.81
2021-12-31,10.92,11.15,11.27,10.85,46300,53008048.00,3.85,2.20,0.24,1.92