MTk5Ni0wNS0yNCwyLjk5LDMuMjMsMy4zNCwyLjkzLDE2MDU4NCwxNTAyOTIwMDAuMDAsMTYuMDgsMjYuNjcsMC42OCw0OC42Ng==
1996-05-27,3.19,3.21,3.27,3.10,58005,54438000.00,5.26,-0.62,-0.02,17.58
1996-05-28,3.25,3.43,3.44,3.16,61682,60217000.00,8.72,6.85,0.22,18.69
1996-05-29,3.43,3.41,3.52,3.38,44097,45628000.00,4.08,-0.58,-0.02,13.36
1996-05-30,3.41,3.48,3.58,3.41,44876,47092000.00,4.99,2.05,0.07,13.60
1996-05-31,3.50,3.77,3.81,3.42,57764,64301000.00,11.21,8.33,0.29,17.50
1996-06-03,3.84,3.89,3.95,3.59,73131,84717000.00,9.55,3.18,0.12,22.16
1996-06-04,3.88,4.02,4.03,3.83,45898,54715000.00,5.14,3.34,0.13,13.91
1996-06-05,3.99,4.12,4.12,3.96,28565,35047000.00,3.98,2.49,0.10,8.66
1996-06-06,4.15,3.98,4.18,3.89,20226,24744000.00,7.04,-3.40,-0.14,6.13
1996-06-07,4.00,4.18,4.21,3.99,27275,34566000.00,5.53,5.03,0.20,8.27
1996-06-10,4.15,3.95,4.18,3.89,36529,45379000.00,6.94,-5.50,-0.23,11.07
1996-06-11,3.95,3.98,4.02,3.86,11778,14135000.00,4.05,0.76,0.03,3.57
1996-06-12,3.95,4.11,4.19,3.89,15423,19222000.00,7.54,3.27,0.13,4.67
1996-06-13,3.95,4.42,4.47,3.95,22579,29946000.00,12.65,7.54,0.31,6.84
1996-06-14,4.39,4.33,4.53,4.24,16479,22558000.00,6.56,-2.04,-0.09,4.99
1996-06-17,4.21,4.22,4.36,4.21,8651,11363000.00,3.46,-2.54,-0.11,2.62
1996-06-18,4.23,4.36,4.38,4.21,5163,6803000.00,4.03,3.32,0.14,1.56
1996-06-19,4.39,4.41,4.44,4.32,8808,11865000.00,2.75,1.15,0.05,2.67
1996-06-20,4.39,4.45,4.47,4.36,9735,13310000.00,2.49,0.91,0.04,2.95
1996-06-21,4.39,4.62,4.64,4.39,15383,21559240.00,5.62,3.82,0.17,4.66
1996-06-24,4.62,4.73,4.76,4.57,8412,12231000.00,4.11,2.38,0.11,2.55
1996-06-25,4.63,4.89,5.72,4.37,17833,27095000.00,28.54,3.38,0.16,5.40
1996-06-26,4.92,4.95,4.98,4.84,19989,30493000.00,2.86,1.23,0.06,6.06
1996-06-27,5.04,5.18,5.22,4.95,17680,28262000.00,5.45,4.65,0.23,5.36
1996-06-28,5.20,5.47,5.54,5.20,21115,35795000.00,6.56,5.60,0.29,6.40
1996-07-01,5.57,5.23,5.57,5.13,14377,23853000.00,8.04,-4.39,-0.24,4.36
1996-07-02,5.17,5.16,5.25,4.95,11841,18799000.00,5.74,-1.34,-0.07,3.59
1996-07-03,5.10,5.17,5.22,5.10,13611,21980000.00,2.33,0.19,0.01,4.12
1996-07-04,5.26,5.16,5.39,5.02,18811,30139000.00,7.16,-0.19,-0.01,5.70
1996-07-05,5.19,5.04,5.31,5.01,19520,30807000.00,5.81,-2.33,-0.12,5.92
1996-07-08,5.04,4.92,5.07,4.88,9491,14690000.00,3.77,-2.38,-0.12,2.88
1996-07-09,4.95,5.36,5.36,4.86,14796,23859000.00,10.16,8.94,0.44,4.48
1996-07-10,5.36,5.36,5.57,5.23,13739,23276000.00,6.34,0.00,0.00,4.16
1996-07-11,5.37,5.10,5.37,5.07,10266,16674000.00,5.60,-4.85,-0.26,3.11
1996-07-12,5.04,5.15,5.16,4.92,5464,8651000.00,4.71,0.98,0.05,1.66
1996-07-15,5.10,5.04,5.13,4.98,4668,7386000.00,2.91,-2.14,-0.11,1.41
1996-07-16,4.99,5.12,5.17,4.99,18610,29733000.00,3.57,1.59,0.08,5.64
1996-07-17,5.17,5.13,5.38,4.95,19879,32722000.00,8.40,0.20,0.01,6.02
1996-07-18,5.15,5.22,5.34,5.15,11018,18118000.00,3.70,1.75,0.09,3.34
1996-07-19,5.28,5.16,5.28,5.10,5719,9176000.00,3.45,-1.15,-0.06,1.73
1996-07-22,5.19,5.13,5.22,5.01,6157,9727000.00,4.07,-0.58,-0.03,1.87
1996-07-23,5.19,5.06,5.19,5.02,5933,9345000.00,3.31,-1.36,-0.07,1.80
1996-07-24,5.09,5.04,5.15,5.00,11059,17482000.00,2.96,-0.40,-0.02,3.35
1996-07-25,5.09,4.99,5.26,4.95,15432,24470000.00,6.15,-0.99,-0.05,4.68
1996-07-26,5.07,4.97,5.09,4.96,6380,9968000.00,2.61,-0.40,-0.02,1.93
1996-07-29,4.95,4.92,5.04,4.89,6166,9433000.00,3.02,-1.01,-0.05,1.87
1996-07-30,4.92,4.69,5.04,4.65,8411,12498000.00,7.93,-4.67,-0.23,2.55
1996-07-31,4.69,4.51,4.82,4.44,8658,12131000.00,8.10,-3.84,-0.18,2.62
1996-08-01,4.51,4.53,4.59,4.41,10074,14000000.00,3.99,0.44,0.02,3.05
1996-08-02,4.59,4.50,4.63,4.45,3716,5204000.00,3.97,-0.66,-0.03,1.13
1996-08-05,4.51,4.74,4.77,4.51,4995,7192000.00,5.78,5.33,0.24,1.51
1996-08-06,4.73,4.72,4.78,4.59,5442,7950000.00,4.01,-0.42,-0.02,1.65
1996-08-07,4.74,4.76,4.86,4.69,5738,8526000.00,3.60,0.85,0.04,1.74
1996-08-08,4.74,4.95,4.95,4.73,14458,21948000.00,4.62,3.99,0.19,4.38
1996-08-09,4.92,5.15,5.17,4.92,28658,45682000.00,5.05,4.04,0.20,8.68
1996-08-12,5.24,5.08,5.27,5.08,18810,30237000.00,3.69,-1.36,-0.07,5.70
1996-08-13,5.08,5.26,5.31,5.08,29288,47600000.00,4.53,3.54,0.18,8.88
1996-08-14,5.22,5.12,5.27,5.12,13511,21850000.00,2.85,-2.66,-0.14,4.09
1996-08-15,5.28,4.98,5.28,4.97,12596,20543000.00,6.05,-2.73,-0.14,3.82
1996-08-16,5.07,4.95,5.12,4.80,12896,19514000.00,6.43,-0.60,-0.03,3.91
1996-08-19,4.70,4.83,4.89,4.70,2620,3942000.00,3.84,-2.42,-0.12,0.79
1996-08-20,4.83,4.80,4.88,4.75,2711,4053000.00,2.69,-0.62,-0.03,0.82
1996-08-21,4.86,5.04,5.04,4.86,17045,26418000.00,3.75,5.00,0.24,5.17
1996-08-22,5.09,4.88,5.09,4.84,18269,28396000.00,4.96,-3.17,-0.16,5.54
1996-08-23,4.88,4.96,4.99,4.78,16135,24434000.00,4.30,1.64,0.08,4.89
1996-08-26,5.06,4.91,5.19,4.91,26070,41391000.00,5.65,-1.01,-0.05,7.90
1996-08-27,4.91,5.28,5.29,4.91,32728,53036000.00,7.74,7.54,0.37,9.92
1996-08-28,5.31,5.29,5.44,5.29,45309,76312000.00,2.84,0.19,0.01,13.73
1996-08-29,5.34,5.36,5.42,5.26,15585,26117000.00,3.02,1.32,0.07,4.72
1996-08-30,5.39,5.34,5.41,5.21,28277,47040000.00,3.73,-0.37,-0.02,8.57
1996-09-02,5.38,5.54,5.56,5.34,38027,65200000.00,4.12,3.75,0.20,11.52
1996-09-03,5.57,5.75,5.78,5.51,64331,115107000.00,4.87,3.79,0.21,19.49
1996-09-04,5.78,6.30,6.33,5.78,35080,67724000.00,9.57,9.57,0.55,10.63
1996-09-05,6.34,6.37,6.52,6.17,35867,72435000.00,5.56,1.11,0.07,10.87
1996-09-06,6.32,6.36,6.55,6.29,16159,33066000.00,4.08,-0.16,-0.01,4.90
1996-09-09,6.42,6.45,6.50,6.32,13982,28555000.00,2.83,1.42,0.09,4.24
1996-09-10,6.37,6.02,6.55,5.96,24182,48213000.00,9.15,-6.67,-0.43,7.33
1996-09-11,5.96,6.15,6.15,5.66,21884,41099000.00,8.14,2.16,0.13,6.63
1996-09-12,6.22,6.20,6.28,6.03,26440,51592000.00,4.07,0.81,0.05,8.01
1996-09-13,6.16,6.74,6.74,6.15,41294,85052000.00,9.52,8.71,0.54,12.51
1996-09-16,6.74,7.23,7.25,6.72,33366,75081000.00,7.86,7.27,0.49,10.11
1996-09-17,7.25,7.14,7.33,6.99,16707,38376000.00,4.70,-1.24,-0.09,5.06
1996-09-18,7.13,7.14,7.26,7.01,15073,34282000.00,3.50,0.00,0.00,4.57
1996-09-19,7.08,7.28,7.33,6.76,11414,25662000.00,7.98,1.96,0.14,3.46
1996-09-20,7.30,7.61,7.61,7.30,24242,57922000.00,4.26,4.53,0.33,7.35
1996-09-23,7.79,8.27,8.30,7.76,39903,103642000.00,7.10,8.67,0.66,12.09
1996-09-24,8.38,8.70,8.70,8.27,46149,126734000.00,5.20,5.20,0.43,13.98
1996-09-25,8.50,8.38,8.56,8.27,11351,30597000.00,3.33,-3.68,-0.32,3.44
1996-09-26,8.27,8.40,8.43,8.27,11454,30867000.00,1.91,0.24,0.02,3.47
1996-09-27,8.44,8.47,8.47,8.35,17524,47443000.00,1.43,0.83,0.07,5.31
1996-10-03,7.79,8.09,8.46,7.79,15067,39441000.00,7.91,-4.49,-0.38,4.57
1996-10-04,8.24,8.22,8.24,8.06,8974,23473000.00,2.22,1.61,0.13,2.72
1996-10-07,8.20,8.19,8.21,7.97,7245,18930000.00,2.92,-0.36,-0.03,2.20
1996-10-08,8.09,8.11,8.20,8.00,4547,11868000.00,2.44,-0.98,-0.08,1.38
1996-10-09,8.09,8.12,8.13,8.03,4600,11942000.00,1.23,0.12,0.01,1.39
1996-10-10,8.12,8.47,8.47,8.09,11237,30215000.00,4.68,4.31,0.35,3.41
1996-10-11,8.44,8.35,8.49,8.09,8692,23622000.00,4.72,-1.42,-0.12,2.63
1996-10-14,9.06,8.47,9.06,8.09,12301,33371000.00,11.62,1.44,0.12,3.73
1996-10-15,8.49,8.59,11.64,8.38,16772,46783000.00,38.49,1.42,0.12,5.08
1996-10-16,8.32,8.47,8.56,8.31,5755,15624000.00,2.91,-1.40,-0.12,1.74
1996-10-17,8.44,8.38,8.47,8.37,5135,13942000.00,1.18,-1.06,-0.09,1.56
1996-10-18,8.35,8.35,8.35,8.29,5900,15820000.00,0.72,-0.36,-0.03,1.79
1996-10-21,8.31,8.23,8.38,8.13,2960,7896000.00,2.99,-1.44,-0.12,0.90
1996-10-22,8.09,8.12,8.21,8.06,3895,10154000.00,1.82,-1.34,-0.11,1.18
1996-10-23,8.09,8.15,8.24,8.09,4786,12523000.00,1.85,0.37,0.03,1.45
1996-10-24,8.16,8.17,8.20,8.10,6104,15999000.00,1.23,0.25,0.02,1.85
1996-10-25,8.15,8.14,8.16,8.09,7723,20156000.00,0.86,-0.37,-0.03,2.34
1996-10-28,8.09,8.08,8.12,8.06,8109,21083000.00,0.74,-0.74,-0.06,2.46
1996-10-29,8.08,8.12,8.20,8.06,7565,19780000.00,1.73,0.50,0.04,2.29
1996-10-30,8.08,8.07,8.13,8.04,4747,12342000.00,1.11,-0.62,-0.05,1.44
1996-10-31,8.09,8.47,8.56,8.06,12978,35105000.00,6.20,4.96,0.40,3.93
1996-11-01,8.37,8.20,8.38,8.09,5529,14653000.00,3.42,-3.19,-0.27,1.68
1996-11-04,8.17,8.20,8.24,8.08,10483,27381000.00,1.95,0.00,0.00,3.18
1996-11-05,8.17,8.19,8.19,8.08,8169,21293000.00,1.34,-0.12,-0.01,2.48
1996-11-06,8.14,8.30,8.34,8.08,3591,9401000.00,3.17,1.34,0.11,1.09
1996-11-07,8.28,8.30,8.30,8.18,5519,14664000.00,1.45,0.00,0.00,1.67
1996-11-08,8.30,8.30,8.32,8.09,10109,26857000.00,2.77,0.00,0.00,3.06
1996-11-11,8.20,8.28,8.29,8.09,9830,25926000.00,2.41,-0.24,-0.02,2.98
1996-11-12,8.20,8.20,8.28,8.08,10063,26476000.00,2.42,-0.97,-0.08,3.05
1996-11-13,8.21,8.16,8.22,8.03,8193,21487000.00,2.32,-0.49,-0.04,2.48
1996-11-14,8.18,8.52,8.53,8.17,21630,58607000.00,4.41,4.41,0.36,6.55
1996-11-18,8.74,8.54,8.74,8.52,18624,51917000.00,2.58,0.23,0.02,5.64
1996-11-19,8.56,8.66,8.68,8.56,24378,68014000.00,1.41,1.41,0.12,7.39
1996-11-20,8.68,8.62,8.77,8.57,19420,54399000.00,2.31,-0.46,-0.04,5.88
1996-11-21,8.64,8.38,8.64,8.30,17612,47879000.00,3.94,-2.78,-0.24,5.34
1996-11-22,8.13,8.30,8.30,8.07,18385,24318000.00,2.74,-0.95,-0.08,2.79
1996-11-25,8.30,8.32,8.37,8.15,30330,40416000.00,2.65,0.24,0.02,4.60
1996-11-26,8.38,9.12,9.33,8.32,91937,132309000.00,12.14,9.62,0.80,13.93
1996-11-27,9.09,9.01,9.27,8.94,38891,57112000.00,3.62,-1.21,-0.11,5.89
1996-11-28,9.09,8.89,9.16,8.83,24260,35071000.00,3.66,-1.33,-0.12,3.68
1996-11-29,8.92,8.96,9.08,8.90,25420,36891000.00,2.02,0.79,0.07,3.85
1996-12-02,9.04,9.25,9.31,9.01,45517,67539000.00,3.35,3.24,0.29,6.90
1996-12-03,9.57,9.09,9.86,9.04,49984,78137000.00,8.86,-1.73,-0.16,7.57
1996-12-04,9.27,9.72,9.75,9.27,40926,62961000.00,5.28,6.93,0.63,6.20
1996-12-05,9.86,9.85,9.98,9.57,41348,65480000.00,4.22,1.34,0.13,6.26
1996-12-06,9.92,10.28,10.38,9.86,67292,112107000.00,5.28,4.37,0.43,10.20
1996-12-09,10.28,10.54,10.72,10.18,59711,102266000.00,5.25,2.53,0.26,9.05
1996-12-10,10.57,10.48,10.63,10.28,38519,65119000.00,3.32,-0.57,-0.06,5.84
1996-12-11,10.48,10.73,10.92,10.38,41084,71209000.00,5.15,2.39,0.25,6.22
1996-12-12,10.86,10.18,10.92,9.38,35815,60748000.00,14.35,-5.13,-0.55,5.43
1996-12-13,10.16,9.50,10.16,9.45,30112,47937000.00,6.97,-6.68,-0.68,4.56
1996-12-16,8.59,8.59,8.59,8.59,3035,4203000.00,0.00,-9.58,-0.91,0.46
1996-12-17,7.78,7.78,8.09,7.78,22063,27572000.00,3.61,-9.43,-0.81,3.34
1996-12-18,7.14,8.51,8.51,7.14,52723,69431000.00,17.61,9.38,0.73,7.99
1996-12-19,8.68,8.20,9.15,7.98,58975,82560000.00,13.75,-3.64,-0.31,8.94
1996-12-20,8.09,8.12,8.37,7.85,22628,29313000.00,6.34,-0.98,-0.08,3.43
1996-12-23,8.37,8.24,8.44,8.12,15554,20704000.00,3.94,1.48,0.12,2.36
1996-12-24,8.38,7.97,8.44,7.97,12676,16588000.00,5.70,-3.28,-0.27,1.92
1996-12-25,8.09,8.28,8.35,7.79,15844,20777000.00,7.03,3.89,0.31,2.40
1996-12-26,8.37,8.36,8.43,8.15,14439,19247000.00,3.38,0.97,0.08,2.19
1996-12-27,8.32,8.30,8.32,8.20,9513,12668000.00,1.44,-0.72,-0.06,1.44
1996-12-30,8.35,8.30,8.38,8.24,11532,15409000.00,1.69,0.00,0.00,1.75
1996-12-31,8.27,8.20,8.30,8.09,9609,12631000.00,2.53,-1.20,-0.10,1.46