MjAyMy0wMS0wMyw1Ni41Niw2Mi4yOCw2Mi45MCw1Ni41MCw3MjQ4NSw0MzczNzQ2NzcuMDAsMTEuMjEsOS4wNyw1LjE4LDguODg=
2023-01-04,62.39,62.43,63.02,60.61,57157,354233060.00,3.87,0.24,0.15,7.01
2023-01-05,62.18,64.30,66.66,62.18,62210,402903567.00,7.18,3.00,1.87,7.62
2023-01-06,63.71,63.80,67.98,63.54,75670,496001750.00,6.91,-0.78,-0.50,9.27
2023-01-09,64.40,63.49,65.60,62.50,56707,363220114.00,4.86,-0.49,-0.31,6.95
2023-01-10,64.00,62.67,65.20,62.10,46375,294285768.00,4.88,-1.29,-0.82,5.68
2023-01-11,62.36,62.79,64.24,61.61,45712,288092623.00,4.20,0.19,0.12,5.60
2023-01-12,62.43,62.89,66.88,62.07,61281,395283869.00,7.66,0.16,0.10,7.51
2023-01-13,62.94,60.13,64.00,59.78,57928,353321931.00,6.71,-4.39,-2.76,7.10
2023-01-16,60.39,61.80,62.66,60.39,46968,289505462.00,3.78,2.78,1.67,5.76
2023-01-17,62.36,60.55,62.50,59.53,34237,206681171.00,4.81,-2.02,-1.25,4.20
2023-01-18,61.30,59.40,61.30,59.20,24759,147826573.00,3.47,-1.90,-1.15,3.03
2023-01-19,58.99,57.28,59.85,57.15,53119,307808814.00,4.55,-3.57,-2.12,6.51
2023-01-20,57.36,62.99,63.35,57.30,78060,476644950.00,10.56,9.97,5.71,9.57
2023-01-30,65.00,62.45,65.34,60.61,56696,351526080.00,7.51,-0.86,-0.54,6.95
2023-01-31,61.77,62.05,64.00,61.35,43220,270781421.00,4.24,-0.64,-0.40,5.30
2023-02-01,62.33,59.97,62.35,58.30,75271,448818782.00,6.53,-3.35,-2.08,9.23
2023-02-02,60.25,60.37,61.58,59.12,43533,262418339.00,4.10,0.67,0.40,5.34
2023-02-03,59.76,58.20,60.30,58.03,34819,204193880.00,3.76,-3.59,-2.17,4.27
2023-02-06,58.28,56.45,59.65,56.00,56994,325432361.00,6.27,-3.01,-1.75,6.99
2023-02-07,56.00,55.66,57.59,54.60,55190,306484260.00,5.30,-1.40,-0.79,6.76
2023-02-08,55.66,54.98,57.49,54.66,49935,279424512.00,5.08,-1.22,-0.68,6.12
2023-02-09,54.50,55.94,57.39,53.52,53555,299201496.00,7.04,1.75,0.96,6.56
2023-02-10,56.08,54.63,56.13,54.30,29343,161179198.00,3.27,-2.34,-1.31,3.60
2023-02-13,54.83,55.30,56.84,54.52,64411,358080514.00,4.25,1.23,0.67,7.89
2023-02-14,55.23,56.05,56.20,53.36,63083,344386769.00,5.14,1.36,0.75,7.73
2023-02-15,56.05,54.91,57.28,54.84,58026,324060508.00,4.35,-2.03,-1.14,7.11
2023-02-16,54.12,53.30,55.44,52.86,55187,297344692.00,4.70,-2.93,-1.61,6.76
2023-02-17,53.24,53.10,54.78,52.88,35496,190283540.00,3.56,-0.38,-0.20,4.35
2023-02-20,52.19,52.52,52.76,51.19,70184,363987058.00,2.96,-1.09,-0.58,8.60
2023-02-21,52.28,50.86,52.74,50.48,61400,313716961.00,4.30,-3.16,-1.66,7.53
2023-02-22,51.00,52.34,54.00,50.48,82191,432381809.00,6.92,2.91,1.48,10.07
2023-02-23,52.01,55.10,55.56,51.99,76034,410355324.00,6.82,5.27,2.76,9.32
2023-02-24,54.45,53.65,55.83,53.31,41608,226483272.00,4.57,-2.63,-1.45,5.10
2023-02-27,53.55,53.96,56.10,53.00,53444,293270663.00,5.78,0.58,0.31,6.55
2023-02-28,53.46,52.37,53.95,51.77,45135,236928082.00,4.04,-2.95,-1.59,5.53
2023-03-01,52.40,51.83,52.58,51.00,34573,178638368.00,3.02,-1.03,-0.54,4.24
2023-03-02,52.00,49.50,52.15,49.49,55284,277733669.00,5.13,-4.50,-2.33,6.78
2023-03-03,50.00,50.50,51.40,49.88,38286,194366480.00,3.07,2.02,1.00,4.69
2023-03-06,49.64,53.16,53.43,49.01,63106,327645232.00,8.75,5.27,2.66,7.73
2023-03-07,52.68,51.82,53.12,51.50,39786,207181901.00,3.05,-2.52,-1.34,4.88
2023-03-08,51.60,50.45,53.22,49.60,49629,254239270.00,6.99,-2.64,-1.37,6.08
2023-03-09,49.82,50.08,51.23,49.82,26036,130669970.00,2.79,-0.73,-0.37,3.19
2023-03-10,49.83,49.53,50.95,49.01,28275,140545859.00,3.87,-1.10,-0.55,3.47
2023-03-13,49.55,50.19,51.48,49.55,45013,227870114.00,3.90,1.33,0.66,5.52
2023-03-14,50.50,48.99,50.50,46.81,73031,351855394.00,7.35,-2.39,-1.20,8.95
2023-03-15,49.02,48.28,49.94,48.02,33894,165515233.00,3.92,-1.45,-0.71,4.15
2023-03-16,47.80,45.62,48.27,45.55,52818,245279486.00,5.63,-5.51,-2.66,6.47
2023-03-17,46.07,45.83,47.80,45.76,50179,233292960.00,4.47,0.46,0.21,6.15
2023-03-20,46.33,50.92,52.50,44.73,98852,489851709.00,16.95,11.11,5.09,12.12
2023-03-21,51.00,51.80,52.23,50.22,83424,427487588.00,3.95,1.73,0.88,10.23
2023-03-22,51.73,50.22,51.98,49.91,62476,317133762.00,4.00,-3.05,-1.58,7.66
2023-03-23,50.52,49.65,50.68,49.40,46915,233977160.00,2.55,-1.14,-0.57,5.75
2023-03-24,50.00,49.41,52.58,47.05,78081,391429637.00,11.14,-0.48,-0.24,9.57
2023-03-27,49.20,49.56,50.97,47.56,66992,329333609.00,6.90,0.30,0.15,8.21
2023-03-28,49.56,48.09,49.96,47.91,42108,204341862.00,4.14,-2.97,-1.47,5.16
2023-03-29,48.03,47.82,49.08,47.30,35206,169311113.00,3.70,-0.56,-0.27,4.32
2023-03-30,47.61,47.53,48.32,46.88,29598,141005211.00,3.01,-0.61,-0.29,3.63
2023-03-31,47.80,47.97,49.19,47.20,40950,197142130.00,4.19,0.93,0.44,5.02
2023-04-03,47.82,47.20,48.94,46.60,55598,264436963.00,4.88,-1.61,-0.77,6.81
2023-04-04,47.00,46.35,47.21,45.66,55654,257531575.00,3.28,-1.80,-0.85,6.82
2023-04-06,46.72,46.00,46.97,45.07,47559,217586705.00,4.10,-0.76,-0.35,5.83
2023-04-07,45.80,45.99,47.18,45.45,33562,155695632.00,3.76,-0.02,-0.01,4.11
2023-04-10,46.18,47.52,47.75,44.90,74236,346139608.00,6.20,3.33,1.53,9.10
2023-04-11,47.08,46.90,48.48,45.89,55747,261334639.00,5.45,-1.30,-0.62,6.83
2023-04-12,46.98,45.93,46.99,45.66,36594,168680598.00,2.84,-2.07,-0.97,4.49
2023-04-13,46.53,45.95,47.62,45.91,45066,210113241.00,3.72,0.04,0.02,5.52
2023-04-14,45.69,46.45,47.18,45.27,39073,181018715.00,4.16,1.09,0.50,4.79
2023-04-17,46.36,46.95,48.70,46.36,52181,248520761.00,5.04,1.08,0.50,6.40
2023-04-18,47.05,48.02,48.39,46.50,54929,262319086.00,4.03,2.28,1.07,6.73
2023-04-19,47.82,48.12,49.65,46.72,54577,263275502.00,6.10,0.21,0.10,6.69
2023-04-20,47.90,45.04,47.90,44.22,83818,382669390.00,7.65,-6.40,-3.08,10.27
2023-04-21,46.00,43.80,46.82,43.68,56416,253848513.00,6.97,-2.75,-1.24,6.91
2023-04-24,43.58,42.11,44.12,41.00,66761,283885621.00,7.12,-3.86,-1.69,8.18
2023-04-25,42.50,39.61,43.18,39.07,111653,448751517.00,9.76,-5.94,-2.50,13.68
2023-04-26,40.00,44.81,45.10,39.70,110481,479945814.00,13.63,13.13,5.20,13.54
2023-04-27,44.81,42.62,44.98,42.23,62254,267725330.00,6.14,-4.89,-2.19,7.63
2023-04-28,42.28,41.61,43.08,41.02,48675,203392705.00,4.83,-2.37,-1.01,5.97
2023-05-04,41.83,41.86,43.27,41.23,48074,202558607.00,4.90,0.60,0.25,5.89
2023-05-05,41.39,40.40,41.80,40.00,42510,172709269.00,4.30,-3.49,-1.46,5.21
2023-05-08,41.20,40.18,41.41,39.80,31102,125679602.00,3.99,-0.54,-0.22,3.81
2023-05-09,40.37,38.90,40.37,38.66,37743,148482068.00,4.26,-3.19,-1.28,4.63
2023-05-10,39.18,39.26,40.36,37.84,51810,202779675.00,6.48,0.93,0.36,6.35
2023-05-11,39.22,39.05,40.45,38.42,41699,164823300.00,5.17,-0.53,-0.21,5.11
2023-05-12,39.00,38.00,39.61,37.99,41149,158353171.00,4.15,-2.69,-1.05,5.04
2023-05-15,38.15,39.99,40.09,38.00,55499,219313374.00,5.50,5.24,1.99,6.80
2023-05-16,39.80,41.14,44.26,39.60,92043,385817087.00,11.65,2.88,1.15,11.28
2023-05-17,41.60,41.39,41.80,40.01,47838,195786651.00,4.35,0.61,0.25,5.86
2023-05-18,41.20,40.20,41.20,39.90,35470,142742579.00,3.14,-2.88,-1.19,4.35
2023-05-19,40.21,39.85,40.69,39.46,22931,91829505.00,3.06,-0.87,-0.35,2.81
2023-05-22,40.40,41.80,42.91,40.30,68454,286089834.00,6.55,4.89,1.95,8.39
2023-05-23,41.10,40.56,41.78,40.40,39118,160067022.00,3.30,-2.97,-1.24,4.79
2023-05-24,40.21,40.81,42.05,40.01,45334,186986604.00,5.03,0.62,0.25,5.56
2023-05-25,40.57,41.49,42.38,40.08,51988,215593585.00,5.64,1.67,0.68,6.37
2023-05-26,41.55,40.00,41.55,39.69,45261,181606564.00,4.48,-3.59,-1.49,5.55
2023-05-29,40.00,39.87,40.52,39.55,32593,130013032.00,2.43,-0.33,-0.13,3.99
2023-05-30,39.90,39.80,40.46,38.91,31545,125050036.00,3.89,-0.18,-0.07,3.87
2023-05-31,39.77,39.07,40.16,38.83,36519,142993987.00,3.34,-1.83,-0.73,4.48
2023-06-01,39.10,39.25,39.80,38.84,24163,95077724.00,2.46,0.46,0.18,2.96
2023-06-02,39.12,40.08,40.88,39.12,50674,203495849.00,4.48,2.11,0.83,6.21
2023-06-05,40.00,38.70,40.39,38.60,47658,185342173.00,4.47,-3.44,-1.38,5.84
2023-06-06,38.70,37.85,38.70,37.59,43580,165357234.00,2.87,-2.20,-0.85,5.34
2023-06-07,37.83,37.35,38.20,37.14,32088,120357791.00,2.80,-1.32,-0.50,3.93
2023-06-08,37.33,36.70,37.86,36.65,27837,103132503.00,3.24,-1.74,-0.65,3.41
2023-06-09,36.76,37.27,37.27,35.87,47759,174637276.00,3.81,1.55,0.57,5.85
2023-06-12,37.00,36.19,37.25,36.14,42318,154794373.00,2.98,-2.90,-1.08,5.19
2023-06-13,36.37,35.98,36.75,35.90,27499,99506506.00,2.35,-0.58,-0.21,3.37
2023-06-14,36.14,35.71,36.20,35.50,27527,98493992.00,1.95,-0.75,-0.27,3.37
2023-06-15,35.73,37.08,37.18,35.50,53793,197490526.00,4.70,3.84,1.37,6.59
2023-06-16,37.51,39.84,40.00,36.80,101500,393476353.00,8.63,7.44,2.76,12.44