MjAwNi0wMS0wNCwxLjM4LDEuNDEsMS40MSwxLjM4LDEyNjU3LDM5OTg2ODIuMDAsMi4xNiwxLjQ0LDAuMDIsMC44OQ==
2006-01-05,1.40,1.44,1.44,1.39,26946,8673013.00,3.55,2.13,0.03,1.89
2006-01-06,1.46,1.43,1.46,1.42,24446,7925032.00,2.78,-0.69,-0.01,1.72
2006-01-09,1.45,1.48,1.49,1.44,41449,13717096.00,3.50,3.50,0.05,2.91
2006-01-10,1.48,1.48,1.49,1.45,14789,4886130.00,2.70,0.00,0.00,1.04
2006-01-11,1.48,1.44,1.48,1.43,15474,5055668.00,3.38,-2.70,-0.04,1.09
2006-01-12,1.42,1.48,1.48,1.42,17120,5622194.00,4.17,2.78,0.04,1.20
2006-01-13,1.47,1.50,1.53,1.46,29224,9794258.00,4.73,1.35,0.02,2.05
2006-01-16,1.50,1.47,1.53,1.47,23956,8079982.00,4.00,-2.00,-0.03,1.68
2006-01-17,1.47,1.45,1.48,1.44,9927,3258256.00,2.72,-1.36,-0.02,0.70
2006-01-18,1.45,1.50,1.51,1.45,19387,6476136.00,4.14,3.45,0.05,1.36
2006-01-19,1.50,1.50,1.52,1.47,15829,5304893.00,3.33,0.00,0.00,1.11
2006-01-20,1.51,1.48,1.51,1.47,24547,8174781.00,2.67,-1.33,-0.02,1.72
2006-01-23,1.48,1.49,1.50,1.45,18311,6064155.00,3.38,0.68,0.01,1.28
2006-01-24,1.49,1.47,1.51,1.47,20290,6787327.00,2.68,-1.34,-0.02,1.42
2006-01-25,1.47,1.42,1.49,1.41,23662,7676566.00,5.44,-3.40,-0.05,1.66
2006-02-06,1.42,1.47,1.48,1.42,17794,5814451.00,4.23,3.52,0.05,1.25
2006-02-07,1.47,1.46,1.48,1.44,19377,6375788.00,2.72,-0.68,-0.01,1.36
2006-02-08,1.46,1.51,1.51,1.44,23436,7820889.00,4.79,3.42,0.05,1.64
2006-02-09,1.52,1.48,1.53,1.48,18550,6216525.00,3.31,-1.99,-0.03,1.30
2006-02-10,1.49,1.53,1.54,1.47,27904,9447670.00,4.73,3.38,0.05,1.96
2006-02-13,1.52,1.53,1.55,1.50,21236,7249350.00,3.27,0.00,0.00,1.49
2006-02-14,1.54,1.56,1.57,1.52,39445,13707975.00,3.27,1.96,0.03,2.77
2006-02-15,1.56,1.54,1.58,1.53,22518,7811522.00,3.21,-1.28,-0.02,1.58
2006-02-16,1.54,1.51,1.55,1.49,24620,8360846.00,3.90,-1.95,-0.03,1.73
2006-02-17,1.52,1.49,1.53,1.48,18764,6343237.00,3.31,-1.32,-0.02,1.32
2006-02-20,1.52,1.54,1.56,1.49,25667,8815980.00,4.70,3.36,0.05,1.80
2006-02-21,1.55,1.57,1.58,1.51,39514,13722436.00,4.55,1.95,0.03,2.77
2006-02-22,1.59,1.60,1.65,1.59,115280,41494269.00,3.82,1.91,0.03,8.09
2006-02-23,1.60,1.62,1.62,1.56,28698,10151198.00,3.75,1.25,0.02,2.01
2006-02-24,1.62,1.60,1.62,1.59,22219,7936356.00,1.85,-1.23,-0.02,1.56
2006-02-27,1.60,1.58,1.61,1.57,21732,7653604.00,2.50,-1.25,-0.02,1.52
2006-02-28,1.57,1.61,1.62,1.53,25838,9115875.00,5.70,1.90,0.03,1.81
2006-03-01,1.64,1.62,1.64,1.59,34179,12314282.00,3.11,0.62,0.01,2.40
2006-03-02,1.62,1.56,1.62,1.54,35864,12636270.00,4.94,-3.70,-0.06,2.52
2006-03-03,1.55,1.55,1.57,1.51,24728,8522975.00,3.85,-0.64,-0.01,1.73
2006-03-06,1.56,1.54,1.56,1.53,11357,3922708.00,1.94,-0.65,-0.01,0.80
2006-03-07,1.54,1.48,1.54,1.47,19624,6586913.00,4.55,-3.90,-0.06,1.38
2006-03-08,1.48,1.48,1.49,1.46,16619,5507965.00,2.03,0.00,0.00,1.17
2006-03-09,1.47,1.47,1.49,1.46,9385,3110615.00,2.03,-0.68,-0.01,0.66
2006-03-10,1.47,1.46,1.49,1.45,8017,2643133.00,2.72,-0.68,-0.01,0.56
2006-03-13,1.46,1.46,1.47,1.43,12029,3915724.00,2.74,0.00,0.00,0.84
2006-03-14,1.48,1.49,1.50,1.45,13730,4545744.00,3.42,2.05,0.03,0.96
2006-03-15,1.50,1.50,1.51,1.47,19669,6592171.00,2.68,0.67,0.01,1.38
2006-03-16,1.50,1.48,1.50,1.47,9288,3092416.00,2.00,-1.33,-0.02,0.65
2006-03-17,1.47,1.46,1.49,1.44,15466,5074776.00,3.38,-1.35,-0.02,1.09
2006-03-30,1.63,1.55,1.63,1.54,110630,39336889.00,6.16,6.16,0.09,7.76
2006-03-31,1.54,1.56,1.57,1.51,34524,11859549.00,3.87,0.65,0.01,2.42
2006-04-03,1.58,1.60,1.61,1.56,56502,19979307.00,3.21,2.56,0.04,3.96
2006-04-04,1.60,1.58,1.61,1.56,50314,17688140.00,3.13,-1.25,-0.02,3.53
2006-04-05,1.58,1.58,1.61,1.58,63685,22588617.00,1.90,0.00,0.00,4.47
2006-05-17,1.47,1.40,1.52,1.38,171291,55159917.00,8.86,-11.39,-0.18,9.85
2006-05-18,1.39,1.45,1.47,1.36,80041,25897769.00,7.86,3.57,0.05,4.60
2006-05-19,1.44,1.54,1.56,1.42,103054,35030398.00,9.66,6.21,0.09,5.93
2006-05-22,1.54,1.58,1.63,1.52,84161,29675339.00,7.14,2.60,0.04,4.84
2006-05-23,1.56,1.48,1.58,1.48,67375,23135018.00,6.33,-6.33,-0.10,3.87
2006-05-24,1.48,1.45,1.56,1.41,57259,18956206.00,10.14,-2.03,-0.03,3.29
2006-05-25,1.45,1.46,1.47,1.42,27687,8979948.00,3.45,0.69,0.01,1.59
2006-05-26,1.47,1.48,1.52,1.46,34364,11461186.00,4.11,1.37,0.02,1.98
2006-05-30,1.53,1.53,1.55,1.49,55975,19117311.00,4.05,3.38,0.05,3.22
2006-05-31,1.54,1.49,1.54,1.47,48989,16566025.00,4.58,-2.61,-0.04,2.82
2006-06-01,1.48,1.66,1.66,1.48,154407,54552359.00,12.08,11.41,0.17,8.88
2006-06-02,1.75,1.70,1.79,1.63,211173,80446023.00,9.64,2.41,0.04,12.14
2006-06-05,1.70,1.84,1.86,1.69,114448,45660664.00,10.00,8.24,0.14,6.58
2006-06-06,1.82,1.80,1.94,1.79,97481,39849230.00,8.15,-2.17,-0.04,5.61
2006-06-07,1.80,1.99,2.00,1.77,218176,91695852.00,12.78,10.56,0.19,12.55
2006-06-08,1.92,2.21,2.21,1.85,343411,157880618.00,18.09,11.06,0.22,19.75
2006-06-09,2.24,2.26,2.45,2.17,300958,154161071.00,12.67,2.26,0.05,17.31
2006-06-12,2.26,2.28,2.40,2.17,142622,70768302.00,10.18,0.88,0.02,8.20
2006-06-13,2.28,2.10,2.33,2.07,125818,59900581.00,11.40,-7.89,-0.18,7.24
2006-06-14,2.08,1.90,2.13,1.88,112821,49234083.00,11.90,-9.52,-0.20,6.49
2006-06-15,1.90,1.95,1.96,1.85,84913,35540250.00,5.79,2.63,0.05,4.88
2006-06-16,1.96,2.03,2.08,1.96,86770,38072599.00,6.15,4.10,0.08,4.99
2006-06-19,2.01,2.11,2.18,1.96,80466,36821377.00,10.84,3.94,0.08,4.63
2006-06-20,2.11,2.34,2.34,2.09,144213,70366232.00,11.85,10.90,0.23,8.29
2006-06-21,2.39,2.24,2.42,2.23,138043,69699967.00,8.12,-4.27,-0.10,7.94
2006-06-22,2.22,2.33,2.38,2.19,96904,48522394.00,8.48,4.02,0.09,5.57
2006-06-23,2.28,2.28,2.43,2.26,95750,48070553.00,7.30,-2.15,-0.05,5.51
2006-06-26,2.32,2.26,2.32,2.17,63601,30740303.00,6.58,-0.88,-0.02,3.66
2006-06-27,2.24,2.21,2.24,2.18,44213,21157885.00,2.65,-2.21,-0.05,2.54
2006-06-28,2.22,2.45,2.45,2.22,128096,65796390.00,10.41,10.86,0.24,7.37
2006-06-29,2.61,2.52,2.71,2.42,175123,95397906.00,11.84,2.86,0.07,10.07
2006-06-30,2.54,2.79,2.79,2.44,191350,109584546.00,13.89,10.71,0.27,11.00
2006-07-03,2.77,2.98,3.09,2.72,189909,118623514.00,13.26,6.81,0.19,10.92
2006-07-04,2.95,2.85,3.10,2.78,153810,95063541.00,10.74,-4.36,-0.13,8.84
2006-07-05,2.80,2.80,2.91,2.62,112506,66268550.00,10.18,-1.75,-0.05,6.47
2006-07-06,2.75,2.87,2.89,2.75,60902,36913805.00,5.00,2.50,0.07,3.50
2006-07-07,2.87,2.78,2.89,2.75,49074,29497740.00,4.88,-3.14,-0.09,2.82
2006-07-10,2.78,2.83,2.89,2.76,47025,28311213.00,4.68,1.80,0.05,2.70
2006-07-11,2.83,2.89,2.94,2.77,68338,41921765.00,6.01,2.12,0.06,3.93
2006-07-12,2.94,2.82,2.99,2.82,53488,32848976.00,5.88,-2.42,-0.07,3.08
2006-07-13,2.79,2.52,2.79,2.52,118144,65715909.00,9.57,-10.64,-0.30,6.79
2006-07-14,2.42,2.45,2.54,2.37,49841,26300707.00,6.75,-2.78,-0.07,2.87
2006-07-17,2.40,2.54,2.59,2.40,35946,19502811.00,7.76,3.67,0.09,2.07
2006-07-18,2.49,2.74,2.80,2.47,89394,51372353.00,12.99,7.87,0.20,5.14
2006-07-19,2.72,2.60,2.72,2.53,46712,26134554.00,6.93,-5.11,-0.14,2.69
2006-07-20,2.61,2.63,2.66,2.51,31674,17547952.00,5.77,1.15,0.03,1.82
2006-07-21,2.61,2.62,2.67,2.57,17330,9710523.00,3.80,-0.38,-0.01,1.00
2006-07-24,2.55,2.53,2.57,2.42,26443,14309866.00,5.73,-3.44,-0.09,1.52
2006-07-25,2.54,2.66,2.76,2.54,62824,35909310.00,8.70,5.14,0.13,3.61
2006-07-26,2.65,2.66,2.71,2.60,28230,16046506.00,4.14,0.00,0.00,1.62
2006-07-27,2.66,2.61,2.68,2.52,29871,16531210.00,6.02,-1.88,-0.05,1.72
2006-07-28,2.59,2.56,2.60,2.47,29441,15983824.00,4.98,-1.92,-0.05,1.69
2006-07-31,2.52,2.52,2.54,2.44,35779,19114307.00,3.91,-1.56,-0.04,2.06
2006-08-01,2.52,2.53,2.58,2.46,17963,9665155.00,4.76,0.40,0.01,1.03
2006-08-02,2.48,2.54,2.57,2.44,41995,22727739.00,5.14,0.40,0.01,2.41
2006-08-03,2.54,2.54,2.56,2.50,14501,7838631.00,2.36,0.00,0.00,0.83
2006-08-04,2.50,2.39,2.57,2.32,36956,19613719.00,9.84,-5.91,-0.15,2.13
2006-08-07,2.42,2.24,2.47,2.22,27030,13318972.00,10.46,-6.28,-0.15,1.55
2006-08-08,2.31,2.31,2.33,2.25,34559,17022298.00,3.57,3.13,0.07,1.99
2006-08-09,2.41,2.45,2.52,2.35,67883,35821267.00,7.36,6.06,0.14,3.90
2006-08-10,2.43,2.49,2.52,2.41,40942,21756771.00,4.49,1.63,0.04,2.35
2006-08-11,2.52,2.48,2.56,2.47,24654,13283011.00,3.61,-0.40,-0.01,1.42
2006-08-14,2.47,2.37,2.51,2.33,21885,11316329.00,7.26,-4.44,-0.11,1.26
2006-08-15,2.33,2.41,2.41,2.31,20067,10250407.00,4.22,1.69,0.04,1.15
2006-08-16,2.41,2.46,2.48,2.39,29588,15520665.00,3.73,2.07,0.05,1.70
2006-08-17,2.42,2.40,2.42,2.34,20048,10252558.00,3.25,-2.44,-0.06,1.15
2006-08-18,2.40,2.35,2.42,2.14,20547,10450570.00,11.67,-2.08,-0.05,1.18
2006-08-21,2.31,2.37,2.37,2.24,24119,12160973.00,5.53,0.85,0.02,1.39
2006-08-22,2.37,2.37,2.39,2.33,18075,9207991.00,2.53,0.00,0.00,1.04
2006-08-23,2.39,2.40,2.44,2.37,28752,14907517.00,2.95,1.27,0.03,1.65
2006-08-24,2.40,2.40,2.41,2.35,13514,6948518.00,2.50,0.00,0.00,0.78
2006-08-25,2.40,2.49,2.52,2.39,47307,25144420.00,5.42,3.75,0.09,2.72
2006-08-28,2.54,2.75,2.75,2.54,118079,67404886.00,8.43,10.44,0.26,6.79
2006-08-29,2.75,2.73,2.84,2.71,82397,48472478.00,4.73,-0.73,-0.02,4.74
2006-08-30,2.69,2.72,2.77,2.69,42381,24700579.00,2.93,-0.37,-0.01,2.44
2006-08-31,2.72,2.76,2.78,2.71,32873,19256583.00,2.57,1.47,0.04,1.89
2006-09-01,2.76,2.61,2.78,2.46,57093,32431864.00,11.59,-5.43,-0.15,3.28
2006-09-04,2.59,2.79,2.87,2.58,88864,52580761.00,11.11,6.90,0.18,5.11
2006-09-05,2.82,2.78,2.86,2.72,43649,26024962.00,5.02,-0.36,-0.01,2.51
2006-09-06,2.77,2.80,2.83,2.72,32471,19182686.00,3.96,0.72,0.02,1.87
2006-09-07,2.80,2.71,2.80,2.69,25597,14872863.00,3.93,-3.21,-0.09,1.47
2006-09-08,2.68,2.65,2.73,2.64,20377,11672350.00,3.32,-2.21,-0.06,1.17
2006-09-11,2.75,2.74,2.82,2.69,40138,23574184.00,4.91,3.40,0.09,2.31
2006-09-12,2.77,2.82,2.86,2.72,66338,39623785.00,5.11,2.92,0.08,3.81
2006-09-13,2.85,2.87,2.96,2.81,112651,69346168.00,5.32,1.77,0.05,6.48
2006-09-14,2.86,2.82,2.89,2.72,39868,23789056.00,5.92,-1.74,-0.05,2.29
2006-09-15,2.84,2.86,2.91,2.77,42527,25732933.00,4.96,1.42,0.04,2.45
2006-09-18,2.87,2.88,2.90,2.82,28631,17418711.00,2.80,0.70,0.02,1.65
2006-09-19,2.87,2.80,2.91,2.76,48844,29443791.00,5.21,-2.78,-0.08,2.81
2006-09-20,2.80,2.77,2.82,2.72,39859,23510691.00,3.57,-1.07,-0.03,2.29
2006-09-21,2.77,2.70,2.79,2.69,47624,27719147.00,3.61,-2.53,-0.07,2.74
2006-09-22,2.74,2.74,2.87,2.67,60981,35959101.00,7.41,1.48,0.04,3.51
2006-09-25,2.74,2.75,2.81,2.69,31182,18270954.00,4.38,0.36,0.01,1.79
2006-09-26,2.77,2.75,2.80,2.71,27829,16344913.00,3.27,0.00,0.00,1.60
2006-09-27,2.75,2.95,3.01,2.72,136413,83431197.00,10.55,7.27,0.20,7.84
2006-09-28,2.93,2.91,2.96,2.88,61436,38073373.00,2.71,-1.36,-0.04,3.53
2006-09-29,2.91,3.11,3.13,2.88,133757,86329616.00,8.59,6.87,0.20,7.69
2006-10-09,3.16,3.27,3.33,3.07,104419,71375957.00,8.36,5.14,0.16,6.00
2006-10-10,3.36,3.16,3.36,3.14,78653,53303504.00,6.73,-3.36,-0.11,4.52
2006-10-11,3.15,3.09,3.21,3.02,61353,40107083.00,6.01,-2.22,-0.07,3.53
2006-10-12,3.15,2.99,3.15,2.97,40173,25691397.00,5.83,-3.24,-0.10,2.31
2006-10-13,2.98,2.97,3.09,2.96,26132,16662394.00,4.35,-0.67,-0.02,1.50
2006-10-16,2.97,3.04,3.07,2.96,21152,13491519.00,3.70,2.36,0.07,1.22
2006-10-17,3.01,2.93,3.04,2.92,29433,18487034.00,3.95,-3.62,-0.11,1.69
2006-10-18,2.93,3.00,3.01,2.92,20559,12977614.00,3.07,2.39,0.07,1.18
2006-10-19,3.00,3.02,3.06,2.97,24739,15836212.00,3.00,0.67,0.02,1.42
2006-10-20,2.99,2.87,3.00,2.86,56786,35232765.00,4.64,-4.97,-0.15,3.27
2006-10-23,2.87,2.84,2.93,2.78,47751,28994123.00,5.23,-1.05,-0.03,2.75
2006-10-24,2.82,2.91,2.94,2.82,29837,18377232.00,4.23,2.46,0.07,1.72
2006-10-25,2.91,2.96,2.97,2.87,30547,19056745.00,3.44,1.72,0.05,1.76
2006-10-26,2.96,2.90,2.96,2.88,24112,14917129.00,2.70,-2.03,-0.06,1.39
2006-10-27,2.90,2.88,2.91,2.82,24740,14993182.00,3.10,-0.69,-0.02,1.42
2006-10-30,2.84,2.86,2.93,2.77,21722,13075123.00,5.56,-0.69,-0.02,1.25
2006-10-31,2.86,2.90,2.96,2.85,35623,21952673.00,3.85,1.40,0.04,2.05
2006-11-01,2.95,3.01,3.12,2.92,52922,33960091.00,6.90,3.79,0.11,3.04
2006-11-02,2.98,3.01,3.06,2.94,30524,19321097.00,3.99,0.00,0.00,1.76
2006-11-03,3.01,3.00,3.07,2.97,27786,17825780.00,3.32,-0.33,-0.01,1.60
2006-11-06,2.98,2.97,3.07,2.94,34161,21630056.00,4.33,-1.00,-0.03,1.96
2006-11-07,2.98,2.86,2.98,2.76,65656,39557354.00,7.41,-3.70,-0.11,3.78
2006-11-08,2.84,2.72,2.84,2.71,35195,20628604.00,4.55,-4.90,-0.14,2.02
2006-11-09,2.72,2.74,2.79,2.71,30442,17828889.00,2.94,0.74,0.02,1.75
2006-11-10,2.75,2.65,2.78,2.62,29461,16929671.00,5.84,-3.28,-0.09,1.69
2006-11-13,2.68,2.63,2.73,2.57,36057,20339494.00,6.04,-0.75,-0.02,2.07
2006-11-14,2.63,2.67,2.68,2.54,19681,11007543.00,5.32,1.52,0.04,1.13
2006-11-15,2.65,2.72,2.75,2.60,20250,11703665.00,5.62,1.87,0.05,1.16
2006-11-16,2.72,2.74,2.86,2.66,43544,25697887.00,7.35,0.74,0.02,2.50
2006-11-17,2.71,2.74,2.78,2.69,20761,12086684.00,3.28,0.00,0.00,1.19
2006-11-20,2.72,2.69,2.79,2.64,27213,15679928.00,5.47,-1.82,-0.05,1.56
2006-11-21,2.64,2.75,2.76,2.64,24248,13896043.00,4.46,2.23,0.06,1.39
2006-11-22,2.76,2.85,2.87,2.73,47170,28196713.00,5.09,3.64,0.10,2.71
2006-11-23,2.82,2.84,2.93,2.76,101056,60869634.00,5.96,-0.35,-0.01,5.81
2006-11-24,2.80,2.86,2.89,2.78,52251,31607477.00,3.87,0.70,0.02,3.00
2006-11-27,2.86,2.87,2.91,2.82,29043,17662855.00,3.15,0.35,0.01,1.67
2006-11-28,2.87,2.90,2.97,2.84,55070,34217301.00,4.53,1.05,0.03,3.17
2006-11-29,2.88,2.95,2.97,2.83,52343,32542628.00,4.83,1.72,0.05,3.01
2006-11-30,2.97,2.97,3.06,2.95,60687,38563700.00,3.73,0.68,0.02,3.49
2006-12-01,2.98,2.96,3.05,2.94,51338,32431401.00,3.70,-0.34,-0.01,2.95
2006-12-04,2.97,2.99,3.00,2.94,53781,34002909.00,2.03,1.01,0.03,3.09
2006-12-05,3.00,3.12,3.26,3.00,109973,72778825.00,8.70,4.35,0.13,6.32
2006-12-06,3.15,3.18,3.31,3.04,124272,83397794.00,8.65,1.92,0.06,7.15
2006-12-07,3.16,3.05,3.29,3.04,85458,57813033.00,7.86,-4.09,-0.13,4.91
2006-12-08,3.03,2.86,3.04,2.84,64194,40060062.00,6.56,-6.23,-0.19,3.69
2006-12-11,2.84,2.96,2.97,2.83,35411,22008540.00,4.90,3.50,0.10,2.04
2006-12-12,2.96,2.92,2.99,2.88,25946,16159968.00,3.72,-1.35,-0.04,1.49
2006-12-13,2.91,2.95,2.98,2.91,21175,13181726.00,2.40,1.03,0.03,1.22
2006-12-14,2.95,3.07,3.11,2.94,67994,43987713.00,5.76,4.07,0.12,3.91
2006-12-15,3.11,3.19,3.25,3.09,71662,48164933.00,5.21,3.91,0.12,4.12
2006-12-18,3.25,3.18,3.29,3.15,82620,56292292.00,4.39,-0.31,-0.01,4.75
2006-12-19,3.18,3.15,3.22,3.02,60802,39978417.00,6.29,-0.94,-0.03,3.50
2006-12-20,3.15,3.23,3.26,3.07,71489,48154117.00,6.03,2.54,0.08,4.11
2006-12-21,3.28,3.34,3.50,3.27,147356,105990314.00,7.12,3.41,0.11,8.47
2006-12-22,3.28,3.26,3.37,3.18,65992,45547451.00,5.69,-2.40,-0.08,3.79
2006-12-25,3.24,3.25,3.35,3.20,53090,36959943.00,4.60,-0.31,-0.01,3.05
2006-12-26,3.34,3.31,3.44,3.26,63873,45163562.00,5.54,1.85,0.06,3.67
2006-12-27,3.35,3.41,3.49,3.28,105986,75922933.00,6.34,3.02,0.10,6.09
2006-12-29,3.40,3.45,3.56,3.34,111337,81235739.00,6.45,1.17,0.04,6.40