2024-01-02,10.35,10.38,10.44,10.25,20863,21621098.00,1.84,0.48,0.05,0.58
2024-01-03,10.38,10.35,10.42,10.22,20443,21089570.00,1.93,-0.29,-0.03,0.57
2024-01-04,10.40,10.36,10.40,10.02,19167,19672150.00,3.67,0.10,0.01,0.53
2024-01-05,10.40,10.25,10.45,10.18,17332,17882329.00,2.61,-1.06,-0.11,0.48
2024-01-08,10.22,10.04,10.25,10.04,14629,14855831.00,2.05,-2.05,-0.21,0.41
2024-01-09,10.07,10.29,10.29,10.07,26704,27269935.00,2.19,2.49,0.25,0.74
2024-01-10,10.29,10.18,10.32,10.08,19114,19523185.00,2.33,-1.07,-0.11,0.53
2024-01-11,10.20,10.33,10.35,10.14,19671,20162383.00,2.06,1.47,0.15,0.55
2024-01-12,10.35,10.31,10.47,10.25,29537,30590237.00,2.13,-0.19,-0.02,0.82
2024-01-15,10.28,10.30,10.39,10.26,17608,18152881.00,1.26,-0.10,-0.01,0.49
2024-01-16,10.30,10.32,10.36,10.05,24124,24707315.00,3.01,0.19,0.02,0.67
2024-01-17,10.32,10.13,10.43,10.13,22215,22854990.00,2.91,-1.84,-0.19,0.62
2024-01-18,10.08,9.95,10.15,9.60,40732,39958062.00,5.43,-1.78,-0.18,1.13
2024-01-19,9.97,9.97,10.19,9.90,22285,22341700.00,2.91,0.20,0.02,0.62
2024-01-22,10.01,9.25,10.01,9.15,35472,33735106.00,8.63,-7.22,-0.72,0.99
2024-01-23,9.16,9.34,9.45,8.98,35620,32801252.00,5.08,0.97,0.09,0.99
2024-01-24,9.43,9.60,9.60,9.17,31195,29482064.00,4.60,2.78,0.26,0.87
2024-01-25,9.57,10.10,10.14,9.47,31921,31387160.00,6.98,5.21,0.50,0.89
2024-01-26,10.10,10.10,10.27,10.02,23348,23644473.98,2.48,0.00,0.00,0.65