2024-01-02,1.71,1.68,1.72,1.68,416194,70485852.00,2.34,-1.75,-0.03,1.66
2024-01-03,1.68,1.69,1.70,1.67,386699,65015566.00,1.79,0.60,0.01,1.54
2024-01-04,1.68,1.67,1.69,1.66,432675,72267640.00,1.78,-1.18,-0.02,1.72
2024-01-05,1.67,1.65,1.69,1.64,361535,59986373.00,2.99,-1.20,-0.02,1.44
2024-01-08,1.66,1.73,1.81,1.65,1301698,225120133.60,9.70,4.85,0.08,5.18
2024-01-09,1.71,1.78,1.86,1.69,1311199,229967234.20,9.83,2.89,0.05,5.22
2024-01-10,1.76,1.76,1.84,1.73,1133121,202511233.00,6.18,-1.12,-0.02,4.51
2024-01-11,1.74,1.85,1.92,1.74,1769266,322160587.64,10.23,5.11,0.09,7.04
2024-01-12,1.83,1.79,1.85,1.79,1084392,196419835.32,3.24,-3.24,-0.06,4.32
2024-01-15,1.80,1.80,1.86,1.79,990340,180406540.48,3.91,0.56,0.01,3.94
2024-01-16,1.78,1.77,1.81,1.73,900312,158317890.00,4.44,-1.67,-0.03,3.58
2024-01-17,1.75,1.72,1.80,1.71,680062,119136011.32,5.08,-2.82,-0.05,2.71
2024-01-18,1.69,1.71,1.73,1.66,412336,69996801.00,4.07,-0.58,-0.01,1.64