MjAyMy0wMS0wMywyMS4wOCwyMS4zMCwyMS4zNywyMC45MSwxMDg3MSwyMzMyNTMyMy40MCwyLjE4LDEuMDksMC4yMywxLjk3
2023-01-04,21.28,21.80,22.01,21.16,14709,32448605.00,3.99,2.35,0.50,2.66
2023-01-05,21.78,22.06,22.15,21.62,12559,27992962.60,2.43,1.19,0.26,2.27
2023-01-06,22.07,22.25,22.98,21.90,14706,33314416.00,4.90,0.86,0.19,2.66
2023-01-09,22.24,22.12,22.53,22.00,11857,26692842.60,2.38,-0.58,-0.13,2.14
2023-01-10,22.15,22.19,22.38,22.07,11934,26892240.00,1.40,0.32,0.07,2.16
2023-01-11,22.08,22.05,22.27,21.96,9240,20703170.20,1.40,-0.63,-0.14,1.67
2023-01-12,21.96,22.03,22.29,21.80,8403,18719587.00,2.22,-0.09,-0.02,1.52
2023-01-13,22.04,22.70,23.26,21.82,21580,49542084.80,6.54,3.04,0.67,3.90
2023-01-16,22.55,22.38,22.84,22.20,16375,37205230.80,2.82,-1.41,-0.32,2.96
2023-01-17,22.32,22.38,22.70,22.18,12222,27730015.10,2.32,0.00,0.00,2.21
2023-01-18,22.40,22.18,22.50,22.11,12246,27585693.88,1.74,-0.89,-0.20,2.22
2023-01-19,22.18,22.10,22.30,21.96,10860,24284430.00,1.53,-0.36,-0.08,1.96
2023-01-20,22.10,22.10,22.56,21.86,18822,42148121.80,3.17,0.00,0.00,3.40
2023-01-30,22.21,22.61,22.78,22.20,21910,50023607.64,2.62,2.31,0.51,3.96
2023-01-31,24.90,24.17,24.90,23.72,70272,172876483.71,5.22,6.90,1.56,12.71
2023-02-01,24.15,24.70,24.80,23.68,55995,138612701.33,4.63,2.19,0.53,10.13
2023-02-02,24.69,24.73,25.30,24.40,39607,99716532.60,3.64,0.12,0.03,7.16
2023-02-03,24.83,24.80,25.05,24.59,22114,55430775.80,1.86,0.28,0.07,4.00
2023-02-06,24.80,24.91,25.05,24.60,17079,42951830.62,1.81,0.44,0.11,3.09
2023-02-07,24.87,25.10,25.36,24.83,18813,47781584.60,2.13,0.76,0.19,3.40
2023-02-08,25.10,25.10,25.43,24.97,17936,45741402.60,1.83,0.00,0.00,3.24
2023-02-09,25.20,25.13,25.20,24.79,14370,36360023.42,1.63,0.12,0.03,2.60
2023-02-10,25.11,25.28,25.53,25.07,14347,36765012.40,1.83,0.60,0.15,2.60
2023-02-13,25.25,25.36,25.50,25.13,16446,42133221.40,1.46,0.32,0.08,2.98
2023-02-14,25.50,26.02,26.25,25.37,30745,80556350.60,3.47,2.60,0.66,5.56
2023-02-15,26.09,25.94,26.19,25.68,16814,44043629.96,1.96,-0.31,-0.08,3.04
2023-02-16,25.94,24.98,26.04,24.80,22799,58560059.22,4.78,-3.70,-0.96,4.12
2023-02-17,25.02,24.91,25.39,24.88,14649,37255532.00,2.04,-0.28,-0.07,2.65
2023-02-20,24.93,25.42,25.65,24.89,14199,36448486.80,3.05,2.05,0.51,2.57
2023-02-21,25.46,25.47,25.65,25.13,14918,38258361.30,2.05,0.20,0.05,2.70
2023-02-22,25.47,25.63,25.65,25.11,11177,28840198.76,2.12,0.63,0.16,2.02
2023-02-23,25.61,25.82,25.89,25.50,12252,31823286.40,1.52,0.74,0.19,2.22
2023-02-24,25.82,25.63,25.98,25.46,10955,28444820.00,2.01,-0.74,-0.19,1.98
2023-02-27,25.65,25.40,25.68,25.22,11957,30776396.65,1.79,-0.90,-0.23,2.16
2023-02-28,25.40,25.64,25.67,25.32,12662,32634741.40,1.38,0.94,0.24,2.29
2023-03-01,25.70,25.73,25.83,25.47,14585,37868223.20,1.40,0.35,0.09,2.64
2023-03-02,25.81,25.86,26.06,25.60,12500,32640773.00,1.79,0.51,0.13,2.26
2023-03-03,25.90,25.95,26.05,25.65,9186,24022802.44,1.55,0.35,0.09,1.66
2023-03-06,26.10,25.83,26.10,25.68,10805,28273800.40,1.62,-0.46,-0.12,1.95
2023-03-07,26.10,25.05,26.10,25.05,12667,32677779.00,4.07,-3.02,-0.78,2.29
2023-03-08,25.08,25.41,25.41,24.96,8503,21728549.80,1.80,1.44,0.36,1.54
2023-03-09,25.43,25.48,25.54,25.25,7525,19355229.59,1.14,0.28,0.07,1.36
2023-03-10,25.25,24.92,25.38,24.70,9874,24932534.00,2.67,-2.20,-0.56,1.79
2023-03-13,24.88,25.40,25.49,24.73,16048,40944458.86,3.05,1.93,0.48,2.90
2023-03-14,25.20,24.34,25.49,24.26,14313,35683333.00,4.84,-4.17,-1.06,2.59
2023-03-15,24.36,24.95,25.07,24.34,12463,31397118.80,3.00,2.51,0.61,2.25
2023-03-16,24.90,24.18,24.90,24.09,9173,22607765.00,3.25,-3.09,-0.77,1.66
2023-03-17,24.42,24.22,24.68,24.14,6996,17273701.40,2.23,0.17,0.04,1.27
2023-03-20,24.23,24.25,24.46,24.09,12217,30030566.40,1.53,0.12,0.03,2.21
2023-03-21,24.25,25.05,25.08,24.06,9864,24691004.60,4.21,3.30,0.80,1.78
2023-03-22,25.20,25.38,25.81,24.92,10700,27515350.80,3.55,1.32,0.33,1.94
2023-03-23,25.36,25.24,25.50,25.03,8187,20893447.40,1.85,-0.55,-0.14,1.48
2023-03-24,25.24,24.92,25.42,24.90,7539,19181890.60,2.06,-1.27,-0.32,1.36
2023-03-27,25.30,24.47,25.30,24.30,12451,31060239.60,4.01,-1.81,-0.45,2.25
2023-03-28,24.38,24.20,24.47,24.09,9567,23491622.00,1.55,-1.10,-0.27,1.73
2023-03-29,24.10,24.04,24.48,23.97,8909,21788368.60,2.11,-0.66,-0.16,1.61
2023-03-30,24.06,24.08,24.23,23.71,9819,23791284.80,2.16,0.17,0.04,1.78
2023-03-31,23.89,24.05,24.26,23.87,7128,17319652.40,1.62,-0.12,-0.03,1.29
2023-04-03,24.03,24.22,24.22,23.75,13410,32518904.26,1.95,0.71,0.17,2.43
2023-04-04,24.23,23.54,24.39,23.50,11780,28297516.00,3.67,-2.81,-0.68,2.13
2023-04-06,23.57,23.19,23.77,23.12,9280,21960902.00,2.76,-1.49,-0.35,1.68
2023-04-07,23.15,23.74,23.84,23.10,12707,30379732.00,3.19,2.37,0.55,2.30
2023-04-10,23.74,23.26,23.74,23.09,11249,26585893.82,2.74,-2.02,-0.48,2.03
2023-04-11,23.25,23.20,23.36,22.96,8257,19359794.20,1.72,-0.26,-0.06,1.49
2023-04-12,23.20,23.40,23.49,23.03,7989,18800747.40,1.98,0.86,0.20,1.45
2023-04-13,23.30,23.40,23.54,23.16,6624,15663745.80,1.62,0.00,0.00,1.20
2023-04-14,23.40,23.45,23.70,23.08,8361,19717915.20,2.65,0.21,0.05,1.51
2023-04-17,23.19,23.18,23.35,22.99,16911,39605515.00,1.54,-1.15,-0.27,3.06
2023-04-18,23.12,23.15,23.30,22.91,10468,24515446.00,1.68,-0.13,-0.03,1.89
2023-04-19,23.15,22.94,23.15,22.89,6837,15899362.60,1.12,-0.91,-0.21,1.24
2023-04-20,22.96,23.12,23.30,22.87,9537,22269313.80,1.87,0.78,0.18,1.73
2023-04-21,23.16,22.86,23.36,22.75,11874,27579357.28,2.64,-1.12,-0.26,2.15
2023-04-24,22.85,22.81,22.92,22.30,12801,29370972.40,2.71,-0.22,-0.05,2.32
2023-04-25,24.56,25.12,25.12,24.30,18889,47783221.80,3.59,10.13,2.31,3.42
2023-04-26,24.80,25.53,25.68,24.79,71191,181576261.01,3.54,1.63,0.41,12.88
2023-04-27,25.42,25.96,26.34,25.25,54160,142164077.40,4.27,1.68,0.43,9.80
2023-04-28,25.96,26.01,26.30,25.54,33326,87599192.00,2.93,0.19,0.05,6.03
2023-05-04,26.28,26.54,26.69,26.03,35636,95412271.38,2.54,2.04,0.53,6.45
2023-05-05,26.48,26.29,26.67,26.03,24066,63889132.20,2.41,-0.94,-0.25,4.35
2023-05-08,26.29,26.20,26.69,26.06,28068,74787397.36,2.40,-0.34,-0.09,5.08
2023-05-09,26.09,25.55,26.59,25.48,22125,57795577.52,4.24,-2.48,-0.65,4.00
2023-05-10,25.47,25.57,25.95,25.31,16462,42672113.40,2.50,0.08,0.02,2.98
2023-05-11,25.75,25.85,26.08,25.40,12694,33211213.56,2.66,1.10,0.28,2.30
2023-05-12,25.60,25.82,26.40,25.51,13624,35785288.00,3.44,-0.12,-0.03,2.46
2023-05-15,25.69,26.07,26.14,25.59,16196,42357050.60,2.13,0.97,0.25,2.93
2023-05-16,26.05,25.91,26.38,25.80,13566,35733869.80,2.22,-0.61,-0.16,2.45
2023-05-17,25.91,26.51,26.54,25.70,17663,46789030.32,3.24,2.32,0.60,3.20
2023-05-18,26.58,26.15,26.87,26.06,14172,37675672.68,3.06,-1.36,-0.36,2.56
2023-05-19,26.09,26.45,26.47,25.81,11822,31336505.22,2.52,1.15,0.30,2.14
2023-05-22,26.58,26.63,26.73,26.20,10910,29239669.67,2.00,0.68,0.18,1.97
2023-05-23,26.69,28.00,28.57,26.69,51780,145232444.20,7.06,5.14,1.37,9.37
2023-05-24,28.00,29.69,30.83,27.74,99131,295094877.13,11.04,6.04,1.69,17.93
2023-05-25,28.70,27.80,28.99,27.40,59582,168265963.68,5.36,-6.37,-1.89,10.78
2023-05-26,27.82,27.93,28.45,27.30,32990,91780932.97,4.14,0.47,0.13,5.97
2023-05-29,27.93,27.36,27.98,27.06,26381,72472060.00,3.29,-2.04,-0.57,4.77
2023-05-30,27.48,27.53,27.63,26.92,21395,58380568.42,2.60,0.62,0.17,3.87
2023-05-31,27.52,27.05,27.60,27.00,15185,41262152.60,2.18,-1.74,-0.48,2.75
2023-06-01,27.68,28.33,29.11,27.62,36383,102640884.88,5.51,4.73,1.28,6.58
2023-06-02,28.50,30.31,30.35,28.25,40461,119670291.25,7.41,6.99,1.98,7.32
2023-06-05,29.92,31.24,32.50,29.39,49116,150595728.64,10.26,3.07,0.93,8.88
2023-06-06,31.01,30.46,31.30,30.31,37780,115989608.00,3.17,-2.50,-0.78,6.83
2023-06-07,30.18,30.20,30.96,30.08,17984,54824624.40,2.89,-0.85,-0.26,3.25
2023-06-08,30.57,30.37,31.09,30.00,18042,55020694.40,3.61,0.56,0.17,3.26
2023-06-09,30.29,30.37,30.96,30.17,12016,36629348.60,2.60,0.00,0.00,2.17
2023-06-12,30.52,31.38,31.60,29.98,18409,56980643.00,5.33,3.33,1.01,3.33
2023-06-13,31.22,30.48,31.59,30.29,17821,54590262.20,4.14,-2.87,-0.90,3.22
2023-06-14,30.40,30.43,30.85,30.16,17739,54039730.08,2.26,-0.16,-0.05,3.21
2023-06-15,30.10,30.32,30.86,30.10,13928,42540307.40,2.50,-0.36,-0.11,2.52
2023-06-16,30.12,30.06,30.58,30.03,12793,38647926.00,1.81,-0.86,-0.26,2.31
2023-06-19,30.06,29.67,30.07,29.54,9921,29546658.60,1.76,-1.30,-0.39,1.79
2023-06-20,29.91,29.62,29.98,29.55,10356,30784268.97,1.45,-0.17,-0.05,1.87
2023-06-21,29.60,30.60,31.03,29.60,26001,79409370.80,4.83,3.31,0.98,4.70
2023-06-26,30.53,30.30,30.96,29.80,23268,70532927.60,3.79,-0.98,-0.30,4.21
2023-06-27,30.50,31.44,31.52,30.38,20492,63707639.60,3.76,3.76,1.14,3.71
2023-06-28,31.41,32.31,32.52,31.08,26139,83313815.60,4.58,2.77,0.87,4.73
2023-06-29,32.15,31.65,32.45,31.30,23453,74416036.88,3.56,-2.04,-0.66,4.24
2023-06-30,31.82,32.25,32.80,31.71,23904,77271525.47,3.44,1.90,0.60,4.32
2023-07-03,32.10,32.20,32.50,31.70,15358,49317894.34,2.48,-0.16,-0.05,2.78
2023-07-04,32.07,32.56,32.60,31.39,19390,62277299.40,3.76,1.12,0.36,3.51
2023-07-05,32.47,31.88,32.47,31.85,9081,29122065.40,1.90,-2.09,-0.68,1.64
2023-07-06,31.90,31.97,32.18,31.50,7180,22913932.80,2.13,0.28,0.09,1.30
2023-07-07,32.03,31.87,32.03,31.55,5451,17318691.40,1.50,-0.31,-0.10,0.99
2023-07-10,31.92,31.64,32.30,31.35,10750,34121161.32,2.98,-0.72,-0.23,1.94
2023-07-11,31.80,31.87,32.00,31.18,7716,24415787.40,2.59,0.73,0.23,1.40
2023-07-12,31.79,31.62,32.20,31.55,8270,26385705.20,2.04,-0.78,-0.25,1.50
2023-07-13,31.60,31.14,31.98,31.08,13868,43421318.00,2.85,-1.52,-0.48,2.51
2023-07-14,31.06,30.91,31.58,30.85,12426,38742519.60,2.34,-0.74,-0.23,2.25
2023-07-17,32.70,33.36,33.92,32.41,52999,176494606.70,4.89,7.93,2.45,9.59
2023-07-18,33.87,35.97,36.50,33.55,51273,179746035.81,8.84,7.82,2.61,9.28
2023-07-19,36.07,35.95,36.19,35.50,30204,108130654.00,1.92,-0.06,-0.02,5.46
2023-07-20,35.79,35.28,36.50,35.10,21260,75956886.60,3.89,-1.86,-0.67,3.85
2023-07-21,35.00,31.77,35.00,31.77,59442,195812527.81,9.16,-9.95,-3.51,10.75
2023-07-24,31.60,33.77,34.17,31.50,52417,173157435.40,8.40,6.30,2.00,9.48
2023-07-25,34.16,32.77,34.30,32.67,26126,86952776.60,4.83,-2.96,-1.00,4.73
2023-07-26,32.77,32.35,33.26,32.28,17270,56643637.79,2.99,-1.28,-0.42,3.12
2023-07-27,32.39,31.77,32.59,31.53,15414,49286552.23,3.28,-1.79,-0.58,2.79
2023-07-28,31.50,31.41,32.00,31.36,16311,51473065.00,2.01,-1.13,-0.36,2.95
2023-07-31,31.39,31.26,31.70,29.72,29938,92358053.23,6.30,-0.48,-0.15,5.42
2023-08-01,31.09,31.46,31.72,30.83,19408,60940639.00,2.85,0.64,0.20,3.51
2023-08-02,31.60,32.00,32.34,31.11,15901,50803695.83,3.91,1.72,0.54,2.88
2023-08-03,31.94,32.09,32.28,31.61,10123,32422311.60,2.09,0.28,0.09,1.83
2023-08-04,28.88,28.88,28.88,28.88,11537,33318856.00,0.00,-10.00,-3.21,2.09
2023-08-07,27.53,25.99,28.00,25.99,90106,236336118.70,6.96,-10.01,-2.89,16.30
2023-08-08,25.48,25.06,25.88,24.77,87897,221023949.86,4.27,-3.58,-0.93,15.90
2023-08-09,25.06,25.05,25.31,24.82,48982,122847043.04,1.96,-0.04,-0.01,8.86
2023-08-10,25.05,25.46,25.49,24.95,37888,95550750.54,2.16,1.64,0.41,6.85
2023-08-11,25.45,24.89,25.46,24.83,39864,99874133.60,2.47,-2.24,-0.57,7.21
2023-08-14,24.93,25.29,25.36,24.60,36396,91090790.23,3.05,1.61,0.40,6.58
2023-08-15,25.39,25.29,25.44,25.15,30039,76058143.00,1.15,0.00,0.00,5.43
2023-08-16,25.22,25.40,25.66,25.06,30170,76752806.84,2.37,0.43,0.11,5.46
2023-08-17,25.38,25.59,25.66,25.00,25813,65443460.10,2.60,0.75,0.19,4.67
2023-08-18,25.55,25.39,26.03,25.37,28135,72405691.40,2.58,-0.78,-0.20,5.09
2023-08-21,25.37,25.38,25.71,25.21,21228,54094925.10,1.97,-0.04,-0.01,3.84
2023-08-22,25.38,25.21,25.78,24.87,19861,49984362.58,3.59,-0.67,-0.17,3.59
2023-08-23,25.32,24.79,25.32,24.75,17814,44420284.00,2.26,-1.67,-0.42,3.22
2023-08-24,24.65,24.72,25.12,24.46,15864,39159498.00,2.66,-0.28,-0.07,2.87
2023-08-25,24.51,24.25,24.77,24.11,22296,54466705.80,2.67,-1.90,-0.47,4.03