2020-01-02,9.19,9.24,9.33,9.09,19657,18455484.00,2.63,1.32,0.12,0.40
2020-01-03,9.22,9.07,9.27,9.03,16464,15261710.00,2.60,-1.84,-0.17,0.33
2020-01-06,9.12,9.24,9.31,9.01,45296,42192735.00,3.31,1.87,0.17,0.92
2020-01-07,9.24,9.97,10.18,9.16,88230,87691048.00,11.04,7.90,0.73,1.80
2020-01-08,9.82,10.10,10.44,9.74,75262,76592201.00,7.02,1.30,0.13,1.53
2020-01-09,10.10,9.96,10.38,9.80,50981,51906789.00,5.74,-1.39,-0.14,1.04
2020-01-10,9.96,9.90,9.98,9.64,30426,30369193.00,3.41,-0.60,-0.06,0.62
2020-01-13,9.89,10.25,10.64,9.68,63216,65361605.00,9.70,3.54,0.35,1.29
2020-01-14,10.42,10.15,10.43,10.06,44252,45887854.00,3.61,-0.98,-0.10,0.90
2020-01-15,10.12,10.09,10.31,10.06,20514,21150203.00,2.46,-0.59,-0.06,0.42
2020-01-16,10.14,9.96,10.18,9.85,14492,14687893.00,3.27,-1.29,-0.13,0.29
2020-01-17,9.96,9.85,10.04,9.80,14440,14562829.00,2.41,-1.10,-0.11,0.29
2020-01-20,9.85,9.90,9.98,9.70,21616,21520043.00,2.84,0.51,0.05,0.44
2020-01-21,9.90,9.73,9.98,9.73,11359,11319435.00,2.53,-1.72,-0.17,0.23
2020-01-22,9.63,9.75,9.84,9.49,13487,13266220.00,3.60,0.21,0.02,0.27
2020-01-23,9.75,9.29,9.77,9.14,18619,17940389.00,6.46,-4.72,-0.46,0.38
2020-02-03,8.44,8.35,8.74,8.35,15485,13227805.00,4.20,-10.12,-0.94,0.32
2020-02-04,7.85,8.34,8.43,7.84,36686,30556583.00,7.07,-0.12,-0.01,0.75
2020-02-05,8.43,8.96,8.96,8.29,32694,28358026.00,8.03,7.43,0.62,0.67
2020-02-06,9.61,9.87,9.87,9.14,89504,87137241.00,8.15,10.16,0.91,1.82
2020-02-07,10.34,9.60,10.54,9.43,88274,89812377.00,11.25,-2.74,-0.27,1.80
2020-02-10,9.54,9.23,9.54,9.14,42124,39660833.00,4.17,-3.85,-0.37,0.86
2020-02-11,9.24,8.96,9.30,8.87,26493,24309251.00,4.66,-2.93,-0.27,0.54
2020-02-12,8.96,9.08,9.14,8.89,19096,17491827.00,2.79,1.34,0.12,0.39
2020-02-13,9.10,8.78,9.10,8.64,31833,28582737.00,5.07,-3.30,-0.30,0.65
2020-02-14,8.82,8.65,8.83,8.60,24056,21312628.00,2.62,-1.48,-0.13,0.49
2020-02-17,8.68,9.53,9.53,8.68,44815,41820222.00,9.83,10.17,0.88,0.91
2020-02-18,9.85,9.77,10.02,9.54,109643,108735293.00,5.04,2.52,0.24,2.23
2020-02-19,9.57,9.54,10.02,9.34,104420,101527675.00,6.96,-2.35,-0.23,2.12
2020-02-20,9.40,9.42,9.49,9.19,58239,55439801.00,3.14,-1.26,-0.12,1.18
2020-02-21,9.34,9.65,9.74,9.22,89573,86464101.00,5.52,2.44,0.23,1.82
2020-02-24,9.53,9.69,9.74,9.38,79801,77392508.00,3.73,0.41,0.04,1.62
2020-02-25,9.42,9.87,9.89,9.35,141781,139480338.00,5.57,1.86,0.18,2.88
2020-02-26,9.74,9.48,9.74,9.45,61806,60349889.00,2.94,-3.95,-0.39,1.26
2020-02-27,9.46,9.69,9.75,9.32,98301,96048301.00,4.54,2.22,0.21,2.00
2020-02-28,9.40,9.42,9.61,8.91,77962,73110462.00,7.22,-2.79,-0.27,1.59
2020-03-02,9.30,9.68,9.72,9.19,86856,84490671.00,5.63,2.76,0.26,1.77
2020-03-03,9.72,9.69,9.88,9.60,86928,86046608.00,2.89,0.10,0.01,1.77
2020-03-04,9.61,9.99,10.00,9.61,111067,111236353.00,4.02,3.10,0.30,2.26
2020-03-05,10.00,9.85,10.13,9.81,87254,88137292.00,3.20,-1.40,-0.14,1.78
2020-03-06,9.70,9.74,9.94,9.56,64910,64226729.00,3.86,-1.12,-0.11,1.32
2020-03-09,9.59,9.19,9.68,9.15,61423,58817128.00,5.44,-5.65,-0.55,1.25
2020-03-10,9.13,9.37,9.44,8.89,61799,57604821.00,5.98,1.96,0.18,1.26
2020-03-11,9.40,9.34,9.59,9.33,48891,46958281.00,2.77,-0.32,-0.03,0.99
2020-03-12,9.25,8.97,9.32,8.83,44407,40772239.00,5.25,-3.96,-0.37,0.90
2020-03-13,8.65,8.84,8.90,8.44,53473,47495043.00,5.13,-1.45,-0.13,1.09
2020-03-16,8.87,8.71,9.10,8.59,27852,25187115.00,5.77,-1.47,-0.13,0.57
2020-03-17,8.82,8.74,8.85,8.51,17531,15461850.00,3.90,0.34,0.03,0.36
2020-03-18,8.79,8.59,8.91,8.59,21104,18786444.00,3.66,-1.72,-0.15,0.43
2020-03-19,8.49,8.59,8.66,8.46,16394,14293406.00,2.33,0.00,0.00,0.33
2020-03-20,8.65,8.68,8.72,8.54,16407,14452127.00,2.10,1.05,0.09,0.33
2020-03-23,8.64,8.84,9.06,8.43,36305,32816671.00,7.26,1.84,0.16,0.74
2020-03-24,9.02,9.00,9.04,8.84,23082,21008377.00,2.26,1.81,0.16,0.47
2020-03-25,9.09,8.99,9.13,8.96,22203,20378692.00,1.89,-0.11,-0.01,0.45
2020-03-26,8.99,8.96,9.01,8.84,17021,15532566.00,1.89,-0.33,-0.03,0.35
2020-03-27,9.04,9.05,9.26,8.98,23947,22273939.00,3.13,1.00,0.09,0.49
2020-03-30,9.19,9.32,9.41,8.86,29256,27205712.00,6.08,2.98,0.27,0.60
2020-03-31,9.71,9.38,9.83,9.21,56414,53949444.00,6.65,0.64,0.06,1.15
2020-04-01,9.24,8.95,9.32,8.92,29367,27077210.00,4.26,-4.58,-0.43,0.60
2020-04-02,8.86,8.96,8.96,8.65,19893,17818813.00,3.46,0.11,0.01,0.40
2020-04-03,8.84,8.84,8.96,8.84,8512,7696225.00,1.34,-1.34,-0.12,0.17
2020-04-07,8.95,9.23,9.34,8.94,47335,44124367.00,4.52,4.41,0.39,0.96
2020-04-08,9.24,9.25,9.32,9.16,20515,19270448.00,1.73,0.22,0.02,0.42
2020-04-09,9.29,9.24,9.36,9.20,21520,20264532.00,1.73,-0.11,-0.01,0.44
2020-04-10,9.23,8.96,9.27,8.87,32114,29482385.00,4.33,-3.03,-0.28,0.65
2020-04-13,9.04,9.11,9.11,8.97,14452,13294481.00,1.56,1.67,0.15,0.29
2020-04-14,9.08,9.25,9.28,9.01,22548,21026024.00,2.96,1.54,0.14,0.46
2020-04-15,9.17,9.32,9.40,9.16,46230,43801592.00,2.59,0.76,0.07,0.94
2020-04-16,9.27,9.38,9.39,9.22,41926,39789311.00,1.82,0.64,0.06,0.85
2020-04-17,9.41,9.60,9.78,9.26,106009,103253207.00,5.54,2.35,0.22,2.16
2020-04-20,9.60,9.50,9.70,9.41,86134,83485988.00,3.02,-1.04,-0.10,1.75
2020-04-21,9.52,9.44,9.59,9.35,48223,46397420.00,2.53,-0.63,-0.06,0.98
2020-04-22,9.33,9.44,9.53,9.25,34416,33042460.00,2.97,0.00,0.00,0.70
2020-04-23,9.49,9.35,9.57,9.34,50413,48474113.00,2.44,-0.95,-0.09,1.03
2020-04-24,9.33,8.84,9.40,8.75,68567,62907666.00,6.95,-5.45,-0.51,1.40
2020-04-27,8.76,8.69,8.92,8.59,30039,26624358.00,3.73,-1.70,-0.15,0.61
2020-04-28,8.62,8.54,8.81,8.05,26371,22964338.00,8.75,-1.73,-0.15,0.54
2020-04-29,8.51,8.70,8.77,8.37,20685,18269822.00,4.68,1.87,0.16,0.42
2020-04-30,8.71,8.99,9.24,8.70,30665,28078194.00,6.21,3.33,0.29,0.62
2020-05-06,8.87,9.11,9.22,8.87,24415,22608498.00,3.89,1.33,0.12,0.50
2020-05-07,9.19,9.34,9.40,9.04,38419,36283344.00,3.95,2.52,0.23,0.78
2020-05-08,9.41,9.24,9.41,9.21,25136,23710193.00,2.14,-1.07,-0.10,0.51
2020-05-11,9.19,9.08,9.31,9.04,25080,23332163.00,2.92,-1.73,-0.16,0.51
2020-05-12,9.07,9.06,9.31,8.91,21002,19336671.00,4.41,-0.22,-0.02,0.43
2020-05-13,9.34,9.24,9.84,9.22,89325,85572615.00,6.84,1.99,0.18,1.82
2020-05-14,9.07,8.94,9.23,8.92,52973,48501257.00,3.35,-3.25,-0.30,1.08
2020-05-15,8.97,8.94,9.07,8.93,27267,24970448.00,1.57,0.00,0.00,0.55
2020-05-18,8.93,9.15,9.34,8.93,40977,38269866.00,4.59,2.35,0.21,0.83
2020-05-19,9.23,9.07,9.27,9.00,29978,27737500.00,2.95,-0.87,-0.08,0.61
2020-05-20,9.07,8.94,9.12,8.89,25162,22934036.00,2.54,-1.43,-0.13,0.51
2020-05-21,8.99,8.77,8.99,8.76,18839,16987271.00,2.57,-1.90,-0.17,0.38
2020-05-22,8.81,8.76,8.95,8.73,17198,15441336.00,2.51,-0.11,-0.01,0.35
2020-05-25,8.75,8.89,8.95,8.73,16053,14472204.00,2.51,1.48,0.13,0.33
2020-05-26,8.89,8.93,8.95,8.82,14122,12800594.00,1.46,0.45,0.04,0.29
2020-05-27,8.93,8.89,8.95,8.80,12394,11197763.00,1.68,-0.45,-0.04,0.25
2020-05-28,8.90,8.83,8.99,8.74,21292,19161259.00,2.81,-0.67,-0.06,0.43
2020-05-29,8.78,8.86,8.99,8.75,20623,18696501.00,2.72,0.34,0.03,0.42
2020-06-01,8.87,9.01,9.08,8.87,24664,22549661.00,2.37,1.69,0.15,0.50
2020-06-02,9.03,9.03,9.09,9.00,20072,18462605.00,1.00,0.22,0.02,0.41
2020-06-03,9.04,8.97,9.11,8.96,23431,21534171.00,1.66,-0.66,-0.06,0.48
2020-06-04,8.97,8.99,9.09,8.96,23336,21421398.00,1.45,0.22,0.02,0.47
2020-06-05,8.98,9.04,9.29,8.95,64149,59483742.00,3.78,0.56,0.05,1.31
2020-06-08,9.04,9.05,9.13,9.01,25119,23144126.00,1.33,0.11,0.01,0.51
2020-06-09,9.03,9.17,9.20,9.03,40605,37665150.00,1.88,1.33,0.12,0.83
2020-06-10,9.17,9.14,9.26,9.04,31658,29352559.00,2.40,-0.33,-0.03,0.64
2020-06-11,9.12,9.22,9.24,8.95,42083,38946375.00,3.17,0.88,0.08,0.86
2020-06-12,9.08,9.46,9.56,9.00,103363,98855449.00,6.07,2.60,0.24,2.10
2020-06-15,9.42,9.57,9.69,9.36,73899,71780647.00,3.49,1.16,0.11,1.50
2020-06-16,9.57,9.48,9.57,9.40,47438,45690617.00,1.78,-0.94,-0.09,0.97
2020-06-17,9.48,9.69,10.09,9.48,108207,107476016.00,6.43,2.22,0.21,2.20
2020-06-18,9.68,9.71,9.99,9.59,101132,100668176.00,4.13,0.21,0.02,2.06
2020-06-19,9.69,9.68,9.87,9.66,56394,55844517.00,2.16,-0.31,-0.03,1.15
2020-06-22,9.64,9.55,9.74,9.49,58372,56786116.00,2.58,-1.34,-0.13,1.19
2020-06-23,9.55,9.47,9.63,9.41,37881,36646960.00,2.30,-0.84,-0.08,0.77
2020-06-24,9.49,9.40,9.55,9.38,31468,30191257.00,1.80,-0.74,-0.07,0.64
2020-06-29,9.40,9.54,9.69,9.24,42173,40785072.00,4.79,1.49,0.14,0.86
2020-06-30,9.57,9.55,9.65,9.51,32591,31749924.00,1.47,0.10,0.01,0.66
2020-07-01,9.54,9.65,9.68,9.47,38006,37039761.00,2.20,1.05,0.10,0.77
2020-07-02,9.63,9.76,9.80,9.58,42842,42392793.00,2.28,1.14,0.11,0.87
2020-07-03,9.81,9.70,9.81,9.63,43000,42362327.00,1.84,-0.61,-0.06,0.87
2020-07-06,9.64,9.78,10.01,9.59,142004,141955601.00,4.33,0.82,0.08,2.89
2020-07-07,9.85,10.08,10.21,9.71,124716,126149193.00,5.11,3.07,0.30,2.54
2020-07-08,10.08,10.29,10.42,9.96,99862,103439402.00,4.56,2.08,0.21,2.03
2020-07-09,10.21,10.60,10.70,10.13,142632,150424714.00,5.54,3.01,0.31,2.90
2020-07-10,10.45,10.20,10.60,10.20,124536,131199853.00,3.77,-3.77,-0.40,2.53
2020-07-13,10.26,10.47,10.51,10.18,116641,122588369.00,3.24,2.65,0.27,2.37
2020-07-14,10.58,10.34,10.66,10.20,106990,113096592.00,4.39,-1.24,-0.13,2.18
2020-07-15,10.34,9.98,10.52,9.87,146916,152018307.00,6.29,-3.48,-0.36,2.99
2020-07-16,9.96,9.71,10.09,9.67,104591,104885243.00,4.21,-2.71,-0.27,2.13
2020-07-17,9.71,9.79,9.92,9.49,51009,50450710.00,4.43,0.82,0.08,1.04
2020-07-20,9.80,10.12,10.22,9.80,69820,71125500.00,4.29,3.37,0.33,1.42
2020-07-21,10.09,10.11,10.29,10.03,61237,62964638.00,2.57,-0.10,-0.01,1.25
2020-07-22,10.11,10.03,10.22,9.99,97956,100654355.00,2.27,-0.79,-0.08,1.99
2020-07-23,10.05,10.09,10.16,9.80,79599,80825201.00,3.59,0.60,0.06,1.62
2020-07-24,10.12,9.93,10.58,9.92,134339,139382057.00,6.54,-1.59,-0.16,2.73
2020-07-27,9.94,9.91,10.11,9.72,70788,71417604.00,3.93,-0.20,-0.02,1.44
2020-07-28,9.93,9.91,10.08,9.87,54774,55296367.00,2.12,0.00,0.00,1.11
2020-07-29,9.91,10.11,10.11,9.76,68086,69125045.00,3.53,2.02,0.20,1.39
2020-07-30,10.23,10.28,10.39,10.11,83162,86581110.00,2.77,1.68,0.17,1.69
2020-07-31,10.28,10.44,10.44,10.09,93743,97822473.00,3.40,1.56,0.16,1.91
2020-08-03,10.49,11.50,11.50,10.45,134192,150494109.00,10.06,10.15,1.06,2.73
2020-08-04,11.94,11.83,12.67,11.45,364047,445008560.00,10.61,2.87,0.33,7.41
2020-08-05,11.50,11.65,11.84,11.24,162028,188889146.00,5.07,-1.52,-0.18,3.30
2020-08-06,11.62,12.00,12.21,11.55,144377,174991411.00,5.67,3.00,0.35,2.94
2020-08-07,11.80,11.98,12.37,11.76,167394,204192807.00,5.08,-0.17,-0.02,3.41
2020-08-10,11.84,11.58,12.15,11.32,122751,146330399.00,6.93,-3.34,-0.40,2.50
2020-08-11,11.57,12.13,12.71,11.40,165768,201164894.00,11.31,4.75,0.55,3.37
2020-08-12,12.02,12.16,12.43,11.79,123286,150428228.00,5.28,0.25,0.03,2.51
2020-08-13,12.12,12.96,13.13,11.94,163991,210248413.00,9.79,6.58,0.80,3.34
2020-08-14,12.66,12.58,12.74,12.32,111019,140787299.00,3.24,-2.93,-0.38,2.26
2020-08-17,12.64,13.85,13.85,12.52,178601,245764114.00,10.57,10.10,1.27,3.63
2020-08-18,14.41,13.88,14.69,13.69,219169,312872560.00,7.22,0.22,0.03,4.46
2020-08-19,13.92,13.72,14.17,13.49,99955,138537491.00,4.90,-1.15,-0.16,2.03
2020-08-20,13.51,14.60,14.90,13.41,175584,254882592.00,10.86,6.41,0.88,3.57
2020-08-21,14.51,14.63,14.92,14.31,95345,140555105.00,4.18,0.21,0.03,1.94
2020-08-24,14.27,14.35,14.54,13.94,98842,142346514.00,4.10,-1.91,-0.28,2.01
2020-08-25,14.35,13.90,14.76,13.80,97660,139339963.00,6.69,-3.14,-0.45,1.99
2020-08-26,13.84,13.59,14.37,13.41,85587,119021296.00,6.91,-2.23,-0.31,1.74
2020-08-27,13.50,14.96,14.96,13.50,163987,241175793.00,10.74,10.08,1.37,3.34
2020-08-28,14.89,15.15,15.55,14.66,141521,214710951.00,5.95,1.27,0.19,2.88
2020-08-31,15.13,14.71,15.35,13.91,167802,247016442.00,9.50,-2.90,-0.44,3.41
2020-09-01,14.72,14.67,15.09,14.48,71382,105832514.00,4.15,-0.27,-0.04,1.45
2020-09-02,14.37,13.74,14.37,13.55,146849,204570388.00,5.59,-6.34,-0.93,2.99
2020-09-03,13.65,13.31,13.80,13.17,101203,137554970.00,4.59,-3.13,-0.43,2.06
2020-09-04,13.01,12.99,13.28,12.85,61868,80992543.00,3.23,-2.40,-0.32,1.26
2020-09-07,13.07,12.49,13.22,12.44,71541,92196206.00,6.00,-3.85,-0.50,1.46
2020-09-08,12.59,12.57,12.87,12.19,54914,69563283.00,5.44,0.64,0.08,1.12
2020-09-09,12.44,12.37,12.69,12.24,39685,50000163.00,3.58,-1.59,-0.20,0.81
2020-09-10,12.46,12.41,13.08,12.26,66857,84972234.00,6.63,0.32,0.04,1.36
2020-09-11,12.44,12.54,12.62,12.19,42163,52954613.00,3.46,1.05,0.13,0.86
2020-09-14,12.63,12.91,13.05,12.58,48867,63309830.00,3.75,2.95,0.37,0.99
2020-09-15,12.84,12.47,13.13,12.39,53399,67753386.00,5.73,-3.41,-0.44,1.09
2020-09-16,12.43,12.19,12.59,12.11,35349,43897874.00,3.85,-2.25,-0.28,0.72
2020-09-17,12.27,12.17,12.47,11.86,37522,45874417.00,5.00,-0.16,-0.02,0.76
2020-09-18,12.25,12.17,12.31,12.10,30004,36935724.00,1.73,0.00,0.00,0.61
2020-09-21,12.19,11.98,12.22,11.89,38699,47069441.00,2.71,-1.56,-0.19,0.79
2020-09-22,11.90,11.79,11.99,11.49,60245,71315861.00,4.17,-1.59,-0.19,1.23
2020-09-23,11.75,11.58,11.75,11.28,58118,67515148.00,3.99,-1.78,-0.21,1.18
2020-09-24,11.46,11.10,11.69,11.04,56570,64726241.00,5.61,-4.15,-0.48,1.15
2020-09-25,11.24,11.09,11.41,10.89,51708,57879809.00,4.68,-0.09,-0.01,1.05
2020-09-28,11.04,10.78,11.04,10.62,52400,56976733.00,3.79,-2.80,-0.31,1.07
2020-09-29,10.71,10.86,11.11,10.70,33209,36605849.00,3.80,0.74,0.08,0.68
2020-09-30,10.86,10.85,11.07,10.78,30782,33890598.00,2.67,-0.09,-0.01,0.63
2020-10-09,10.99,11.05,11.14,10.81,34507,38309253.00,3.04,1.84,0.20,0.70
2020-10-12,11.07,11.39,11.56,11.04,46259,52900331.00,4.71,3.08,0.34,0.94
2020-10-13,11.42,11.28,11.54,11.24,37084,42440352.00,2.63,-0.97,-0.11,0.75
2020-10-14,11.30,10.99,11.32,10.93,31971,35646633.00,3.46,-2.57,-0.29,0.65
2020-10-15,11.03,10.78,11.05,10.76,25552,27941168.00,2.64,-1.91,-0.21,0.52
2020-10-16,10.75,10.64,10.79,10.51,26389,28294928.00,2.60,-1.30,-0.14,0.54
2020-10-19,10.80,10.40,10.88,10.34,28476,30414882.00,5.08,-2.26,-0.24,0.58
2020-10-20,10.41,10.57,10.61,10.18,29867,31358882.00,4.13,1.63,0.17,0.61
2020-10-21,10.66,10.42,10.76,10.34,30462,32354889.00,3.97,-1.42,-0.15,0.62
2020-10-22,10.42,10.32,10.42,10.21,22287,23201051.00,2.02,-0.96,-0.10,0.45
2020-10-23,10.38,10.09,10.38,10.02,23258,23957143.00,3.49,-2.23,-0.23,0.47
2020-10-26,10.18,10.04,10.18,9.94,19548,19804692.00,2.38,-0.50,-0.05,0.40
2020-10-27,9.99,10.11,10.12,9.95,16355,16640489.00,1.69,0.70,0.07,0.33
2020-10-28,10.17,10.07,10.17,9.96,14865,15111816.00,2.08,-0.40,-0.04,0.30
2020-10-29,10.04,9.93,10.13,9.90,31012,31254774.00,2.28,-1.39,-0.14,0.63
2020-10-30,9.87,9.92,10.06,9.59,46544,46265091.00,4.73,-0.10,-0.01,0.95
2020-11-02,9.84,9.99,10.04,9.34,61280,59799278.00,7.06,0.71,0.07,1.25
2020-11-03,9.90,10.48,11.00,9.83,116776,124803642.00,11.71,4.90,0.49,2.38
2020-11-04,10.22,10.85,10.86,10.19,64252,68023140.00,6.39,3.53,0.37,1.31
2020-11-05,10.70,10.89,11.14,10.67,62032,68418657.00,4.33,0.37,0.04,1.26
2020-11-06,10.80,10.72,10.94,10.68,22413,24400347.00,2.39,-1.56,-0.17,0.46
2020-11-09,10.61,10.70,10.89,10.54,39962,43114080.00,3.26,-0.19,-0.02,0.81
2020-11-10,10.65,10.60,10.78,10.52,22399,24059954.00,2.43,-0.93,-0.10,0.46
2020-11-11,10.55,10.31,10.56,10.30,21595,22690261.00,2.45,-2.74,-0.29,0.44
2020-11-12,10.27,10.22,10.37,10.22,11590,12034822.00,1.45,-0.87,-0.09,0.24
2020-11-13,10.22,10.62,10.74,9.99,38075,39828891.00,7.34,3.91,0.40,0.77
2020-11-16,10.62,11.39,11.53,10.59,120622,137057472.00,8.85,7.25,0.77,2.45
2020-11-17,11.60,11.47,11.76,11.32,63499,74073971.00,3.86,0.70,0.08,1.29
2020-11-18,11.50,11.30,11.68,11.12,38687,44398581.00,4.88,-1.48,-0.17,0.79
2020-11-19,11.31,11.94,12.29,11.23,90181,106587763.00,9.38,5.66,0.64,1.83
2020-11-20,11.95,12.36,12.44,11.85,90941,111763710.00,4.94,3.52,0.42,1.85
2020-11-23,12.30,12.51,12.77,12.22,68582,86533952.00,4.45,1.21,0.15,1.40
2020-11-24,12.50,13.19,13.48,12.29,110238,144283234.00,9.51,5.44,0.68,2.24
2020-11-25,13.34,12.88,13.67,12.87,98448,131155537.00,6.07,-2.35,-0.31,2.00
2020-11-26,12.88,13.04,13.49,12.84,100526,133512834.00,5.05,1.24,0.16,2.05
2020-11-27,13.23,12.99,13.25,12.85,57937,76238686.00,3.07,-0.38,-0.05,1.18
2020-11-30,12.99,13.42,13.59,12.91,54772,73500991.00,5.23,3.31,0.43,1.11
2020-12-01,13.29,13.34,13.53,13.27,40835,55085842.00,1.94,-0.60,-0.08,0.83
2020-12-02,13.30,13.42,13.55,13.24,37318,50493844.00,2.32,0.60,0.08,0.76
2020-12-03,13.42,13.41,13.60,13.20,31516,42466098.00,2.98,-0.07,-0.01,0.64
2020-12-04,13.45,13.44,13.69,13.25,40190,54545584.00,3.28,0.22,0.03,0.82
2020-12-07,13.57,13.71,14.02,13.44,44059,61107907.00,4.32,2.01,0.27,0.90
2020-12-08,13.73,13.81,14.13,13.71,30540,42714320.00,3.06,0.73,0.10,0.62
2020-12-09,13.80,13.43,13.82,13.39,46805,64169024.00,3.11,-2.75,-0.38,0.95
2020-12-10,13.42,13.10,13.49,13.03,71278,94961640.00,3.43,-2.46,-0.33,1.45
2020-12-11,13.24,13.08,13.38,12.89,43768,57782776.00,3.74,-0.15,-0.02,0.89
2020-12-14,13.08,13.87,14.22,12.95,88690,123586632.00,9.71,6.04,0.79,1.80
2020-12-15,14.07,13.85,14.18,13.74,62037,87496544.00,3.17,-0.14,-0.02,1.26
2020-12-16,13.88,13.69,13.98,13.62,31173,43167863.00,2.60,-1.16,-0.16,0.63
2020-12-17,13.59,13.55,13.82,13.54,36420,50136607.00,2.05,-1.02,-0.14,0.74
2020-12-18,13.62,13.24,13.64,13.18,28225,38124590.00,3.39,-2.29,-0.31,0.57
2020-12-21,13.24,13.59,13.83,13.11,63933,87361090.00,5.44,2.64,0.35,1.30
2020-12-22,13.60,13.03,13.60,13.01,46372,61507696.00,4.34,-4.12,-0.56,0.94
2020-12-23,13.19,13.46,13.62,12.96,44924,60374448.00,5.07,3.30,0.43,0.91
2020-12-24,13.57,13.24,13.96,13.24,54872,75164426.00,5.35,-1.63,-0.22,1.12
2020-12-25,13.23,12.95,13.25,12.72,34516,45094528.00,4.00,-2.19,-0.29,0.70
2020-12-28,12.82,12.30,12.96,11.99,53292,66462816.00,7.49,-5.02,-0.65,1.08
2020-12-29,12.17,12.02,12.59,11.99,27163,33396014.00,4.88,-2.28,-0.28,0.55
2020-12-30,12.02,12.47,12.74,11.89,52299,64918947.00,7.07,3.74,0.45,1.06
2020-12-31,12.86,13.57,13.69,12.60,60581,81675453.00,8.74,8.82,1.10,1.23