MjAxOC0wMS0wMiwzLjYzLDMuNjUsMy42NiwzLjYyLDMyMDcxMSwxMTcxNzQ0NTYuMDAsMS4xMSwxLjExLDAuMDQsMC41MA==
2018-01-03,3.65,3.67,3.70,3.64,488993,180097707.00,1.64,0.55,0.02,0.75
2018-01-04,3.67,3.66,3.68,3.65,268386,98532757.00,0.82,-0.27,-0.01,0.41
2018-01-05,3.66,3.67,3.70,3.65,418147,154009181.00,1.37,0.27,0.01,0.65
2018-01-08,3.66,3.70,3.74,3.63,643051,237995946.00,3.00,0.82,0.03,0.99
2018-01-09,3.68,3.66,3.70,3.65,328220,120691917.00,1.35,-1.08,-0.04,0.51
2018-01-10,3.67,3.65,3.68,3.63,383213,140221731.00,1.37,-0.27,-0.01,0.59
2018-01-11,3.64,3.67,3.68,3.63,349642,128393356.00,1.37,0.55,0.02,0.54
2018-01-12,3.67,3.66,3.69,3.66,318899,117401836.00,0.82,-0.27,-0.01,0.49
2018-01-15,3.66,3.63,3.68,3.63,458967,168127113.00,1.37,-0.82,-0.03,0.71
2018-01-16,3.63,3.68,3.69,3.62,482143,176385872.00,1.93,1.38,0.05,0.74
2018-01-17,3.68,3.78,3.86,3.68,1607351,610390384.00,4.89,2.72,0.10,2.48
2018-01-18,3.75,3.76,3.79,3.73,639488,240715768.00,1.59,-0.53,-0.02,0.99
2018-01-19,3.76,3.89,3.97,3.74,1738213,672492144.00,6.12,3.46,0.13,2.68
2018-01-22,3.86,3.87,3.89,3.82,806384,311249776.00,1.80,-0.51,-0.02,1.24
2018-01-23,3.87,3.86,3.91,3.82,641756,248075629.00,2.33,-0.26,-0.01,0.99
2018-01-24,3.87,3.92,3.94,3.82,1195094,466617984.00,3.11,1.55,0.06,1.84
2018-01-25,3.89,3.84,3.90,3.83,718120,278378368.00,1.79,-2.04,-0.08,1.11
2018-01-26,3.84,3.82,3.87,3.82,462672,178221668.00,1.30,-0.52,-0.02,0.71
2018-01-29,3.83,3.77,3.84,3.75,520326,197857452.00,2.36,-1.31,-0.05,0.80
2018-01-30,3.76,3.76,3.78,3.74,362150,136435289.00,1.06,-0.27,-0.01,0.56
2018-01-31,3.72,3.65,3.73,3.62,622753,229749090.00,2.93,-2.93,-0.11,0.96
2018-02-01,3.65,3.30,3.65,3.28,1321288,456215888.00,10.14,-9.59,-0.35,2.04
2018-02-02,3.26,3.23,3.26,3.11,1173131,374654368.00,4.55,-2.12,-0.07,1.81
2018-02-05,3.16,3.22,3.26,3.13,462071,148111316.00,4.02,-0.31,-0.01,0.71
2018-02-06,3.17,3.04,3.20,2.99,667515,210051825.00,6.52,-5.59,-0.18,1.03
2018-02-07,3.09,3.04,3.12,2.99,814194,248259346.00,4.28,0.00,0.00,1.26
2018-02-08,3.00,3.05,3.07,3.00,422669,128877171.00,2.30,0.33,0.01,0.65
2018-02-09,3.00,3.02,3.03,2.96,1085976,326461824.00,2.30,-0.98,-0.03,1.68
2018-02-12,3.02,3.03,3.06,2.99,614660,186630466.00,2.32,0.33,0.01,0.95
2018-02-13,3.04,3.04,3.07,3.03,395976,121030742.00,1.32,0.33,0.01,0.61
2018-02-14,3.03,3.03,3.04,3.01,273645,83047658.00,0.99,-0.33,-0.01,0.42
2018-02-22,3.04,3.04,3.06,3.02,548099,167084133.00,1.32,0.33,0.01,0.85
2018-02-23,3.04,3.05,3.06,3.03,362370,110629170.00,0.99,0.33,0.01,0.56
2018-02-26,3.06,3.10,3.11,3.03,660746,203570477.00,2.62,1.64,0.05,1.02
2018-02-27,3.09,3.07,3.10,3.06,369955,114055849.00,1.29,-0.97,-0.03,0.57
2018-02-28,3.06,3.09,3.11,3.03,516939,159189298.00,2.61,0.65,0.02,0.80
2018-03-01,3.06,3.09,3.10,3.06,434520,134397748.00,1.29,0.00,0.00,0.67
2018-03-02,3.07,3.06,3.09,3.05,327599,100935910.00,1.29,-0.97,-0.03,0.51
2018-03-05,3.06,3.05,3.07,3.03,470826,143762416.00,1.31,-0.33,-0.01,0.73
2018-03-06,3.06,3.06,3.09,3.04,1091006,334935152.00,1.64,0.33,0.01,1.68
2018-03-07,3.06,3.06,3.09,3.04,875597,268766752.00,1.63,0.00,0.00,1.35
2018-03-08,3.05,3.06,3.06,3.03,682735,208430952.00,0.98,0.00,0.00,1.05
2018-03-09,3.05,3.07,3.08,3.03,1551512,475638160.00,1.63,0.33,0.01,2.39
2018-03-12,3.08,3.10,3.12,3.07,1583939,490878704.00,1.63,0.98,0.03,2.44
2018-03-13,3.09,3.07,3.10,3.06,954093,294209840.00,1.29,-0.97,-0.03,1.47
2018-03-14,3.06,3.07,3.08,3.05,754834,232050131.00,0.98,0.00,0.00,1.17
2018-03-15,3.06,3.06,3.06,3.03,766361,234259220.00,0.98,-0.33,-0.01,1.18
2018-03-16,3.05,3.05,3.06,3.03,761681,232649646.00,0.98,-0.33,-0.01,1.18
2018-03-19,3.05,3.05,3.06,3.03,438742,133898680.00,0.98,0.00,0.00,0.68
2018-03-20,3.03,3.04,3.07,3.03,540314,164964801.00,1.31,-0.33,-0.01,0.83
2018-03-21,3.05,3.04,3.09,3.04,1497147,459885872.00,1.64,0.00,0.00,2.31
2018-03-22,3.03,3.00,3.04,2.99,990471,299554064.00,1.64,-1.32,-0.04,1.53
2018-03-23,2.94,2.84,2.94,2.70,1720987,484974448.00,8.00,-5.33,-0.16,2.66
2018-03-26,2.78,2.84,2.85,2.74,639658,178932764.00,3.87,0.00,0.00,0.99
2018-03-27,2.85,2.86,2.87,2.84,592781,170081850.00,1.06,0.70,0.02,0.91
2018-03-28,2.82,2.83,2.85,2.81,373641,106070068.00,1.40,-1.05,-0.03,0.58
2018-03-29,2.84,2.87,2.90,2.80,596768,171104315.00,3.53,1.41,0.04,0.92
2018-03-30,2.86,2.87,2.89,2.85,401659,115730197.00,1.39,0.00,0.00,0.62
2018-04-02,2.87,2.89,2.93,2.85,590057,171538218.00,2.79,0.70,0.02,0.91
2018-04-03,2.86,2.84,2.88,2.83,431031,123401924.00,1.73,-1.73,-0.05,0.67
2018-04-04,2.85,2.84,2.88,2.82,370459,106134011.00,2.11,0.00,0.00,0.57
2018-04-09,2.82,2.82,2.84,2.79,340746,96429545.00,1.76,-0.70,-0.02,0.53
2018-04-10,2.84,2.86,2.87,2.83,450469,128950902.00,1.42,1.42,0.04,0.70
2018-04-11,2.88,2.86,2.88,2.85,441103,126858509.00,1.05,0.00,0.00,0.68
2018-04-12,2.86,2.87,2.92,2.85,530128,153353276.00,2.45,0.35,0.01,0.82
2018-04-13,2.88,2.83,2.89,2.83,307193,88024798.00,2.09,-1.39,-0.04,0.47
2018-04-16,2.82,2.79,2.84,2.78,345858,97392565.00,2.12,-1.41,-0.04,0.53
2018-04-17,2.79,2.78,2.83,2.77,373008,104985577.00,2.15,-0.36,-0.01,0.58
2018-04-18,2.81,2.80,2.82,2.75,336061,93985036.00,2.52,0.72,0.02,0.52
2018-04-19,2.80,2.81,2.83,2.79,327458,92174753.00,1.43,0.36,0.01,0.51
2018-04-20,2.79,2.78,2.80,2.72,540039,149691787.00,2.85,-1.07,-0.03,0.83
2018-04-23,2.76,2.77,2.78,2.75,231160,64106683.00,1.08,-0.36,-0.01,0.36
2018-04-24,2.78,2.81,2.82,2.76,454976,127614125.00,2.17,1.44,0.04,0.70
2018-04-25,2.79,2.77,2.79,2.77,390225,108877445.00,0.71,-1.42,-0.04,0.60
2018-04-26,2.78,2.74,2.79,2.74,381942,105627589.00,1.81,-1.08,-0.03,0.59
2018-04-27,2.75,2.77,2.79,2.75,487210,135346855.00,1.46,1.09,0.03,0.75
2018-05-02,2.79,2.79,2.81,2.78,422494,118330329.00,1.08,0.72,0.02,0.65
2018-05-03,2.79,2.85,2.86,2.77,817056,232608752.00,3.23,2.15,0.06,1.26
2018-05-04,2.85,2.83,2.85,2.83,336801,95929359.00,0.70,-0.70,-0.02,0.52
2018-05-07,2.84,2.87,2.90,2.84,520868,149381190.00,2.12,1.41,0.04,0.80
2018-05-08,2.86,2.88,2.89,2.85,359429,103165449.00,1.39,0.35,0.01,0.55
2018-05-09,2.87,2.86,2.88,2.84,258880,73919864.00,1.39,-0.69,-0.02,0.40
2018-05-10,2.86,2.87,2.87,2.84,274189,78197560.00,1.05,0.35,0.01,0.42
2018-05-11,2.87,2.84,2.87,2.83,212092,60430682.00,1.39,-1.05,-0.03,0.33
2018-05-14,2.84,2.85,2.86,2.84,215879,61496245.00,0.70,0.35,0.01,0.33
2018-05-15,2.84,2.83,2.85,2.79,348915,98296899.00,2.11,-0.70,-0.02,0.54
2018-05-16,2.81,2.79,2.81,2.79,286447,80237611.00,0.71,-1.41,-0.04,0.44
2018-05-17,2.79,2.80,2.80,2.77,217624,60628500.00,1.08,0.36,0.01,0.34
2018-05-18,2.78,2.81,2.82,2.78,249075,69688147.00,1.43,0.36,0.01,0.38
2018-05-21,2.83,2.83,2.84,2.81,345128,97568178.00,1.07,0.71,0.02,0.53
2018-05-22,2.82,2.82,2.83,2.80,253702,71389328.00,1.06,-0.35,-0.01,0.39
2018-05-23,2.81,2.79,2.82,2.79,268252,75103631.00,1.06,-1.06,-0.03,0.41
2018-05-24,2.79,2.80,2.80,2.78,198172,55190791.00,0.72,0.36,0.01,0.31
2018-05-25,2.79,2.79,2.80,2.76,239865,66734558.00,1.43,-0.36,-0.01,0.37
2018-05-28,2.78,2.77,2.79,2.75,262789,72722321.00,1.43,-0.72,-0.02,0.41
2018-05-29,2.76,2.75,2.76,2.71,387857,106114647.00,1.81,-0.72,-0.02,0.60
2018-05-30,2.71,2.69,2.72,2.66,489293,131851186.00,2.18,-2.18,-0.06,0.76
2018-05-31,2.69,2.70,2.71,2.67,344611,92767391.00,1.49,0.37,0.01,0.53
2018-06-01,2.69,2.69,2.72,2.67,371038,100068761.00,1.85,-0.37,-0.01,0.57
2018-06-04,2.69,2.65,2.70,2.62,388171,102902276.00,2.97,-1.49,-0.04,0.60
2018-06-05,2.64,2.65,2.65,2.62,208931,55152211.00,1.13,0.00,0.00,0.32
2018-06-06,2.64,2.68,2.69,2.62,442497,117663220.00,2.64,1.13,0.03,0.68
2018-06-07,2.68,2.70,2.73,2.66,439227,118571659.00,2.61,0.75,0.02,0.68
2018-06-08,2.68,2.63,2.68,2.62,367641,97108223.00,2.22,-2.59,-0.07,0.57
2018-06-11,2.62,2.64,2.65,2.61,213358,56138864.00,1.52,0.38,0.01,0.33
2018-06-12,2.63,2.64,2.64,2.61,159063,41805370.00,1.14,0.00,0.00,0.25
2018-06-13,2.63,2.60,2.64,2.57,275200,71730776.00,2.65,-1.52,-0.04,0.42
2018-06-14,2.58,2.61,2.61,2.57,225766,58593108.00,1.54,0.38,0.01,0.35
2018-06-15,2.60,2.55,2.60,2.52,398983,101890709.00,3.07,-2.30,-0.06,0.62
2018-06-19,2.52,2.30,2.52,2.30,881073,207871429.00,8.63,-9.80,-0.25,1.36
2018-06-20,2.29,2.31,2.33,2.25,527190,121225426.00,3.48,0.43,0.01,0.81
2018-06-21,2.30,2.27,2.34,2.25,398929,91792623.00,3.90,-1.73,-0.04,0.62
2018-06-22,2.25,2.29,2.29,2.23,312084,70790921.00,2.64,0.88,0.02,0.48
2018-06-25,2.29,2.27,2.31,2.26,311034,70888272.00,2.18,-0.87,-0.02,0.48
2018-06-26,2.24,2.27,2.28,2.23,342612,77383470.00,2.20,0.00,0.00,0.53
2018-06-27,2.26,2.26,2.27,2.24,285188,64263686.00,1.32,-0.44,-0.01,0.44
2018-06-28,2.25,2.30,2.33,2.24,659474,151440012.00,3.98,1.77,0.04,1.02
2018-06-29,2.28,2.34,2.36,2.27,527286,121952852.00,3.91,1.74,0.04,0.81
2018-07-02,2.32,2.27,2.33,2.25,379539,87117934.00,3.42,-2.99,-0.07,0.59
2018-07-03,2.26,2.30,2.31,2.26,321347,73579227.00,2.20,1.32,0.03,0.50
2018-07-04,2.29,2.27,2.30,2.27,228489,52109348.00,1.30,-1.30,-0.03,0.35
2018-07-05,2.26,2.26,2.30,2.25,217830,49476362.00,2.20,-0.44,-0.01,0.34
2018-07-06,2.26,2.27,2.30,2.21,401760,90678332.00,3.98,0.44,0.01,0.62
2018-07-09,2.27,2.31,2.32,2.26,313089,71887889.00,2.64,1.76,0.04,0.48
2018-07-10,2.36,2.35,2.39,2.33,576029,135551280.00,2.60,1.73,0.04,0.89
2018-07-11,2.32,2.29,2.33,2.25,381132,87372985.00,3.40,-2.55,-0.06,0.59
2018-07-12,2.28,2.36,2.38,2.28,511447,119818760.00,4.37,3.06,0.07,0.79
2018-07-13,2.35,2.35,2.35,2.33,235508,55134110.00,0.85,-0.42,-0.01,0.36
2018-07-16,2.34,2.34,2.35,2.32,175908,41075496.00,1.28,-0.43,-0.01,0.27
2018-07-17,2.33,2.32,2.34,2.30,177916,41164273.00,1.71,-0.85,-0.02,0.27
2018-07-18,2.32,2.30,2.34,2.29,225703,52364845.00,2.16,-0.86,-0.02,0.35
2018-07-19,2.30,2.29,2.33,2.28,171554,39442462.00,2.17,-0.43,-0.01,0.26
2018-07-20,2.29,2.34,2.36,2.27,400992,93116124.00,3.93,2.18,0.05,0.62
2018-07-23,2.33,2.35,2.36,2.31,324143,75727932.00,2.14,0.43,0.01,0.50
2018-07-24,2.35,2.41,2.46,2.34,682000,163768412.00,5.11,2.55,0.06,1.05
2018-07-25,2.40,2.40,2.41,2.37,326834,78120233.00,1.66,-0.41,-0.01,0.50
2018-07-26,2.39,2.45,2.49,2.38,750870,183279016.00,4.58,2.08,0.05,1.16
2018-07-27,2.42,2.42,2.44,2.41,367003,89089776.00,1.22,-1.22,-0.03,0.57
2018-07-30,2.40,2.39,2.43,2.37,306829,73662423.00,2.48,-1.24,-0.03,0.47
2018-07-31,2.37,2.41,2.42,2.37,237407,56775595.00,2.09,0.84,0.02,0.37
2018-08-01,2.40,2.34,2.42,2.33,359146,85190288.00,3.73,-2.90,-0.07,0.55
2018-08-02,2.32,2.28,2.33,2.24,400178,91196430.00,3.85,-2.56,-0.06,0.62
2018-08-03,2.27,2.26,2.29,2.25,178869,40654027.00,1.75,-0.88,-0.02,0.28
2018-08-06,2.25,2.25,2.28,2.24,221144,49937650.00,1.77,-0.44,-0.01,0.34
2018-08-07,2.25,2.30,2.31,2.25,234707,53460133.00,2.67,2.22,0.05,0.36
2018-08-08,2.29,2.27,2.30,2.26,210079,47929501.00,1.74,-1.30,-0.03,0.32
2018-08-09,2.27,2.31,2.32,2.26,251856,57967307.00,2.64,1.76,0.04,0.39
2018-08-10,2.31,2.31,2.32,2.28,172151,39579912.00,1.73,0.00,0.00,0.27
2018-08-13,2.29,2.30,2.30,2.26,179326,40922083.00,1.73,-0.43,-0.01,0.28
2018-08-14,2.29,2.29,2.30,2.28,112784,25826499.00,0.87,-0.43,-0.01,0.17
2018-08-15,2.29,2.26,2.30,2.25,188140,42718744.00,2.18,-1.31,-0.03,0.29
2018-08-16,2.25,2.29,2.32,2.24,385146,87881033.00,3.54,1.33,0.03,0.59
2018-08-17,2.29,2.27,2.31,2.26,240492,54956719.00,2.18,-0.87,-0.02,0.37
2018-08-20,2.27,2.29,2.30,2.25,249772,56909329.00,2.20,0.88,0.02,0.39
2018-08-21,2.29,2.30,2.31,2.27,437482,100373560.00,1.75,0.44,0.01,0.68
2018-08-22,2.30,2.29,2.30,2.28,284144,65045082.00,0.87,-0.43,-0.01,0.44
2018-08-23,2.29,2.30,2.31,2.28,240835,55297612.00,1.31,0.44,0.01,0.37
2018-08-24,2.30,2.29,2.32,2.28,223618,51406177.00,1.74,-0.43,-0.01,0.35
2018-08-27,2.29,2.32,2.32,2.29,263690,60921956.00,1.31,1.31,0.03,0.41
2018-08-28,2.32,2.30,2.32,2.30,158170,36501739.00,0.86,-0.86,-0.02,0.24
2018-08-29,2.30,2.30,2.30,2.28,145452,33348823.00,0.87,0.00,0.00,0.22
2018-08-30,2.29,2.26,2.30,2.25,237559,53969509.00,2.17,-1.74,-0.04,0.37
2018-08-31,2.25,2.26,2.28,2.25,218783,49434362.00,1.33,0.00,0.00,0.34
2018-09-03,2.25,2.25,2.26,2.23,183722,41206648.00,1.33,-0.44,-0.01,0.28
2018-09-04,2.25,2.27,2.28,2.24,228428,51663031.00,1.78,0.89,0.02,0.35
2018-09-05,2.26,2.26,2.28,2.25,236864,53613462.00,1.32,-0.44,-0.01,0.37
2018-09-06,2.26,2.25,2.27,2.25,165072,37247415.00,0.88,-0.44,-0.01,0.25
2018-09-07,2.25,2.24,2.27,2.23,426490,95816292.00,1.78,-0.44,-0.01,0.66
2018-09-10,2.23,2.17,2.23,2.17,398854,87639493.00,2.68,-3.13,-0.07,0.62
2018-09-11,2.17,2.17,2.19,2.16,272403,59188362.00,1.38,0.00,0.00,0.42
2018-09-12,2.17,2.18,2.20,2.16,256893,56211967.00,1.84,0.46,0.01,0.40
2018-09-13,2.19,2.22,2.22,2.18,304035,66934359.00,1.83,1.83,0.04,0.47
2018-09-14,2.21,2.21,2.22,2.20,267792,59320969.00,0.90,-0.45,-0.01,0.41
2018-09-17,2.20,2.21,2.24,2.19,285101,63199613.00,2.26,0.00,0.00,0.44
2018-09-18,2.20,2.24,2.24,2.20,197483,43959814.00,1.81,1.36,0.03,0.30
2018-09-19,2.24,2.25,2.27,2.23,239951,53972606.00,1.79,0.45,0.01,0.37
2018-09-20,2.25,2.24,2.26,2.24,145417,32692337.00,0.89,-0.44,-0.01,0.22
2018-09-21,2.24,2.29,2.29,2.23,361912,82048310.00,2.68,2.23,0.05,0.56
2018-09-25,2.27,2.27,2.29,2.26,172732,39232585.00,1.31,-0.87,-0.02,0.27
2018-09-26,2.27,2.27,2.30,2.26,268548,61266452.00,1.76,0.00,0.00,0.41
2018-09-27,2.27,2.25,2.28,2.24,212046,47875180.00,1.76,-0.88,-0.02,0.33
2018-09-28,2.25,2.26,2.28,2.24,170264,38533818.00,1.78,0.44,0.01,0.26
2018-10-08,2.24,2.20,2.25,2.20,365967,81232339.00,2.21,-2.65,-0.06,0.56
2018-10-09,2.20,2.21,2.23,2.19,183485,40596202.00,1.82,0.45,0.01,0.28
2018-10-10,2.22,2.22,2.22,2.20,117962,26110447.00,0.90,0.45,0.01,0.18
2018-10-11,2.19,2.05,2.19,2.01,551413,116079431.00,8.11,-7.66,-0.17,0.85
2018-10-12,1.98,2.00,2.04,1.98,436761,87825412.00,2.93,-2.44,-0.05,0.67
2018-10-15,2.01,1.99,2.03,1.98,243711,48817120.00,2.50,-0.50,-0.01,0.38
2018-10-16,1.99,1.99,2.02,1.98,232858,46530979.00,2.01,0.00,0.00,0.36
2018-10-17,2.01,2.00,2.02,1.98,263388,52707501.00,2.01,0.50,0.01,0.41
2018-10-18,2.00,1.97,2.00,1.96,290961,57717548.00,2.00,-1.50,-0.03,0.45
2018-10-19,1.94,2.02,2.02,1.93,386928,76620888.00,4.57,2.54,0.05,0.60
2018-10-22,2.02,2.22,2.22,2.02,881978,189689590.00,9.90,9.90,0.20,1.36
2018-10-23,2.42,2.27,2.42,2.22,2005272,465991328.00,9.01,2.25,0.05,3.10
2018-10-24,2.23,2.50,2.50,2.21,3302812,801367056.00,12.78,10.13,0.23,5.10
2018-10-25,2.43,2.75,2.75,2.41,3979201,1039039520.00,13.60,10.00,0.25,6.14
2018-10-26,2.80,2.68,2.92,2.65,3986885,1109017200.00,9.82,-2.55,-0.07,6.15
2018-10-29,2.63,2.70,2.77,2.63,1881617,506290032.00,5.22,0.75,0.02,2.90
2018-10-30,2.67,2.97,2.97,2.62,4394638,1253012624.00,12.96,10.00,0.27,6.78
2018-10-31,2.90,2.86,2.95,2.81,3360957,965223664.00,4.71,-3.70,-0.11,5.19
2018-11-01,2.84,2.81,3.05,2.80,2926987,850169056.00,8.74,-1.75,-0.05,4.52
2018-11-02,2.85,2.84,2.88,2.77,1872886,529266752.00,3.91,1.07,0.03,2.89
2018-11-05,2.81,2.88,2.90,2.80,1773779,507181008.00,3.52,1.41,0.04,2.74
2018-11-06,2.86,2.80,2.88,2.77,1240642,348501232.00,3.82,-2.78,-0.08,1.91
2018-11-07,2.77,2.72,2.81,2.71,1301080,359562192.00,3.57,-2.86,-0.08,2.01
2018-11-08,2.75,2.65,2.77,2.62,1796593,484072928.00,5.51,-2.57,-0.07,2.77
2018-11-09,2.65,2.63,2.68,2.62,1222880,323475312.00,2.26,-0.75,-0.02,1.89
2018-11-12,2.62,2.69,2.69,2.61,1438919,381941200.00,3.04,2.28,0.06,2.22
2018-11-13,2.65,2.93,2.96,2.64,4308926,1238893568.00,11.90,8.92,0.24,6.65
2018-11-14,2.88,3.05,3.18,2.86,5216478,1570743008.00,10.92,4.10,0.12,8.05
2018-11-15,2.99,3.10,3.12,2.97,3060142,931925344.00,4.92,1.64,0.05,4.72
2018-11-16,3.10,3.07,3.22,3.02,4091696,1276129872.00,6.45,-0.97,-0.03,6.32
2018-11-19,3.04,3.11,3.18,3.03,2814490,874281360.00,4.89,1.30,0.04,4.34
2018-11-20,3.05,2.96,3.10,2.93,2259280,678948672.00,5.47,-4.82,-0.15,3.49
2018-11-21,2.91,2.94,3.00,2.90,1286905,379790944.00,3.38,-0.68,-0.02,1.99
2018-11-22,2.95,2.95,2.98,2.86,1343472,392957776.00,4.08,0.34,0.01,2.07
2018-11-23,2.93,2.76,2.97,2.73,1561571,445572656.00,8.14,-6.44,-0.19,2.41
2018-11-26,2.78,2.77,2.81,2.71,1051660,291251024.00,3.62,0.36,0.01,1.62
2018-11-27,2.80,2.78,2.82,2.74,899033,250401621.00,2.89,0.36,0.01,1.39
2018-11-28,2.78,2.90,2.93,2.75,1689216,482231664.00,6.47,4.32,0.12,2.61
2018-11-29,2.91,2.72,2.92,2.70,1510020,427108224.00,7.59,-6.21,-0.18,2.33
2018-11-30,2.70,2.78,2.82,2.64,1357573,368647232.00,6.62,2.21,0.06,2.10
2018-12-03,2.90,2.84,2.95,2.82,1687596,484570160.00,4.68,2.16,0.06,2.60
2018-12-04,2.84,2.85,2.87,2.80,1079669,306933584.00,2.46,0.35,0.01,1.67
2018-12-05,2.78,2.76,2.82,2.75,1167159,324255792.00,2.46,-3.16,-0.09,1.80
2018-12-06,2.74,2.69,2.75,2.68,918985,248521271.00,2.54,-2.54,-0.07,1.42
2018-12-07,2.69,2.67,2.72,2.66,851411,228698880.00,2.23,-0.74,-0.02,1.31
2018-12-10,2.66,2.62,2.67,2.58,946043,248001743.00,3.37,-1.87,-0.05,1.46
2018-12-11,2.63,2.62,2.64,2.60,637340,166774628.00,1.53,0.00,0.00,0.98
2018-12-12,2.63,2.64,2.68,2.62,899835,238526900.00,2.29,0.76,0.02,1.39
2018-12-13,2.65,2.67,2.71,2.59,1346123,358872928.00,4.55,1.14,0.03,2.08
2018-12-14,2.65,2.59,2.66,2.57,1333762,347200560.00,3.37,-3.00,-0.08,2.06
2018-12-17,2.58,2.57,2.59,2.53,829579,212486724.00,2.32,-0.77,-0.02,1.28
2018-12-18,2.54,2.52,2.57,2.50,713321,180576589.00,2.72,-1.95,-0.05,1.10
2018-12-19,2.53,2.49,2.54,2.47,697421,173858002.00,2.78,-1.19,-0.03,1.08
2018-12-20,2.48,2.58,2.61,2.47,1615331,413929520.00,5.62,3.61,0.09,2.49
2018-12-21,2.56,2.55,2.58,2.51,925673,235885106.00,2.71,-1.16,-0.03,1.43
2018-12-24,2.54,2.52,2.56,2.49,683514,172446311.00,2.75,-1.18,-0.03,1.05
2018-12-25,2.48,2.45,2.49,2.32,1086732,262397260.00,6.75,-2.78,-0.07,1.68
2018-12-26,2.44,2.47,2.49,2.39,923860,225553698.00,4.08,0.82,0.02,1.43
2018-12-27,2.53,2.40,2.53,2.40,1446894,358589168.00,5.26,-2.83,-0.07,2.23
2018-12-28,2.39,2.49,2.57,2.38,1787236,446499520.00,7.92,3.75,0.09,2.76