2023-01-03,4.77,4.99,4.99,4.75,65723,32405952.00,5.05,5.05,0.24,0.80
2023-01-04,5.17,5.09,5.19,5.03,128038,65616474.00,3.21,2.00,0.10,1.57
2023-01-05,5.14,5.18,5.28,5.05,72666,37731597.00,4.52,1.77,0.09,0.89
2023-01-06,5.15,5.29,5.39,5.08,120135,62965305.00,5.98,2.12,0.11,1.47
2023-01-09,5.20,5.15,5.27,5.14,85616,44397202.00,2.46,-2.65,-0.14,1.05
2023-01-10,5.15,5.11,5.24,5.09,56469,29125872.00,2.91,-0.78,-0.04,0.69
2023-01-11,5.15,5.14,5.26,5.10,64241,33281446.00,3.13,0.59,0.03,0.79
2023-01-12,5.11,5.08,5.18,5.05,36812,18833218.00,2.53,-1.17,-0.06,0.45
2023-01-13,5.08,5.33,5.33,5.02,107338,56045305.00,6.10,4.92,0.25,1.31
2023-01-16,5.34,5.23,5.42,5.23,86429,45942645.00,3.56,-1.88,-0.10,1.06
2023-01-17,5.20,5.28,5.31,5.11,60510,31539832.00,3.82,0.96,0.05,0.74
2023-01-18,5.25,5.26,5.32,5.24,36833,19417306.00,1.52,-0.38,-0.02,0.45
2023-01-19,5.29,5.42,5.50,5.26,82100,44396735.00,4.56,3.04,0.16,1.00
2023-01-20,5.45,5.47,5.48,5.38,58697,31880772.00,1.85,0.92,0.05,0.72
2023-01-30,5.50,5.54,5.63,5.45,79806,44113028.00,3.29,1.28,0.07,0.98
2023-01-31,5.26,5.26,5.33,5.26,89918,47329686.00,1.26,-5.05,-0.28,1.10
2023-02-01,5.22,5.26,5.32,5.18,144959,76000217.00,2.66,0.00,0.00,1.77
2023-02-02,5.20,5.14,5.24,5.09,130745,67302878.00,2.85,-2.28,-0.12,1.60
2023-02-03,5.12,5.15,5.17,5.10,64108,32917933.00,1.36,0.19,0.01,0.78
2023-02-06,5.12,5.12,5.16,5.05,47172,24094585.00,2.14,-0.58,-0.03,0.58
2023-02-07,5.10,5.12,5.15,5.09,49662,25401044.00,1.17,0.00,0.00,0.61
2023-02-08,5.13,5.06,5.14,5.03,54973,27894851.00,2.15,-1.17,-0.06,0.67
2023-02-09,5.06,5.09,5.13,5.03,47429,24120159.00,1.98,0.59,0.03,0.58
2023-02-10,5.07,5.06,5.08,5.03,67792,34202758.00,0.98,-0.59,-0.03,0.83
2023-02-13,5.06,5.15,5.18,5.06,86602,44385348.00,2.37,1.78,0.09,1.06
2023-02-14,5.13,5.08,5.13,5.07,57070,29073111.00,1.17,-1.36,-0.07,0.70
2023-02-15,5.07,5.00,5.11,5.00,72909,36853199.00,2.17,-1.57,-0.08,0.89
2023-02-16,4.99,4.93,5.06,4.87,91455,45480110.00,3.80,-1.40,-0.07,1.12
2023-02-17,4.94,4.98,5.00,4.93,50655,25155793.00,1.42,1.01,0.05,0.62
2023-02-20,4.98,4.86,5.04,4.80,83439,40704678.00,4.82,-2.41,-0.12,1.02
2023-02-21,4.87,4.88,4.91,4.84,42428,20655966.00,1.44,0.41,0.02,0.52
2023-02-22,4.85,4.95,5.04,4.83,63681,31614624.00,4.30,1.43,0.07,0.78
2023-02-23,4.96,5.01,5.04,4.94,47188,23585038.00,2.02,1.21,0.06,0.58
2023-02-24,5.00,5.11,5.19,4.97,93983,47820300.00,4.39,2.00,0.10,1.15
2023-02-27,5.12,5.10,5.19,5.08,59852,30671464.00,2.15,-0.20,-0.01,0.73
2023-02-28,5.09,5.20,5.23,5.06,87977,45318592.00,3.33,1.96,0.10,1.08
2023-03-01,5.18,5.20,5.23,5.16,61895,32179148.00,1.35,0.00,0.00,0.76
2023-03-02,5.19,5.08,5.21,5.06,68084,35008391.00,2.88,-2.31,-0.12,0.83
2023-03-03,5.08,5.20,5.28,5.08,79840,41512751.00,3.94,2.36,0.12,0.98
2023-03-06,5.21,5.17,5.23,5.12,59639,30751290.00,2.12,-0.58,-0.03,0.73
2023-03-07,5.16,5.21,5.35,5.14,90835,47649586.00,4.06,0.77,0.04,1.11
2023-03-08,5.20,5.36,5.44,5.18,103478,55394089.00,4.99,2.88,0.15,1.27
2023-03-09,5.37,5.36,5.57,5.28,121265,65639093.00,5.41,0.00,0.00,1.48
2023-03-10,5.45,5.40,5.58,5.36,113814,61965149.00,4.10,0.75,0.04,1.39
2023-03-13,5.44,5.26,5.44,5.19,97640,51759205.00,4.63,-2.59,-0.14,1.19
2023-03-14,5.25,5.16,5.25,5.09,69831,36113161.00,3.04,-1.90,-0.10,0.85
2023-03-15,5.18,5.33,5.34,5.18,66234,34861520.00,3.10,3.29,0.17,0.81
2023-03-16,5.29,5.35,5.43,5.28,65344,34965096.00,2.81,0.38,0.02,0.80
2023-03-17,5.38,5.35,5.45,5.30,55060,29573181.00,2.80,0.00,0.00,0.67
2023-03-20,5.37,5.22,5.37,5.19,62673,32948570.00,3.36,-2.43,-0.13,0.77
2023-03-21,5.25,5.25,5.29,5.19,39905,20917049.00,1.92,0.57,0.03,0.49
2023-03-22,5.25,5.51,5.51,5.21,121691,65270436.00,5.71,4.95,0.26,1.49
2023-03-23,5.79,5.63,5.79,5.56,297498,169839698.00,4.17,2.18,0.12,3.64
2023-03-24,5.69,5.91,5.91,5.69,243654,142567315.00,3.91,4.97,0.28,2.98
2023-03-27,5.77,5.78,5.96,5.68,184435,106871305.00,4.74,-2.20,-0.13,2.26
2023-03-28,5.88,5.90,5.95,5.81,105610,62081314.00,2.42,2.08,0.12,1.29
2023-03-29,5.90,6.16,6.20,5.84,197558,120511217.00,6.10,4.41,0.26,2.42
2023-03-30,6.10,5.85,6.12,5.85,204544,121048420.00,4.38,-5.03,-0.31,2.50
2023-03-31,5.90,6.01,6.14,5.56,213527,124731105.00,9.91,2.74,0.16,2.61
2023-04-03,5.71,5.71,5.81,5.71,148125,84738732.00,1.66,-4.99,-0.30,1.81
2023-04-04,5.42,5.42,5.42,5.42,6526,3537092.00,0.00,-5.08,-0.29,0.08
2023-04-06,5.15,5.15,5.15,5.15,3677,1893655.00,0.00,-4.98,-0.27,0.04
2023-04-07,4.89,4.89,4.89,4.89,31412,15360468.00,0.00,-5.05,-0.26,0.38
2023-04-10,4.65,4.65,4.65,4.65,17307,8047755.00,0.00,-4.91,-0.24,0.21
2023-04-11,4.42,4.42,4.42,4.42,7565,3343730.00,0.00,-4.95,-0.23,0.09
2023-04-12,4.20,4.20,4.20,4.20,6085,2555700.00,0.00,-4.98,-0.22,0.07
2023-04-13,3.99,3.99,4.12,3.99,424768,169796280.00,3.10,-5.00,-0.21,5.20
2023-04-14,3.85,4.06,4.19,3.85,423211,168777218.00,8.52,1.75,0.07,5.18
2023-04-17,4.02,4.00,4.12,3.86,341909,136195854.00,6.40,-1.48,-0.06,4.18
2023-04-18,4.05,4.20,4.20,4.03,333310,139338567.00,4.25,5.00,0.20,4.08
2023-04-19,4.16,4.00,4.17,3.99,329781,133204565.00,4.29,-4.76,-0.20,4.03
2023-04-20,3.90,3.80,3.99,3.80,223076,85629362.00,4.75,-5.00,-0.20,2.73
2023-04-21,3.87,3.84,3.92,3.62,249299,94174811.00,7.89,1.05,0.04,3.05
2023-04-24,3.77,3.65,3.80,3.65,173523,63665560.00,3.91,-4.95,-0.19,2.12
2023-04-25,3.53,3.47,3.55,3.47,62422,21734700.00,2.19,-4.93,-0.18,0.76
2023-04-26,3.30,3.30,3.30,3.30,14836,4895880.00,0.00,-4.90,-0.17,0.18
2023-04-27,3.28,3.33,3.47,3.28,160805,54387473.00,5.76,0.91,0.03,1.97
2023-04-28,3.20,3.46,3.50,3.18,158631,53883841.00,9.61,3.90,0.13,1.94
2023-05-04,3.47,3.48,3.63,3.44,156288,55084040.00,5.49,0.58,0.02,1.91
2023-05-05,3.50,3.31,3.53,3.31,163274,54745773.00,6.32,-4.89,-0.17,2.00
2023-05-08,3.30,3.14,3.32,3.14,172624,55113623.00,5.44,-5.14,-0.17,2.11
2023-05-09,3.07,3.13,3.17,3.03,141977,43991516.00,4.46,-0.32,-0.01,1.74
2023-05-10,3.14,2.97,3.15,2.97,158744,47556207.00,5.75,-5.11,-0.16,1.94
2023-05-11,2.96,3.12,3.12,2.96,141592,43678478.00,5.39,5.05,0.15,1.73
2023-05-12,3.14,3.28,3.28,3.05,225035,71609195.00,7.37,5.13,0.16,2.75
2023-05-15,3.28,3.16,3.28,3.12,156505,49848508.00,4.88,-3.66,-0.12,1.91
2023-05-16,3.11,3.15,3.16,3.05,96543,29931091.00,3.48,-0.32,-0.01,1.18
2023-05-17,3.12,3.15,3.21,3.07,88170,27815398.00,4.44,0.00,0.00,1.08
2023-05-18,3.17,3.10,3.25,3.10,109420,34713434.00,4.76,-1.59,-0.05,1.34
2023-05-19,3.05,2.95,3.08,2.95,171392,50829740.00,4.19,-4.84,-0.15,2.10
2023-05-22,2.89,3.00,3.04,2.85,116971,34563718.00,6.44,1.69,0.05,1.43
2023-05-23,3.01,3.08,3.11,2.96,114515,35098889.00,5.00,2.67,0.08,1.40
2023-05-24,3.07,2.98,3.12,2.97,137001,41352202.00,4.87,-3.25,-0.10,1.68
2023-05-25,2.94,2.84,2.98,2.83,143555,41491870.00,5.03,-4.70,-0.14,1.76
2023-05-26,2.84,2.90,2.92,2.83,82808,23901115.00,3.17,2.11,0.06,1.01
2023-05-29,2.87,2.77,2.88,2.76,128356,35723983.00,4.14,-4.48,-0.13,1.57
2023-05-30,2.77,2.84,2.87,2.77,102438,28935593.00,3.61,2.53,0.07,1.25
2023-05-31,2.83,2.91,2.95,2.82,94495,27425026.00,4.58,2.46,0.07,1.16
2023-06-01,2.89,2.89,2.94,2.84,74003,21361588.00,3.44,-0.69,-0.02,0.91
2023-06-02,2.91,3.02,3.03,2.89,125367,37421303.00,4.84,4.50,0.13,1.53
2023-06-05,3.00,3.14,3.16,3.00,92525,28697136.00,5.30,3.97,0.12,1.13
2023-06-06,3.13,3.07,3.17,3.03,93662,28893875.00,4.46,-2.23,-0.07,1.15
2023-06-07,3.05,3.12,3.15,3.04,62036,19188908.00,3.58,1.63,0.05,0.76
2023-06-08,3.07,2.99,3.10,2.98,91500,27662715.00,3.85,-4.17,-0.13,1.12
2023-06-09,2.99,3.00,3.05,2.98,56528,16982664.00,2.34,0.33,0.01,0.69
2023-06-12,2.98,2.87,2.99,2.85,96194,27691910.00,4.67,-4.33,-0.13,1.18
2023-06-13,2.86,2.87,2.94,2.85,65757,19070300.00,3.14,0.00,0.00,0.80
2023-06-14,2.85,2.92,2.95,2.85,72462,21132259.00,3.48,1.74,0.05,0.89
2023-06-15,2.85,2.89,2.92,2.84,75490,21757241.00,2.74,-1.03,-0.03,0.92
2023-06-16,2.88,2.93,2.98,2.88,90358,26468294.00,3.46,1.38,0.04,1.11
2023-06-19,3.07,3.08,3.08,3.04,54216,16674534.00,1.37,5.12,0.15,0.66
2023-06-20,3.10,3.02,3.18,3.01,193555,59676297.00,5.52,-1.95,-0.06,2.37
2023-06-21,2.99,3.17,3.17,2.94,168674,52059740.00,7.62,4.97,0.15,2.06
2023-06-26,3.17,3.11,3.23,3.07,142607,44839581.00,5.05,-1.89,-0.06,1.74
2023-06-27,3.09,3.27,3.27,3.08,170692,55225365.00,6.11,5.14,0.16,2.09
2023-06-28,3.26,3.27,3.36,3.15,197771,64192334.00,6.42,0.00,0.00,2.42
2023-06-29,3.24,3.18,3.31,3.18,114793,37194142.00,3.98,-2.75,-0.09,1.40
2023-06-30,3.17,3.16,3.22,3.14,89222,28383451.00,2.52,-0.63,-0.02,1.09
2023-07-03,3.16,3.18,3.20,3.15,72022,22828951.00,1.58,0.63,0.02,0.88
2023-07-04,3.16,3.14,3.21,3.13,84288,26607164.00,2.52,-1.26,-0.04,1.03
2023-07-05,3.13,3.17,3.19,3.08,104543,32695833.00,3.50,0.96,0.03,1.28
2023-07-06,3.16,3.11,3.19,3.10,76128,23848016.00,2.84,-1.89,-0.06,0.93
2023-07-07,3.10,3.05,3.11,3.02,61934,18921592.00,2.89,-1.93,-0.06,0.76
2023-07-10,3.06,3.12,3.14,3.02,74181,22776917.00,3.93,2.30,0.07,0.91
2023-07-11,3.10,3.13,3.14,3.10,45845,14310913.00,1.28,0.32,0.01,0.56
2023-07-12,3.12,3.09,3.14,3.07,45080,13941183.00,2.24,-1.28,-0.04,0.55
2023-07-13,3.10,3.12,3.16,3.08,45025,14066050.00,2.59,0.97,0.03,0.55
2023-07-14,3.11,3.24,3.27,3.11,121728,39008592.00,5.13,3.85,0.12,1.49
2023-07-17,3.20,3.30,3.40,3.19,139165,46159607.00,6.48,1.85,0.06,1.70
2023-07-18,3.30,3.30,3.36,3.22,99684,32577722.00,4.24,0.00,0.00,1.22
2023-07-19,3.31,3.22,3.35,3.20,79966,26155243.00,4.55,-2.42,-0.08,0.98
2023-07-20,3.22,3.24,3.28,3.18,57912,18691475.00,3.11,0.62,0.02,0.71
2023-07-21,3.27,3.36,3.37,3.24,101324,33646458.00,4.01,3.70,0.12,1.24
2023-07-24,3.35,3.29,3.37,3.27,70213,23162902.00,2.98,-2.08,-0.07,0.86
2023-07-25,3.25,3.27,3.30,3.23,58146,18981268.00,2.13,-0.61,-0.02,0.71
2023-07-26,3.25,3.30,3.37,3.25,62636,20797020.00,3.67,0.92,0.03,0.77
2023-07-27,3.28,3.29,3.32,3.26,46045,15144970.00,1.82,-0.30,-0.01,0.56
2023-07-28,3.29,3.26,3.30,3.24,51189,16707808.00,1.82,-0.91,-0.03,0.63
2023-07-31,3.25,3.25,3.28,3.24,45759,14888531.00,1.23,-0.31,-0.01,0.56
2023-08-01,3.25,3.31,3.33,3.23,62900,20641056.00,3.08,1.85,0.06,0.77
2023-08-02,3.30,3.26,3.31,3.25,41725,13656604.00,1.81,-1.51,-0.05,0.51
2023-08-03,3.23,3.13,3.25,3.10,117015,36772401.00,4.60,-3.99,-0.13,1.43
2023-08-04,3.12,3.14,3.19,3.12,74009,23293335.00,2.24,0.32,0.01,0.91
2023-08-07,3.15,3.18,3.19,3.14,57979,18387434.00,1.59,1.27,0.04,0.71
2023-08-08,3.18,3.26,3.29,3.13,86166,27658664.00,5.03,2.52,0.08,1.05
2023-08-09,3.36,3.26,3.36,3.23,128898,42501496.00,3.99,0.00,0.00,1.58
2023-08-10,3.24,3.31,3.33,3.21,117453,38457570.00,3.68,1.53,0.05,1.44
2023-08-11,3.30,3.20,3.30,3.19,93891,30376902.00,3.32,-3.32,-0.11,1.15
2023-08-14,3.15,3.15,3.17,3.09,63333,19854723.00,2.50,-1.56,-0.05,0.77
2023-08-15,3.14,3.16,3.20,3.14,56616,17920069.00,1.90,0.32,0.01,0.69
2023-08-16,3.14,3.16,3.19,3.13,48928,15459518.00,1.90,0.00,0.00,0.60
2023-08-17,3.16,3.17,3.18,3.11,55630,17543808.00,2.22,0.32,0.01,0.68
2023-08-18,3.18,3.19,3.26,3.16,85886,27576497.00,3.15,0.63,0.02,1.05
2023-08-21,3.19,3.27,3.29,3.15,107029,34644221.00,4.39,2.51,0.08,1.31
2023-08-22,3.24,3.15,3.25,3.11,129281,40997119.00,4.28,-3.67,-0.12,1.58
2023-08-23,3.13,3.08,3.14,3.05,62629,19370972.00,2.86,-2.22,-0.07,0.77
2023-08-24,3.06,3.11,3.14,3.04,58776,18162597.00,3.25,0.97,0.03,0.72
2023-08-25,3.12,3.22,3.26,3.10,139463,44748050.00,5.14,3.54,0.11,1.71
2023-08-28,3.28,3.19,3.35,3.15,112232,36020625.00,6.21,-0.93,-0.03,1.37
2023-08-29,3.18,3.21,3.23,3.16,69450,22200634.00,2.19,0.63,0.02,0.85
2023-08-30,3.21,3.15,3.21,3.14,89611,28343539.00,2.18,-1.87,-0.06,1.10
2023-08-31,3.12,3.14,3.18,3.12,45431,14293593.00,1.90,-0.32,-0.01,0.56
2023-09-01,3.14,3.18,3.19,3.13,47810,15111384.00,1.91,1.27,0.04,0.58
2023-09-04,3.17,3.24,3.25,3.15,82967,26625475.00,3.14,1.89,0.06,1.01
2023-09-05,3.22,3.17,3.23,3.17,65222,20802422.00,1.85,-2.16,-0.07,0.80
2023-09-06,3.15,3.17,3.18,3.13,39003,12312475.00,1.58,0.00,0.00,0.48
2023-09-07,3.15,3.08,3.17,3.08,72881,22687361.00,2.84,-2.84,-0.09,0.89
2023-09-08,3.07,3.09,3.13,3.05,38061,11784718.00,2.60,0.32,0.01,0.47
2023-09-11,3.08,3.09,3.10,3.06,54632,16826694.00,1.29,0.00,0.00,0.67
2023-09-12,3.09,3.09,3.11,3.06,37041,11436977.00,1.62,0.00,0.00,0.45
2023-09-13,3.09,3.07,3.10,3.05,47149,14476995.00,1.62,-0.65,-0.02,0.58
2023-09-14,3.08,3.08,3.09,3.06,41021,12602660.00,0.98,0.33,0.01,0.50
2023-09-15,3.07,3.12,3.12,3.06,44672,13786247.00,1.95,1.30,0.04,0.55
2023-09-18,3.11,3.10,3.11,3.08,37804,11694133.00,0.96,-0.64,-0.02,0.46
2023-09-19,3.08,3.03,3.09,3.03,75078,22909528.00,1.94,-2.26,-0.07,0.92
2023-09-20,3.03,3.10,3.18,3.03,105448,32903908.00,4.95,2.31,0.07,1.29
2023-09-21,3.09,3.05,3.11,3.04,77842,23892448.00,2.26,-1.61,-0.05,0.95
2023-09-22,3.02,3.06,3.11,3.01,54004,16544570.00,3.28,0.33,0.01,0.66
2023-09-25,3.05,3.00,3.05,2.99,63512,19123897.00,1.96,-1.96,-0.06,0.78
2023-09-26,3.00,2.98,3.00,2.95,39552,11763323.00,1.67,-0.67,-0.02,0.48
2023-09-27,2.97,2.97,3.01,2.97,42033,12536048.00,1.34,-0.34,-0.01,0.51
2023-09-28,2.97,3.00,3.01,2.97,24632,7371428.00,1.35,1.01,0.03,0.30
2023-10-09,3.00,3.02,3.03,2.99,30201,9099686.00,1.33,0.67,0.02,0.37
2023-10-10,3.02,3.00,3.04,3.00,34731,10479919.00,1.32,-0.66,-0.02,0.42
2023-10-11,3.00,3.00,3.01,2.96,37288,11146798.00,1.67,0.00,0.00,0.46
2023-10-12,3.00,2.99,3.00,2.97,31085,9276312.00,1.00,-0.33,-0.01,0.38
2023-10-13,2.98,2.99,3.00,2.97,29098,8692060.00,1.00,0.00,0.00,0.36
2023-10-16,2.99,2.84,2.99,2.84,92724,26622317.00,5.02,-5.02,-0.15,1.13
2023-10-17,2.83,2.85,2.88,2.82,48746,13872092.00,2.11,0.35,0.01,0.60
2023-10-18,2.84,2.71,2.84,2.71,86195,23636136.00,4.56,-4.91,-0.14,1.05
2023-10-19,2.69,2.67,2.73,2.64,48619,13064800.00,3.32,-1.48,-0.04,0.59
2023-10-20,2.67,2.78,2.80,2.65,61286,16768768.00,5.62,4.12,0.11,0.75
2023-10-23,2.74,2.67,2.78,2.64,55497,15051670.00,5.04,-3.96,-0.11,0.68
2023-10-24,2.67,2.72,2.76,2.67,33977,9247907.00,3.37,1.87,0.05,0.42
2023-10-25,2.75,2.83,2.86,2.74,61929,17329628.00,4.41,4.04,0.11,0.76
2023-10-26,2.80,2.84,2.88,2.79,39063,11051087.00,3.18,0.35,0.01,0.48
2023-10-27,2.84,2.91,2.93,2.84,53291,15329275.00,3.17,2.46,0.07,0.65
2023-10-30,2.95,2.93,2.97,2.89,38325,11196968.00,2.75,0.69,0.02,0.47
2023-10-31,2.96,2.89,2.96,2.88,46680,13551110.00,2.73,-1.37,-0.04,0.57
2023-11-01,2.89,2.93,2.95,2.89,40814,11909471.00,2.08,1.38,0.04,0.50
2023-11-02,2.96,3.08,3.08,2.96,57611,17578463.00,4.10,5.12,0.15,0.70
2023-11-03,3.18,3.23,3.23,3.10,77391,24710613.00,4.22,4.87,0.15,0.95
2023-11-06,3.39,3.24,3.39,3.23,257393,85750782.00,4.95,0.31,0.01,3.15
2023-11-07,3.22,3.40,3.40,3.15,202986,66823914.00,7.72,4.94,0.16,2.48
2023-11-08,3.36,3.49,3.57,3.35,264396,92871508.00,6.47,2.65,0.09,3.23
2023-11-09,3.47,3.43,3.55,3.37,161325,55507956.00,5.16,-1.72,-0.06,1.97
2023-11-10,3.40,3.44,3.52,3.26,140119,47079656.00,7.58,0.29,0.01,1.71
2023-11-13,3.41,3.35,3.42,3.33,71610,24096004.00,2.62,-2.62,-0.09,0.88
2023-11-14,3.33,3.34,3.42,3.31,57055,19102045.00,3.28,-0.30,-0.01,0.70
2023-11-15,3.36,3.45,3.51,3.30,95518,32729882.00,6.29,3.29,0.11,1.17
2023-11-16,3.41,3.46,3.49,3.36,68867,23565322.00,3.77,0.29,0.01,0.84
2023-11-17,3.45,3.39,3.49,3.38,50549,17389655.00,3.18,-2.02,-0.07,0.62
2023-11-20,3.34,3.22,3.36,3.22,127187,41412728.00,4.13,-5.01,-0.17,1.56
2023-11-21,3.20,3.26,3.28,3.19,46290,15053728.00,2.80,1.24,0.04,0.57
2023-11-22,3.24,3.29,3.32,3.20,47820,15678349.00,3.68,0.92,0.03,0.58
2023-11-23,3.29,3.30,3.31,3.25,29669,9747682.00,1.82,0.30,0.01,0.36
2023-11-24,3.28,3.28,3.33,3.25,36138,11862404.00,2.42,-0.61,-0.02,0.44
2023-11-27,3.26,3.28,3.31,3.26,25871,8483399.00,1.52,0.00,0.00,0.32
2023-11-28,3.27,3.36,3.39,3.27,48734,16300363.00,3.66,2.44,0.08,0.60
2023-11-29,3.32,3.34,3.39,3.31,34013,11433477.00,2.38,-0.60,-0.02,0.42
2023-11-30,3.32,3.27,3.36,3.20,51317,16790629.00,4.79,-2.10,-0.07,0.63
2023-12-01,3.27,3.29,3.32,3.24,27125,8898276.00,2.45,0.61,0.02,0.33
2023-12-04,3.29,3.29,3.32,3.27,22008,7251066.00,1.52,0.00,0.00,0.27
2023-12-05,3.28,3.22,3.29,3.22,32201,10475443.00,2.13,-2.13,-0.07,0.39
2023-12-06,3.22,3.23,3.26,3.22,16127,5219113.00,1.24,0.31,0.01,0.20
2023-12-07,3.24,3.24,3.25,3.21,15999,5160541.00,1.24,0.31,0.01,0.20
2023-12-08,3.24,3.27,3.31,3.24,27127,8876501.00,2.16,0.93,0.03,0.33
2023-12-11,3.11,3.11,3.11,3.11,1699,528389.00,0.00,-4.89,-0.16,0.02
2023-12-12,2.95,2.95,2.95,2.95,1710,504450.00,0.00,-5.14,-0.16,0.02
2023-12-13,2.80,2.80,2.80,2.80,512,143360.00,0.00,-5.08,-0.15,0.01