2024-01-02,1622.73,1653.07,1658.10,1622.73,1029488,1160944452.00,2.18,1.83,29.70,1.50
2024-01-03,1649.68,1642.55,1649.68,1626.98,1033376,1137608937.00,1.37,-0.64,-10.52,1.51
2024-01-04,1640.61,1651.33,1652.42,1636.52,827865,1004544079.00,0.97,0.53,8.78,1.21
2024-01-05,1652.57,1605.24,1655.43,1597.11,1095224,1341869172.00,3.53,-2.79,-46.09,1.60
2024-01-08,1602.01,1570.73,1602.01,1570.56,975025,1023217429.00,1.96,-2.15,-34.51,1.42
2024-01-09,1571.25,1592.84,1612.31,1571.25,1340306,1195354975.00,2.61,1.41,22.11,1.96
2024-01-10,1589.70,1572.94,1597.73,1565.27,1510534,1467394333.00,2.04,-1.25,-19.90,2.21
2024-01-11,1572.22,1595.06,1597.36,1568.13,1169392,1153914196.00,1.86,1.41,22.12,1.71
2024-01-12,1592.61,1568.50,1603.49,1567.84,1013939,1018115702.00,2.24,-1.67,-26.56,1.48
2024-01-15,1567.26,1569.09,1573.26,1552.46,793553,772277967.00,1.33,0.04,0.59,1.16
2024-01-16,1569.33,1566.20,1571.54,1539.06,884291,838081427.00,2.07,-0.18,-2.89,1.29
2024-01-17,1566.61,1535.36,1572.23,1535.36,823086,818067530.00,2.35,-1.97,-30.84,1.20
2024-01-18,1526.88,1517.25,1532.02,1476.08,1091384,1030641437.00,3.64,-1.18,-18.11,1.59
2024-01-19,1515.12,1502.91,1524.30,1493.76,802085,763125521.00,2.01,-0.95,-14.34,1.17
2024-01-22,1497.20,1412.07,1497.20,1399.93,991814,871138946.00,6.47,-6.04,-90.84,1.45
2024-01-23,1420.15,1412.26,1422.63,1388.53,1074549,855106187.00,2.41,0.01,0.19,1.57
2024-01-24,1415.88,1431.80,1441.12,1379.71,1054178,862135392.00,4.35,1.38,19.54,1.54
2024-01-25,1441.49,1480.99,1482.06,1435.00,1125287,1010425898.00,3.29,3.44,49.19,1.64
2024-01-26,1488.22,1491.26,1513.05,1486.90,1004049,922881429.00,1.77,0.69,10.27,1.47
2024-01-29,1501.29,1448.92,1504.30,1445.46,1171342,1242164043.00,3.95,-2.84,-42.34,1.71
2024-01-30,1440.35,1407.35,1444.28,1403.98,1148115,1083348048.00,2.78,-2.87,-41.57,1.68
2024-01-31,1400.06,1343.46,1405.67,1337.49,1242516,1020166219.00,4.84,-4.54,-63.89,1.81
2024-02-01,1329.77,1311.31,1336.64,1284.70,1171904,881960065.00,3.87,-2.39,-32.15,1.71
2024-02-02,1313.74,1251.47,1331.28,1214.01,1283733,960969695.00,8.94,-4.56,-59.84,1.87
2024-02-05,1238.25,1142.06,1238.25,1118.59,1574414,1078659518.00,9.56,-8.74,-109.41,2.30
2024-02-06,1091.73,1146.59,1175.73,1060.68,2022522,1210243596.00,10.07,0.40,4.53,2.95
2024-02-07,1160.76,1118.88,1160.76,1105.62,2030321,1358820864.00,4.81,-2.42,-27.71,2.97
2024-02-08,1122.39,1205.83,1205.83,1102.05,2822004,1734352045.00,9.28,7.77,86.95,4.12
2024-02-19,1221.39,1249.90,1261.78,1221.39,2391829,1435895604.00,3.35,3.65,44.07,3.49
2024-02-20,1241.83,1268.52,1270.23,1228.49,1520053,931660567.00,3.34,1.49,18.62,2.22
2024-02-21,1260.99,1290.08,1323.99,1257.23,1766940,1221873973.00,5.26,1.70,21.56,2.58
2024-02-22,1290.11,1322.80,1322.86,1290.11,1472152,1034906855.00,2.54,2.54,32.72,2.15
2024-02-23,1327.85,1367.70,1370.48,1322.56,1726179,1225783179.00,3.62,3.39,44.90,2.52
2024-02-26,1398.19,1409.61,1434.90,1392.72,2408020,2001030987.00,3.08,3.06,41.91,3.52
2024-02-27,1403.63,1454.24,1454.24,1400.53,2053279,1657659904.00,3.81,3.17,44.63,3.00
2024-02-28,1457.43,1343.68,1469.35,1343.68,2447720,1902962378.00,8.64,-7.60,-110.56,3.57
2024-02-29,1329.17,1395.84,1395.84,1329.17,1535736,1197871729.00,4.96,3.88,52.16,2.24
2024-03-01,1399.61,1418.14,1418.16,1395.25,1363175,1120000426.00,1.64,1.60,22.30,1.99
2024-03-04,1418.34,1410.55,1426.06,1383.85,1306245,1072207889.00,2.98,-0.54,-7.59,1.91
2024-03-05,1403.45,1393.25,1411.14,1388.34,1012176,827346935.00,1.62,-1.23,-17.30,1.48
2024-03-06,1389.10,1426.54,1432.19,1389.10,1755060,1353142399.00,3.09,2.39,33.29,2.56
2024-03-07,1434.69,1422.96,1456.15,1420.97,2161543,1584627785.00,2.47,-0.25,-3.58,3.16
2024-03-08,1423.38,1432.91,1438.51,1415.59,1268069,976156201.00,1.61,0.70,9.95,1.85
2024-03-11,1438.52,1459.44,1459.44,1438.17,1287567,1101079213.00,1.48,1.85,26.53,1.88
2024-03-12,1457.98,1472.63,1472.63,1448.67,1328460,1107855703.00,1.64,0.90,13.19,1.94
2024-03-13,1477.44,1497.50,1507.23,1477.44,1281648,1114129653.00,2.02,1.69,24.87,1.87
2024-03-14,1500.43,1513.65,1516.55,1494.08,1468306,1446783656.00,1.50,1.08,16.15,2.14
2024-03-15,1506.09,1541.40,1541.40,1499.23,1620895,1567416922.00,2.79,1.83,27.75,2.37
2024-03-18,1544.98,1572.80,1572.80,1539.67,1746390,1721744179.00,2.15,2.04,31.40,2.55
2024-03-19,1566.19,1561.90,1571.18,1557.19,1358042,1356807307.00,0.89,-0.69,-10.90,1.98
2024-03-20,1560.86,1579.32,1582.06,1560.86,1237454,1393423771.00,1.36,1.12,17.42,1.81
2024-03-21,1582.50,1588.39,1593.44,1575.27,1247583,1371530190.00,1.15,0.57,9.07,1.82
2024-03-22,1579.57,1558.98,1587.83,1549.34,1088170,1084737374.00,2.42,-1.85,-29.41,1.59
2024-03-25,1546.70,1519.72,1555.51,1519.72,1121454,1070247887.00,2.30,-2.52,-39.26,1.64
2024-03-26,1504.91,1493.42,1515.40,1470.44,1124701,1129178660.00,2.96,-1.73,-26.30,1.64
2024-03-27,1495.68,1458.61,1498.83,1458.43,999997,930480708.00,2.71,-2.33,-34.81,1.46
2024-03-28,1454.96,1487.55,1500.87,1454.96,1112717,997692120.00,3.15,1.98,28.94,1.63
2024-03-29,1490.31,1504.48,1504.80,1479.86,904175,814219676.00,1.68,1.14,16.93,1.32
2024-04-01,1509.66,1525.55,1525.55,1507.77,971465,864780420.00,1.18,1.40,21.07,1.42
2024-04-02,1524.63,1520.08,1531.36,1509.53,856022,773221272.00,1.43,-0.36,-5.47,1.25
2024-04-03,1517.14,1502.55,1517.14,1491.06,854181,748301252.00,1.72,-1.15,-17.53,1.25
2024-04-08,1500.46,1460.64,1500.46,1460.64,979188,864732745.00,2.65,-2.79,-41.91,1.43
2024-04-09,1471.34,1482.02,1482.55,1460.63,842444,765638816.00,1.50,1.46,21.38,1.23
2024-04-10,1480.86,1465.06,1486.63,1450.64,919609,821983837.00,2.43,-1.14,-16.96,1.34
2024-04-11,1458.48,1482.52,1495.64,1453.44,1031820,981717913.00,2.88,1.19,17.46,1.51
2024-04-12,1483.83,1530.04,1569.86,1483.83,2211346,1986924138.00,5.80,3.21,47.52,3.23
2024-04-15,1509.55,1455.39,1519.94,1429.51,2434129,2025382949.00,5.91,-4.88,-74.65,3.56
2024-04-16,1437.87,1354.30,1437.87,1354.30,1888948,1476553887.00,5.74,-6.95,-101.09,2.76
2024-04-17,1378.58,1453.44,1455.14,1378.58,1686151,1365233576.00,5.65,7.32,99.14,2.46
2024-04-18,1458.95,1446.73,1472.76,1433.58,1537688,1381562780.00,2.70,-0.46,-6.71,2.25
2024-04-19,1437.74,1429.23,1450.53,1419.40,1103966,922767818.00,2.15,-1.21,-17.50,1.61
2024-04-22,1431.19,1421.20,1443.01,1406.87,1030456,889152649.00,2.53,-0.56,-8.03,1.51
2024-04-23,1433.92,1447.91,1454.04,1431.81,997045,876769179.00,1.56,1.88,26.71,1.46
2024-04-24,1457.80,1469.02,1471.06,1451.31,1249154,1141787845.00,1.36,1.46,21.11,1.82
2024-04-25,1457.47,1460.37,1466.17,1450.76,1380040,1255201350.00,1.05,-0.59,-8.65,2.02
2024-04-26,1460.00,1468.55,1473.56,1445.85,1202522,1063554879.00,1.90,0.56,8.18,1.76
2024-04-29,1472.18,1503.31,1503.31,1471.71,1543213,1320978957.00,2.15,2.37,34.76,2.25
2024-04-30,1497.94,1491.24,1501.17,1485.16,1347413,1156281376.00,1.06,-0.80,-12.07,1.97
2024-05-06,1494.46,1541.55,1545.15,1494.46,2014545,1789853185.00,3.40,3.37,50.31,2.94
2024-05-07,1529.82,1533.63,1535.80,1523.04,2010323,1558739424.00,0.83,-0.51,-7.92,2.94
2024-05-08,1529.55,1502.62,1529.55,1499.29,1374684,1011425302.00,1.97,-2.02,-31.01,2.01
2024-05-09,1501.68,1526.68,1526.68,1501.49,1096239,931212215.00,1.68,1.60,24.06,1.60
2024-05-10,1530.06,1520.24,1530.06,1501.39,1351787,1181647685.00,1.88,-0.42,-6.44,1.97
2024-05-13,1507.62,1507.06,1519.22,1488.37,1343370,1201600852.00,2.03,-0.87,-13.18,1.96
2024-05-14,1508.42,1522.67,1525.87,1508.42,1463808,1193100872.00,1.16,1.04,15.61,2.14
2024-05-15,1519.90,1510.58,1528.69,1507.06,1297131,1155763215.00,1.42,-0.79,-12.09,1.89
2024-05-16,1511.01,1536.30,1541.28,1511.01,1146968,1073043551.00,2.00,1.70,25.72,1.68
2024-05-17,1532.05,1530.19,1532.29,1511.91,1463429,1466526005.00,1.33,-0.40,-6.11,2.14
2024-05-20,1526.04,1526.11,1528.44,1520.79,1447616,1227621098.00,0.50,-0.27,-4.08,2.11
2024-05-21,1521.90,1514.51,1522.86,1508.24,963730,860484363.00,0.96,-0.76,-11.60,1.41
2024-05-22,1513.31,1513.84,1522.46,1509.87,849737,790939408.00,0.83,-0.04,-0.67,1.24
2024-05-23,1513.46,1506.93,1517.68,1503.05,1019114,982516374.00,0.97,-0.46,-6.91,1.49
2024-05-24,1504.68,1508.69,1520.74,1497.67,821614,845114458.00,1.53,0.12,1.76,1.20
2024-05-27,1508.06,1514.30,1514.66,1494.44,968480,994450419.00,1.34,0.37,5.61,1.41
2024-05-28,1508.15,1493.65,1513.06,1492.72,651082,625879986.00,1.34,-1.36,-20.65,0.95
2024-05-29,1491.63,1494.79,1505.98,1487.05,611535,568706309.00,1.27,0.08,1.14,0.89
2024-05-30,1491.75,1483.88,1494.80,1480.73,589957,521932041.00,0.94,-0.73,-10.91,0.86
2024-05-31,1485.03,1498.10,1500.66,1481.76,659083,593860077.00,1.27,0.96,14.22,0.96
2024-06-03,1499.30,1467.55,1499.30,1454.86,802939,607847031.00,2.97,-2.04,-30.55,1.17
2024-06-04,1465.09,1459.08,1465.09,1438.92,814884,637779576.00,1.78,-0.58,-8.47,1.19
2024-06-05,1455.39,1418.03,1455.39,1418.03,873946,701851771.00,2.56,-2.81,-41.05,1.28
2024-06-06,1419.89,1362.06,1423.33,1354.41,1125345,815128530.00,4.86,-3.95,-55.97,1.64
2024-06-07,1377.27,1399.55,1401.87,1376.05,833725,618598925.00,1.90,2.75,37.49,1.22
2024-06-11,1397.83,1395.55,1397.83,1373.28,706696,547550943.00,1.75,-0.29,-4.00,1.03
2024-06-12,1399.34,1422.43,1424.92,1397.64,951376,669359373.00,1.95,1.93,26.88,1.39
2024-06-13,1428.75,1414.01,1428.75,1410.46,714823,515481767.00,1.29,-0.59,-8.42,1.04
2024-06-14,1415.30,1417.52,1420.06,1400.94,642027,524039658.00,1.35,0.25,3.51,0.94
2024-06-17,1407.35,1397.49,1415.96,1395.33,630310,549558237.00,1.46,-1.41,-20.03,0.92
2024-06-18,1401.45,1419.93,1421.22,1395.16,663981,533374427.00,1.86,1.61,22.44,0.97
2024-06-19,1421.33,1414.37,1426.63,1412.85,532292,433022553.00,0.97,-0.39,-5.56,0.78
2024-06-20,1411.88,1385.54,1417.20,1384.25,534958,418389072.00,2.33,-2.04,-28.83,0.78
2024-06-21,1386.12,1379.65,1393.62,1372.29,482322,370108147.00,1.54,-0.43,-5.89,0.70
2024-06-24,1375.90,1335.65,1375.90,1331.55,698680,507726450.00,3.21,-3.19,-44.00,1.02
2024-06-25,1337.73,1347.46,1357.33,1337.73,555065,392237889.00,1.47,0.88,11.81,0.81
2024-06-26,1347.25,1375.79,1376.29,1332.37,587606,444958656.00,3.26,2.10,28.33,0.86
2024-06-27,1373.70,1350.98,1378.86,1350.98,569755,453134531.00,2.03,-1.80,-24.81,0.83
2024-06-28,1367.12,1376.07,1393.00,1362.06,654719,730221972.00,2.29,1.86,25.09,0.96
2024-07-01,1377.11,1389.06,1392.02,1365.45,885786,861921711.00,1.93,0.94,12.99,1.29
2024-07-02,1384.96,1387.34,1387.69,1374.69,895386,738256434.00,0.94,-0.12,-1.72,1.31
2024-07-03,1389.83,1359.55,1389.83,1354.53,836167,733028792.00,2.54,-2.00,-27.79,1.22
2024-07-04,1359.08,1358.74,1379.98,1351.57,780680,592649475.00,2.09,-0.06,-0.81,1.14
2024-07-05,1371.37,1372.31,1372.68,1355.55,1561624,955166044.00,1.26,1.00,13.57,2.28
2024-07-08,1362.18,1325.35,1362.18,1322.00,1565608,895068813.00,2.93,-3.42,-46.96,2.29
2024-07-09,1317.48,1339.82,1339.82,1295.24,1565962,821656068.00,3.36,1.09,14.47,2.29
2024-07-10,1333.78,1318.54,1337.90,1317.01,1104227,673306543.00,1.56,-1.59,-21.28,1.61
2024-07-11,1332.64,1348.43,1348.66,1330.26,1266848,748228841.00,1.40,2.27,29.89,1.85
2024-07-12,1350.13,1345.77,1353.27,1342.60,1055806,683456495.00,0.79,-0.20,-2.66,1.54
2024-07-15,1340.27,1316.15,1340.27,1310.45,963086,616155775.00,2.22,-2.20,-29.62,1.41
2024-07-16,1313.80,1306.52,1314.90,1294.84,775362,508805391.00,1.52,-0.73,-9.63,1.13
2024-07-17,1309.17,1300.12,1309.17,1296.09,746034,487028608.00,1.00,-0.49,-6.40,1.09
2024-07-18,1294.67,1297.13,1298.97,1271.11,767046,519133306.00,2.14,-0.23,-2.99,1.12
2024-07-19,1293.92,1321.33,1325.76,1293.42,762147,516064900.00,2.49,1.87,24.20,1.11
2024-07-22,1355.78,1350.81,1355.78,1335.32,1120640,782705435.00,1.55,2.23,29.48,1.64
2024-07-23,1350.02,1320.98,1350.02,1320.62,974303,652845738.00,2.18,-2.21,-29.83,1.42
2024-07-24,1314.25,1305.31,1319.71,1295.47,766494,506024305.00,1.84,-1.19,-15.67,1.12
2024-07-25,1298.10,1313.72,1324.93,1291.74,722202,488918656.00,2.54,0.64,8.41,1.05
2024-07-26,1342.57,1367.45,1368.26,1342.57,1472696,1038494691.00,1.96,4.09,53.73,2.15
2024-07-29,1363.87,1360.13,1369.83,1354.26,1122269,788357260.00,1.14,-0.54,-7.32,1.64
2024-07-30,1356.08,1354.60,1363.59,1342.77,842691,586475073.00,1.53,-0.41,-5.53,1.23
2024-07-31,1359.07,1401.26,1401.28,1354.04,1272200,886943684.00,3.49,3.44,46.66,1.86
2024-08-01,1402.27,1391.34,1405.89,1388.25,975459,716470661.00,1.26,-0.71,-9.92,1.42
2024-08-02,1382.41,1365.34,1388.18,1365.02,871010,632165352.00,1.66,-1.87,-26.00,1.27
2024-08-05,1369.36,1341.73,1375.30,1341.23,911065,672042139.00,2.50,-1.73,-23.61,1.33
2024-08-06,1349.04,1368.97,1369.16,1349.04,768156,583853443.00,1.50,2.03,27.24,1.12
2024-08-07,1367.33,1370.13,1376.82,1365.47,660148,524914227.00,0.83,0.08,1.16,0.96
2024-08-08,1364.79,1365.30,1371.20,1346.77,627676,496160373.00,1.78,-0.35,-4.83,0.92
2024-08-09,1369.48,1362.33,1378.75,1360.46,638569,517132963.00,1.34,-0.22,-2.97,0.93
2024-08-12,1361.39,1354.20,1364.40,1348.76,603726,482509509.00,1.15,-0.60,-8.13,0.88
2024-08-13,1352.95,1362.00,1362.00,1344.70,558360,445525115.00,1.28,0.58,7.80,0.82
2024-08-14,1361.13,1353.30,1363.86,1351.34,504444,380416853.00,0.92,-0.64,-8.70,0.74
2024-08-15,1351.37,1357.16,1366.20,1341.70,779119,548539484.00,1.81,0.29,3.86,1.14
2024-08-16,1359.86,1349.58,1359.86,1347.22,802552,551511534.00,0.93,-0.56,-7.58,1.17
2024-08-19,1357.13,1350.53,1366.04,1349.88,661121,469262171.00,1.20,0.07,0.95,0.97
2024-08-20,1345.63,1327.91,1345.63,1318.11,1150556,781769289.00,2.04,-1.67,-22.62,1.68
2024-08-21,1321.43,1335.01,1337.90,1320.57,1185263,775123834.00,1.31,0.53,7.10,1.73
2024-08-22,1340.91,1314.43,1340.91,1313.17,1858139,886969770.00,2.08,-1.54,-20.58,2.71
2024-08-23,1308.75,1299.07,1311.93,1288.59,1546239,828481358.00,1.78,-1.17,-15.36,2.26
2024-08-26,1300.32,1310.44,1311.52,1292.60,1041820,608610484.00,1.46,0.88,11.37,1.52
2024-08-27,1308.36,1304.48,1315.50,1288.73,1224969,678719164.00,2.04,-0.45,-5.96,1.79
2024-08-28,1294.52,1298.33,1309.69,1279.36,1212911,655846998.00,2.33,-0.47,-6.15,1.77
2024-08-29,1294.14,1316.56,1320.16,1293.15,1153808,754198411.00,2.08,1.40,18.23,1.69
2024-08-30,1314.93,1333.72,1347.96,1310.04,1171984,768000520.00,2.88,1.30,17.16,1.71
2024-09-02,1332.95,1315.87,1340.37,1313.78,842499,554000294.00,1.99,-1.34,-17.85,1.23
2024-09-03,1320.93,1334.98,1337.25,1315.00,900018,496402623.00,1.69,1.45,19.11,1.31
2024-09-04,1329.14,1328.33,1338.08,1321.66,1917135,743101328.00,1.23,-0.50,-6.65,2.80
2024-09-05,1327.86,1334.83,1340.48,1325.29,1300220,556560116.00,1.14,0.49,6.50,1.90
2024-09-06,1337.25,1311.93,1337.25,1310.39,1308091,561611563.00,2.01,-1.72,-22.90,1.91
2024-09-09,1309.46,1311.19,1320.21,1303.84,912578,454974465.00,1.25,-0.06,-0.74,1.33
2024-09-10,1311.75,1319.29,1320.15,1299.93,807646,445317470.00,1.54,0.62,8.10,1.18
2024-09-11,1315.25,1311.14,1318.60,1304.94,555596,337384693.00,1.04,-0.62,-8.15,0.81
2024-09-12,1312.97,1309.00,1329.18,1306.03,1252648,555723794.00,1.77,-0.16,-2.14,1.83
2024-09-13,1309.00,1288.35,1309.00,1287.14,850711,424276075.00,1.67,-1.58,-20.65,1.24
2024-09-18,1290.48,1289.96,1292.32,1267.08,891524,482638343.00,1.96,0.12,1.61,1.30
2024-09-19,1292.24,1320.75,1321.23,1290.04,1470167,719307416.00,2.42,2.39,30.79,2.15
2024-09-20,1325.36,1306.08,1325.36,1298.28,996901,536559951.00,2.05,-1.11,-14.67,1.46
2024-09-23,1301.37,1298.93,1303.85,1291.98,796164,425940819.00,0.91,-0.55,-7.15,1.16
2024-09-24,1302.08,1348.45,1348.58,1300.68,1400634,801348671.00,3.69,3.81,49.52,2.05
2024-09-25,1356.58,1360.12,1394.51,1356.58,1780635,1120833640.00,2.81,0.87,11.67,2.60
2024-09-26,1355.83,1403.42,1403.42,1355.83,1607773,1121553679.00,3.50,3.18,43.30,2.35
2024-09-27,1419.17,1456.35,1463.30,1408.01,2065042,1312968922.00,3.94,3.77,52.93,3.02
2024-09-30,1513.19,1601.47,1609.84,1478.16,3351891,2611841464.00,9.04,9.96,145.12,4.90
2024-10-08,1796.02,1718.64,1796.02,1613.95,3689809,3147065042.00,11.37,7.32,117.17,5.39
2024-10-09,1675.93,1573.73,1675.93,1571.51,2582476,2132904889.00,6.08,-8.43,-144.91,3.77
2024-10-10,1586.58,1586.38,1622.89,1552.55,1849906,1581422370.00,4.47,0.80,12.65,2.70
2024-10-11,1587.57,1526.81,1587.57,1514.03,1398601,1195638548.00,4.64,-3.76,-59.57,2.04
2024-10-14,1540.75,1569.25,1569.25,1516.09,1421120,1302162596.00,3.48,2.78,42.44,2.08
2024-10-15,1568.03,1548.86,1588.98,1548.20,1257686,1077488009.00,2.60,-1.30,-20.39,1.84
2024-10-16,1530.59,1571.92,1578.63,1530.59,1310469,1143890757.00,3.10,1.49,23.06,1.91
2024-10-17,1576.73,1579.67,1599.87,1571.09,1418838,1377862830.00,1.83,0.49,7.75,2.07
2024-10-18,1576.74,1614.67,1630.60,1574.14,1862179,1666195815.00,3.57,2.22,35.00,2.72
2024-10-21,1627.19,1646.10,1657.91,1616.93,1651269,1520609352.00,2.54,1.95,31.43,2.41
2024-10-22,1641.80,1652.89,1662.13,1620.83,1674003,1563000994.00,2.51,0.41,6.79,2.44
2024-10-23,1656.94,1662.88,1678.17,1647.32,1483438,1312864468.00,1.87,0.60,9.99,2.17
2024-10-24,1661.38,1672.62,1675.27,1644.86,1279575,1163686185.00,1.83,0.59,9.74,1.87
2024-10-25,1672.25,1700.16,1714.81,1672.25,1627742,1549246045.00,2.54,1.65,27.54,2.38
2024-10-28,1706.50,1771.95,1771.95,1706.50,2074116,2292945685.00,3.85,4.22,71.79,3.03
2024-10-29,1776.37,1730.66,1776.37,1726.43,1882076,2122769704.00,2.82,-2.33,-41.29,2.75
2024-10-30,1733.82,1744.36,1757.40,1716.24,1502103,1672721409.00,2.38,0.79,13.70,2.19
2024-10-31,1732.27,1775.34,1787.40,1723.55,2057342,2253469657.00,3.66,1.78,30.98,3.00
2024-11-01,1774.78,1688.76,1774.78,1685.89,2060461,2049540900.00,5.01,-4.88,-86.58,3.01
2024-11-04,1695.78,1768.97,1768.97,1695.78,1887228,1986131251.00,4.33,4.75,80.21,2.76
2024-11-05,1786.48,1824.11,1830.56,1768.67,3930584,3453940244.00,3.50,3.12,55.14,5.74
2024-11-06,1834.59,1856.86,1866.78,1828.16,3435590,2849287704.00,2.12,1.80,32.75,5.02
2024-11-07,1850.11,1882.72,1886.89,1838.89,4041187,3729716333.00,2.59,1.39,25.86,5.90
2024-11-08,1884.17,1883.05,1905.20,1874.11,3622070,3514344028.00,1.65,0.02,0.33,5.29
2024-11-11,1876.93,1893.07,1893.07,1853.52,2757616,2659316153.00,2.10,0.53,10.02,4.03
2024-11-12,1901.75,1858.80,1903.19,1842.34,2342718,2355463778.00,3.21,-1.81,-34.27,3.42
2024-11-13,1859.20,1884.29,1884.30,1820.05,1870970,2105530853.00,3.46,1.37,25.49,2.73
2024-11-14,1881.90,1854.05,1899.25,1851.71,1737455,1998351214.00,2.52,-1.60,-30.24,2.54
2024-11-15,1846.01,1825.25,1868.52,1823.18,1561339,1683257161.00,2.45,-1.55,-28.80,2.28
2024-11-18,1833.64,1802.98,1850.37,1790.22,1570520,1691828268.00,3.30,-1.22,-22.27,2.29
2024-11-19,1805.20,1854.84,1854.84,1793.08,1633352,1575880627.00,3.43,2.88,51.86,2.39
2024-11-20,1854.90,1894.89,1899.89,1854.90,1997329,2061058117.00,2.43,2.16,40.05,2.92
2024-11-21,1890.66,1923.54,1923.54,1883.87,2099032,2538119665.00,2.09,1.51,28.65,3.07
2024-11-22,1917.38,1859.61,1933.51,1859.61,2300899,2671881317.00,3.84,-3.32,-63.93,3.36
2024-11-25,1862.68,1906.04,1907.41,1845.93,2195114,2446002473.00,3.31,2.50,46.43,3.21
2024-11-26,1907.55,1874.34,1911.07,1872.14,2125713,2318309693.00,2.04,-1.66,-31.70,3.10
2024-11-27,1862.47,1899.96,1899.96,1831.23,1629962,1709857340.00,3.67,1.37,25.62,2.38
2024-11-28,1902.26,1904.30,1922.16,1897.89,2444270,2639753325.00,1.28,0.23,4.34,3.57
2024-11-29,1908.51,1946.01,1956.18,1902.60,2963228,2920376650.00,2.81,2.19,41.71,4.33
2024-12-02,1957.97,1993.99,1999.56,1957.97,3115230,3012429844.00,2.14,2.47,47.98,4.55
2024-12-03,2007.09,1997.26,2009.70,1974.11,3050297,2695696882.00,1.78,0.16,3.27,4.46
2024-12-04,1992.94,1990.51,2024.99,1976.33,3430739,3234531506.00,2.44,-0.34,-6.75,5.01
2024-12-05,1998.98,2024.87,2027.12,1989.41,4961558,4015357035.00,1.89,1.73,34.36,7.25
2024-12-06,2038.74,2050.41,2060.89,2013.80,4411155,3867294115.00,2.33,1.26,25.54,6.44
2024-12-09,2043.34,2030.40,2060.76,2015.66,4081436,4013553585.00,2.20,-0.98,-20.01,5.96
2024-12-10,2088.97,2070.01,2088.97,2063.78,4745852,4568479642.00,1.24,1.95,39.61,6.93
2024-12-11,2079.50,2095.84,2096.41,2059.03,4604036,5255285200.00,1.81,1.25,25.83,6.72
2024-12-12,2095.29,2102.35,2104.83,2067.97,3517282,3839304010.00,1.76,0.31,6.51,5.14
2024-12-13,2096.94,2072.06,2098.94,2068.22,4088052,3829368841.00,1.46,-1.44,-30.29,5.97
2024-12-16,2072.22,2042.04,2085.17,2032.64,3363778,3452751058.00,2.54,-1.45,-30.02,4.91
2024-12-17,2039.94,1945.40,2039.94,1940.03,2694273,2658354736.00,4.89,-4.73,-96.64,3.94
2024-12-18,1941.45,1933.00,1954.33,1916.29,1958896,1845141389.00,1.96,-0.64,-12.40,2.86
2024-12-19,1914.00,1939.40,1943.24,1903.23,1715390,1657158587.00,2.07,0.33,6.40,2.51
2024-12-20,1936.27,1973.43,1983.26,1932.31,1646095,1650814698.00,2.63,1.75,34.03,2.40
2024-12-23,1969.50,1869.36,1969.50,1862.94,2073355,1790772047.00,5.40,-5.27,-104.07,3.03
2024-12-24,1869.62,1886.18,1900.50,1856.54,1557196,1366522265.00,2.35,0.90,16.82,2.27
2024-12-25,1886.03,1826.80,1886.03,1813.58,1438164,1239012398.00,3.84,-3.15,-59.38,2.10
2024-12-26,1829.17,1853.55,1869.83,1829.17,1170328,1112977653.00,2.23,1.46,26.75,1.71
2024-12-27,1856.15,1875.07,1888.04,1853.10,1120376,1060498100.00,1.89,1.16,21.52,1.64
2024-12-30,1874.32,1843.98,1874.32,1830.13,1208011,1206642109.00,2.36,-1.66,-31.09,1.76
2024-12-31,1849.76,1832.63,1855.67,1831.41,1232450,1275086736.00,1.32,-0.62,-11.35,1.80