1999-04-15,1.78,1.92,2.01,1.72,452522,277446000.00,30.85,104.26,0.98,62.85
1999-04-16,1.88,1.91,1.98,1.82,149048,92743000.00,8.33,-0.52,-0.01,20.70
1999-04-19,1.92,1.93,2.04,1.89,126984,80970000.00,7.85,1.05,0.02,17.64
1999-04-20,1.96,1.89,1.97,1.86,75030,46772000.00,5.70,-2.07,-0.04,10.42
1999-04-21,1.89,1.79,1.90,1.77,68377,41772000.00,6.88,-5.29,-0.10,9.50
1999-04-22,1.77,1.71,1.77,1.64,53591,31377000.00,7.26,-4.47,-0.08,7.44
1999-04-23,1.71,1.79,1.83,1.66,44008,26230000.00,9.94,4.68,0.08,6.11
1999-04-26,1.80,1.70,1.82,1.70,25064,14894000.00,6.70,-5.03,-0.09,3.48
1999-04-27,1.67,1.76,1.86,1.64,36540,21796000.00,12.94,3.53,0.06,5.08
1999-04-28,1.78,1.70,1.82,1.68,17219,10203000.00,7.95,-3.41,-0.06,2.39
1999-04-29,1.70,1.73,1.75,1.66,15596,9177000.00,5.29,1.76,0.03,2.17
1999-04-30,1.73,1.73,1.80,1.69,16476,9782000.00,6.36,0.00,0.00,2.29
1999-05-04,1.74,1.75,1.80,1.72,14799,8845000.00,4.62,1.16,0.02,2.06
1999-05-05,1.76,1.71,1.77,1.67,14336,8416000.00,5.71,-2.29,-0.04,1.99
1999-05-06,1.71,1.70,1.75,1.67,13418,7902000.00,4.68,-0.58,-0.01,1.86
1999-05-07,1.70,1.66,1.72,1.65,22337,12978000.00,4.12,-2.35,-0.04,3.10
1999-05-10,1.57,1.46,1.61,1.45,28368,15707000.00,9.64,-12.05,-0.20,3.94
1999-05-11,1.50,1.54,1.57,1.47,12944,7130000.00,6.85,5.48,0.08,1.80
1999-05-12,1.54,1.49,1.55,1.47,9748,5338000.00,5.19,-3.25,-0.05,1.35
1999-05-13,1.47,1.45,1.52,1.44,10061,5457000.00,5.37,-2.68,-0.04,1.40
1999-05-14,1.43,1.32,1.43,1.30,16369,8524000.00,8.97,-8.97,-0.13,2.27
1999-05-17,1.31,1.33,1.37,1.26,9843,5040000.00,8.33,0.76,0.01,1.37
1999-05-18,1.33,1.31,1.39,1.30,8554,4449000.00,6.77,-1.50,-0.02,1.19
1999-05-19,1.31,1.48,1.50,1.30,16239,8633000.00,15.27,12.98,0.17,2.26
1999-05-20,1.50,1.54,1.55,1.45,24792,13621000.00,6.76,4.05,0.06,3.44
1999-05-21,1.55,1.51,1.59,1.47,28737,15890000.00,7.79,-1.95,-0.03,3.99
1999-05-24,1.50,1.59,1.64,1.46,32651,18274000.00,11.92,5.30,0.08,4.53
1999-05-25,1.62,1.52,1.67,1.51,36117,20546000.00,10.06,-4.40,-0.07,5.02
1999-05-26,1.50,1.57,1.57,1.48,22981,12724000.00,5.92,3.29,0.05,3.19
1999-05-27,1.60,1.80,1.87,1.60,75119,45190000.00,17.20,14.65,0.23,10.43
1999-05-28,1.82,1.69,1.87,1.66,37916,22539000.00,11.67,-6.11,-0.11,5.27
1999-05-31,1.70,1.61,1.76,1.57,31427,18226000.00,11.24,-4.73,-0.08,4.36
1999-06-01,1.62,1.72,1.72,1.60,29649,17194000.00,7.45,6.83,0.11,4.12
1999-06-02,1.75,1.66,1.83,1.65,40882,24296000.00,10.47,-3.49,-0.06,5.68
1999-06-03,1.62,1.59,1.67,1.56,19222,10908000.00,6.63,-4.22,-0.07,2.67
1999-06-04,1.59,1.62,1.64,1.57,16192,9190000.00,4.40,1.89,0.03,2.25
1999-06-07,1.62,1.73,1.75,1.61,25705,15033000.00,8.64,6.79,0.11,3.57
1999-06-08,1.77,1.81,1.91,1.75,73262,44701000.00,9.25,4.62,0.08,10.18
1999-06-09,1.83,1.93,1.93,1.78,61156,37636000.00,8.29,6.63,0.12,8.49
1999-06-10,1.99,2.04,2.25,1.88,106923,69296000.00,19.17,5.70,0.11,14.85
1999-06-11,2.04,1.99,2.09,1.96,58225,37734000.00,6.37,-2.45,-0.05,8.09
1999-06-14,1.99,2.16,2.17,1.99,65530,43632000.00,9.05,8.54,0.17,9.10
1999-06-15,2.20,2.00,2.28,1.93,86015,57376000.00,16.20,-7.41,-0.16,11.95
1999-06-16,2.00,2.24,2.24,2.00,65252,43127000.00,12.00,12.00,0.24,9.06
1999-06-17,2.31,2.29,2.37,2.12,82824,57186000.00,11.16,2.23,0.05,10.35
1999-06-18,2.30,2.39,2.45,2.23,96773,68856000.00,9.61,4.37,0.10,12.10
1999-06-21,2.41,2.50,2.54,2.40,50999,37306000.00,5.86,4.60,0.11,6.37
1999-06-22,2.52,2.48,2.54,2.39,49318,35815000.00,6.00,-0.80,-0.02,6.16
1999-06-23,2.49,2.56,2.61,2.46,55796,41602000.00,6.05,3.23,0.08,6.97
1999-06-24,2.57,2.78,2.89,2.56,75301,58958000.00,12.89,8.59,0.22,9.41
1999-06-25,2.78,2.39,2.83,2.36,74066,56626000.00,16.91,-14.03,-0.39,9.26
1999-06-28,2.41,2.63,2.66,2.41,59227,43804000.00,10.46,10.04,0.24,7.40
1999-06-29,2.66,2.54,2.70,2.46,62125,46110000.00,9.13,-3.42,-0.09,7.77
1999-06-30,2.57,2.58,2.79,2.45,69279,52344000.00,13.39,1.57,0.04,8.66
1999-07-01,2.54,2.18,2.54,2.18,40200,28282000.00,13.95,-15.50,-0.40,5.03
1999-07-02,2.20,2.39,2.43,2.09,37732,26292000.00,15.60,9.63,0.21,4.72
1999-07-05,2.45,2.39,2.47,2.30,33030,23665000.00,7.11,0.00,0.00,4.13
1999-07-06,2.36,2.28,2.46,2.26,26390,18772000.00,8.37,-4.60,-0.11,3.30
1999-07-07,2.28,2.40,2.40,2.24,17598,12379000.00,7.02,5.26,0.12,2.20
1999-07-08,2.42,2.46,2.55,2.38,37416,27499000.00,7.08,2.50,0.06,4.68
1999-07-09,2.47,2.54,2.61,2.41,29163,21687000.00,8.13,3.25,0.08,3.65
1999-07-12,2.54,2.59,2.70,2.49,37300,28483752.00,8.27,1.97,0.05,4.66
1999-07-13,2.57,2.41,2.58,2.35,23899,17333000.00,8.88,-6.95,-0.18,2.99
1999-07-14,2.40,2.49,2.52,2.37,14851,10785000.00,6.22,3.32,0.08,1.86
1999-07-15,2.50,2.41,2.52,2.38,11616,8427000.00,5.62,-3.21,-0.08,1.45
1999-07-16,2.38,2.35,2.51,2.32,21847,15687000.00,7.88,-2.49,-0.06,2.73
1999-07-19,2.29,2.16,2.30,2.15,20748,14144000.00,6.38,-8.09,-0.19,2.59
1999-07-20,2.14,2.40,2.41,2.12,23783,16412000.00,13.43,11.11,0.24,2.97
1999-07-21,2.41,2.41,2.45,2.34,21548,15464000.00,4.58,0.42,0.01,2.69
1999-07-22,2.42,2.30,2.47,2.28,20539,14606000.00,7.88,-4.56,-0.11,2.57
1999-07-23,2.30,2.36,2.39,2.30,9561,6754000.00,3.91,2.61,0.06,1.20
1999-07-26,2.36,2.36,2.42,2.32,10651,7591000.00,4.24,0.00,0.00,1.33
1999-07-27,2.36,2.38,2.41,2.33,8663,6154000.00,3.39,0.85,0.02,1.08
1999-07-28,2.41,2.45,2.52,2.38,25124,18388000.00,5.88,2.94,0.07,3.14
1999-07-29,2.49,2.41,2.52,2.40,10102,7335000.00,4.90,-1.63,-0.04,1.26
1999-07-30,2.41,2.41,2.43,2.36,7728,5538594.00,2.90,0.00,0.00,0.97
1999-08-02,2.44,2.55,2.56,2.42,29048,21532000.00,5.81,5.81,0.14,3.63
1999-08-03,2.57,2.57,2.58,2.50,15167,11276000.00,3.14,0.78,0.02,1.90
1999-08-04,2.57,2.67,2.70,2.56,44265,33868000.00,5.45,3.89,0.10,5.53
1999-08-05,2.70,2.77,2.82,2.65,56037,44058000.00,6.37,3.75,0.10,7.00
1999-08-06,2.79,3.05,3.19,2.79,156586,132704000.00,14.44,10.11,0.28,19.57
1999-08-09,3.05,2.99,3.10,2.91,42761,35460000.00,6.23,-1.97,-0.06,5.35
1999-08-10,2.94,2.79,3.03,2.73,44415,35773000.00,10.03,-6.69,-0.20,5.55
1999-08-11,2.57,2.61,2.92,2.55,32516,25111000.00,13.26,-6.45,-0.18,4.06
1999-08-12,2.60,2.60,2.66,2.54,20877,15804000.00,4.60,-0.38,-0.01,2.61
1999-08-13,2.62,2.65,2.70,2.59,14068,10750000.00,4.23,1.92,0.05,1.76
1999-08-16,2.60,2.73,2.81,2.60,21888,17074000.00,7.92,3.02,0.08,2.74
1999-08-17,2.75,2.69,2.87,2.68,20573,16280000.00,6.96,-1.47,-0.04,2.57
1999-08-18,2.70,2.82,2.83,2.65,13334,10394000.00,6.69,4.83,0.13,1.67
1999-08-19,2.83,2.97,3.02,2.78,39060,31936000.00,8.51,5.32,0.15,4.88
1999-08-20,2.98,2.88,3.03,2.87,21951,17936000.00,5.39,-3.03,-0.09,2.74
1999-08-23,2.87,2.92,2.93,2.78,16201,12992000.00,5.21,1.39,0.04,2.03
1999-08-24,2.94,2.98,3.03,2.89,24747,20468000.00,4.79,2.05,0.06,3.09
1999-08-25,2.99,2.83,3.01,2.82,16730,13530000.00,6.38,-5.03,-0.15,2.09
1999-08-26,2.81,2.84,2.86,2.75,12108,9650000.00,3.89,0.35,0.01,1.51
1999-08-27,2.83,2.80,2.83,2.78,10117,8025000.00,1.76,-1.41,-0.04,1.26
1999-08-30,2.78,2.72,2.79,2.71,13670,10681000.00,2.86,-2.86,-0.08,1.71
1999-08-31,2.73,2.79,2.82,2.68,9526,7492000.00,5.15,2.57,0.07,1.19
1999-09-01,2.79,2.70,2.79,2.70,7210,5625000.00,3.23,-3.23,-0.09,0.90
1999-09-02,2.68,2.81,2.87,2.41,16334,12568000.00,17.04,4.07,0.11,2.04
1999-09-03,2.79,2.83,2.93,2.77,19856,15981000.00,5.69,0.71,0.02,2.48
1999-09-06,2.81,2.91,2.98,2.79,23501,19216000.00,6.71,2.83,0.08,2.94
1999-09-07,2.91,2.90,3.02,2.87,21825,17987000.00,5.15,-0.34,-0.01,2.73
1999-09-08,2.89,2.94,3.02,2.89,15209,12531000.00,4.48,1.38,0.04,1.90
1999-09-09,3.02,3.20,3.25,2.97,53317,45674000.00,9.52,8.84,0.26,6.66
1999-09-10,3.26,3.30,3.51,3.16,78437,69899000.00,10.94,3.13,0.10,9.80
1999-09-13,3.31,3.30,3.46,3.20,36279,32330000.00,7.88,0.00,0.00,4.53
1999-09-14,3.34,3.32,3.39,3.25,22257,19821000.00,4.24,0.61,0.02,2.78
1999-09-15,3.32,3.19,3.39,3.15,25322,22546000.00,7.23,-3.92,-0.13,3.17
1999-09-16,3.19,3.19,3.26,3.18,18196,15836000.00,2.51,0.00,0.00,2.27
1999-09-17,3.19,3.24,3.33,3.18,11071,9696000.00,4.70,1.57,0.05,1.38
1999-09-20,3.24,3.17,3.28,3.15,8201,7127000.00,4.01,-2.16,-0.07,1.03
1999-09-21,3.15,3.04,3.15,3.02,10450,8833000.00,4.10,-4.10,-0.13,1.31
1999-09-22,3.05,3.09,3.12,3.05,5656,4785000.00,2.30,1.64,0.05,0.71
1999-09-23,3.11,3.10,3.18,3.07,8633,7403396.00,3.56,0.32,0.01,1.08
1999-09-24,3.14,3.14,3.25,3.12,4011,3450000.00,4.19,1.29,0.04,0.50
1999-09-27,3.15,3.06,3.19,3.06,3894,3317000.00,4.14,-2.55,-0.08,0.49
1999-09-28,3.05,3.02,3.10,3.00,5323,4461000.00,3.27,-1.31,-0.04,0.67
1999-09-29,3.03,2.97,3.09,2.94,6652,5537000.00,4.97,-1.66,-0.05,0.83
1999-09-30,2.97,2.82,2.99,2.82,12236,9893000.00,5.72,-5.05,-0.15,1.53
1999-10-08,2.82,2.70,2.82,2.66,6692,5233000.00,5.67,-4.26,-0.12,0.84
1999-10-11,2.68,2.73,2.78,2.62,4595,3568000.00,5.93,1.11,0.03,0.57
1999-10-12,2.68,2.82,2.82,2.68,2797,2208000.00,5.13,3.30,0.09,0.35
1999-10-13,2.83,2.68,2.86,2.65,5496,4261000.00,7.45,-4.96,-0.14,0.69
1999-10-14,2.63,2.68,2.77,2.62,3059,2359000.00,5.60,0.00,0.00,0.38
1999-10-15,2.73,2.79,2.86,2.70,4793,3793000.00,5.97,4.10,0.11,0.60
1999-10-18,2.81,2.65,2.83,2.62,3336,2584000.00,7.53,-5.02,-0.14,0.42
1999-10-19,2.62,2.52,2.65,2.52,5031,3769000.00,4.91,-4.91,-0.13,0.63
1999-10-20,2.52,2.73,2.79,2.45,16353,12564000.00,13.49,8.33,0.21,2.04
1999-10-21,2.73,2.56,2.77,2.56,5237,3973000.00,7.69,-6.23,-0.17,0.65
1999-10-22,2.56,2.80,2.88,2.56,31729,25230000.00,12.50,9.38,0.24,3.97
1999-10-25,2.80,2.87,2.91,2.72,13692,10964000.00,6.79,2.50,0.07,1.71
1999-10-26,2.86,2.89,2.94,2.83,9749,7901000.00,3.83,0.70,0.02,1.22
1999-10-27,2.96,2.94,3.01,2.90,15796,12981000.00,3.81,1.73,0.05,1.97
1999-10-28,2.94,2.83,2.96,2.81,10418,8407000.00,5.10,-3.74,-0.11,1.30
1999-10-29,2.83,2.77,2.88,2.74,6386,5070000.00,4.95,-2.12,-0.06,0.80
1999-11-01,2.75,2.71,2.77,2.70,3795,2957000.00,2.53,-2.17,-0.06,0.47
1999-11-02,2.69,2.73,2.78,2.68,2491,1936000.00,3.69,0.74,0.02,0.31
1999-11-03,2.77,2.70,2.77,2.68,2800,2164000.00,3.30,-1.10,-0.03,0.35
1999-11-04,2.70,2.62,2.70,2.57,6384,4840000.00,4.81,-2.96,-0.08,0.80
1999-11-05,2.62,2.59,2.68,2.57,4946,3755000.00,4.20,-1.15,-0.03,0.62
1999-11-08,2.60,2.65,2.69,2.59,2962,2256000.00,3.86,2.32,0.06,0.37
1999-11-09,2.65,2.62,2.68,2.60,2882,2190000.00,3.02,-1.13,-0.03,0.36
1999-11-10,2.61,2.56,2.61,2.53,4457,3330000.00,3.05,-2.29,-0.06,0.56
1999-11-11,2.57,2.55,2.63,2.53,2818,2111000.00,3.91,-0.39,-0.01,0.35
1999-11-12,2.55,2.57,2.59,2.55,1861,1393000.00,1.57,0.78,0.02,0.23
1999-11-15,2.62,2.55,2.62,2.54,2291,1715000.00,3.11,-0.78,-0.02,0.29
1999-11-16,2.56,2.56,2.62,2.51,3960,2962000.00,4.31,0.39,0.01,0.50
1999-11-17,2.55,2.68,2.70,2.55,5724,4309000.00,5.86,4.69,0.12,0.72
1999-11-18,2.66,2.68,2.80,2.57,9229,7159000.00,8.58,0.00,0.00,1.15
1999-11-19,2.68,2.62,2.73,2.61,3626,2783000.00,4.48,-2.24,-0.06,0.45
1999-11-22,2.60,2.57,2.65,2.54,4320,3249000.00,4.20,-1.91,-0.05,0.54
1999-11-23,2.57,2.56,2.61,2.55,2805,2101000.00,2.33,-0.39,-0.01,0.35
1999-11-24,2.56,2.57,2.60,2.54,1695,1269000.00,2.34,0.39,0.01,0.21
1999-11-25,2.57,2.52,2.57,2.50,3222,2386000.00,2.72,-1.95,-0.05,0.40
1999-11-26,2.52,2.51,2.56,2.49,4067,3005000.00,2.78,-0.40,-0.01,0.51
1999-11-29,2.50,2.44,2.51,2.43,3981,2902000.00,3.19,-2.79,-0.07,0.50
1999-11-30,2.43,2.48,2.61,2.42,1626,1191000.00,7.79,1.64,0.04,0.20
1999-12-01,2.51,2.54,2.54,2.45,2116,1559000.00,3.63,2.42,0.06,0.26
1999-12-02,2.52,2.46,2.57,2.45,2396,1763000.00,4.72,-3.15,-0.08,0.30
1999-12-03,2.46,2.51,2.52,2.46,1541,1127000.00,2.44,2.03,0.05,0.19
1999-12-06,2.49,2.45,2.50,2.43,2183,1585000.00,2.79,-2.39,-0.06,0.27
1999-12-07,2.46,2.47,2.52,2.46,1340,982000.00,2.45,0.82,0.02,0.17
1999-12-08,2.44,2.57,2.65,2.44,12875,9678000.00,8.50,4.05,0.10,1.61
1999-12-09,2.55,2.52,2.57,2.49,1668,1236000.00,3.11,-1.95,-0.05,0.21
1999-12-10,2.52,2.60,2.61,2.49,14269,10721000.00,4.76,3.17,0.08,1.78
1999-12-13,2.59,2.57,2.65,2.56,6747,5117000.00,3.46,-1.15,-0.03,0.84
1999-12-14,2.54,2.63,2.64,2.54,21167,15997000.00,3.89,2.33,0.06,2.65
1999-12-15,2.68,2.66,2.70,2.62,12454,9568000.00,3.04,1.14,0.03,1.56
1999-12-16,2.68,2.62,2.68,2.53,6987,5233000.00,5.64,-1.50,-0.04,0.87
1999-12-17,2.56,2.62,2.64,2.52,19596,14767000.00,4.58,0.00,0.00,2.45
1999-12-21,2.57,2.45,2.57,2.45,3764,2768000.00,4.58,-6.49,-0.17,0.47
1999-12-22,2.52,2.46,2.54,2.45,4905,3591000.00,3.67,0.41,0.01,0.61
1999-12-23,2.46,2.30,2.46,2.28,8054,5697000.00,7.32,-6.50,-0.16,1.01
1999-12-24,2.28,2.09,2.32,2.07,14360,9613000.00,10.87,-9.13,-0.21,1.80
1999-12-27,2.08,2.03,2.15,2.03,6084,3993000.00,5.74,-2.87,-0.06,0.76
1999-12-28,2.14,2.15,2.17,2.05,9042,6034000.00,5.91,5.91,0.12,1.13
1999-12-29,2.14,2.20,2.20,2.09,7797,5200000.00,5.12,2.33,0.05,0.97
1999-12-30,2.20,2.30,2.34,2.12,18999,13186000.00,10.00,4.55,0.10,2.37