2009-01-05,2.68,2.89,2.96,2.63,19350,17451505.11,12.60,10.31,0.27,2.50
2009-01-06,2.93,2.93,3.05,2.86,18812,17501539.43,6.57,1.38,0.04,2.43
2009-01-07,2.91,2.99,3.05,2.88,19025,17817403.60,5.80,2.05,0.06,2.46
2009-01-08,2.90,2.99,3.07,2.90,13472,12683537.37,5.69,0.00,0.00,1.74
2009-01-09,2.98,3.07,3.17,2.98,18619,17921054.38,6.35,2.68,0.08,2.41
2009-01-12,3.13,3.15,3.35,3.02,22576,22402634.84,10.75,2.61,0.08,2.92
2009-01-13,3.13,3.09,3.29,3.00,17001,16614991.07,9.21,-1.90,-0.06,2.20
2009-01-14,3.17,3.33,3.39,3.09,21980,22154411.92,9.71,7.77,0.24,2.84
2009-01-15,3.26,3.42,3.51,3.18,18645,19023378.69,9.91,2.70,0.09,2.41
2009-01-16,3.42,3.26,3.46,3.24,11314,11532391.91,6.43,-4.68,-0.16,1.46
2009-01-19,3.25,3.16,3.28,2.98,19086,18247909.43,9.20,-3.07,-0.10,2.47
2009-01-20,3.15,3.26,3.33,3.09,7063,6968642.78,7.59,3.16,0.10,0.91
2009-01-21,3.18,3.28,3.33,3.15,7937,7945632.60,5.52,0.61,0.02,1.03
2009-01-22,3.28,3.28,3.34,3.22,7769,7775740.52,3.66,0.00,0.00,1.00
2009-01-23,3.22,3.25,3.32,3.22,4356,4342402.63,3.05,-0.91,-0.03,0.56
2009-02-02,3.32,3.31,3.33,3.25,4482,4528173.09,2.46,1.85,0.06,0.58
2009-02-03,3.32,3.39,3.43,3.31,13272,13581057.75,3.63,2.42,0.08,1.71
2009-02-04,3.39,3.51,3.81,3.39,21437,22785228.48,12.39,3.54,0.12,2.77
2009-02-05,3.50,3.37,3.50,3.28,64049,65132627.23,6.27,-3.99,-0.14,8.27
2009-02-06,3.35,3.43,3.48,3.31,53542,55274909.08,5.04,1.78,0.06,6.92
2009-02-09,3.39,3.52,3.63,3.39,55465,58395378.48,7.00,2.62,0.09,7.17
2009-02-10,3.53,3.46,3.54,3.26,75745,77786836.16,7.95,-1.70,-0.06,9.79
2009-02-11,3.38,3.53,3.59,3.31,65919,68621436.27,8.09,2.02,0.07,8.52
2009-02-12,3.54,3.74,3.79,3.49,70126,76129206.28,8.50,5.95,0.21,9.06
2009-02-13,3.77,3.74,3.96,3.66,61768,68966103.31,8.02,0.00,0.00,7.98
2009-02-16,3.76,3.69,3.82,3.68,36800,40730957.69,3.74,-1.34,-0.05,4.75
2009-02-17,3.69,3.35,3.70,3.35,44213,46433209.75,9.49,-9.21,-0.34,5.71
2009-02-18,3.30,3.25,3.34,3.22,26267,26307832.66,3.58,-2.99,-0.10,3.39
2009-02-19,3.28,3.35,3.39,3.26,14851,15032407.51,4.00,3.08,0.10,1.92
2009-02-20,3.35,3.42,3.44,3.22,26050,26516007.50,6.57,2.09,0.07,3.37
2009-02-23,3.35,3.55,3.60,3.33,28029,29447201.84,7.89,3.80,0.13,3.62
2009-02-24,3.52,3.60,3.81,3.47,60712,66681513.70,9.58,1.41,0.05,7.84
2009-02-25,3.67,3.57,3.76,3.30,41211,43789014.11,12.78,-0.83,-0.03,5.32
2009-02-26,3.55,3.20,3.72,3.20,31991,33842545.90,14.57,-10.36,-0.37,4.13
2009-02-27,3.25,3.05,3.25,2.80,25142,23925707.29,14.06,-4.69,-0.15,3.25
2009-03-02,3.00,3.34,3.43,2.96,36070,36184217.05,15.41,9.51,0.29,4.66
2009-03-03,3.26,3.41,3.46,3.11,27597,28192997.20,10.48,2.10,0.07,3.57
2009-03-04,3.39,3.73,3.75,3.39,42097,45495125.76,10.56,9.38,0.32,5.44
2009-03-05,3.80,3.70,3.80,3.57,32416,35637644.67,6.17,-0.80,-0.03,4.19
2009-03-06,3.61,3.91,4.08,3.58,51159,58877913.01,13.51,5.68,0.21,6.61
2009-03-09,3.95,3.96,4.12,3.87,54410,63743753.37,6.39,1.28,0.05,7.03
2009-03-10,3.92,4.09,4.12,3.87,40157,47104352.10,6.31,3.28,0.13,5.19
2009-03-11,4.19,3.91,4.19,3.88,45590,53981935.67,7.58,-4.40,-0.18,5.89
2009-03-12,3.90,3.84,3.96,3.59,31205,34808788.37,9.46,-1.79,-0.07,4.03
2009-03-13,3.85,3.72,3.87,3.66,18730,20974143.30,5.47,-3.13,-0.12,2.42
2009-03-16,3.72,3.77,3.77,3.61,15408,16972861.07,4.30,1.34,0.05,1.99
2009-03-17,3.77,3.94,3.95,3.75,13819,15705367.32,5.31,4.51,0.17,1.79
2009-03-18,3.97,3.98,4.13,3.92,22998,27106911.75,5.33,1.02,0.04,2.97
2009-03-19,3.98,4.13,4.22,3.94,43536,51751374.70,7.04,3.77,0.15,5.62
2009-03-20,4.10,4.00,4.14,3.87,32804,38173243.17,6.54,-3.15,-0.13,4.24
2009-03-23,3.95,4.00,4.07,3.92,23515,27515674.16,3.75,0.00,0.00,3.04
2009-03-24,4.07,4.02,4.13,3.98,24440,28822544.48,3.75,0.50,0.02,3.16
2009-03-25,3.99,3.89,4.07,3.87,20737,24079086.91,4.98,-3.23,-0.13,2.68
2009-03-26,3.91,4.04,4.08,3.87,25824,30144744.78,5.40,3.86,0.15,3.34
2009-03-27,4.05,4.42,4.49,4.03,56158,70079469.74,11.39,9.41,0.38,7.26
2009-03-30,4.42,4.41,4.51,4.30,34680,43708772.64,4.75,-0.23,-0.01,4.48
2009-03-31,4.29,4.48,4.50,4.10,42217,52628554.15,9.07,1.59,0.07,5.45
2009-04-01,4.47,4.48,4.55,4.39,31073,39506597.84,3.57,0.00,0.00,4.01
2009-04-02,4.51,4.45,4.70,4.38,38048,48953893.18,7.14,-0.67,-0.03,4.92
2009-04-03,4.46,4.60,4.81,4.40,65491,85963577.66,9.21,3.37,0.15,8.46
2009-04-07,4.59,4.73,4.79,4.55,43044,56931927.95,5.22,2.83,0.13,5.56
2009-04-08,4.68,4.42,4.81,4.40,34014,44467724.21,8.67,-6.55,-0.31,4.39
2009-04-09,4.40,4.49,4.50,4.31,23799,30076655.42,4.30,1.58,0.07,3.07
2009-04-10,4.56,4.64,4.71,4.40,35324,45879641.03,6.90,3.34,0.15,4.56
2009-04-13,4.74,4.95,4.96,4.57,65992,89131494.52,8.41,6.68,0.31,8.53
2009-04-14,4.92,5.08,5.27,4.79,58545,82654792.81,9.70,2.63,0.13,7.56
2009-04-15,4.95,5.24,5.36,4.95,59288,85562850.65,8.07,3.15,0.16,7.66
2009-04-16,5.34,5.00,5.34,4.97,50546,71333977.15,7.06,-4.58,-0.24,6.53
2009-04-17,4.93,4.76,4.97,4.57,39610,53081180.27,8.00,-4.80,-0.24,5.12
2009-04-21,4.84,4.82,4.92,4.64,37225,50363119.21,5.88,1.26,0.06,4.81
2009-04-22,4.84,4.56,4.90,4.53,31566,41972844.56,7.68,-5.39,-0.26,4.08
2009-04-23,4.57,4.65,4.71,4.46,16673,21850157.93,5.48,1.97,0.09,2.15
2009-04-24,4.71,4.77,4.89,4.71,25338,34294127.39,3.87,2.58,0.12,3.27
2009-04-27,4.84,4.64,4.84,4.49,16582,21595071.74,7.34,-2.73,-0.13,2.14
2009-04-28,4.52,4.57,4.64,4.19,48310,60316728.60,9.70,-1.51,-0.07,6.24
2009-04-29,4.48,4.55,4.60,4.44,24824,32004528.58,3.50,-0.44,-0.02,3.21
2009-04-30,4.57,4.66,4.70,4.52,26119,34282693.47,3.96,2.42,0.11,3.37
2009-05-04,4.75,4.79,4.86,4.68,29042,39007806.18,3.86,2.79,0.13,3.75
2009-05-05,4.86,4.74,4.86,4.64,31576,42042050.02,4.59,-1.04,-0.05,4.08
2009-05-06,4.73,4.81,4.83,4.66,34887,47084302.80,3.59,1.48,0.07,4.51
2009-05-07,4.84,4.57,4.91,4.49,44474,58889922.46,8.73,-4.99,-0.24,5.75
2009-05-08,4.57,4.46,4.57,4.36,25286,32155668.54,4.60,-2.41,-0.11,3.27
2009-05-11,4.47,4.19,4.50,4.19,34094,42539970.61,6.95,-6.05,-0.27,4.40
2009-05-12,4.20,4.35,4.39,4.19,21298,26313992.40,4.77,3.82,0.16,2.75
2009-05-13,4.46,4.62,4.67,4.44,53124,69136703.61,5.29,6.21,0.27,6.86
2009-05-14,4.57,4.48,4.57,4.43,26416,33792972.50,3.03,-3.03,-0.14,3.41
2009-05-15,4.48,4.39,4.49,4.30,32650,40942200.67,4.24,-2.01,-0.09,4.22
2009-05-18,4.35,4.53,4.56,4.33,32137,40980218.02,5.24,3.19,0.14,4.15
2009-05-19,4.56,4.51,4.57,4.45,25920,33336788.80,2.65,-0.44,-0.02,3.35
2009-05-20,4.54,4.60,4.66,4.47,33216,43199914.47,4.21,2.00,0.09,4.29
2009-05-21,4.57,4.34,4.57,4.31,29826,37736295.10,5.65,-5.65,-0.26,3.85
2009-05-22,4.32,4.40,4.41,4.32,12725,15935789.77,2.07,1.38,0.06,1.64
2009-05-25,4.25,4.36,4.40,4.19,18868,23233073.97,4.77,-0.91,-0.04,2.44
2009-05-26,4.35,4.45,4.57,4.35,29686,38036255.18,5.05,2.06,0.09,3.84
2009-05-27,4.59,4.34,4.59,4.31,16283,18368322.40,6.29,-2.47,-0.11,1.91
2009-06-01,4.33,4.36,4.44,4.33,17587,19882816.73,2.53,0.46,0.02,2.07
2009-06-02,4.36,4.42,4.51,4.29,26179,29718363.05,5.05,1.38,0.06,3.07
2009-06-03,4.41,4.37,4.46,4.34,26505,30005372.49,2.71,-1.13,-0.05,3.11
2009-06-04,4.35,4.30,4.39,4.24,24949,27843066.07,3.43,-1.60,-0.07,2.93
2009-06-05,4.31,4.33,4.39,4.30,20194,22698284.21,2.09,0.70,0.03,2.37
2009-06-08,4.34,4.30,4.39,4.27,16781,18750226.85,2.77,-0.69,-0.03,1.97
2009-06-09,4.32,4.14,4.34,4.08,31950,34630077.59,6.05,-3.72,-0.16,3.75
2009-06-10,4.18,4.27,4.27,4.15,22358,24470035.34,2.90,3.14,0.13,2.63
2009-06-11,4.28,4.21,4.31,4.19,18439,20341555.36,2.81,-1.41,-0.06,2.17
2009-06-12,4.18,4.02,4.23,3.99,22224,23812424.10,5.70,-4.51,-0.19,2.61
2009-06-15,4.00,4.07,4.07,3.97,13920,14732102.37,2.49,1.24,0.05,1.63
2009-06-16,4.03,4.07,4.08,3.97,18397,19496362.64,2.70,0.00,0.00,2.16
2009-06-17,4.08,4.34,4.36,4.04,45280,50084785.81,7.86,6.63,0.27,5.32
2009-06-18,4.35,4.29,4.37,4.21,32576,36216491.54,3.69,-1.15,-0.05,3.83
2009-06-19,4.26,4.35,4.36,4.23,29263,32659106.45,3.03,1.40,0.06,3.44
2009-06-22,4.35,4.37,4.54,4.29,48275,55110247.52,5.75,0.46,0.02,5.67
2009-06-23,4.28,4.38,4.46,4.23,27862,31639697.63,5.26,0.23,0.01,3.27
2009-06-24,4.51,4.56,4.75,4.47,66522,78529844.69,6.39,4.11,0.18,7.81
2009-06-25,4.60,4.77,4.88,4.56,115650,139649372.88,7.02,4.61,0.21,13.58
2009-06-26,4.75,4.64,4.76,4.55,50409,60156722.66,4.40,-2.73,-0.13,5.92
2009-06-29,4.59,4.59,4.75,4.56,38995,46126650.18,4.09,-1.08,-0.05,4.58
2009-06-30,4.59,4.65,4.74,4.57,45050,53474176.72,3.70,1.31,0.06,5.29
2009-07-01,4.70,4.74,4.86,4.66,65167,79013489.33,4.30,1.94,0.09,7.65
2009-07-02,4.74,4.71,4.75,4.59,54197,64790137.40,3.38,-0.63,-0.03,6.37
2009-07-03,4.69,4.61,4.70,4.51,47234,55525650.61,4.03,-2.12,-0.10,5.55
2009-07-06,4.58,4.52,4.62,4.47,31137,36235126.48,3.25,-1.95,-0.09,3.66
2009-07-07,4.52,4.84,4.99,4.49,98123,119215897.70,11.06,7.08,0.32,11.52
2009-07-08,4.84,4.76,4.84,4.70,40852,49482184.48,2.89,-1.65,-0.08,4.80
2009-07-09,4.73,4.87,4.91,4.70,51396,62978802.00,4.41,2.31,0.11,6.04
2009-07-10,4.95,4.77,4.96,4.75,55426,67787789.50,4.31,-2.05,-0.10,6.51
2009-07-13,4.83,5.02,5.14,4.80,90759,114271196.14,7.13,5.24,0.25,10.66
2009-07-14,5.03,5.12,5.22,5.03,64680,83080939.13,3.78,1.99,0.10,7.60
2009-07-15,5.21,5.20,5.23,5.02,76848,99201310.36,4.10,1.56,0.08,9.03
2009-07-16,5.21,5.18,5.24,5.04,60308,77974941.88,3.85,-0.38,-0.02,7.08
2009-07-17,5.18,5.43,5.57,5.15,112887,151072372.75,8.11,4.83,0.25,13.26
2009-07-20,5.52,5.70,5.74,5.43,93075,129424002.15,5.71,4.97,0.27,10.93
2009-07-21,5.75,5.47,5.76,5.45,67692,93452778.80,5.44,-4.04,-0.23,7.95
2009-07-22,5.45,5.75,5.93,5.43,62416,87917382.84,9.14,5.12,0.28,7.33
2009-07-23,5.81,5.81,5.90,5.67,56322,79953982.23,4.00,1.04,0.06,6.61
2009-07-24,5.83,5.56,5.83,5.34,54186,75023662.44,8.43,-4.30,-0.25,6.36
2009-07-27,5.52,5.46,5.52,5.33,41959,56532265.43,3.42,-1.80,-0.10,4.93
2009-07-28,5.46,5.42,5.47,5.27,42457,56745181.06,3.66,-0.73,-0.04,4.99
2009-07-29,5.34,5.15,5.54,4.95,45917,60839315.75,10.89,-4.98,-0.27,5.39
2009-07-30,5.19,5.29,5.33,5.09,27596,36002311.24,4.66,2.72,0.14,3.24
2009-07-31,5.30,5.40,5.46,5.30,34329,46099318.04,3.02,2.08,0.11,4.03
2009-08-03,5.42,5.48,5.52,5.37,49458,66904107.01,2.78,1.48,0.08,5.81
2009-08-04,5.48,5.35,5.48,5.19,58724,77860585.66,5.29,-2.37,-0.13,6.90
2009-08-05,5.39,5.67,5.71,5.33,65445,89089354.46,7.10,5.98,0.32,7.69
2009-08-06,5.56,5.57,5.72,5.38,45335,62367065.94,6.00,-1.76,-0.10,5.32
2009-08-07,5.67,6.23,6.23,5.67,66434,98811233.21,10.05,11.85,0.66,7.80
2009-09-16,5.86,5.96,6.47,5.71,184646,269960670.04,12.20,-4.33,-0.27,21.69
2009-09-17,5.83,5.95,6.13,5.68,141974,205044912.59,7.55,-0.17,-0.01,16.67
2009-09-18,5.86,5.60,5.93,5.58,78859,111709117.34,5.88,-5.88,-0.35,9.26
2009-09-21,5.50,5.46,5.58,5.16,51266,68101766.79,7.50,-2.50,-0.14,6.02
2009-09-22,5.46,5.59,5.76,5.39,59274,82616337.84,6.78,2.38,0.13,6.96
2009-09-23,5.56,5.24,5.65,5.23,29831,40105360.37,7.51,-6.26,-0.35,3.50
2009-09-24,5.21,5.15,5.33,5.00,24311,31509888.47,6.30,-1.72,-0.09,2.86
2009-09-25,5.19,5.21,5.34,5.09,27923,36575194.46,4.85,1.17,0.06,3.28
2009-09-28,5.28,5.29,5.47,5.21,40735,54462768.52,4.99,1.54,0.08,4.78
2009-09-29,5.28,5.03,5.34,5.00,20011,25602496.74,6.43,-4.91,-0.26,2.35
2009-09-30,5.08,5.21,5.28,5.07,22232,28902218.26,4.17,3.58,0.18,2.61
2009-10-09,5.28,5.48,5.50,5.23,30743,41527216.02,5.18,5.18,0.27,3.61
2009-10-12,5.48,5.58,5.76,5.40,42978,59803878.55,6.57,1.82,0.10,5.05
2009-10-13,5.52,5.72,5.91,5.51,45180,64042474.06,7.17,2.51,0.14,5.31
2009-10-14,5.67,5.64,5.87,5.62,52435,74426397.01,4.37,-1.40,-0.08,6.16
2009-10-15,5.71,6.00,6.05,5.64,80138,115811304.55,7.27,6.38,0.36,9.41
2009-10-16,6.00,6.58,6.67,5.92,151012,229631502.33,12.50,9.67,0.58,17.74
2009-10-19,6.48,6.72,6.79,6.34,121920,193866982.71,6.84,2.13,0.14,14.32
2009-10-20,6.73,6.77,7.00,6.63,91552,150494644.96,5.51,0.74,0.05,10.75
2009-10-21,6.69,6.71,6.92,6.68,59858,97663993.34,3.55,-0.89,-0.06,7.03
2009-10-22,6.68,7.03,7.19,6.63,77149,127645281.16,8.35,4.77,0.32,9.06
2009-10-23,7.01,7.04,7.09,6.91,52766,88260540.64,2.56,0.14,0.01,6.20
2009-10-26,7.01,6.94,7.19,6.84,51595,86447557.20,4.97,-1.42,-0.10,6.06
2009-10-27,6.85,6.59,6.86,6.59,43648,70372433.95,3.89,-5.04,-0.35,5.13
2009-10-28,6.59,6.62,6.71,6.43,32613,51723356.22,4.25,0.46,0.03,3.83
2009-10-29,6.47,6.65,6.77,6.43,32721,52214389.99,5.14,0.45,0.03,3.84
2009-10-30,6.73,7.01,7.20,6.68,55219,92360373.82,7.82,5.41,0.36,6.49
2009-11-02,6.88,7.24,7.25,6.77,82266,140234296.56,6.85,3.28,0.23,9.66
2009-11-03,7.25,8.08,8.08,7.24,103566,191326124.49,11.60,11.60,0.84,12.16
2009-11-05,8.07,7.78,8.07,7.55,78346,143892300.51,6.44,-3.71,-0.30,9.20
2009-11-06,7.69,7.64,7.91,7.59,49625,90406155.37,4.11,-1.80,-0.14,5.83
2009-11-09,7.64,7.73,7.86,7.58,30479,55454665.54,3.66,1.18,0.09,3.58
2009-11-10,7.74,7.67,7.78,7.63,31400,57165297.59,1.94,-0.78,-0.06,3.69
2009-11-11,7.61,7.61,7.73,7.59,25937,47059509.17,1.83,-0.78,-0.06,3.05
2009-11-12,7.63,7.69,7.78,7.63,26730,48742659.70,1.97,1.05,0.08,3.14
2009-11-13,7.70,8.09,8.16,7.66,55183,102881179.40,6.50,5.20,0.40,4.15
2009-11-16,8.06,8.08,8.26,7.94,42879,81603643.84,3.96,-0.12,-0.01,3.22
2009-11-17,8.09,8.31,8.68,8.08,52800,103948589.70,7.43,2.85,0.23,3.97
2009-11-18,8.34,8.45,8.52,8.11,35093,68110013.44,4.93,1.68,0.14,2.64
2009-11-19,8.41,8.84,8.87,8.36,47196,95229968.57,6.04,4.62,0.39,3.55
2009-11-20,8.73,8.47,8.96,8.46,68245,139018645.09,5.66,-4.19,-0.37,5.13
2009-11-24,8.08,7.75,8.26,7.73,184797,350820837.54,6.26,-8.50,-0.72,13.88
2009-11-25,7.83,7.88,7.96,7.48,76424,140345067.99,6.19,1.68,0.13,5.74
2009-11-26,8.07,7.93,8.55,7.88,103195,198803935.46,8.50,0.63,0.05,7.75
2009-11-27,7.64,7.66,8.12,7.64,48642,90483935.14,6.05,-3.40,-0.27,3.65
2009-11-30,7.78,8.02,8.11,7.69,39693,74539007.48,5.48,4.70,0.36,2.98
2009-12-01,8.12,8.31,8.37,7.98,54435,105374282.90,4.86,3.62,0.29,4.09
2009-12-02,8.35,8.41,8.55,8.20,56699,110861784.43,4.21,1.20,0.10,4.26
2009-12-03,8.38,8.19,8.38,8.05,52512,100952888.00,3.92,-2.62,-0.22,3.95
2009-12-04,8.19,7.81,8.20,7.51,47652,88187939.26,8.42,-4.64,-0.38,3.58
2009-12-07,7.81,7.95,8.01,7.70,26444,49207963.30,3.97,1.79,0.14,1.99
2009-12-08,7.93,7.90,7.95,7.76,20885,38751418.50,2.39,-0.63,-0.05,1.57
2009-12-09,7.84,7.99,8.16,7.74,38327,72171608.30,5.32,1.14,0.09,2.88
2009-12-10,8.05,8.20,8.32,8.05,40382,77782473.96,3.38,2.63,0.21,3.03
2009-12-11,8.20,8.17,8.24,8.02,28829,55056896.11,2.68,-0.37,-0.03,2.17
2009-12-14,8.17,8.12,8.21,7.93,21249,40332740.33,3.43,-0.61,-0.05,1.60
2009-12-15,8.07,8.16,8.28,8.00,18597,35797376.94,3.45,0.49,0.04,1.40
2009-12-16,8.12,8.09,8.26,8.03,21531,41258874.30,2.82,-0.86,-0.07,1.62
2009-12-17,7.97,7.64,8.02,7.59,31795,58371427.06,5.32,-5.56,-0.45,2.39
2009-12-18,7.59,7.30,7.59,7.25,20301,35662687.22,4.45,-4.45,-0.34,1.53
2009-12-21,7.47,7.37,7.52,7.19,19028,33134508.70,4.52,0.96,0.07,1.43
2009-12-22,7.37,7.06,7.39,6.95,15543,26572290.79,5.97,-4.21,-0.31,1.17
2009-12-23,7.06,7.18,7.22,6.90,9355,15908439.16,4.53,1.70,0.12,0.70
2009-12-24,7.17,7.46,7.54,7.14,20151,35509517.42,5.57,3.90,0.28,1.51
2009-12-25,7.44,7.47,7.57,7.35,14967,26554611.09,2.95,0.13,0.01,1.12
2009-12-28,7.43,7.54,7.59,7.42,20802,37099504.96,2.28,0.94,0.07,1.56
2009-12-29,7.53,7.80,7.81,7.47,36885,66864517.74,4.51,3.45,0.26,2.77
2009-12-30,7.80,7.59,7.81,7.54,24444,44168649.98,3.46,-2.69,-0.21,1.84
2009-12-31,7.70,7.82,7.87,7.63,42777,78494260.36,3.16,3.03,0.23,3.21