MjAyMy0wMS0wMyw1LjQ2LDUuNzIsNS43NSw1LjQ1LDg1NDgyOSw0ODMyMTc1OTQuNzIsNS40OSw0Ljc2LDAuMjYsNy41NA==
2023-01-04,5.72,6.03,6.22,5.58,1272621,752554164.05,11.19,5.42,0.31,11.22
2023-01-05,5.95,5.78,5.97,5.76,800804,467186440.22,3.48,-4.15,-0.25,7.06
2023-01-06,5.77,5.56,5.77,5.52,581239,326616455.08,4.33,-3.81,-0.22,5.12
2023-01-09,5.57,5.55,5.61,5.48,302207,167545576.38,2.34,-0.18,-0.01,2.66
2023-01-10,5.56,5.67,5.67,5.43,497911,277566337.60,4.32,2.16,0.12,4.39
2023-01-11,5.67,5.42,5.67,5.41,435885,240660210.94,4.59,-4.41,-0.25,3.84
2023-01-12,5.36,5.30,5.46,5.26,398378,212241318.76,3.69,-2.21,-0.12,3.51
2023-01-13,5.30,5.23,5.34,5.17,286795,150306174.14,3.21,-1.32,-0.07,2.53
2023-01-16,5.25,5.19,5.26,5.16,232633,120714212.44,1.91,-0.76,-0.04,2.05
2023-01-17,5.18,5.13,5.21,5.10,187422,96330211.00,2.12,-1.16,-0.06,1.65
2023-01-18,5.14,5.19,5.23,5.14,172787,89637424.08,1.75,1.17,0.06,1.52
2023-01-19,5.19,5.20,5.25,5.13,204112,106257995.19,2.31,0.19,0.01,1.80
2023-01-20,5.19,5.25,5.30,5.18,248914,130370643.60,2.31,0.96,0.05,2.19
2023-01-30,5.37,5.36,5.40,5.29,320683,171417245.20,2.10,2.10,0.11,2.83
2023-01-31,5.32,5.33,5.36,5.28,190570,101057986.00,1.49,-0.56,-0.03,1.68
2023-02-01,5.34,5.55,5.55,5.31,486594,265249022.25,4.50,4.13,0.22,4.29
2023-02-02,5.59,5.49,5.59,5.45,335487,184226220.74,2.52,-1.08,-0.06,2.96
2023-02-03,5.49,5.50,5.57,5.45,286749,157655994.62,2.19,0.18,0.01,2.53
2023-02-06,5.46,5.62,5.77,5.46,527241,296944527.80,5.64,2.18,0.12,4.65
2023-02-07,5.55,5.82,5.87,5.53,649131,369833474.22,6.05,3.56,0.20,5.72
2023-02-08,5.83,5.57,5.84,5.57,507838,287897118.37,4.64,-4.30,-0.25,4.48
2023-02-09,5.55,5.64,5.70,5.52,351470,197713938.22,3.23,1.26,0.07,3.10
2023-02-10,5.64,5.68,5.73,5.61,303344,171860689.86,2.13,0.71,0.04,2.67
2023-02-13,5.66,5.69,5.75,5.57,240134,135731440.96,3.17,0.18,0.01,2.12
2023-02-14,5.68,5.56,5.69,5.55,295159,165076526.45,2.46,-2.28,-0.13,2.60
2023-02-15,5.57,5.84,6.10,5.57,904808,526550996.81,9.53,5.04,0.28,7.98
2023-02-16,5.85,5.61,5.91,5.53,645071,370541361.27,6.51,-3.94,-0.23,5.69
2023-02-17,5.53,5.38,5.63,5.38,391164,214592470.32,4.46,-4.10,-0.23,3.45
2023-02-20,5.43,5.60,5.85,5.43,479380,270721247.34,7.81,4.09,0.22,4.23
2023-02-21,5.63,5.57,5.65,5.51,304706,169409528.21,2.50,-0.54,-0.03,2.69
2023-02-22,5.52,5.51,5.53,5.44,221072,120932663.80,1.62,-1.08,-0.06,1.95
2023-02-23,5.51,5.42,5.52,5.38,192610,104525495.20,2.54,-1.63,-0.09,1.70
2023-02-24,5.45,5.38,5.45,5.35,114819,61869907.88,1.85,-0.74,-0.04,1.01
2023-02-27,5.35,5.34,5.41,5.33,115703,62031996.02,1.49,-0.74,-0.04,1.02
2023-02-28,5.38,5.40,5.41,5.33,127958,68740910.80,1.50,1.12,0.06,1.13
2023-03-01,5.41,5.68,5.87,5.39,745901,421366708.49,8.89,5.19,0.28,6.57
2023-03-02,5.62,5.78,5.86,5.60,811632,466516201.07,4.58,1.76,0.10,7.15
2023-03-03,5.71,5.71,5.75,5.65,372534,212065227.88,1.73,-1.21,-0.07,3.28
2023-03-06,5.71,5.65,5.74,5.62,241881,137122308.90,2.10,-1.05,-0.06,2.13
2023-03-07,5.62,5.47,5.68,5.46,256632,142500459.12,3.89,-3.19,-0.18,2.26
2023-03-08,5.43,5.57,5.58,5.42,176019,97228286.31,2.93,1.83,0.10,1.55
2023-03-09,5.69,5.78,6.05,5.56,924016,536431887.45,8.80,3.77,0.21,8.14
2023-03-10,5.69,5.48,5.73,5.46,540866,299789948.12,4.67,-5.19,-0.30,4.77
2023-03-13,5.45,5.43,5.47,5.28,349372,187147370.97,3.47,-0.91,-0.05,3.08
2023-03-14,5.42,5.28,5.44,5.25,269981,143554950.00,3.50,-2.76,-0.15,2.38
2023-03-15,5.31,5.34,5.34,5.25,192172,102048815.88,1.70,1.14,0.06,1.69
2023-03-16,5.29,5.19,5.29,5.16,195893,101926066.04,2.43,-2.81,-0.15,1.73
2023-03-17,5.24,5.33,5.36,5.21,270904,143586768.85,2.89,2.70,0.14,2.39
2023-03-20,5.37,5.37,5.47,5.33,283517,153266000.50,2.63,0.75,0.04,2.50
2023-03-21,5.32,5.49,5.54,5.29,329164,178490665.93,4.66,2.23,0.12,2.90
2023-03-22,5.47,5.60,5.60,5.46,356573,197589028.96,2.55,2.00,0.11,3.14
2023-03-23,5.55,5.59,5.59,5.51,212883,118218608.52,1.43,-0.18,-0.01,1.88
2023-03-24,5.60,5.71,5.73,5.56,356983,202172086.70,3.04,2.15,0.12,3.15
2023-03-27,5.66,5.74,5.74,5.60,299172,170135703.44,2.45,0.53,0.03,2.64
2023-03-28,5.73,5.76,5.94,5.62,675813,391177617.96,5.57,0.35,0.02,5.96
2023-03-29,5.71,5.65,5.73,5.54,401552,226818897.55,3.30,-1.91,-0.11,3.54
2023-03-30,5.65,5.55,5.67,5.50,241405,134644927.31,3.01,-1.77,-0.10,2.13
2023-03-31,5.58,5.76,5.78,5.50,360545,205217656.26,5.05,3.78,0.21,3.18
2023-04-03,5.73,5.82,5.84,5.66,316720,182601626.44,3.13,1.04,0.06,2.79
2023-04-04,5.78,5.71,5.83,5.67,255867,146722265.60,2.75,-1.89,-0.11,2.26
2023-04-06,5.64,5.46,5.64,5.44,254150,140030811.66,3.50,-4.38,-0.25,2.24
2023-04-07,5.48,5.57,5.65,5.40,275587,153254154.08,4.58,2.01,0.11,2.43
2023-04-10,5.58,5.42,5.68,5.41,274855,152257461.98,4.85,-2.69,-0.15,2.42
2023-04-11,5.41,5.72,5.76,5.33,474376,266869182.78,7.93,5.54,0.30,4.18
2023-04-12,5.76,5.95,5.97,5.72,624886,367916358.06,4.37,4.02,0.23,5.51
2023-04-13,5.98,6.04,6.25,5.97,1069758,654465657.47,4.71,1.51,0.09,9.43
2023-04-14,5.96,5.93,6.14,5.77,609609,361426682.01,6.13,-1.82,-0.11,5.37
2023-04-17,5.92,5.72,5.92,5.68,360557,207167352.38,4.05,-3.54,-0.21,3.18
2023-04-18,5.72,5.63,5.73,5.50,299134,168028776.33,4.02,-1.57,-0.09,2.64
2023-04-19,5.65,5.76,5.87,5.60,410409,237475256.52,4.80,2.31,0.13,3.62
2023-04-20,5.75,5.93,5.96,5.72,487698,286051116.60,4.17,2.95,0.17,4.30
2023-04-21,5.95,5.63,6.02,5.61,472087,274158075.18,6.91,-5.06,-0.30,4.16
2023-04-24,5.65,6.09,6.13,5.54,778430,461080886.99,10.48,8.17,0.46,6.86
2023-04-25,6.00,5.95,6.03,5.70,640124,376834492.47,5.42,-2.30,-0.14,5.64
2023-04-26,5.83,6.49,6.55,5.67,1359911,860108975.39,14.79,9.08,0.54,11.99
2023-04-27,6.20,6.30,6.83,6.10,1294301,829532871.82,11.25,-2.93,-0.19,11.41
2023-04-28,6.15,6.67,6.90,6.11,1158770,760435378.35,12.54,5.87,0.37,10.21
2023-05-04,6.69,7.06,7.24,6.51,1145909,787917266.99,10.94,5.85,0.39,10.10
2023-05-05,6.93,6.67,7.25,6.62,964306,661147749.95,8.92,-5.52,-0.39,8.50
2023-05-08,6.57,6.45,6.60,6.30,804557,516767139.50,4.50,-3.30,-0.22,7.09
2023-05-09,6.40,6.11,6.48,6.03,717955,445907180.23,6.98,-5.27,-0.34,6.33
2023-05-10,6.04,6.14,6.30,5.99,445421,274347997.57,5.07,0.49,0.03,3.93
2023-05-11,6.11,6.41,6.56,6.08,718177,456591679.55,7.82,4.40,0.27,6.33
2023-05-12,6.31,5.91,6.38,5.83,591834,358179407.69,8.58,-7.80,-0.50,5.22
2023-05-15,5.90,5.73,5.98,5.53,376227,215088071.40,7.61,-3.05,-0.18,3.32
2023-05-16,5.66,5.43,5.68,5.41,361062,198239252.87,4.71,-5.24,-0.30,3.18
2023-05-17,5.38,5.47,5.51,5.35,229079,124311204.50,2.95,0.74,0.04,2.02
2023-05-18,5.42,5.50,5.54,5.37,215684,118347536.14,3.11,0.55,0.03,1.90
2023-05-19,5.46,5.37,5.46,5.32,218588,117291859.39,2.55,-2.36,-0.13,1.93
2023-05-22,5.33,5.27,5.34,5.23,156867,82577390.35,2.05,-1.86,-0.10,1.38
2023-05-23,5.30,5.30,5.34,5.23,131921,69946636.90,2.09,0.57,0.03,1.16
2023-05-24,5.30,5.40,5.41,5.28,175811,94331762.36,2.45,1.89,0.10,1.55
2023-05-25,5.41,5.21,5.45,5.16,220180,115566051.06,5.37,-3.52,-0.19,1.94
2023-05-26,5.20,5.26,5.28,5.07,185704,96586108.48,4.03,0.96,0.05,1.64
2023-05-29,5.25,5.18,5.27,5.17,143597,74732393.94,1.90,-1.52,-0.08,1.27
2023-05-30,5.18,5.22,5.23,5.08,148584,76644642.40,2.90,0.77,0.04,1.31
2023-05-31,5.21,5.34,5.35,5.18,229000,121117985.00,3.26,2.30,0.12,2.02
2023-06-01,5.30,5.52,5.57,5.26,394851,216888498.98,5.81,3.37,0.18,3.48
2023-06-02,5.49,5.44,5.54,5.42,273552,149491369.35,2.17,-1.45,-0.08,2.41
2023-06-05,5.44,5.59,5.61,5.40,307590,170554637.18,3.86,2.76,0.15,2.71
2023-06-06,5.55,5.46,5.67,5.40,311603,173112454.72,4.83,-2.33,-0.13,2.75
2023-06-07,5.41,5.63,5.65,5.33,341179,189790466.55,5.86,3.11,0.17,3.01
2023-06-08,5.60,5.52,5.62,5.38,261561,143308386.92,4.26,-1.95,-0.11,2.31
2023-06-09,5.48,5.63,5.65,5.43,301365,168436294.13,3.99,1.99,0.11,2.66
2023-06-12,5.64,5.61,5.68,5.57,203252,114164329.40,1.95,-0.36,-0.02,1.79
2023-06-13,5.59,5.74,5.76,5.58,344238,196182158.70,3.21,2.32,0.13,3.03
2023-06-14,5.75,5.71,5.88,5.67,295465,170199186.15,3.66,-0.52,-0.03,2.60
2023-06-15,5.71,5.63,5.82,5.60,302774,172341853.31,3.85,-1.40,-0.08,2.67
2023-06-16,5.58,5.80,5.87,5.50,445298,255460717.48,6.57,3.02,0.17,3.93
2023-06-19,5.81,5.76,5.83,5.72,216478,124676931.36,1.90,-0.69,-0.04,1.91
2023-06-20,5.76,5.70,5.86,5.68,211853,121932615.72,3.13,-1.04,-0.06,1.87
2023-06-21,5.70,5.35,5.72,5.35,270513,148623824.68,6.49,-6.14,-0.35,2.38
2023-06-26,5.33,4.92,5.39,4.90,415937,211369795.63,9.16,-8.04,-0.43,3.67
2023-06-27,4.98,5.02,5.04,4.91,181344,90514384.09,2.64,2.03,0.10,1.60
2023-06-28,5.00,4.92,5.00,4.76,211433,102826369.96,4.78,-1.99,-0.10,1.86
2023-06-29,4.90,4.92,4.97,4.90,132688,65456236.20,1.42,0.00,0.00,1.17
2023-06-30,4.92,4.94,4.96,4.85,147202,72342207.17,2.24,0.41,0.02,1.30
2023-07-03,4.93,4.94,4.95,4.83,155237,75986699.79,2.43,0.00,0.00,1.37
2023-07-04,4.93,4.89,4.95,4.86,126513,61867402.98,1.82,-1.01,-0.05,1.12
2023-07-05,4.89,4.84,4.92,4.83,130132,63320344.50,1.84,-1.02,-0.05,1.15
2023-07-06,4.81,4.80,4.89,4.79,110473,53398403.75,2.07,-0.83,-0.04,0.97
2023-07-07,4.79,4.78,4.84,4.67,135063,64154248.93,3.54,-0.42,-0.02,1.19
2023-07-10,4.78,4.86,4.87,4.78,100832,48781656.40,1.88,1.67,0.08,0.89
2023-07-11,4.86,4.84,4.88,4.79,70466,34043799.70,1.85,-0.41,-0.02,0.62
2023-07-12,4.85,4.73,4.86,4.70,127904,60969282.25,3.31,-2.27,-0.11,1.13
2023-07-13,4.73,4.83,4.83,4.72,120734,57840075.54,2.33,2.11,0.10,1.06
2023-07-14,4.81,4.90,4.95,4.81,176313,86573473.43,2.90,1.45,0.07,1.55
2023-07-17,4.88,4.85,4.94,4.83,100547,48922719.44,2.24,-1.02,-0.05,0.89
2023-07-18,4.86,4.84,4.90,4.79,79185,38239623.20,2.27,-0.21,-0.01,0.70
2023-07-19,4.84,4.90,4.90,4.84,94219,45914853.37,1.24,1.24,0.06,0.83
2023-07-20,4.89,4.85,4.94,4.84,101767,49772656.60,2.04,-1.02,-0.05,0.90
2023-07-21,4.83,4.87,4.90,4.81,93843,45621777.00,1.86,0.41,0.02,0.83
2023-07-24,4.85,4.90,4.93,4.84,84933,41541408.83,1.85,0.62,0.03,0.75
2023-07-25,4.89,4.99,4.99,4.89,152973,75994987.86,2.04,1.84,0.09,1.35
2023-07-26,4.98,4.91,4.98,4.89,118329,58181758.90,1.80,-1.60,-0.08,1.04
2023-07-27,4.90,4.85,4.95,4.83,93882,45854254.00,2.44,-1.22,-0.06,0.83
2023-07-28,4.85,4.86,4.88,4.77,94626,45688250.00,2.27,0.21,0.01,0.83
2023-07-31,4.86,4.99,5.00,4.84,177827,87988539.08,3.29,2.67,0.13,1.57
2023-08-01,4.99,4.98,5.00,4.93,85284,42286675.00,1.40,-0.20,-0.01,0.75
2023-08-02,4.97,4.97,4.98,4.93,70047,34691931.46,1.00,-0.20,-0.01,0.62
2023-08-03,4.99,4.94,4.99,4.91,87313,43157804.00,1.61,-0.60,-0.03,0.77
2023-08-04,4.92,5.02,5.06,4.92,157614,79105971.00,2.83,1.62,0.08,1.39
2023-08-07,5.03,5.10,5.11,5.00,170022,86105078.11,2.19,1.59,0.08,1.50
2023-08-08,5.08,5.12,5.21,5.06,240652,124059455.25,2.94,0.39,0.02,2.12
2023-08-09,5.12,4.99,5.12,4.96,164874,82779609.81,3.13,-2.54,-0.13,1.45
2023-08-10,4.98,4.99,5.04,4.96,75733,37837007.00,1.60,0.00,0.00,0.67
2023-08-11,4.98,4.88,5.02,4.87,97927,48288840.12,3.01,-2.20,-0.11,0.86
2023-08-14,4.86,4.98,4.98,4.80,113044,55485201.75,3.69,2.05,0.10,1.00
2023-08-15,4.99,4.89,4.99,4.87,93816,46065425.00,2.41,-1.81,-0.09,0.83
2023-08-16,4.89,4.80,4.90,4.79,79459,38379848.80,2.25,-1.84,-0.09,0.70
2023-08-17,4.75,4.79,4.81,4.70,75496,35998997.00,2.29,-0.21,-0.01,0.67
2023-08-18,4.80,4.75,4.83,4.73,39284,18778027.00,2.09,-0.84,-0.04,0.35