2021-01-04,6.61,6.57,6.69,6.47,196722,129583027.00,3.33,-0.61,-0.04,3.52
2021-01-05,6.52,6.30,6.55,6.27,185803,118251433.00,4.26,-4.11,-0.27,3.33
2021-01-06,6.24,6.28,6.35,6.20,122121,76328840.00,2.38,-0.32,-0.02,2.19
2021-01-07,6.23,6.10,6.34,6.08,107428,66690939.00,4.14,-2.87,-0.18,1.92
2021-01-08,6.10,6.10,6.23,5.99,77209,47152286.00,3.93,0.00,0.00,1.38
2021-01-11,6.10,5.92,6.10,5.84,104294,62109389.00,4.26,-2.95,-0.18,1.87
2021-01-12,5.84,5.88,5.94,5.82,59954,35236272.00,2.03,-0.68,-0.04,1.07
2021-01-13,5.89,5.91,5.97,5.84,62523,36921688.00,2.21,0.51,0.03,1.12
2021-01-14,5.89,6.08,6.17,5.89,88728,53381453.00,4.74,2.88,0.17,1.59
2021-01-15,6.05,6.14,6.15,6.01,62330,37905697.00,2.30,0.99,0.06,1.12
2021-01-18,6.13,6.09,6.22,6.00,75229,45961212.00,3.58,-0.81,-0.05,1.35
2021-01-19,6.07,6.20,6.41,6.02,125986,78430337.00,6.40,1.81,0.11,2.26
2021-01-20,6.13,6.16,6.20,6.05,77198,47147831.00,2.42,-0.65,-0.04,1.38
2021-01-21,6.13,6.14,6.20,6.08,76921,47313463.00,1.95,-0.32,-0.02,1.38
2021-01-22,6.15,6.03,6.15,5.95,85566,51675094.00,3.26,-1.79,-0.11,1.53
2021-01-25,5.97,5.81,5.98,5.80,91349,53556133.00,2.99,-3.65,-0.22,1.64
2021-01-26,5.82,5.85,5.99,5.71,60682,35702259.00,4.82,0.69,0.04,1.09
2021-01-27,5.84,5.87,5.95,5.77,58678,34323642.00,3.08,0.34,0.02,1.05
2021-01-28,5.81,5.70,5.88,5.70,66366,38301163.00,3.07,-2.90,-0.17,1.19
2021-01-29,5.80,5.65,5.80,5.65,45635,26005583.00,2.63,-0.88,-0.05,0.82
2021-02-01,5.64,5.89,5.92,5.56,88619,51568357.00,6.37,4.25,0.24,1.59
2021-02-02,5.85,5.71,5.89,5.66,74256,42746217.00,3.90,-3.06,-0.18,1.33
2021-02-03,5.70,5.67,5.86,5.63,62738,36065402.00,4.03,-0.70,-0.04,1.12
2021-02-04,5.67,5.52,5.71,5.50,67206,37375421.00,3.70,-2.65,-0.15,1.20
2021-02-05,5.53,5.38,5.63,5.37,57761,31671164.00,4.71,-2.54,-0.14,1.03
2021-02-08,5.38,5.45,5.53,5.32,56705,30689355.00,3.90,1.30,0.07,1.01
2021-02-09,5.45,5.65,5.74,5.40,75925,42386729.00,6.24,3.67,0.20,1.36
2021-02-10,5.65,5.65,5.72,5.60,40649,23011628.00,2.12,0.00,0.00,0.73
2021-02-18,5.67,5.76,5.82,5.67,54449,31389259.00,2.65,1.95,0.11,0.97
2021-02-19,5.76,5.87,5.92,5.74,56411,32928879.00,3.13,1.91,0.11,1.01
2021-02-22,5.92,5.91,6.09,5.91,106201,63791295.00,3.07,0.68,0.04,1.90
2021-02-23,5.88,5.85,6.00,5.82,59751,35289488.00,3.05,-1.02,-0.06,1.07
2021-02-24,5.97,5.86,5.98,5.80,56380,33142044.00,3.08,0.17,0.01,1.01
2021-02-25,5.87,5.74,5.92,5.72,46662,26985867.00,3.41,-2.05,-0.12,0.84
2021-02-26,5.70,5.69,5.76,5.62,63669,36153662.00,2.44,-0.87,-0.05,1.14
2021-03-01,5.58,5.72,5.76,5.58,59324,33705797.00,3.16,0.53,0.03,1.06
2021-03-02,5.71,5.74,5.75,5.61,51177,29181253.00,2.45,0.35,0.02,0.92
2021-03-03,5.72,5.90,5.95,5.69,88346,51472917.00,4.53,2.79,0.16,1.58
2021-03-04,5.90,6.09,6.10,5.88,138536,83475716.00,3.73,3.22,0.19,2.48
2021-03-05,6.01,6.05,6.13,5.98,98073,59235616.00,2.46,-0.66,-0.04,1.76
2021-03-08,6.08,5.92,6.10,5.89,72632,43546122.00,3.47,-2.15,-0.13,1.30
2021-03-09,5.90,5.75,5.92,5.61,67448,38995791.00,5.24,-2.87,-0.17,1.21
2021-03-10,5.78,5.71,5.80,5.70,49047,28159467.00,1.74,-0.70,-0.04,0.88
2021-03-11,5.81,5.99,5.99,5.81,89398,52840201.00,3.15,4.90,0.28,1.60
2021-03-12,5.99,5.95,6.05,5.89,59911,35734780.00,2.67,-0.67,-0.04,1.07
2021-03-15,5.91,6.00,6.10,5.89,67604,40646449.00,3.53,0.84,0.05,1.21
2021-03-16,5.98,6.15,6.27,5.95,139554,85463598.00,5.33,2.50,0.15,2.50
2021-03-17,6.13,6.14,6.25,6.06,92714,57009225.00,3.09,-0.16,-0.01,1.66
2021-03-18,6.12,6.01,6.17,6.00,96312,58349893.00,2.77,-2.12,-0.13,1.72
2021-03-19,5.97,6.08,6.24,5.95,122722,75208258.00,4.83,1.16,0.07,2.20
2021-03-22,6.11,6.15,6.16,6.05,80955,49524266.00,1.81,1.15,0.07,1.45
2021-03-23,6.13,6.03,6.14,6.01,72484,43895428.00,2.11,-1.95,-0.12,1.30
2021-03-24,6.06,6.17,6.46,6.03,246890,154477908.00,7.13,2.32,0.14,4.42
2021-03-25,6.27,6.22,6.42,6.05,210143,130946108.00,6.00,0.81,0.05,3.76
2021-03-26,6.14,6.27,6.40,6.09,194535,121373788.00,4.98,0.80,0.05,3.48
2021-03-29,6.29,6.29,6.42,6.21,162699,102635950.00,3.35,0.32,0.02,2.91
2021-03-30,6.38,6.18,6.44,6.16,135333,84690054.00,4.45,-1.75,-0.11,2.42
2021-03-31,6.11,6.00,6.13,5.97,113443,68272672.00,2.59,-2.91,-0.18,2.03
2021-04-01,6.01,6.08,6.13,5.92,89845,54091605.00,3.50,1.33,0.08,1.61
2021-04-02,6.06,5.98,6.06,5.97,77940,46803646.00,1.48,-1.64,-0.10,1.40
2021-04-06,6.30,6.58,6.58,6.30,128107,83869539.00,4.68,10.03,0.60,2.29
2021-04-07,7.24,7.24,7.24,7.24,75799,54878150.00,0.00,10.03,0.66,1.36
2021-04-08,7.96,7.96,7.96,7.52,1594182,1263153888.00,6.08,9.94,0.72,28.54
2021-04-09,7.74,8.76,8.76,7.70,1196113,1011640816.00,13.32,10.05,0.80,21.41
2021-04-12,8.60,9.10,9.50,8.00,2180683,1869130384.00,17.12,3.88,0.34,39.03
2021-04-13,8.46,8.19,8.58,8.19,1179259,979338480.00,4.29,-10.00,-0.91,21.11
2021-04-14,7.90,8.04,8.43,7.53,1229738,986247488.00,10.99,-1.83,-0.15,22.01
2021-04-15,7.92,8.10,8.45,7.74,1130407,921817056.00,8.83,0.75,0.06,20.23
2021-04-16,8.00,8.50,8.91,7.85,1484890,1260380800.00,13.09,4.94,0.40,26.58
2021-04-19,8.95,9.35,9.35,8.94,897896,834515840.00,4.82,10.00,0.85,16.07
2021-04-20,9.30,8.46,9.30,8.43,1654433,1451665968.00,9.30,-9.52,-0.89,29.61
2021-04-21,8.47,8.09,8.74,8.07,984866,817646368.00,7.92,-4.37,-0.37,17.63
2021-04-22,8.23,8.20,8.38,8.01,750689,611874032.00,4.57,1.36,0.11,13.44
2021-04-23,8.28,8.58,8.88,8.15,1209975,1040684016.00,8.90,4.63,0.38,21.66
2021-04-26,7.80,7.73,8.10,7.72,1085217,849087184.00,4.43,-9.91,-0.85,19.42
2021-04-27,7.58,7.07,7.59,7.00,846034,609226144.00,7.63,-8.54,-0.66,15.14
2021-04-28,6.99,6.97,7.15,6.90,534993,374553248.00,3.54,-1.41,-0.10,9.58
2021-04-29,6.79,6.79,7.05,6.74,472407,324584176.00,4.45,-2.58,-0.18,8.46
2021-04-30,6.84,6.63,6.84,6.59,439600,293644096.00,3.68,-2.36,-0.16,7.87
2021-05-06,6.68,6.79,6.88,6.63,434268,293407952.00,3.77,2.41,0.16,7.77
2021-05-07,6.72,6.82,6.84,6.53,447779,299963728.00,4.57,0.44,0.03,8.02
2021-05-10,6.82,7.10,7.23,6.67,655759,457717664.00,8.21,4.11,0.28,11.74
2021-05-11,7.00,7.03,7.25,6.91,459437,324029808.00,4.79,-0.99,-0.07,8.22
2021-05-12,7.04,7.20,7.23,6.80,502498,353710352.00,6.12,2.42,0.17,8.99
2021-05-13,7.15,7.24,7.55,7.09,666632,489716736.00,6.39,0.56,0.04,11.93
2021-05-14,7.16,7.19,7.43,7.01,471986,340231664.00,5.80,-0.69,-0.05,8.45
2021-05-17,7.10,7.07,7.20,6.87,389758,274044000.00,4.59,-1.67,-0.12,6.98
2021-05-18,7.04,7.23,7.26,7.00,392788,280783392.00,3.68,2.26,0.16,7.03
2021-05-19,7.10,7.12,7.30,7.07,342103,244676842.00,3.18,-1.52,-0.11,6.12
2021-05-20,7.06,7.26,7.32,6.93,504088,360822928.00,5.48,1.97,0.14,9.02
2021-05-21,7.28,7.30,7.38,7.13,496945,360679008.00,3.44,0.55,0.04,8.90
2021-05-24,7.29,7.43,7.60,7.25,621935,464213168.00,4.79,1.78,0.13,11.13
2021-05-25,7.43,7.30,7.45,7.16,410170,298046608.00,3.90,-1.75,-0.13,7.34
2021-05-26,7.30,7.32,7.49,7.18,412880,303369440.00,4.25,0.27,0.02,7.39
2021-05-27,7.26,7.42,7.54,7.22,486056,359415504.00,4.37,1.37,0.10,8.70
2021-05-28,7.44,7.40,7.88,7.29,559318,422304064.00,7.95,-0.27,-0.02,10.01
2021-05-31,7.39,7.54,7.58,7.30,469737,349791536.00,3.78,1.89,0.14,8.41
2021-06-01,7.50,7.63,7.69,7.41,467340,354112576.00,3.71,1.19,0.09,8.37
2021-06-02,7.72,7.54,7.77,7.42,458876,348602992.00,4.59,-1.18,-0.09,8.21
2021-06-03,7.45,7.90,8.25,7.34,851750,662143568.00,12.07,4.77,0.36,15.25
2021-06-04,7.70,8.10,8.33,7.69,768722,615242800.00,8.10,2.53,0.20,13.76
2021-06-07,8.07,7.93,8.18,7.90,504186,404935776.00,3.46,-2.10,-0.17,9.02
2021-06-08,7.90,7.77,7.92,7.51,531261,409306448.00,5.17,-2.02,-0.16,9.51
2021-06-09,7.69,8.08,8.30,7.65,638545,508974416.00,8.37,3.99,0.31,11.43
2021-06-10,7.94,7.73,7.97,7.72,473233,369630016.00,3.09,-4.33,-0.35,8.47
2021-06-11,7.66,7.43,7.75,7.43,383719,291529280.00,4.14,-3.88,-0.30,6.87
2021-06-15,7.40,7.06,7.42,7.06,361845,259398102.00,4.85,-4.98,-0.37,6.48
2021-06-16,7.01,7.11,7.24,7.00,235070,167805068.00,3.40,0.71,0.05,4.21
2021-06-17,7.07,7.00,7.17,6.86,255174,178289144.00,4.36,-1.55,-0.11,4.57
2021-06-18,6.99,7.05,7.10,6.86,200396,140772534.00,3.43,0.71,0.05,3.59
2021-06-21,7.03,7.08,7.19,6.93,215882,152994098.00,3.69,0.43,0.03,3.86
2021-06-22,7.08,7.18,7.20,7.01,217319,154159397.00,2.68,1.41,0.10,3.89
2021-06-23,7.24,7.16,7.29,7.10,222579,159860377.00,2.65,-0.28,-0.02,3.98
2021-06-24,7.11,6.89,7.13,6.89,240526,168348828.00,3.35,-3.77,-0.27,4.31
2021-06-25,6.93,6.94,7.05,6.92,170436,118807700.00,1.89,0.73,0.05,3.05
2021-06-28,6.95,6.98,7.06,6.94,142405,99656945.00,1.73,0.58,0.04,2.55
2021-06-29,6.98,6.76,7.00,6.70,209991,143005192.00,4.30,-3.15,-0.22,3.76
2021-06-30,6.79,7.00,7.08,6.71,270762,187288913.00,5.47,3.55,0.24,4.85
2021-07-01,6.98,6.79,6.98,6.76,163541,112149247.00,3.14,-3.00,-0.21,2.93
2021-07-02,6.83,6.64,6.83,6.62,133062,88940983.00,3.09,-2.21,-0.15,2.38
2021-07-05,6.62,6.70,6.72,6.60,87101,58046434.00,1.81,0.90,0.06,1.56
2021-07-06,6.70,6.73,6.79,6.64,101227,67981341.00,2.24,0.45,0.03,1.81
2021-07-07,6.70,6.88,6.90,6.66,192082,130792826.00,3.57,2.23,0.15,3.44
2021-07-08,6.87,6.89,7.04,6.82,217485,150535679.00,3.20,0.15,0.01,3.89
2021-07-09,6.80,7.02,7.03,6.73,225666,156290459.00,4.35,1.89,0.13,4.04
2021-07-12,7.05,7.12,7.17,6.96,240182,170291547.00,2.99,1.42,0.10,4.30
2021-07-13,7.12,7.16,7.28,7.06,248078,177909574.00,3.09,0.56,0.04,4.44
2021-07-14,7.16,7.00,7.18,6.97,207258,146042539.00,2.93,-2.23,-0.16,3.71
2021-07-15,7.00,6.94,7.02,6.76,198578,136650638.00,3.71,-0.86,-0.06,3.55
2021-07-16,6.94,7.03,7.21,6.89,258774,182816112.00,4.61,1.30,0.09,4.63
2021-07-19,7.21,7.16,7.56,7.13,452753,331319104.00,6.12,1.85,0.13,8.10
2021-07-20,6.97,7.55,7.63,6.90,674919,500471520.00,10.20,5.45,0.39,12.08
2021-07-21,7.50,7.43,7.61,7.35,527789,393135936.00,3.44,-1.59,-0.12,9.45
2021-07-22,7.34,7.39,7.58,7.32,410339,306100608.00,3.50,-0.54,-0.04,7.34
2021-07-23,7.34,7.42,7.67,7.32,415104,310997328.00,4.74,0.41,0.03,7.43
2021-07-26,7.39,7.47,7.55,7.09,418613,309056400.00,6.20,0.67,0.05,7.49
2021-07-27,7.51,7.12,7.55,7.11,338570,247339772.00,5.89,-4.69,-0.35,6.06
2021-07-28,7.06,6.76,7.14,6.70,296094,202726444.00,6.18,-5.06,-0.36,5.30
2021-07-29,6.86,6.91,6.96,6.77,213775,146604999.00,2.81,2.22,0.15,3.83
2021-07-30,6.88,7.23,7.29,6.79,391981,276911760.00,7.24,4.63,0.32,7.02
2021-08-02,7.20,7.46,7.51,7.17,491493,363747696.00,4.70,3.18,0.23,8.80
2021-08-03,7.44,7.44,7.65,7.40,458922,345076624.00,3.35,-0.27,-0.02,8.21
2021-08-04,7.59,7.66,7.75,7.51,502159,383627552.00,3.23,2.96,0.22,8.99
2021-08-05,7.64,7.69,7.95,7.52,509989,395380752.00,5.61,0.39,0.03,9.13
2021-08-06,7.64,7.83,8.14,7.60,531207,420351920.00,7.02,1.82,0.14,9.51
2021-08-09,8.20,7.88,8.58,7.86,833371,674384048.00,9.20,0.64,0.05,14.92
2021-08-10,7.64,7.88,8.15,7.64,694008,551626112.00,6.47,0.00,0.00,12.42
2021-08-11,8.20,8.67,8.67,7.99,1247089,1041855184.00,8.63,10.03,0.79,22.32
2021-08-12,8.67,8.20,8.68,8.15,1238479,1033907392.00,6.11,-5.42,-0.47,22.17
2021-08-13,8.03,8.51,8.77,7.98,1116494,934878816.00,9.63,3.78,0.31,19.98
2021-08-16,8.46,9.07,9.36,8.40,1415222,1267799232.00,11.28,6.58,0.56,25.33
2021-08-17,9.09,8.56,9.09,8.49,1014050,891027312.00,6.62,-5.62,-0.51,18.15
2021-08-18,8.51,8.55,8.94,8.36,845542,731505296.00,6.78,-0.12,-0.01,15.13
2021-08-19,8.50,8.72,9.38,8.16,909726,790557904.00,14.27,1.99,0.17,16.28
2021-08-20,8.69,8.27,8.75,8.10,686536,572133760.00,7.45,-5.16,-0.45,12.29
2021-08-23,8.35,8.26,8.44,8.17,512053,423760400.00,3.26,-0.12,-0.01,9.17
2021-08-24,8.35,8.12,8.40,8.06,534217,440096496.00,4.12,-1.69,-0.14,9.56
2021-08-25,8.04,8.09,8.27,7.85,472798,382618208.00,5.17,-0.37,-0.03,8.46
2021-08-26,8.07,8.13,8.28,7.98,454550,369639760.00,3.71,0.49,0.04,8.14
2021-08-27,8.32,8.22,8.50,8.18,668822,555894736.00,3.94,1.11,0.09,11.97
2021-08-30,8.14,7.97,8.15,7.74,510326,406067840.00,4.99,-3.04,-0.25,9.13
2021-08-31,7.97,7.68,7.97,7.54,460476,353861648.00,5.40,-3.64,-0.29,8.24
2021-09-01,7.60,7.47,7.80,7.35,336298,254016589.00,5.86,-2.73,-0.21,6.02
2021-09-02,7.41,7.73,7.79,7.41,345150,263842065.00,5.09,3.48,0.26,6.18
2021-09-03,7.72,7.70,7.84,7.55,295561,228226269.00,3.75,-0.39,-0.03,5.29
2021-09-06,7.73,7.75,7.78,7.53,226824,174070458.00,3.25,0.65,0.05,4.06
2021-09-07,7.74,7.78,7.80,7.68,235624,182625715.00,1.55,0.39,0.03,4.22
2021-09-08,7.75,7.81,7.94,7.68,308817,240688264.00,3.34,0.39,0.03,5.53
2021-09-09,7.77,8.08,8.15,7.66,494521,392724224.00,6.27,3.46,0.27,8.85
2021-09-10,7.97,7.79,7.98,7.73,332757,260967965.00,3.09,-3.59,-0.29,5.96
2021-09-13,7.70,7.65,7.77,7.60,202941,155104741.00,2.18,-1.80,-0.14,3.63
2021-09-14,7.65,7.68,7.78,7.57,199625,153233937.00,2.75,0.39,0.03,3.57
2021-09-15,7.66,7.78,7.78,7.61,181262,139468509.00,2.21,1.30,0.10,3.24
2021-09-16,7.75,7.59,7.92,7.59,226933,175510053.00,4.24,-2.44,-0.19,4.06
2021-09-17,7.58,7.39,7.62,7.24,231943,172065475.00,5.01,-2.64,-0.20,4.15
2021-09-22,7.30,7.46,7.53,7.23,144049,106664706.00,4.06,0.95,0.07,2.58
2021-09-23,7.44,7.61,7.67,7.44,183527,139384588.00,3.08,2.01,0.15,3.29
2021-09-24,7.80,7.51,7.89,7.49,238402,183747690.00,5.26,-1.31,-0.10,4.27
2021-09-27,7.50,7.13,7.55,7.00,214152,155159349.00,7.32,-5.06,-0.38,3.83
2021-09-28,7.20,7.20,7.25,7.10,94216,67525173.00,2.10,0.98,0.07,1.69
2021-09-29,7.10,6.99,7.20,6.98,117383,82923296.00,3.06,-2.92,-0.21,2.10
2021-09-30,7.01,7.10,7.12,7.01,83651,59176395.00,1.57,1.57,0.11,1.50
2021-10-08,7.19,7.30,7.32,7.17,120727,87769331.00,2.11,2.82,0.20,2.16
2021-10-11,7.30,7.28,7.35,7.20,101078,73591753.00,2.05,-0.27,-0.02,1.81
2021-10-12,7.31,7.15,7.36,7.04,123086,88438494.00,4.40,-1.79,-0.13,2.20
2021-10-13,7.15,7.21,7.23,7.04,80604,57507517.00,2.66,0.84,0.06,1.44
2021-10-14,7.20,7.35,7.36,7.15,104095,75672845.00,2.91,1.94,0.14,1.86
2021-10-15,7.26,7.04,7.26,7.04,177992,126324905.00,2.99,-4.22,-0.31,3.19
2021-10-18,7.08,7.22,7.22,6.99,100379,71650046.00,3.27,2.56,0.18,1.80
2021-10-19,7.28,7.26,7.39,7.22,141907,103606232.00,2.35,0.55,0.04,2.54
2021-10-20,7.22,7.65,7.77,7.18,395172,298126240.00,8.13,5.37,0.39,7.07
2021-10-21,7.63,7.54,7.70,7.51,225275,171083639.00,2.48,-1.44,-0.11,4.03
2021-10-22,7.55,7.37,7.64,7.36,175640,130875239.00,3.71,-2.25,-0.17,3.14
2021-10-25,7.36,7.67,7.77,7.32,280447,214434721.00,6.11,4.07,0.30,5.02
2021-10-26,7.70,7.74,7.80,7.58,287810,222185783.00,2.87,0.91,0.07,5.15
2021-10-27,7.76,7.60,7.78,7.54,216154,164981071.00,3.10,-1.81,-0.14,3.87
2021-10-28,7.61,7.22,7.67,7.11,238667,174415040.00,7.37,-5.00,-0.38,4.27
2021-10-29,7.21,7.38,7.50,7.21,158055,116179742.00,4.02,2.22,0.16,2.83
2021-11-01,7.38,7.84,7.95,7.34,434229,337674224.00,8.27,6.23,0.46,7.77
2021-11-02,7.84,7.80,8.05,7.65,365309,286405152.00,5.10,-0.51,-0.04,6.54
2021-11-03,7.85,7.75,7.91,7.66,246915,191769097.00,3.21,-0.64,-0.05,4.42
2021-11-04,7.79,7.93,7.95,7.70,320773,252458322.00,3.23,2.32,0.18,5.74
2021-11-05,7.89,7.85,8.01,7.84,253804,200731462.00,2.14,-1.01,-0.08,4.54
2021-11-08,8.27,7.88,8.36,7.86,489784,392530336.00,6.37,0.38,0.03,8.77
2021-11-09,7.74,7.83,7.95,7.71,294530,230068209.00,3.05,-0.63,-0.05,5.27
2021-11-10,7.80,7.87,7.88,7.67,217130,168810374.00,2.68,0.51,0.04,3.89
2021-11-11,7.84,7.83,7.92,7.78,173875,136545430.00,1.78,-0.51,-0.04,3.11
2021-11-12,7.79,7.78,7.86,7.73,157227,122406605.00,1.66,-0.64,-0.05,2.81
2021-11-15,7.77,7.92,7.93,7.77,252233,198947722.00,2.06,1.80,0.14,4.51
2021-11-16,7.92,7.75,7.92,7.75,189693,147917987.00,2.15,-2.15,-0.17,3.40
2021-11-17,7.72,8.04,8.05,7.71,329936,261143082.00,4.39,3.74,0.29,5.91
2021-11-18,8.30,8.07,8.46,8.06,594965,490040016.00,4.98,0.37,0.03,10.65
2021-11-19,8.19,8.45,8.55,8.02,692052,579593600.00,6.57,4.71,0.38,12.39
2021-11-22,8.46,8.35,8.53,8.27,499618,418339104.00,3.08,-1.18,-0.10,8.94
2021-11-23,8.40,8.21,8.41,8.19,367594,302966096.00,2.63,-1.68,-0.14,6.58
2021-11-24,8.21,8.19,8.35,8.14,283897,233731008.00,2.56,-0.24,-0.02,5.08
2021-11-25,8.18,8.14,8.32,8.13,238507,195559178.00,2.32,-0.61,-0.05,4.27
2021-11-26,8.08,8.23,8.38,8.06,294445,242599337.00,3.93,1.11,0.09,5.27
2021-11-29,8.03,8.12,8.27,8.01,268040,218268075.00,3.16,-1.34,-0.11,4.80
2021-11-30,8.21,8.30,8.48,8.21,396411,331039840.00,3.33,2.22,0.18,7.10
2021-12-01,8.30,8.62,8.84,8.29,628937,543897968.00,6.63,3.86,0.32,11.26
2021-12-02,8.63,8.54,8.76,8.48,474914,409662720.00,3.25,-0.93,-0.08,8.50
2021-12-03,8.66,8.85,9.08,8.46,622365,548368272.00,7.26,3.63,0.31,11.14
2021-12-06,8.89,8.99,9.36,8.82,683571,617277520.00,6.10,1.58,0.14,12.24
2021-12-07,9.05,8.77,9.05,8.56,523024,455663488.00,5.45,-2.45,-0.22,9.36
2021-12-08,8.75,9.00,9.21,8.55,511365,458436560.00,7.53,2.62,0.23,9.15
2021-12-09,8.92,8.94,9.24,8.83,435753,391966544.00,4.56,-0.67,-0.06,7.80
2021-12-10,8.90,8.77,8.95,8.69,320180,281140688.00,2.91,-1.90,-0.17,5.73
2021-12-13,8.96,9.18,9.20,8.83,668752,605047760.00,4.22,4.68,0.41,11.97
2021-12-14,9.13,9.18,9.34,9.02,431655,396098784.00,3.49,0.00,0.00,7.73
2021-12-15,9.15,9.00,9.27,8.93,436308,396759696.00,3.70,-1.96,-0.18,7.81
2021-12-16,8.90,9.47,9.68,8.83,792339,729657600.00,9.44,5.22,0.47,14.18
2021-12-17,9.45,9.19,9.45,9.19,519949,482942064.00,2.75,-2.96,-0.28,9.31
2021-12-20,9.33,9.23,9.56,9.15,604597,566134960.00,4.46,0.44,0.04,10.82
2021-12-21,9.12,8.99,9.16,8.82,455669,409297248.00,3.68,-2.60,-0.24,8.16
2021-12-22,8.97,9.89,9.89,8.80,743628,705780384.00,12.12,10.01,0.90,13.31
2021-12-23,9.89,10.88,10.88,9.77,1023988,1062250656.00,11.22,10.01,0.99,18.33
2021-12-24,11.75,11.03,11.97,11.02,2058511,2402329872.00,8.73,1.38,0.15,36.85
2021-12-27,11.98,12.13,12.13,11.55,1588215,1906851664.00,5.26,9.97,1.10,28.43
2021-12-28,12.49,12.26,13.22,11.71,2438441,3038511936.00,12.45,1.07,0.13,43.65
2021-12-29,11.95,13.49,13.49,11.03,2408487,3038035056.00,20.07,10.03,1.23,43.11
2021-12-30,13.08,14.01,14.77,12.41,2448020,3314626768.00,17.49,3.85,0.52,43.82
2021-12-31,13.66,14.87,15.37,13.31,2099799,3104093664.00,14.70,6.14,0.86,37.59