MjAyMi0wMS0wNCwxMC40MCwxMC41MywxMC42MywxMC4zNiwxNzI0MiwxODUwODYzMy4wMCwyLjYxLDEuOTQsMC4yMCwwLjkw
2022-01-05,10.54,10.54,10.59,10.43,11975,12837805.00,1.52,0.09,0.01,0.63
2022-01-06,10.54,10.50,10.58,10.40,9039,9665451.00,1.71,-0.38,-0.04,0.47
2022-01-07,10.55,10.23,10.55,10.20,9097,9634621.00,3.33,-2.57,-0.27,0.48
2022-01-10,10.28,10.48,10.52,10.21,7655,8119557.00,3.03,2.44,0.25,0.40
2022-01-11,10.50,10.42,10.61,10.38,8649,9229869.00,2.19,-0.57,-0.06,0.45
2022-01-12,10.47,10.67,10.73,10.46,12818,13912055.00,2.59,2.40,0.25,0.67
2022-01-13,10.70,10.57,10.72,10.54,9301,10070224.00,1.69,-0.94,-0.10,0.49
2022-01-14,10.61,10.48,10.66,10.46,9535,10268455.00,1.89,-0.85,-0.09,0.50
2022-01-17,10.48,10.57,10.69,10.48,8591,9269452.00,2.00,0.86,0.09,0.45
2022-01-18,10.57,10.34,10.69,10.29,11894,12617813.00,3.78,-2.18,-0.23,0.62
2022-01-19,10.38,10.53,10.65,10.29,10943,11722283.00,3.48,1.84,0.19,0.57
2022-01-20,10.53,10.17,10.53,10.15,11850,12404470.00,3.61,-3.42,-0.36,0.62
2022-01-21,10.15,10.27,10.34,10.13,7942,8292980.00,2.06,0.98,0.10,0.42
2022-01-24,10.26,10.16,10.30,10.14,5819,6048519.00,1.56,-1.07,-0.11,0.30
2022-01-25,10.13,9.61,10.17,9.60,13806,13851416.00,5.61,-5.41,-0.55,0.72
2022-01-26,9.63,9.75,9.77,9.57,6151,6078384.00,2.08,1.46,0.14,0.32
2022-01-27,9.76,9.47,9.76,9.40,9708,9441941.00,3.69,-2.87,-0.28,0.51
2022-01-28,9.51,9.77,9.88,9.51,6713,6666314.00,3.91,3.17,0.30,0.35
2022-02-07,9.88,9.96,10.00,9.83,6152,6233120.00,1.74,1.94,0.19,0.32
2022-02-08,9.96,10.07,10.16,9.90,6318,6464302.00,2.61,1.10,0.11,0.33
2022-02-09,10.12,10.11,10.16,10.03,5503,5667517.00,1.29,0.40,0.04,0.29
2022-02-10,10.07,10.21,10.26,10.00,7087,7296151.00,2.57,0.99,0.10,0.37
2022-02-11,10.16,9.96,10.21,9.95,7232,7393574.00,2.55,-2.45,-0.25,0.38
2022-02-14,9.89,10.15,10.19,9.89,6215,6412903.00,3.01,1.91,0.19,0.32
2022-02-15,10.19,10.13,10.35,10.01,8740,9041670.00,3.35,-0.20,-0.02,0.46
2022-02-16,10.19,10.33,10.35,10.18,8751,9164758.00,1.68,1.97,0.20,0.46
2022-02-17,10.32,10.30,10.44,10.16,7279,7657441.00,2.71,-0.29,-0.03,0.38
2022-02-18,10.22,10.33,10.39,10.17,6875,7196821.00,2.14,0.29,0.03,0.36
2022-02-21,10.35,10.46,10.48,10.34,6695,7115751.00,1.36,1.26,0.13,0.35
2022-02-22,10.46,10.37,10.51,10.32,9212,9763447.00,1.82,-0.86,-0.09,0.48
2022-02-23,10.38,10.43,10.48,10.38,6530,6943406.00,0.96,0.58,0.06,0.34
2022-02-24,10.38,10.27,10.52,10.06,18375,19301512.00,4.41,-1.53,-0.16,0.96
2022-02-25,10.27,10.24,10.44,10.15,7820,8203008.00,2.82,-0.29,-0.03,0.41
2022-02-28,10.26,10.11,10.32,9.97,8547,8788659.00,3.42,-1.27,-0.13,0.45
2022-03-01,10.20,10.39,10.42,10.17,9226,9683529.00,2.47,2.77,0.28,0.48
2022-03-02,10.38,10.42,10.48,10.30,9170,9719503.00,1.73,0.29,0.03,0.48
2022-03-03,10.46,10.44,10.49,10.36,9341,9917766.00,1.25,0.19,0.02,0.49
2022-03-04,10.44,10.45,10.45,10.34,7814,8284140.00,1.05,0.10,0.01,0.41
2022-03-07,10.48,10.24,10.59,10.19,10823,11424320.00,3.83,-2.01,-0.21,0.57
2022-03-08,10.26,9.90,10.34,9.90,11155,11440300.00,4.30,-3.32,-0.34,0.58
2022-03-09,9.96,9.71,10.08,9.36,12618,12573427.00,7.27,-1.92,-0.19,0.66
2022-03-10,9.86,9.85,10.02,9.82,5998,6079335.00,2.06,1.44,0.14,0.31
2022-03-11,9.85,9.94,9.98,9.62,6156,6154951.00,3.65,0.91,0.09,0.32
2022-03-14,9.93,9.69,9.94,9.68,7847,7872185.00,2.62,-2.52,-0.25,0.41
2022-03-15,9.73,9.20,9.73,9.20,12347,11938533.00,5.47,-5.06,-0.49,0.65
2022-03-16,9.38,9.52,9.54,9.16,9175,8791909.00,4.13,3.48,0.32,0.48
2022-03-17,9.71,9.50,9.77,9.50,8677,8515156.00,2.84,-0.21,-0.02,0.45
2022-03-18,9.57,9.70,9.77,9.49,6862,6777319.00,2.95,2.11,0.20,0.36
2022-03-21,9.77,9.82,9.89,9.65,5998,5981834.00,2.47,1.24,0.12,0.31
2022-03-22,9.82,9.95,10.05,9.66,8307,8395285.00,3.97,1.32,0.13,0.43
2022-03-23,9.90,9.95,10.05,9.90,5201,5286091.00,1.51,0.00,0.00,0.27
2022-03-24,9.99,9.93,9.99,9.73,5731,5752970.00,2.61,-0.20,-0.02,0.30
2022-03-25,9.85,10.00,10.07,9.80,7679,7812118.00,2.72,0.70,0.07,0.40
2022-03-28,10.00,10.03,10.16,9.80,10118,10315237.00,3.60,0.30,0.03,0.53
2022-03-29,10.00,9.93,10.06,9.83,5351,5431963.00,2.29,-1.00,-0.10,0.28
2022-03-30,9.91,9.97,10.00,9.87,7020,7121388.00,1.31,0.40,0.04,0.37
2022-03-31,9.98,10.07,10.15,9.93,6594,6769606.00,2.21,1.00,0.10,0.34
2022-04-01,10.09,9.99,10.10,9.90,6141,6244715.00,1.99,-0.79,-0.08,0.32
2022-04-06,10.02,10.14,10.26,9.94,11043,11420922.00,3.20,1.50,0.15,0.58
2022-04-07,10.11,9.98,10.19,9.92,7717,7920475.00,2.66,-1.58,-0.16,0.40
2022-04-08,9.98,9.91,10.05,9.68,9770,9847948.00,3.71,-0.70,-0.07,0.51
2022-04-11,10.02,9.57,10.02,9.46,9205,9104803.00,5.65,-3.43,-0.34,0.48
2022-04-12,9.59,9.80,9.81,9.42,8062,7958723.00,4.08,2.40,0.23,0.42
2022-04-13,9.81,9.70,9.84,9.62,5737,5685325.00,2.24,-1.02,-0.10,0.30
2022-04-14,9.78,9.90,10.00,9.70,12062,12170368.00,3.09,2.06,0.20,0.63
2022-04-15,9.81,9.48,9.93,9.45,12301,12104540.00,4.85,-4.24,-0.42,0.64
2022-04-18,9.43,9.76,9.79,9.23,9414,9230798.00,5.91,2.95,0.28,0.49
2022-04-19,9.75,9.87,9.90,9.73,7055,7078016.00,1.74,1.13,0.11,0.37
2022-04-20,9.85,9.81,9.97,9.74,6774,6816851.00,2.33,-0.61,-0.06,0.35
2022-04-21,9.82,9.60,9.95,9.60,9609,9570548.00,3.57,-2.14,-0.21,0.50
2022-04-22,9.60,9.56,9.74,9.45,9495,9293529.00,3.02,-0.42,-0.04,0.50
2022-04-25,9.49,8.61,9.49,8.58,17218,15787447.00,9.52,-9.94,-0.95,0.90
2022-04-26,8.61,8.26,8.70,8.22,14925,12862904.00,5.57,-4.07,-0.35,0.78
2022-04-27,8.09,8.20,8.29,7.68,19005,15449689.00,7.38,-0.73,-0.06,0.99
2022-04-28,8.25,8.22,8.44,8.02,14236,12022730.00,5.12,0.24,0.02,0.74
2022-04-29,8.25,8.60,8.77,8.25,17334,15159548.00,6.33,4.62,0.38,0.91
2022-05-05,8.58,8.85,8.91,8.58,12250,11019411.00,3.84,2.91,0.25,0.64
2022-05-06,8.69,8.86,8.97,8.64,8677,7855116.00,3.73,0.11,0.01,0.45
2022-05-09,8.76,9.10,9.13,8.73,6812,6295216.00,4.51,2.71,0.24,0.36
2022-05-10,8.97,9.09,9.19,8.97,6890,6390846.00,2.42,-0.11,-0.01,0.36
2022-05-11,8.96,9.00,9.22,8.96,7156,6686745.00,2.86,-0.99,-0.09,0.37
2022-05-12,8.97,9.04,9.12,8.92,5486,5060747.00,2.22,0.44,0.04,0.29
2022-05-13,8.90,9.12,9.17,8.90,3748,3484935.00,2.99,0.88,0.08,0.20
2022-05-16,9.16,9.18,9.22,9.02,6318,5906643.00,2.19,0.66,0.06,0.33
2022-05-17,9.33,9.16,9.33,9.02,6159,5758153.00,3.38,-0.22,-0.02,0.32
2022-05-18,9.19,9.10,9.21,9.04,7103,6627920.00,1.86,-0.66,-0.06,0.37
2022-05-19,9.14,9.07,9.14,9.00,4898,4540650.00,1.54,-0.33,-0.03,0.26
2022-05-20,9.01,9.17,9.22,9.01,6637,6220634.00,2.32,1.10,0.10,0.35
2022-05-23,9.19,9.42,9.48,9.12,8318,7931699.00,3.93,2.73,0.25,0.43
2022-05-24,9.45,8.89,9.46,8.87,7777,7264331.00,6.26,-5.63,-0.53,0.41
2022-05-25,9.09,9.33,9.35,8.92,9182,8636539.00,4.84,4.95,0.44,0.48
2022-05-26,9.21,9.17,9.39,9.08,8612,8098196.00,3.32,-1.71,-0.16,0.45
2022-05-27,9.23,9.16,9.32,9.12,6352,5988791.00,2.18,-0.11,-0.01,0.33
2022-05-30,9.26,9.39,9.39,9.19,8248,7839412.00,2.18,2.51,0.23,0.43
2022-05-31,9.38,9.42,9.53,9.27,7390,7087663.00,2.77,0.32,0.03,0.39
2022-06-01,9.45,9.56,9.62,9.32,7304,7109558.00,3.18,1.49,0.14,0.38
2022-06-02,9.56,9.62,9.65,9.43,5685,5557247.00,2.30,0.63,0.06,0.30
2022-06-06,9.62,9.76,9.89,9.54,8719,8687968.00,3.64,1.46,0.14,0.46
2022-06-07,9.76,9.78,9.89,9.63,6417,6395664.00,2.66,0.20,0.02,0.34
2022-06-08,9.89,9.67,9.91,9.50,10189,10000772.00,4.19,-1.12,-0.11,0.53
2022-06-09,9.72,9.51,9.73,8.91,8458,8271251.00,8.48,-1.65,-0.16,0.44
2022-06-10,9.55,9.82,9.85,9.39,8180,8128360.00,4.84,3.26,0.31,0.43
2022-06-13,9.82,9.87,9.89,9.66,7254,7232707.00,2.34,0.51,0.05,0.38
2022-06-14,9.79,9.71,9.79,9.43,8861,8675470.00,3.65,-1.62,-0.16,0.46
2022-06-15,9.76,9.62,9.79,9.59,8532,8429648.00,2.06,-0.93,-0.09,0.45
2022-06-16,9.56,9.61,9.74,9.54,6200,6095124.00,2.08,-0.10,-0.01,0.32
2022-06-17,9.64,9.48,9.64,9.30,7166,6947632.00,3.54,-1.35,-0.13,0.37
2022-06-20,9.58,9.59,9.64,9.32,7877,7675873.00,3.38,1.16,0.11,0.41
2022-06-21,9.65,9.58,9.78,9.41,9369,9174713.00,3.86,-0.10,-0.01,0.49
2022-06-22,9.59,9.42,9.59,9.40,6243,6047149.00,1.98,-1.67,-0.16,0.33
2022-06-23,9.41,9.63,9.63,9.38,7006,6821333.00,2.65,2.23,0.21,0.37
2022-06-24,9.69,9.68,9.70,9.58,7098,6995713.00,1.25,0.52,0.05,0.37
2022-06-27,9.79,9.74,9.85,9.68,7251,7228858.00,1.76,0.62,0.06,0.38
2022-06-28,9.76,10.73,10.73,9.70,45359,48296902.00,10.57,10.16,0.99,2.37
2022-06-29,11.12,10.37,11.12,10.34,88637,96121659.00,7.27,-3.36,-0.36,4.63
2022-06-30,10.42,10.55,10.84,10.36,47293,50312556.00,4.63,1.74,0.18,2.47
2022-07-01,10.41,10.44,10.66,10.26,35891,37821325.00,3.79,-1.04,-0.11,1.88
2022-07-04,10.47,10.23,10.62,10.17,26293,27259767.00,4.31,-2.01,-0.21,1.37
2022-07-05,10.23,10.11,10.35,10.03,16640,17019287.00,3.13,-1.17,-0.12,0.87
2022-07-06,10.11,10.07,10.21,9.96,15580,15825093.00,2.47,-0.40,-0.04,0.81
2022-07-07,10.07,10.25,10.41,9.98,16172,16714017.00,4.27,1.79,0.18,0.85
2022-07-08,10.30,10.22,10.63,10.20,20612,21562858.00,4.20,-0.29,-0.03,1.08
2022-07-11,10.22,10.06,10.31,9.97,11310,11485017.00,3.33,-1.57,-0.16,0.59
2022-07-12,10.09,9.94,10.21,9.90,14204,14356068.00,3.08,-1.19,-0.12,0.74
2022-07-13,10.01,10.12,10.15,9.87,14064,14267174.00,2.82,1.81,0.18,0.73
2022-07-14,10.11,10.16,10.24,10.02,9496,9701046.00,2.17,0.40,0.04,0.50
2022-07-15,10.19,9.83,10.19,9.81,14281,14315037.00,3.74,-3.25,-0.33,0.75
2022-07-18,9.76,10.16,10.31,9.76,16783,17154059.00,5.60,3.36,0.33,0.88
2022-07-19,10.16,10.32,10.38,10.03,16339,16909955.00,3.44,1.57,0.16,0.85
2022-07-20,10.27,10.30,10.34,10.24,9145,9475742.00,0.97,-0.19,-0.02,0.48
2022-07-21,10.30,10.08,10.31,10.05,11938,12206423.00,2.52,-2.14,-0.22,0.62
2022-07-22,10.06,10.18,10.30,10.06,9566,9797386.00,2.38,0.99,0.10,0.50
2022-07-25,10.21,10.37,10.40,10.14,16465,17101385.00,2.55,1.87,0.19,0.86
2022-07-26,10.42,10.37,10.42,10.02,15739,16240435.00,3.86,0.00,0.00,0.82
2022-07-27,10.37,10.48,10.48,10.26,12974,13586179.00,2.12,1.06,0.11,0.68
2022-07-28,10.51,10.55,10.65,10.48,15645,16665021.00,1.62,0.67,0.07,0.82
2022-07-29,10.50,10.44,10.65,10.41,13665,14422782.00,2.27,-1.04,-0.11,0.71
2022-08-01,10.55,10.64,10.74,10.41,16042,17071125.00,3.16,1.92,0.20,0.84
2022-08-02,10.60,10.24,10.62,10.04,19395,20061644.00,5.45,-3.76,-0.40,1.01
2022-08-03,10.26,10.24,10.66,10.14,15744,16495765.00,5.08,0.00,0.00,0.82
2022-08-04,10.26,10.44,10.47,10.19,11141,11613087.00,2.73,1.95,0.20,0.58
2022-08-05,10.40,10.56,10.62,10.26,17497,18422810.00,3.45,1.15,0.12,0.91
2022-08-08,10.56,10.96,10.96,10.46,31567,34309006.00,4.73,3.79,0.40,1.65
2022-08-09,10.96,10.94,10.98,10.81,15994,17548986.00,1.55,-0.18,-0.02,0.84
2022-08-10,10.95,11.06,11.12,10.80,16493,18223958.00,2.93,1.10,0.12,0.86
2022-08-11,11.07,11.08,11.26,10.99,15830,17667118.00,2.44,0.18,0.02,0.83
2022-08-12,11.11,10.93,11.21,10.86,20202,22382449.00,3.16,-1.35,-0.15,1.06
2022-08-15,11.10,10.90,11.10,10.75,14591,15983399.00,3.20,-0.27,-0.03,0.76
2022-08-16,11.00,11.10,11.13,10.89,22065,24584042.00,2.20,1.83,0.20,1.15
2022-08-17,11.10,10.95,11.12,10.88,16256,17945831.00,2.16,-1.35,-0.15,0.85
2022-08-18,10.89,10.87,10.97,10.74,10018,10936672.00,2.10,-0.73,-0.08,0.52
2022-08-19,10.85,10.68,11.02,10.66,13889,15104849.00,3.31,-1.75,-0.19,0.73
2022-08-22,10.79,10.91,10.94,10.58,12731,13879353.00,3.37,2.15,0.23,0.67
2022-08-23,10.94,11.07,11.07,10.82,12087,13346217.00,2.29,1.47,0.16,0.63
2022-08-24,11.07,10.72,11.09,10.68,15954,17379118.00,3.70,-3.16,-0.35,0.83
2022-08-25,10.72,10.64,10.84,10.42,12969,13848849.00,3.92,-0.75,-0.08,0.68
2022-08-26,10.64,10.39,10.73,10.31,15309,16147051.00,3.95,-2.35,-0.25,0.80
2022-08-29,10.41,10.52,10.59,9.97,15586,16305121.00,5.97,1.25,0.13,0.81
2022-08-30,10.56,10.49,10.77,10.37,12231,12937211.00,3.80,-0.29,-0.03,0.64
2022-08-31,10.52,10.14,10.67,10.08,16456,17061307.00,5.62,-3.34,-0.35,0.86
2022-09-01,10.06,10.09,10.35,10.06,8075,8280072.00,2.86,-0.49,-0.05,0.42
2022-09-02,10.14,10.48,10.49,10.07,12625,13166697.00,4.16,3.87,0.39,0.66
2022-09-05,10.48,10.58,10.66,10.36,16737,17683957.00,2.86,0.95,0.10,0.87
2022-09-06,10.58,10.72,10.76,10.49,14946,16067291.00,2.55,1.32,0.14,0.78
2022-09-07,10.80,10.58,10.80,10.54,8369,8979265.00,2.43,-1.31,-0.14,0.44
2022-09-08,10.68,10.39,10.69,10.32,6980,7360293.00,3.50,-1.80,-0.19,0.36
2022-09-09,10.46,10.21,10.46,10.16,7051,7269541.00,2.89,-1.73,-0.18,0.37
2022-09-13,10.25,10.16,10.35,10.09,10750,11039838.00,2.55,-0.49,-0.05,0.56
2022-09-14,10.06,10.10,10.17,9.94,9589,9719359.00,2.26,-0.59,-0.06,0.50
2022-09-15,10.11,9.80,10.20,9.66,10960,10894419.00,5.35,-2.97,-0.30,0.57
2022-09-16,9.81,9.44,9.81,9.44,10823,10440749.00,3.78,-3.67,-0.36,0.57
2022-09-19,9.47,9.28,9.59,9.14,7709,7228413.00,4.77,-1.69,-0.16,0.40
2022-09-20,9.19,9.32,9.41,9.19,7747,7281385.00,2.37,0.43,0.04,0.40
2022-09-21,9.33,9.43,9.51,9.16,7847,7407990.00,3.76,1.18,0.11,0.41
2022-09-22,9.41,9.43,9.54,9.36,7369,7015534.00,1.91,0.00,0.00,0.39
2022-09-23,9.33,9.14,9.46,9.08,10820,10034406.00,4.03,-3.08,-0.29,0.57
2022-09-26,9.12,9.03,9.17,8.97,9114,8338692.00,2.19,-1.20,-0.11,0.48
2022-09-27,8.98,9.21,9.26,8.98,5825,5398195.00,3.10,1.99,0.18,0.30
2022-09-28,9.06,9.09,9.26,9.06,6463,5962161.00,2.17,-1.30,-0.12,0.34
2022-09-29,9.10,9.05,9.21,9.04,8819,8091596.00,1.87,-0.44,-0.04,0.46
2022-09-30,9.01,9.10,9.17,8.99,5204,4768370.00,1.99,0.55,0.05,0.27
2022-10-10,9.10,9.07,9.17,8.82,8040,7301097.00,3.85,-0.33,-0.03,0.42
2022-10-11,9.07,9.24,9.25,8.97,12052,11122420.00,3.09,1.87,0.17,0.63
2022-10-12,9.24,9.31,9.31,9.07,8127,7557489.00,2.60,0.76,0.07,0.42
2022-10-13,9.26,9.29,9.36,9.17,8522,7972693.00,2.04,-0.21,-0.02,0.45
2022-10-14,9.30,9.38,9.41,9.30,11073,10474364.00,1.18,0.97,0.09,0.58
2022-10-17,9.38,9.49,9.55,9.35,10333,9880586.00,2.13,1.17,0.11,0.54
2022-10-18,9.49,9.80,9.86,9.46,17152,16822136.00,4.21,3.27,0.31,0.90
2022-10-19,9.76,10.01,10.07,9.72,17521,17589224.00,3.57,2.14,0.21,0.92
2022-10-20,9.97,9.98,10.10,9.72,14241,14226550.00,3.80,-0.30,-0.03,0.74
2022-10-21,9.84,9.87,9.98,9.80,5493,5471195.00,1.80,-1.10,-0.11,0.29
2022-10-24,9.96,9.56,9.97,9.56,9690,9487898.00,4.15,-3.14,-0.31,0.51
2022-10-25,9.66,9.53,9.66,9.36,9373,8966767.00,3.14,-0.31,-0.03,0.49
2022-10-26,9.61,9.75,9.83,9.49,10672,10447811.00,3.57,2.31,0.22,0.56
2022-10-27,9.82,9.75,9.89,9.70,4752,4689962.00,1.95,0.00,0.00,0.25
2022-10-28,9.67,9.25,9.72,9.24,7757,7366331.00,4.92,-5.13,-0.50,0.41
2022-10-31,9.22,9.51,9.58,9.22,8261,7895854.00,3.89,2.81,0.26,0.43
2022-11-01,9.54,9.69,9.69,9.48,6108,5920943.00,2.21,1.89,0.18,0.32
2022-11-02,9.89,9.80,9.89,9.62,8646,8503281.00,2.79,1.14,0.11,0.45
2022-11-03,9.77,9.80,9.89,9.71,7136,7045425.00,1.84,0.00,0.00,0.37
2022-11-04,9.83,9.88,9.93,9.78,6994,6960036.00,1.53,0.82,0.08,0.37
2022-11-07,9.92,10.18,10.24,9.83,15703,16028702.00,4.15,3.04,0.30,0.82
2022-11-08,10.18,10.24,10.35,10.11,8760,9019781.00,2.36,0.59,0.06,0.46
2022-11-09,10.24,10.19,10.32,10.12,8423,8652614.00,1.95,-0.49,-0.05,0.44
2022-11-10,10.19,10.17,10.24,10.13,4706,4831455.00,1.08,-0.20,-0.02,0.25
2022-11-11,10.25,10.28,10.33,10.15,10022,10335097.00,1.77,1.08,0.11,0.52
2022-11-14,10.28,10.21,10.31,10.16,6096,6281267.00,1.46,-0.68,-0.07,0.32
2022-11-15,10.21,10.28,10.35,10.12,7336,7597196.00,2.25,0.69,0.07,0.38
2022-11-16,10.28,10.29,10.37,10.21,6397,6626565.00,1.56,0.10,0.01,0.33
2022-11-17,10.28,10.47,10.49,10.18,11658,12178142.00,3.01,1.75,0.18,0.61
2022-11-18,10.47,10.33,10.62,10.33,9825,10347664.00,2.77,-1.34,-0.14,0.51
2022-11-21,10.37,10.81,10.85,10.27,27748,29793577.00,5.61,4.65,0.48,1.45
2022-11-22,10.71,10.79,11.19,10.65,40559,44584629.00,5.00,-0.19,-0.02,2.12
2022-11-23,10.79,10.48,10.79,10.32,23693,25111086.00,4.36,-2.87,-0.31,1.24
2022-11-24,10.50,10.72,10.81,10.50,13393,14441894.00,2.96,2.29,0.24,0.70
2022-11-25,11.00,10.52,11.00,10.49,9527,10173232.00,4.76,-1.87,-0.20,0.50
2022-11-28,10.46,10.39,10.50,10.31,10037,10511649.00,1.81,-1.24,-0.13,0.52
2022-11-29,10.51,10.78,10.89,10.40,21780,23554572.00,4.72,3.75,0.39,1.14
2022-11-30,10.77,10.62,10.82,10.59,11398,12259980.00,2.13,-1.48,-0.16,0.60
2022-12-01,10.72,10.78,10.81,10.55,18634,20039623.00,2.45,1.51,0.16,0.97
2022-12-02,10.75,10.83,10.94,10.66,10650,11653621.00,2.60,0.46,0.05,0.56
2022-12-05,10.83,10.95,10.98,10.72,13637,14898826.00,2.40,1.11,0.12,0.71
2022-12-06,10.80,10.95,11.35,10.80,24063,26975657.00,5.02,0.00,0.00,1.26
2022-12-07,11.03,11.15,11.16,10.96,17611,19697746.00,1.83,1.83,0.20,0.92
2022-12-08,11.15,11.03,11.17,10.99,11232,12512814.00,1.61,-1.08,-0.12,0.59
2022-12-09,11.08,10.87,11.20,10.84,10020,11041174.00,3.26,-1.45,-0.16,0.52
2022-12-12,11.02,10.92,11.02,10.72,10331,11317367.00,2.76,0.46,0.05,0.54
2022-12-13,11.01,10.80,11.01,10.65,9946,10778167.00,3.30,-1.10,-0.12,0.52
2022-12-14,10.80,10.86,11.03,10.76,10480,11542445.00,2.50,0.56,0.06,0.55
2022-12-15,10.92,10.81,11.00,10.76,6197,6769425.00,2.21,-0.46,-0.05,0.32
2022-12-16,10.84,10.54,10.84,10.44,8762,9357338.00,3.70,-2.50,-0.27,0.46
2022-12-19,10.59,10.49,10.66,10.34,10982,11638880.00,3.04,-0.47,-0.05,0.57
2022-12-20,10.45,10.45,10.70,10.42,5723,6064378.00,2.67,-0.38,-0.04,0.30
2022-12-21,10.56,10.51,10.56,10.34,7524,7942913.00,2.11,0.57,0.06,0.39
2022-12-22,10.58,10.24,10.58,10.17,7557,7877344.00,3.90,-2.57,-0.27,0.39
2022-12-23,10.30,10.22,10.34,10.08,6440,6623987.00,2.54,-0.20,-0.02,0.34
2022-12-26,10.29,10.10,10.30,9.97,10520,10706136.00,3.23,-1.17,-0.12,0.55
2022-12-27,10.15,10.11,10.19,9.99,4624,4705249.00,1.98,0.10,0.01,0.24
2022-12-28,10.13,9.93,10.13,9.86,4953,4970209.00,2.67,-1.78,-0.18,0.26
2022-12-29,9.97,9.81,9.97,9.77,4372,4350379.00,2.01,-1.21,-0.12,0.23
2022-12-30,9.88,9.93,10.02,9.86,3729,3730218.00,1.63,1.22,0.12,0.19