MjAxMS0wMS0wNCw0LjU2LDQuNzgsNC44Myw0LjU2LDExOTg5Myw3NjM2MjI4MS4wMCw1Ljk1LDUuMjksMC4yNCwyLjA0
2011-01-05,4.76,4.74,4.76,4.64,88324,55955936.00,2.51,-0.84,-0.04,1.50
2011-01-06,4.71,4.73,4.77,4.68,50150,31922345.00,1.90,-0.21,-0.01,0.85
2011-01-07,4.74,4.70,4.80,4.65,75162,47832446.00,3.17,-0.63,-0.03,1.28
2011-01-10,4.66,4.45,4.71,4.41,59672,37096205.00,6.38,-5.32,-0.25,1.02
2011-01-11,4.43,4.50,4.56,4.38,59386,36165582.00,4.04,1.12,0.05,1.01
2011-01-12,4.51,4.72,4.74,4.42,134569,84095738.00,7.11,4.89,0.22,2.29
2011-01-13,4.71,4.97,5.05,4.65,233324,151974029.00,8.47,5.30,0.25,3.97
2011-01-14,4.92,4.91,5.11,4.79,213371,140495622.00,6.44,-1.21,-0.06,3.63
2011-01-17,4.86,4.99,5.04,4.64,229004,149219609.00,8.15,1.63,0.08,3.90
2011-01-18,4.96,4.93,5.23,4.85,192419,127647248.00,7.62,-1.20,-0.06,3.28
2011-01-19,4.93,4.96,5.12,4.77,154424,101364319.00,7.10,0.61,0.03,2.63
2011-01-20,4.94,4.50,4.94,4.46,132344,84131847.00,9.68,-9.27,-0.46,2.25
2011-01-21,4.49,4.55,4.62,4.44,77861,47978739.00,4.00,1.11,0.05,1.33
2011-01-24,4.52,4.45,4.56,4.42,57557,35142476.00,3.08,-2.20,-0.10,0.98
2011-01-25,4.45,4.44,4.50,4.38,52470,31859459.00,2.70,-0.22,-0.01,0.89
2011-01-26,4.44,4.50,4.51,4.41,46729,28552512.00,2.25,1.35,0.06,0.80
2011-01-27,4.46,4.54,4.58,4.42,64594,39743166.00,3.56,0.89,0.04,1.10
2011-01-28,4.48,4.55,4.59,4.48,55538,34323997.00,2.42,0.22,0.01,0.95
2011-01-31,4.55,4.61,4.66,4.50,72924,45362964.00,3.52,1.32,0.06,1.24
2011-02-01,4.62,4.68,4.74,4.59,72866,46125190.00,3.25,1.52,0.07,1.24
2011-02-09,4.63,4.62,4.77,4.59,67055,42417211.00,3.85,-1.28,-0.06,1.14
2011-02-10,4.59,4.76,4.79,4.59,81427,51733404.00,4.33,3.03,0.14,1.39
2011-02-11,4.76,4.85,4.90,4.74,100241,64882805.00,3.36,1.89,0.09,1.71
2011-02-14,4.85,4.90,4.93,4.78,140235,91152095.00,3.09,1.03,0.05,2.39
2011-02-15,4.87,4.89,5.00,4.85,133432,87671151.00,3.06,-0.20,-0.01,2.27
2011-02-16,4.88,4.95,4.97,4.84,102121,66923170.00,2.66,1.23,0.06,1.74
2011-02-17,5.01,5.14,5.20,5.00,242482,163704049.00,4.04,3.84,0.19,4.13
2011-02-18,5.10,4.96,5.13,4.93,138864,92316045.00,3.89,-3.50,-0.18,2.37
2011-02-21,4.91,5.09,5.11,4.88,123894,82482728.00,4.64,2.62,0.13,2.11
2011-02-22,5.13,4.90,5.18,4.86,147196,98092507.00,6.29,-3.73,-0.19,2.51
2011-02-23,4.87,5.17,5.32,4.84,285664,192750552.00,9.80,5.51,0.27,4.87
2011-02-24,5.14,5.25,5.30,5.08,245809,168145835.00,4.26,1.55,0.08,4.19
2011-02-25,5.28,5.20,5.30,5.15,144214,98817132.00,2.86,-0.95,-0.05,2.46
2011-02-28,5.19,5.69,5.88,5.17,646081,471534659.00,13.65,9.42,0.49,11.00
2011-03-01,5.58,5.75,5.84,5.45,507801,368401520.00,6.85,1.05,0.06,8.65
2011-03-02,5.65,5.63,5.79,5.49,267810,195233083.00,5.22,-2.09,-0.12,4.56
2011-03-03,5.64,5.43,5.70,5.41,206811,149025987.00,5.15,-3.55,-0.20,3.52
2011-03-04,5.46,5.56,5.63,5.46,159453,114745757.00,3.13,2.39,0.13,2.72
2011-03-07,5.56,5.58,5.61,5.50,170648,122856227.00,1.98,0.36,0.02,2.91
2011-03-08,5.57,5.61,5.66,5.53,158904,115082544.00,2.33,0.54,0.03,2.71
2011-03-09,5.61,5.66,5.70,5.55,186436,135490023.00,2.67,0.89,0.05,3.18
2011-03-10,5.62,5.46,5.63,5.45,168882,120764938.00,3.18,-3.53,-0.20,2.88
2011-03-11,5.43,5.45,5.56,5.40,139448,99233087.00,2.93,-0.18,-0.01,2.37
2011-03-14,5.43,5.49,5.52,5.39,101419,71931250.00,2.39,0.73,0.04,1.73
2011-03-15,5.49,5.25,5.49,5.05,167579,115511223.00,8.01,-4.37,-0.24,2.85
2011-03-16,5.24,5.38,5.41,5.24,114681,79701562.00,3.24,2.48,0.13,1.95
2011-03-17,5.31,5.17,5.32,5.12,101903,70033758.00,3.72,-3.90,-0.21,1.74
2011-03-18,5.20,5.23,5.29,5.20,61408,42290714.00,1.74,1.16,0.06,1.05
2011-03-21,5.22,5.27,5.29,5.19,65532,45132938.00,1.91,0.76,0.04,1.12
2011-03-22,5.31,5.23,5.33,5.17,53191,36521332.00,3.04,-0.76,-0.04,0.91
2011-03-23,5.23,5.29,5.29,5.19,66332,45788114.00,1.91,1.15,0.06,1.13
2011-03-24,5.28,5.35,5.39,5.26,96801,67669594.00,2.46,1.13,0.06,1.65
2011-03-25,5.36,5.38,5.39,5.32,87496,61266238.00,1.31,0.56,0.03,1.49
2011-03-28,5.42,5.35,5.43,5.31,97686,68349597.00,2.23,-0.56,-0.03,1.66
2011-03-29,5.34,5.19,5.34,5.18,110995,76234958.00,2.99,-2.99,-0.16,1.89
2011-03-30,5.18,5.14,5.21,5.03,101182,68316274.00,3.47,-0.96,-0.05,1.72
2011-03-31,5.14,5.08,5.23,5.05,75233,50980663.00,3.50,-1.17,-0.06,1.28
2011-04-01,5.08,5.16,5.16,5.06,50412,34084774.00,1.97,1.57,0.08,0.86
2011-04-06,5.13,5.19,5.20,5.11,62271,42343944.00,1.74,0.58,0.03,1.06
2011-04-07,5.19,5.29,5.29,5.16,88498,60785363.00,2.50,1.93,0.10,1.51
2011-04-08,5.32,5.28,5.32,5.21,75885,52398197.00,2.08,-0.19,-0.01,1.29
2011-04-11,5.27,5.14,5.30,5.13,104252,71370280.00,3.22,-2.65,-0.14,1.78
2011-04-12,5.12,5.21,5.24,5.12,74427,50892492.00,2.33,1.36,0.07,1.27
2011-04-13,5.21,5.31,5.33,5.16,104949,72425624.00,3.26,1.92,0.10,1.79
2011-04-14,5.29,5.24,5.31,5.21,79507,54796541.00,1.88,-1.32,-0.07,1.35
2011-04-15,5.24,5.43,5.48,5.22,273451,192418771.00,4.96,3.63,0.19,4.66
2011-04-18,5.41,5.47,5.54,5.38,184606,131027789.00,2.95,0.74,0.04,3.14
2011-04-19,5.46,5.51,5.61,5.41,282320,202393767.00,3.66,0.73,0.04,4.81
2011-04-20,5.54,5.61,5.76,5.51,295502,215726805.00,4.54,1.81,0.10,5.03
2011-04-21,5.72,5.50,5.72,5.48,205718,147918314.00,4.28,-1.96,-0.11,3.50
2011-04-22,5.52,5.42,5.54,5.39,128517,91100612.00,2.73,-1.45,-0.08,2.19
2011-04-25,5.42,5.17,5.44,5.14,139847,96342000.00,5.54,-4.61,-0.25,2.38
2011-04-26,5.15,5.04,5.20,4.96,89530,60083012.00,4.64,-2.51,-0.13,1.52
2011-04-27,5.06,5.04,5.14,4.96,58645,39238235.00,3.57,0.00,0.00,1.00
2011-04-28,5.07,4.87,5.12,4.84,72017,47721923.00,5.56,-3.37,-0.17,1.23
2011-04-29,4.89,4.98,4.98,4.86,38391,25207516.00,2.46,2.26,0.11,0.65
2011-05-03,4.97,5.06,5.06,4.93,50219,33384495.00,2.61,1.61,0.08,0.86
2011-05-04,5.05,4.86,5.05,4.77,74711,48724115.00,5.53,-3.95,-0.20,1.27
2011-05-05,4.83,4.89,4.96,4.81,45322,29653390.00,3.09,0.62,0.03,0.77
2011-05-06,4.80,4.85,4.90,4.74,50353,32477074.00,3.27,-0.82,-0.04,0.86
2011-05-09,4.85,4.85,4.91,4.82,43894,28604235.00,1.86,0.00,0.00,0.75
2011-05-10,4.87,4.93,4.94,4.84,44338,28941392.00,2.06,1.65,0.08,0.76
2011-05-11,4.93,5.11,5.20,4.88,112990,75445580.00,6.49,3.65,0.18,1.92
2011-05-12,5.04,4.97,5.14,4.96,90049,60247687.00,3.52,-2.74,-0.14,1.53
2011-05-13,5.01,5.13,5.15,4.96,99034,66471850.00,3.82,3.22,0.16,1.69
2011-05-16,5.12,5.10,5.22,5.07,92375,62611318.00,2.92,-0.58,-0.03,1.57
2011-05-17,5.08,5.19,5.20,4.96,93298,62852707.00,4.71,1.76,0.09,1.59
2011-05-18,5.15,5.27,5.29,5.12,136862,94088855.00,3.28,1.54,0.08,2.33
2011-05-19,5.32,5.14,5.51,5.12,186884,130187844.00,7.40,-2.47,-0.13,3.18
2011-05-23,5.06,4.73,5.08,4.72,141908,91853105.00,7.00,-7.98,-0.41,2.42
2011-05-24,4.74,4.69,4.76,4.57,61261,38531416.00,4.02,-0.85,-0.04,1.04
2011-05-25,4.69,4.60,4.73,4.59,43717,27490568.00,2.99,-1.92,-0.09,0.74
2011-05-26,4.64,4.64,4.79,4.60,64173,40664738.00,4.13,0.87,0.04,1.09
2011-05-27,4.64,4.41,4.71,4.39,72436,44814990.00,6.90,-4.96,-0.23,1.23
2011-05-30,4.42,4.27,4.44,4.24,45150,26886739.00,4.54,-3.17,-0.14,0.77
2011-05-31,4.27,4.41,4.42,4.26,38224,22878128.00,3.75,3.28,0.14,0.65
2011-06-01,4.42,4.43,4.44,4.35,40719,24629813.00,2.04,0.45,0.02,0.69
2011-06-02,4.36,4.33,4.45,4.27,47812,28658148.00,4.06,-2.26,-0.10,0.81
2011-06-03,4.36,4.41,4.45,4.36,36749,22248422.00,2.08,1.85,0.08,0.63
2011-06-07,4.40,4.44,4.47,4.39,32114,19513975.00,1.81,0.68,0.03,0.55
2011-06-08,4.44,4.46,4.48,4.35,41746,25302418.00,2.93,0.45,0.02,0.71
2011-06-09,4.45,4.34,4.49,4.34,47758,28897024.00,3.36,-2.69,-0.12,0.81
2011-06-10,4.34,4.34,4.38,4.16,45652,27054998.00,5.07,0.00,0.00,0.78
2011-06-13,4.31,4.33,4.35,4.23,23253,13775424.00,2.76,-0.23,-0.01,0.40
2011-06-14,4.35,4.44,4.47,4.29,44429,26886271.00,4.16,2.54,0.11,0.76
2011-06-15,4.43,4.35,4.44,4.34,36114,21766285.00,2.25,-2.03,-0.09,0.62
2011-06-16,4.33,4.28,4.39,4.25,39541,23507632.00,3.22,-1.61,-0.07,0.67
2011-06-17,4.28,4.18,4.30,4.17,35776,21025176.00,3.04,-2.34,-0.10,0.61
2011-06-20,4.16,4.02,4.16,3.98,32737,18662329.00,4.31,-3.83,-0.16,0.56
2011-06-21,4.01,4.10,4.10,4.01,20507,11689809.00,2.24,1.99,0.08,0.35
2011-06-22,4.10,4.06,4.13,4.03,21193,12107063.00,2.44,-0.98,-0.04,0.36
2011-06-23,4.07,4.17,4.18,3.98,42952,24656684.00,4.93,2.71,0.11,0.73
2011-06-24,4.16,4.54,4.68,4.14,169064,102202347.00,12.95,8.87,0.37,2.88
2011-06-27,4.51,4.60,4.74,4.46,186295,115549122.00,6.17,1.32,0.06,3.17
2011-06-28,4.53,4.50,4.65,4.44,97190,59746303.00,4.57,-2.17,-0.10,1.66
2011-06-29,4.47,4.37,4.51,4.36,63730,38683501.00,3.33,-2.89,-0.13,1.09
2011-06-30,4.37,4.44,4.46,4.37,38812,23565778.00,2.06,1.60,0.07,0.66
2011-07-01,4.44,4.45,4.55,4.42,58381,35809915.00,2.93,0.23,0.01,0.99
2011-07-04,4.48,4.63,4.70,4.48,103651,64738747.00,4.94,4.04,0.18,1.77
2011-07-05,4.62,4.60,4.65,4.54,70593,43972053.00,2.38,-0.65,-0.03,1.20
2011-07-06,4.57,4.61,4.64,4.55,51425,32084837.00,1.96,0.22,0.01,0.88
2011-07-07,4.59,4.55,4.63,4.54,57571,35810193.00,1.95,-1.30,-0.06,0.98
2011-07-08,4.54,4.48,4.57,4.45,46200,28363113.00,2.64,-1.54,-0.07,0.79
2011-07-11,4.49,4.52,4.55,4.44,34602,21242847.00,2.46,0.89,0.04,0.59
2011-07-12,4.46,4.41,4.47,4.38,51920,31472704.00,1.99,-2.43,-0.11,0.88
2011-07-13,4.41,4.49,4.50,4.38,49811,30369853.00,2.72,1.81,0.08,0.85
2011-07-14,4.48,4.56,4.57,4.47,64830,39968478.00,2.23,1.56,0.07,1.10
2011-07-15,4.54,4.55,4.58,4.50,52060,32155301.00,1.75,-0.22,-0.01,0.89
2011-07-18,4.59,4.55,4.65,4.49,65475,40763241.00,3.52,0.00,0.00,1.12
2011-07-19,4.51,4.66,4.70,4.46,133095,83011509.00,5.27,2.42,0.11,2.27
2011-07-20,4.66,4.60,4.71,4.51,108897,68186797.00,4.29,-1.29,-0.06,1.85
2011-07-21,4.60,4.43,4.60,4.42,67418,41325211.00,3.91,-3.70,-0.17,1.15
2011-07-22,4.44,4.45,4.49,4.42,40721,24780065.00,1.58,0.45,0.02,0.69
2011-07-25,4.45,4.16,4.46,4.15,71180,42141106.00,6.97,-6.52,-0.29,1.21
2011-07-26,4.15,4.21,4.22,4.14,34034,19786445.00,1.92,1.20,0.05,0.58
2011-07-27,4.20,4.25,4.29,4.12,39060,22845793.00,4.04,0.95,0.04,0.67
2011-07-28,4.22,4.17,4.22,4.12,39042,22634255.00,2.35,-1.88,-0.08,0.66
2011-07-29,4.18,4.11,4.21,4.06,35075,20206997.00,3.60,-1.44,-0.06,0.60
2011-08-01,4.09,4.13,4.15,4.07,21113,12168060.00,1.95,0.49,0.02,0.36
2011-08-02,4.10,4.07,4.12,3.98,36998,20945736.00,3.39,-1.45,-0.06,0.63
2011-08-03,4.01,4.13,4.16,4.00,33369,19166080.00,3.93,1.47,0.06,0.57
2011-08-04,4.13,4.18,4.20,4.13,31782,18472352.00,1.69,1.21,0.05,0.54
2011-08-05,4.05,4.33,4.38,3.98,156531,92091997.00,9.57,3.59,0.15,2.67
2011-08-08,4.26,4.31,4.35,3.86,146077,85338496.00,11.32,-0.46,-0.02,2.49
2011-08-09,4.11,4.16,4.38,4.02,217274,125982169.00,8.35,-3.48,-0.15,3.70
2011-08-10,4.15,4.45,4.53,4.10,232728,139358803.00,10.34,6.97,0.29,3.96
2011-08-11,4.29,4.56,4.62,4.26,209787,128300897.00,8.09,2.47,0.11,3.57
2011-08-12,4.57,4.54,4.62,4.45,180688,111726826.00,3.73,-0.44,-0.02,3.08
2011-08-15,4.56,4.60,4.66,4.50,128758,80099792.00,3.52,1.32,0.06,2.19
2011-08-16,4.62,4.53,4.63,4.43,102513,63203242.00,4.35,-1.52,-0.07,1.75
2011-08-17,4.47,4.53,4.59,4.47,75229,46428036.00,2.65,0.00,0.00,1.28
2011-08-18,4.51,4.35,4.57,4.34,76297,46569046.00,5.08,-3.97,-0.18,1.30
2011-08-19,4.17,4.20,4.28,4.07,77967,45448304.00,4.83,-3.45,-0.15,1.33
2011-08-22,4.16,4.11,4.26,4.09,47219,27444063.00,4.05,-2.14,-0.09,0.80
2011-08-23,4.14,4.25,4.27,4.11,54542,31865663.00,3.89,3.41,0.14,0.93
2011-08-24,4.27,4.16,4.29,4.15,52462,30710237.00,3.29,-2.12,-0.09,0.89
2011-08-25,4.16,4.29,4.30,4.16,58570,34533781.00,3.37,3.13,0.13,1.00
2011-08-26,4.28,4.34,4.38,4.24,66547,39618022.00,3.26,1.17,0.05,1.13
2011-08-29,4.30,4.36,4.43,4.28,62027,37222610.00,3.46,0.46,0.02,1.06
2011-08-30,4.36,4.28,4.44,4.25,57834,34640834.00,4.36,-1.83,-0.08,0.98
2011-08-31,4.27,4.21,4.30,4.15,42286,24729707.00,3.50,-1.64,-0.07,0.72
2011-09-01,4.21,4.19,4.32,4.11,37262,21732948.00,4.99,-0.48,-0.02,0.63
2011-09-02,4.15,4.11,4.20,4.02,30493,17544626.00,4.30,-1.91,-0.08,0.52
2011-09-05,4.05,4.05,4.19,3.99,24168,13786728.00,4.87,-1.46,-0.06,0.41
2011-09-06,4.02,4.06,4.11,3.96,28181,16052314.00,3.70,0.25,0.01,0.48
2011-09-07,4.10,4.17,4.20,4.08,29606,17125530.00,2.96,2.71,0.11,0.50
2011-09-08,4.21,4.11,4.21,4.10,35548,20589891.00,2.64,-1.44,-0.06,0.61
2011-09-09,4.14,4.05,4.17,4.03,23946,13726037.00,3.41,-1.46,-0.06,0.41
2011-09-13,4.00,4.06,4.17,3.92,35831,20253173.00,6.17,0.25,0.01,0.61
2011-09-14,4.04,4.13,4.21,4.02,25176,14447971.00,4.68,1.72,0.07,0.43
2011-09-15,4.13,4.09,4.17,4.07,22330,12882112.00,2.42,-0.97,-0.04,0.38
2011-09-16,4.18,4.06,4.20,4.05,22744,13063863.00,3.67,-0.73,-0.03,0.39
2011-09-19,4.04,3.81,4.04,3.80,51243,28352364.00,5.91,-6.16,-0.25,0.87
2011-09-20,3.82,3.81,3.86,3.73,31184,16938245.00,3.41,0.00,0.00,0.53
2011-09-21,3.81,3.94,4.01,3.76,50175,27836291.00,6.56,3.41,0.13,0.85
2011-09-22,3.91,3.74,3.92,3.74,38336,20994131.00,4.57,-5.08,-0.20,0.65
2011-09-23,3.65,3.65,3.74,3.62,34030,18060841.00,3.21,-2.41,-0.09,0.58
2011-09-26,3.64,3.57,3.71,3.56,29920,15793033.00,4.11,-2.19,-0.08,0.51
2011-09-27,3.61,3.58,3.64,3.49,34520,17973221.00,4.20,0.28,0.01,0.59
2011-09-28,3.59,3.46,3.64,3.44,37518,19423771.00,5.59,-3.35,-0.12,0.64
2011-09-29,3.46,3.31,3.46,3.26,37958,18986691.00,5.78,-4.34,-0.15,0.65
2011-09-30,3.31,3.35,3.35,3.27,22173,11003374.00,2.42,1.21,0.04,0.38
2011-10-10,3.36,3.32,3.38,3.32,16913,8428769.00,1.79,-0.90,-0.03,0.29
2011-10-11,3.44,3.32,3.46,3.29,23787,11931396.00,5.12,0.00,0.00,0.41
2011-10-12,3.32,3.47,3.49,3.27,46084,23341704.00,6.63,4.52,0.15,0.78
2011-10-13,3.48,3.77,3.85,3.44,132269,69903203.00,11.82,8.65,0.30,2.25
2011-10-14,3.70,3.77,3.82,3.64,67243,35949573.00,4.77,0.00,0.00,1.15
2011-10-17,3.73,3.77,3.94,3.67,126307,68207722.00,7.16,0.00,0.00,2.15
2011-10-18,3.71,3.51,3.80,3.51,82744,43656737.00,7.69,-6.90,-0.26,1.41
2011-10-19,3.53,3.46,3.57,3.44,38350,19674179.00,3.70,-1.42,-0.05,0.65
2011-10-20,3.44,3.34,3.47,3.30,35063,17519385.00,4.91,-3.47,-0.12,0.60
2011-10-21,3.39,3.31,3.39,3.29,15985,7964219.00,2.99,-0.90,-0.03,0.27
2011-10-24,3.33,3.41,3.42,3.21,38781,19228559.00,6.34,3.02,0.10,0.66
2011-10-25,3.40,3.52,3.56,3.36,46910,24111114.00,5.87,3.23,0.11,0.80
2011-10-26,3.46,3.76,3.82,3.44,151357,80206723.00,10.80,6.82,0.24,2.58
2011-10-27,3.70,3.81,4.04,3.68,177182,97256529.00,9.57,1.33,0.05,3.02
2011-10-28,3.86,3.94,4.30,3.77,216787,122399068.00,13.91,3.41,0.13,3.69
2011-10-31,3.92,3.89,4.01,3.82,105072,58220137.00,4.82,-1.27,-0.05,1.79
2011-11-01,3.80,3.82,3.92,3.78,65357,35836222.00,3.60,-1.80,-0.07,1.11
2011-11-02,3.73,3.96,3.98,3.71,85997,47385100.00,7.07,3.66,0.14,1.46
2011-11-03,3.97,3.89,4.05,3.88,102178,57352465.00,4.29,-1.77,-0.07,1.74
2011-11-04,3.94,3.98,4.00,3.84,92788,51833062.00,4.11,2.31,0.09,1.58
2011-11-07,3.96,3.95,4.04,3.93,62789,35311697.00,2.76,-0.75,-0.03,1.07
2011-11-08,3.92,4.02,4.04,3.82,127925,71631747.00,5.57,1.77,0.07,2.18
2011-11-09,3.99,4.01,4.10,3.94,93309,52781106.00,3.98,-0.25,-0.01,1.59
2011-11-10,3.96,3.82,3.97,3.81,79605,43985870.00,3.99,-4.74,-0.19,1.36
2011-11-11,3.86,3.96,4.00,3.78,58626,32470615.00,5.76,3.66,0.14,1.00
2011-11-14,4.01,4.08,4.13,3.98,106694,60832807.00,3.79,3.03,0.12,1.82
2011-11-15,4.09,4.07,4.12,3.98,57256,32584624.00,3.43,-0.25,-0.01,0.98
2011-11-16,4.08,4.00,4.11,3.87,86245,48747252.00,5.90,-1.72,-0.07,1.47
2011-11-17,3.97,4.00,4.07,3.91,69510,39213732.00,4.00,0.00,0.00,1.18
2011-11-18,3.96,3.92,4.00,3.83,66523,36914687.00,4.25,-2.00,-0.08,1.13
2011-11-21,3.92,3.96,4.00,3.88,42090,23504899.00,3.06,1.02,0.04,0.72
2011-11-22,3.91,3.79,3.95,3.71,49089,26746670.00,6.06,-4.29,-0.17,0.84
2011-11-23,3.81,3.76,3.84,3.66,46943,25258433.00,4.75,-0.79,-0.03,0.80
2011-11-24,3.72,3.82,3.84,3.69,35816,19440145.00,3.99,1.60,0.06,0.61
2011-11-25,3.78,3.85,3.88,3.71,54287,29582052.00,4.45,0.79,0.03,0.92
2011-11-28,3.85,3.91,3.93,3.78,56465,31136885.00,3.90,1.56,0.06,0.96
2011-11-29,3.96,3.95,3.98,3.90,47470,26507312.00,2.05,1.02,0.04,0.81
2011-11-30,3.93,3.70,3.95,3.62,54826,29544461.00,8.35,-6.33,-0.25,0.93
2011-12-01,3.85,3.88,4.01,3.79,72038,39878056.00,5.95,4.86,0.18,1.23
2011-12-02,3.86,3.84,3.90,3.75,38921,21210565.00,3.87,-1.03,-0.04,0.66
2011-12-05,3.82,3.73,3.85,3.68,37809,20416465.00,4.43,-2.86,-0.11,0.64
2011-12-06,3.72,3.79,3.83,3.68,34668,18703222.00,4.02,1.61,0.06,0.59
2011-12-07,3.79,3.82,3.85,3.75,25414,13849294.00,2.64,0.79,0.03,0.43
2011-12-08,3.79,3.76,3.83,3.64,27394,14763589.00,4.97,-1.57,-0.06,0.47
2011-12-09,3.74,3.74,3.80,3.68,20723,11135503.00,3.19,-0.53,-0.02,0.35
2011-12-12,3.71,3.63,3.77,3.62,12827,6840044.00,4.01,-2.94,-0.11,0.22
2011-12-13,3.63,3.35,3.63,3.34,30597,15390458.00,7.99,-7.71,-0.28,0.52
2011-12-14,3.35,3.23,3.38,3.22,19735,9736332.00,4.78,-3.58,-0.12,0.34
2011-12-15,3.21,2.98,3.21,2.95,30308,14251769.00,8.05,-7.74,-0.25,0.52
2011-12-16,2.99,3.11,3.13,2.98,17086,8007604.00,5.03,4.36,0.13,0.29
2011-12-19,3.12,3.16,3.16,3.00,18454,8736335.00,5.14,1.61,0.05,0.31
2011-12-20,3.19,3.13,3.20,3.11,13854,6657525.00,2.85,-0.95,-0.03,0.24
2011-12-21,3.19,2.97,3.21,2.94,16961,8059319.00,8.63,-5.11,-0.16,0.29
2011-12-22,2.99,2.87,2.99,2.75,23612,10633927.00,8.08,-3.37,-0.10,0.40
2011-12-23,2.87,2.91,2.96,2.85,15020,6822331.00,3.83,1.39,0.04,0.26
2011-12-26,2.93,2.87,2.95,2.87,10052,4569543.00,2.75,-1.37,-0.04,0.17
2011-12-27,2.85,2.71,2.87,2.66,24259,10619346.00,7.32,-5.57,-0.16,0.41
2011-12-28,2.67,2.66,2.71,2.58,17549,7477317.00,4.80,-1.85,-0.05,0.30
2011-12-29,2.66,2.66,2.71,2.63,13800,5953881.00,3.01,0.00,0.00,0.24
2011-12-30,2.66,2.73,2.73,2.66,14815,6447719.00,2.63,2.63,0.07,0.25