2026-01-05,6.90,6.79,6.90,6.72,81314,55092052.00,2.65,-0.15,-0.01,2.31
2026-01-06,6.79,6.78,6.84,6.74,64414,43729351.00,1.47,-0.15,-0.01,1.83
2026-01-07,6.79,6.69,6.79,6.67,60369,40589421.00,1.77,-1.33,-0.09,1.72
2026-01-08,6.70,6.85,6.85,6.62,93121,62970388.00,3.44,2.39,0.16,2.65
2026-01-09,6.84,6.86,6.86,6.71,64438,43720334.00,2.19,0.15,0.01,1.83
2026-01-12,6.84,6.80,6.88,6.76,81646,55508102.00,1.75,-0.87,-0.06,2.32
2026-01-13,6.80,6.79,6.89,6.75,89019,60622463.00,2.06,-0.15,-0.01,2.53
2026-01-14,6.80,6.76,6.85,6.68,74850,50716178.00,2.50,-0.44,-0.03,2.13
2026-01-15,6.75,6.71,6.79,6.70,43544,29303353.00,1.33,-0.74,-0.05,1.24
2026-01-16,6.75,6.66,6.77,6.62,65458,43656051.00,2.24,-0.75,-0.05,1.86
2026-01-19,6.66,6.87,6.88,6.63,76267,51894310.00,3.75,3.15,0.21,2.17
2026-01-20,6.88,6.87,6.90,6.80,68654,47066359.00,1.46,0.00,0.00,1.95
2026-01-21,6.85,6.95,6.95,6.79,59550,41047586.00,2.33,1.16,0.08,1.70
2026-01-22,6.97,7.01,7.04,6.92,55819,39033626.00,1.73,0.86,0.06,1.59
2026-01-23,6.98,7.00,7.05,6.95,61684,43082841.00,1.43,-0.14,-0.01,1.76
2026-01-26,6.99,6.99,7.05,6.93,67041,46820664.00,1.71,-0.14,-0.01,1.91
2026-01-27,7.00,6.95,7.01,6.80,69214,47911653.00,3.00,-0.57,-0.04,1.97
2026-01-28,6.97,6.92,6.98,6.89,64736,44834552.00,1.29,-0.43,-0.03,1.84
2026-01-29,6.88,6.91,6.98,6.83,63285,43791859.00,2.17,-0.14,-0.01,1.80
2026-01-30,6.91,7.06,7.09,6.87,126208,88578049.00,3.18,2.17,0.15,3.59
2026-02-02,7.02,6.91,7.09,6.89,91641,64140320.00,2.83,-2.12,-0.15,2.61
2026-02-03,6.95,7.02,7.05,6.88,88021,61484560.00,2.46,1.59,0.11,2.51
2026-02-04,7.04,7.10,7.13,6.97,94033,66484025.00,2.28,1.14,0.08,2.68
2026-02-05,7.09,7.04,7.16,7.04,65137,46216622.00,1.69,-0.85,-0.06,1.85
2026-02-06,7.02,7.10,7.17,6.97,84207,59793506.00,2.84,0.85,0.06,2.40
2026-02-09,7.14,7.22,7.25,7.13,75742,54449399.00,1.69,1.69,0.12,2.16
2026-02-10,7.23,7.21,7.28,7.18,66175,47883282.00,1.39,-0.14,-0.01,1.88
2026-02-11,7.21,7.24,7.30,7.17,60918,44137988.00,1.80,0.42,0.03,1.73
2026-02-12,7.26,7.13,7.33,7.08,77913,55920105.00,3.45,-1.52,-0.11,2.22
2026-02-13,7.11,7.16,7.21,7.10,54453,38955906.00,1.54,0.42,0.03,1.55
2026-02-24,7.19,7.27,7.35,7.14,64828,46874084.00,2.93,1.54,0.11,1.85
2026-02-25,7.28,7.29,7.42,7.25,66636,48967218.00,2.34,0.28,0.02,1.90
2026-02-26,7.34,7.32,7.37,7.24,60493,44152394.00,1.78,0.41,0.03,1.72
2026-02-27,7.33,7.35,7.38,7.25,66472,48639234.00,1.78,0.41,0.03,1.89
2026-03-02,7.26,7.17,7.31,7.05,87124,62547839.00,3.54,-2.45,-0.18,2.48
2026-03-03,7.19,7.03,7.26,7.02,92993,66510159.00,3.35,-1.95,-0.14,2.65
2026-03-04,6.90,6.91,7.05,6.84,78869,54657682.00,2.99,-1.71,-0.12,2.25
2026-03-05,7.00,6.99,7.10,6.93,70427,49393230.00,2.46,1.16,0.08,2.00
2026-03-06,6.95,7.18,7.19,6.95,79007,56163512.00,3.43,2.72,0.19,2.25
2026-03-09,7.12,7.14,7.22,7.01,75025,53294221.00,2.92,-0.56,-0.04,2.14
2026-03-10,7.14,7.26,7.27,7.14,44267,31988675.00,1.82,1.68,0.12,1.26