2021-01-04,3736.69,3978.19,3978.91,3736.69,5858324,7045525959.00,6.53,7.17,266.28,4.01
2021-01-05,4003.75,4126.22,4139.87,3998.28,6304787,7536637057.00,3.56,3.72,148.03,4.32
2021-01-06,4151.09,4096.43,4174.92,4067.75,5852382,6962876297.00,2.60,-0.72,-29.79,4.01
2021-01-07,4092.29,4135.38,4138.22,4053.08,6790623,7962792007.00,2.08,0.95,38.95,4.65
2021-01-08,4092.89,4038.47,4092.89,3985.05,5058985,6270504768.00,2.61,-2.34,-96.91,3.46
2021-01-11,4019.00,3936.07,4019.00,3881.26,4718167,6042730515.00,3.41,-2.54,-102.40,3.23
2021-01-12,3933.99,4003.78,4006.31,3917.47,4528321,5738711135.00,2.26,1.72,67.71,3.10
2021-01-13,3994.66,3917.80,3994.66,3895.64,4803734,5996673823.00,2.47,-2.15,-85.98,3.29
2021-01-14,3895.75,3871.00,3911.85,3837.70,4757232,5606585434.00,1.89,-1.19,-46.80,3.26
2021-01-15,3832.50,3855.29,3880.73,3800.41,3164414,3811518042.00,2.07,-0.41,-15.71,2.17
2021-01-18,3837.04,3896.27,3918.31,3837.04,2744066,3546606182.00,2.11,1.06,40.98,1.88
2021-01-19,3883.97,3820.91,3891.16,3812.35,3094889,3853039834.00,2.02,-1.93,-75.36,2.12
2021-01-20,3808.08,3827.00,3827.00,3769.34,2279589,2880425650.00,1.51,0.16,6.09,1.56
2021-01-21,3818.18,3849.74,3874.71,3805.57,2507352,3312419709.00,1.81,0.59,22.74,1.72
2021-01-22,3852.70,3796.30,3852.70,3781.88,2647199,3857240877.00,1.84,-1.39,-53.44,1.81
2021-01-25,3787.80,3770.49,3787.80,3735.64,3258432,4267140335.00,1.37,-0.68,-25.81,2.23
2021-01-26,3772.79,3818.89,3850.32,3771.91,4059494,4924545536.00,2.08,1.28,48.40,2.78
2021-01-27,3784.69,3816.22,3827.61,3767.92,3342791,4276973640.00,1.56,-0.07,-2.67,2.29
2021-01-28,3764.91,3719.47,3814.05,3717.82,3360276,4319690070.00,2.52,-2.54,-96.75,2.30
2021-01-29,3713.12,3608.88,3714.68,3573.07,3473311,4460915961.00,3.81,-2.97,-110.59,2.38
2021-02-01,3589.54,3641.77,3662.03,3559.23,2466082,3160383478.00,2.85,0.91,32.89,1.69
2021-02-02,3637.43,3616.61,3639.11,3588.30,2634065,3171590171.00,1.40,-0.69,-25.16,1.80
2021-02-03,3611.84,3666.03,3702.76,3586.47,2843447,3472173632.00,3.22,1.37,49.42,1.95
2021-02-04,3652.29,3627.62,3686.62,3594.85,2849842,4574300113.00,2.50,-1.05,-38.41,1.95
2021-02-05,3637.39,3608.63,3721.90,3599.15,2773078,4679562129.00,3.38,-0.52,-18.99,1.90
2021-02-08,3613.32,3650.90,3657.19,3595.62,2040097,3242447503.00,1.71,1.17,42.27,1.40
2021-02-09,3645.92,3668.94,3681.47,3600.65,2250782,3212365566.00,2.21,0.49,18.04,1.54
2021-02-10,3668.45,3747.66,3749.53,3657.12,1973545,2794206666.00,2.52,2.15,78.72,1.35
2021-02-18,3794.20,3819.95,3821.47,3772.57,2879280,3844288345.00,1.30,1.93,72.29,1.97
2021-02-19,3834.90,4019.21,4019.21,3832.30,5894289,7240888164.00,4.89,5.22,199.26,4.04
2021-02-22,4077.62,4019.93,4123.41,4019.93,7970260,10388026401.00,2.57,0.02,0.72,5.46
2021-02-23,3988.28,3888.63,3988.28,3875.81,4951076,6311214017.00,2.80,-3.27,-131.30,3.39
2021-02-24,3893.89,3860.25,3921.87,3824.81,3127713,4158511826.00,2.50,-0.73,-28.38,2.14
2021-02-25,3870.69,3807.25,3870.69,3796.68,2797135,3522564023.00,1.92,-1.37,-53.00,1.92
2021-02-26,3752.28,3816.06,3816.06,3735.62,2545249,3601243676.00,2.11,0.23,8.81,1.74
2021-03-01,3821.41,3863.69,3864.04,3821.41,2886335,4249556091.00,1.12,1.25,47.63,1.98
2021-03-02,3858.64,3797.74,3858.64,3778.93,2148151,3062193196.00,2.06,-1.71,-65.95,1.47
2021-03-03,3792.09,3828.41,3839.53,3792.09,2050315,2744929396.00,1.25,0.81,30.67,1.40
2021-03-04,3811.92,3753.56,3811.92,3743.26,2052456,2773452667.00,1.79,-1.96,-74.85,1.41
2021-03-05,3720.45,3792.12,3809.39,3720.45,1864116,2506983304.00,2.37,1.03,38.56,1.28
2021-03-08,3796.03,3683.30,3824.30,3681.65,2600354,3567998848.00,3.76,-2.87,-108.82,1.78
2021-03-09,3679.21,3572.12,3679.21,3514.75,2047471,2996125642.00,4.47,-3.02,-111.18,1.40
2021-03-10,3600.61,3544.67,3605.71,3539.48,1364770,1914266294.00,1.85,-0.77,-27.45,0.93
2021-03-11,3554.04,3590.55,3593.24,3506.12,1372678,1984243967.00,2.46,1.29,45.88,0.94
2021-03-12,3589.41,3598.59,3605.75,3534.74,1543368,2039755147.00,1.98,0.22,8.04,1.06
2021-03-15,3579.55,3537.53,3586.38,3516.47,1219674,1961148810.00,1.94,-1.70,-61.06,0.84
2021-03-16,3542.86,3571.61,3571.75,3535.87,987763,1386919346.00,1.01,0.96,34.08,0.68
2021-03-17,3587.43,3656.96,3657.65,3587.43,1926379,2289447438.00,1.97,2.39,85.35,1.32
2021-03-18,3646.61,3626.22,3646.61,3607.34,1341466,1587464305.00,1.07,-0.84,-30.74,0.92
2021-03-19,3597.87,3576.18,3612.41,3561.50,1158514,1463946376.00,1.40,-1.38,-50.04,0.79
2021-03-22,3576.23,3629.68,3630.20,3560.94,1244814,1553913330.00,1.94,1.50,53.50,0.85
2021-03-23,3629.24,3607.80,3641.03,3588.92,1381243,1796567235.00,1.44,-0.60,-21.88,0.95
2021-03-24,3600.33,3616.77,3623.81,3593.16,1191924,1598843724.00,0.85,0.25,8.97,0.82
2021-03-25,3619.85,3617.52,3649.09,3614.42,1204631,1606834768.00,0.96,0.02,0.75,0.83
2021-03-26,3615.64,3639.74,3657.14,3612.61,1241457,1652350574.00,1.23,0.61,22.22,0.85
2021-03-29,3645.82,3638.63,3672.25,3634.73,1194441,1572955897.00,1.03,-0.03,-1.11,0.82
2021-03-30,3632.13,3648.41,3649.86,3606.92,1100074,1436129779.00,1.18,0.27,9.78,0.75
2021-03-31,3652.16,3627.65,3652.16,3608.25,1406962,1641240794.00,1.20,-0.57,-20.76,0.96
2021-04-01,3624.90,3612.49,3629.25,3591.36,1041195,1241910262.00,1.04,-0.42,-15.16,0.71
2021-04-02,3607.58,3636.80,3638.17,3598.21,1266466,1617743711.00,1.11,0.67,24.31,0.87
2021-04-06,3639.08,3652.55,3653.26,3619.16,969964,1208697772.00,0.94,0.43,15.75,0.66
2021-04-07,3650.23,3653.93,3654.78,3613.58,1212403,1569431089.00,1.13,0.04,1.38,0.83
2021-04-08,3643.91,3632.82,3649.24,3618.53,1144387,1451316256.00,0.84,-0.58,-21.11,0.78
2021-04-09,3636.82,3640.88,3645.38,3615.29,1158819,1804865424.00,0.83,0.22,8.06,0.79
2021-04-12,3705.38,3655.53,3719.64,3652.40,1555206,2001976789.00,1.85,0.40,14.65,1.07
2021-04-13,3711.13,3765.55,3768.35,3711.13,2421186,3302488042.00,1.57,3.01,110.02,1.66
2021-04-14,3784.26,3666.90,3784.26,3662.19,2516275,2756967160.00,3.24,-2.62,-98.65,1.72
2021-04-15,3633.59,3586.96,3633.59,3578.27,1836700,2092405737.00,1.51,-2.18,-79.94,1.26
2021-04-16,3588.61,3600.83,3612.17,3578.17,1319317,1641927878.00,0.95,0.39,13.87,0.90
2021-04-19,3591.30,3640.96,3640.96,3584.76,1551557,2044762377.00,1.56,1.11,40.13,1.06
2021-04-20,3633.49,3676.44,3707.70,3633.21,1881166,2678242990.00,2.05,0.97,35.48,1.29
2021-04-21,3664.26,3657.79,3667.72,3629.47,1225571,1734407361.00,1.04,-0.51,-18.65,0.84
2021-04-22,3655.88,3666.26,3667.07,3640.83,1134731,1561617045.00,0.72,0.23,8.47,0.78
2021-04-23,3667.15,3639.57,3667.15,3633.34,1204406,1808719728.00,0.92,-0.73,-26.69,0.82
2021-04-26,3633.70,3585.32,3633.93,3582.28,1288472,1808438487.00,1.42,-1.49,-54.25,0.88
2021-04-27,3581.51,3566.09,3588.37,3546.83,1073329,1657543543.00,1.16,-0.54,-19.23,0.74
2021-04-28,3552.29,3553.72,3580.03,3545.85,1272250,1731499438.00,0.96,-0.35,-12.37,0.87
2021-04-29,3554.79,3567.62,3589.96,3536.64,888955,1243486284.00,1.50,0.39,13.90,0.61
2021-04-30,3559.81,3508.23,3559.81,3492.16,1905334,2313571336.00,1.90,-1.66,-59.39,1.30
2021-05-06,3501.91,3477.42,3518.41,3468.29,1792499,2268696772.00,1.43,-0.88,-30.81,1.23
2021-05-07,3473.67,3462.22,3489.75,3452.67,1455870,2071366423.00,1.07,-0.44,-15.20,1.00
2021-05-10,3470.07,3423.92,3470.07,3410.02,1615382,2130587537.00,1.73,-1.11,-38.30,1.11
2021-05-11,3420.59,3470.00,3474.86,3420.59,2024860,2099041498.00,1.59,1.35,46.08,1.39
2021-05-12,3455.98,3562.12,3568.99,3454.19,4102535,4218867366.00,3.31,2.65,92.12,2.81
2021-05-13,3532.97,3553.95,3577.11,3528.04,2868233,3199030758.00,1.38,-0.23,-8.17,1.96
2021-05-14,3558.23,3579.80,3591.79,3551.98,1871484,2417720946.00,1.12,0.73,25.85,1.28
2021-05-17,3578.94,3558.40,3581.31,3550.62,1653362,2623623239.00,0.86,-0.60,-21.40,1.13
2021-05-18,3563.41,3574.58,3581.12,3537.60,1433851,1807029914.00,1.22,0.45,16.18,0.98
2021-05-19,3566.79,3559.28,3572.80,3545.66,1408681,1857975696.00,0.76,-0.43,-15.30,0.96
2021-05-20,3543.14,3533.92,3552.53,3513.58,1412250,1720240230.00,1.09,-0.71,-25.36,0.97
2021-05-21,3540.83,3526.67,3550.21,3521.17,1306152,1815073048.00,0.82,-0.21,-7.25,0.89
2021-05-24,3533.14,3533.85,3544.37,3514.48,1659090,2214500820.00,0.85,0.20,7.18,1.14
2021-05-25,3525.91,3536.61,3537.05,3511.32,1300991,1783970376.00,0.73,0.08,2.76,0.89
2021-05-26,3536.71,3563.46,3567.98,3535.40,1226711,1728007079.00,0.92,0.76,26.85,0.84
2021-05-27,3552.69,3540.83,3552.69,3529.85,1218254,1959316295.00,0.64,-0.64,-22.63,0.83
2021-05-28,3546.04,3516.10,3546.04,3507.35,1255772,2378987434.00,1.09,-0.70,-24.73,0.86
2021-05-31,3516.99,3519.20,3521.84,3499.03,1182609,1843540269.00,0.65,0.09,3.10,0.81
2021-06-01,3513.44,3573.75,3578.33,3505.32,2055114,2748907965.00,2.07,1.55,54.55,1.41
2021-06-02,3567.81,3590.70,3600.84,3563.02,2235822,2907221944.00,1.06,0.47,16.95,1.53
2021-06-03,3584.53,3552.35,3584.53,3548.58,1467959,1777884345.00,1.00,-1.07,-38.35,1.01
2021-06-04,3547.14,3577.65,3588.07,3545.08,1524676,1847877336.00,1.21,0.71,25.30,1.04
2021-06-07,3574.53,3537.65,3574.53,3523.57,1762487,2651295476.00,1.42,-1.12,-40.00,1.21
2021-06-08,3536.54,3507.05,3536.54,3493.16,1147502,1749804390.00,1.23,-0.86,-30.60,0.79
2021-06-09,3506.00,3498.41,3508.10,3481.32,1061357,1448056847.00,0.76,-0.25,-8.64,0.73
2021-06-10,3495.94,3468.61,3495.94,3460.99,1253716,1637721698.00,1.00,-0.85,-29.80,0.86
2021-06-11,3470.84,3425.37,3470.84,3423.53,1112363,1584295707.00,1.36,-1.25,-43.24,0.76
2021-06-15,3418.00,3378.45,3418.00,3360.12,1171757,1550965683.00,1.69,-1.37,-46.92,0.80
2021-06-16,3379.34,3371.13,3407.47,3364.30,990480,1305195173.00,1.28,-0.22,-7.32,0.68
2021-06-17,3368.13,3326.14,3372.06,3311.58,2113481,1978313532.00,1.79,-1.33,-44.99,1.45
2021-06-18,3320.15,3356.32,3364.08,3305.13,1229221,1406948933.00,1.77,0.91,30.18,0.84
2021-06-21,3354.79,3362.44,3392.37,3348.62,2515219,2980957858.00,1.30,0.18,6.12,1.72
2021-06-22,3360.97,3386.46,3397.86,3353.92,2146589,2449390837.00,1.31,0.71,24.02,1.47
2021-06-23,3388.82,3394.70,3395.80,3347.02,1958581,2412771872.00,1.44,0.24,8.24,1.34
2021-06-24,3383.03,3366.98,3383.03,3362.24,1100746,1295526064.00,0.61,-0.82,-27.72,0.75
2021-06-25,3369.10,3371.03,3378.05,3348.26,1091400,1378262256.00,0.88,0.12,4.05,0.75
2021-06-28,3413.16,3504.58,3511.61,3413.16,3236517,3061771275.00,2.92,3.96,133.55,2.22
2021-06-29,3493.47,3431.74,3493.47,3429.78,2098724,2152240952.00,1.82,-2.08,-72.84,1.44
2021-06-30,3423.03,3423.49,3442.63,3403.30,1316049,1735677809.00,1.15,-0.24,-8.25,0.90
2021-07-01,3428.21,3436.63,3473.42,3428.21,1295092,1660783578.00,1.32,0.38,13.14,0.89
2021-07-02,3417.35,3438.81,3480.17,3416.06,2029661,2085764115.00,1.87,0.06,2.18,1.39
2021-07-05,3438.62,3463.94,3465.73,3411.07,2446712,2581488180.00,1.59,0.73,25.13,1.68
2021-07-06,3470.84,3476.42,3481.90,3432.97,2644268,2850373449.00,1.41,0.36,12.48,1.81
2021-07-07,3462.48,3437.40,3475.16,3425.94,1825146,2028796647.00,1.42,-1.12,-39.02,1.25
2021-07-08,3435.56,3398.03,3436.55,3392.91,1766793,2208285334.00,1.27,-1.15,-39.37,1.21
2021-07-09,3392.67,3391.88,3402.64,3373.64,1573831,2023466667.00,0.85,-0.18,-6.15,1.08
2021-07-12,3402.87,3388.47,3402.87,3368.35,2406119,2778444048.00,1.02,-0.10,-3.41,1.65
2021-07-13,3386.67,3401.21,3409.45,3375.04,1706807,1891131693.00,1.02,0.38,12.74,1.17
2021-07-14,3391.33,3350.56,3391.83,3350.04,1575414,1661841284.00,1.23,-1.49,-50.65,1.08
2021-07-15,3333.36,3264.50,3333.36,3238.02,1666681,1879678261.00,2.85,-2.57,-86.06,1.14
2021-07-16,3253.08,3218.20,3253.08,3214.99,1251516,1598142501.00,1.17,-1.42,-46.30,0.86
2021-07-19,3216.17,3203.60,3220.69,3164.02,2464155,2519744806.00,1.76,-0.45,-14.60,1.69
2021-07-20,3187.62,3211.40,3211.61,3187.62,1196555,1430977690.00,0.75,0.24,7.80,0.82
2021-07-21,3215.25,3213.40,3227.05,3195.91,1156486,1347810616.00,0.97,0.06,2.00,0.79
2021-07-22,3212.08,3192.96,3212.08,3188.70,1262089,1556853694.00,0.73,-0.64,-20.44,0.86
2021-07-23,3195.54,3126.41,3195.54,3118.82,1905324,2219249776.00,2.40,-2.08,-66.55,1.30
2021-07-26,3122.98,3088.31,3127.45,3063.83,2178602,2332602938.00,2.03,-1.22,-38.10,1.49
2021-07-27,3085.29,3038.63,3104.98,3038.63,1777007,2286520382.00,2.15,-1.61,-49.68,1.22
2021-07-28,3034.44,2959.77,3034.44,2935.49,1454656,2226631374.00,3.26,-2.60,-78.86,1.00
2021-07-29,2975.80,3000.38,3012.86,2974.33,3349803,3940801714.00,1.30,1.37,40.61,2.29
2021-07-30,2988.60,3033.28,3035.42,2965.09,2918448,3599175537.00,2.34,1.10,32.90,2.00
2021-08-02,3017.50,3096.77,3118.80,2997.13,3613344,4475580176.00,4.01,2.09,63.49,2.47
2021-08-03,3091.33,3119.15,3134.02,3087.79,2545822,3289614284.00,1.49,0.72,22.38,1.74
2021-08-04,3126.61,3097.26,3126.61,3086.86,1774623,2142070265.00,1.27,-0.70,-21.89,1.22
2021-08-05,3094.24,3105.96,3128.44,3085.00,3283802,3525163933.00,1.40,0.28,8.70,2.25
2021-08-06,3096.21,3095.61,3104.22,3068.08,2050605,2213442145.00,1.16,-0.33,-10.35,1.40
2021-08-09,3092.83,3193.82,3200.16,3092.83,2290265,2769430682.00,3.47,3.17,98.21,1.57
2021-08-10,3195.36,3213.13,3223.29,3163.04,2192341,2607983508.00,1.89,0.60,19.31,1.50
2021-08-11,3199.07,3209.23,3219.21,3192.35,1874945,2043902581.00,0.84,-0.12,-3.90,1.28
2021-08-12,3214.19,3180.90,3239.98,3180.86,1806180,2044914642.00,1.84,-0.88,-28.33,1.24
2021-08-13,3177.84,3175.28,3178.65,3146.05,2058818,2090718367.00,1.02,-0.18,-5.62,1.41
2021-08-16,3176.32,3179.38,3187.21,3161.89,2307244,2360890463.00,0.80,0.13,4.10,1.58
2021-08-17,3175.18,3098.33,3175.18,3096.43,1742498,1804928757.00,2.48,-2.55,-81.05,1.19
2021-08-18,3095.51,3094.23,3104.48,3074.15,1179517,1399350774.00,0.98,-0.13,-4.10,0.81
2021-08-19,3082.13,3069.80,3103.20,3069.03,1263568,1259179498.00,1.10,-0.79,-24.43,0.87
2021-08-20,3063.21,3032.89,3063.21,2998.62,1238170,1539315388.00,2.10,-1.20,-36.91,0.85
2021-08-23,3025.33,3066.58,3072.49,3025.33,1369917,1527687147.00,1.55,1.11,33.69,0.94
2021-08-24,3067.75,3067.72,3082.95,3058.96,1455814,1671650343.00,0.78,0.04,1.14,1.00
2021-08-25,3063.47,3108.05,3110.13,3055.63,2112182,1894812388.00,1.78,1.31,40.33,1.45
2021-08-26,3097.13,3052.58,3097.13,3052.46,1562188,1708492239.00,1.44,-1.78,-55.47,1.07
2021-08-27,3037.25,2998.18,3037.25,2989.65,1078619,1450055589.00,1.56,-1.78,-54.40,0.74
2021-08-30,3006.19,2989.80,3014.49,2979.72,1588966,2005603328.00,1.16,-0.28,-8.38,1.09
2021-08-31,2994.43,3005.55,3024.67,2982.14,1396831,1607638592.00,1.42,0.53,15.75,0.96
2021-09-01,3007.31,3022.33,3022.51,2975.39,1286668,1499879639.00,1.57,0.56,16.78,0.88
2021-09-02,3023.33,3020.17,3031.49,3002.54,1280633,1330643705.00,0.96,-0.07,-2.16,0.88
2021-09-03,3024.02,3103.11,3103.11,3018.59,3032365,2870663271.00,2.80,2.75,82.94,2.08
2021-09-06,3088.77,3103.03,3103.34,3065.11,2032238,2152618234.00,1.23,0.00,-0.08,1.39
2021-09-07,3101.83,3115.81,3120.51,3094.59,1723148,1769313463.00,0.84,0.41,12.78,1.18
2021-09-08,3113.62,3131.19,3136.52,3104.25,2535675,2446218417.00,1.04,0.49,15.38,1.74
2021-09-09,3131.69,3130.43,3151.65,3120.19,2379387,2600234762.00,1.00,-0.02,-0.76,1.63
2021-09-10,3123.92,3100.55,3144.90,3098.03,1816224,1916373302.00,1.50,-0.95,-29.88,1.24
2021-09-13,3091.97,3108.50,3108.50,3080.75,1759756,1958014743.00,0.90,0.26,7.95,1.21
2021-09-14,3117.50,3049.49,3117.50,3048.12,1536229,1534909080.00,2.23,-1.90,-59.01,1.05
2021-09-15,3042.72,3054.01,3063.72,3026.96,1404481,1546923219.00,1.21,0.15,4.52,0.96
2021-09-16,3056.71,3137.35,3167.58,3051.94,3994545,3652554358.00,3.79,2.73,83.34,2.74
2021-09-17,3135.20,3139.21,3139.32,3074.81,2921550,2817689446.00,2.06,0.06,1.86,2.00
2021-09-22,3093.40,3078.88,3094.94,3061.46,1853202,1762967418.00,1.07,-1.92,-60.33,1.27
2021-09-23,3076.84,3144.41,3149.89,3076.84,2032981,2000708770.00,2.37,2.13,65.53,1.39
2021-09-24,3131.82,3126.88,3172.82,3111.66,2418620,2573082514.00,1.95,-0.56,-17.53,1.66
2021-09-27,3111.78,3204.64,3215.64,3107.77,2932970,3569836755.00,3.45,2.49,77.76,2.01
2021-09-28,3190.92,3163.40,3190.92,3141.74,1668804,1979075686.00,1.53,-1.29,-41.24,1.14
2021-09-29,3143.33,3138.72,3173.90,3107.74,2083623,2448809148.00,2.09,-0.78,-24.68,1.43
2021-09-30,3137.42,3189.46,3205.70,3137.42,1852374,2159514234.00,2.18,1.62,50.74,1.27
2021-10-08,3206.75,3338.07,3356.29,3206.33,3893964,4038201183.00,4.70,4.66,148.61,2.67
2021-10-11,3349.75,3360.30,3381.74,3313.09,3757397,3847983467.00,2.06,0.67,22.23,2.57
2021-10-12,3339.25,3345.38,3369.33,3306.17,2969471,2878768750.00,1.88,-0.44,-14.92,2.03
2021-10-13,3348.35,3320.21,3348.35,3263.54,2139144,2285314451.00,2.54,-0.75,-25.17,1.47
2021-10-14,3304.78,3325.37,3344.23,3282.55,3005475,2934272411.00,1.86,0.16,5.16,2.06
2021-10-15,3276.79,3226.91,3340.13,3220.68,4954976,4526845842.00,3.59,-2.96,-98.46,3.39
2021-10-18,3214.63,3273.13,3279.45,3152.84,3633011,3382697497.00,3.92,1.43,46.22,2.49
2021-10-19,3270.52,3417.32,3424.56,3252.82,5166007,5176300589.00,5.25,4.41,144.19,3.54
2021-10-20,3388.34,3328.84,3395.41,3322.70,3838729,4788551493.00,2.13,-2.59,-88.48,2.63
2021-10-21,3333.70,3261.17,3342.06,3246.32,2929362,3428259297.00,2.88,-2.03,-67.67,2.01
2021-10-22,3263.17,3224.51,3276.09,3216.80,2204286,2325779519.00,1.82,-1.12,-36.66,1.51
2021-10-25,3272.23,3205.71,3284.58,3192.57,2690720,2780554948.00,2.85,-0.58,-18.80,1.84
2021-10-26,3190.27,3179.71,3214.82,3162.20,1813392,1926040608.00,1.64,-0.81,-26.00,1.24
2021-10-27,3179.05,3176.52,3205.90,3143.95,3272786,3070695553.00,1.95,-0.10,-3.19,2.24
2021-10-28,3153.74,3122.23,3170.17,3114.18,2135680,2284305404.00,1.76,-1.71,-54.29,1.46
2021-10-29,3131.12,3213.34,3228.34,3131.12,2581474,2587199950.00,3.11,2.92,91.11,1.77
2021-11-01,3208.32,3248.42,3265.12,3181.83,3971520,3878792281.00,2.59,1.09,35.08,2.72
2021-11-02,3250.24,3261.00,3278.92,3212.25,3544158,3634718261.00,2.05,0.39,12.58,2.43
2021-11-03,3250.25,3415.87,3433.38,3250.25,6327316,6449529956.00,5.62,4.75,154.87,4.33
2021-11-04,3410.67,3481.43,3494.18,3404.55,4841940,4943065664.00,2.62,1.92,65.56,3.32
2021-11-05,3479.86,3434.90,3495.62,3432.55,3189181,3384342097.00,1.81,-1.34,-46.53,2.18
2021-11-08,3435.68,3384.75,3448.77,3375.98,2724171,2892805552.00,2.12,-1.46,-50.15,1.87
2021-11-09,3391.15,3419.26,3427.15,3380.15,3613273,3950604789.00,1.39,1.02,34.51,2.47
2021-11-10,3404.41,3410.25,3430.32,3380.11,2474320,2667791234.00,1.47,-0.26,-9.01,1.69
2021-11-11,3411.63,3418.68,3450.07,3408.84,2158790,2331488493.00,1.21,0.25,8.43,1.48
2021-11-12,3424.15,3419.11,3456.31,3419.11,2906366,3074162399.00,1.09,0.01,0.43,1.99
2021-11-15,3432.73,3466.57,3498.54,3414.40,5181755,5411563642.00,2.46,1.39,47.46,3.55
2021-11-16,3471.88,3484.78,3498.53,3466.75,3389285,3617348578.00,0.92,0.53,18.21,2.32
2021-11-17,3480.03,3466.93,3486.83,3439.90,2504721,2834768488.00,1.35,-0.51,-17.85,1.72
2021-11-18,3461.33,3446.92,3492.30,3440.75,2110289,2365871993.00,1.49,-0.58,-20.01,1.45
2021-11-19,3437.47,3440.22,3448.62,3406.68,2086450,2227531089.00,1.22,-0.19,-6.70,1.43
2021-11-22,3447.91,3442.86,3448.26,3409.68,2089769,2614522715.00,1.12,0.08,2.64,1.43
2021-11-23,3436.45,3406.38,3453.28,3403.16,2231173,2589847968.00,1.46,-1.06,-36.48,1.53
2021-11-24,3403.34,3387.97,3403.34,3356.52,3129870,3138671372.00,1.37,-0.54,-18.41,2.14
2021-11-25,3387.66,3380.76,3394.00,3371.18,1656319,1823269577.00,0.67,-0.21,-7.21,1.13
2021-11-26,3387.54,3352.31,3387.54,3334.43,1558076,1628266833.00,1.57,-0.84,-28.45,1.07
2021-11-29,3312.14,3339.42,3350.91,3312.14,1735669,1925407169.00,1.16,-0.38,-12.89,1.19
2021-11-30,3346.32,3328.84,3353.11,3315.53,1490050,1785810112.00,1.13,-0.32,-10.58,1.02
2021-12-01,3326.80,3333.17,3333.17,3308.59,1059222,1301361164.00,0.74,0.13,4.33,0.73
2021-12-02,3338.47,3336.96,3374.12,3332.73,1488710,1617059840.00,1.24,0.11,3.79,1.02
2021-12-03,3330.71,3403.12,3407.36,3330.57,2136377,2875267071.00,2.30,1.98,66.16,1.46
2021-12-06,3399.89,3313.59,3399.89,3313.59,1954423,2232880150.00,2.54,-2.63,-89.53,1.34
2021-12-07,3321.15,3319.36,3340.00,3301.95,1657584,1963840435.00,1.15,0.17,5.77,1.14
2021-12-08,3322.28,3421.38,3421.77,3311.79,2268746,2503134727.00,3.31,3.07,102.02,1.55
2021-12-09,3429.16,3473.19,3492.96,3429.16,2743071,3104637175.00,1.86,1.51,51.81,1.88
2021-12-10,3479.72,3493.04,3497.06,3459.13,2407933,2669840341.00,1.09,0.57,19.85,1.65
2021-12-13,3503.71,3484.92,3509.31,3472.50,2618812,2982885649.00,1.05,-0.23,-8.12,1.79
2021-12-14,3479.57,3502.43,3517.41,3463.78,1690552,1914975590.00,1.54,0.50,17.51,1.16
2021-12-15,3499.37,3498.25,3511.21,3482.69,1298970,1443408188.00,0.81,-0.12,-4.18,0.89
2021-12-16,3505.76,3500.97,3516.54,3486.63,1965040,2172611440.00,0.85,0.08,2.72,1.35
2021-12-17,3491.80,3482.52,3507.83,3478.29,1879693,2124227113.00,0.84,-0.53,-18.45,1.29
2021-12-20,3487.55,3487.91,3522.00,3474.96,2571949,2816222049.00,1.35,0.15,5.39,1.76
2021-12-21,3488.67,3567.96,3567.96,3480.59,2646821,2738958993.00,2.50,2.30,80.05,1.81
2021-12-22,3562.35,3616.72,3626.56,3549.02,3338844,3622258084.00,2.17,1.37,48.76,2.29
2021-12-23,3624.23,3762.25,3768.78,3624.23,5574018,5533924024.00,4.00,4.02,145.53,3.82
2021-12-24,3743.06,3802.84,3811.49,3729.34,3924980,4430893534.00,2.18,1.08,40.59,2.69
2021-12-27,3809.27,3821.16,3839.42,3789.45,3742638,4380845222.00,1.31,0.48,18.32,2.56
2021-12-28,3823.64,3827.38,3851.64,3801.31,3028681,3776601263.00,1.32,0.16,6.22,2.07
2021-12-29,3829.60,3759.23,3829.60,3748.26,2872040,3523272967.00,2.13,-1.78,-68.15,1.97
2021-12-30,3766.43,3798.87,3808.59,3756.82,2195176,2653094727.00,1.38,1.05,39.64,1.50
2021-12-31,3798.06,3854.35,3871.01,3771.13,2364555,2876572998.00,2.63,1.46,55.48,1.62