MTk5Ny0wNi0wNiwxLjY1LDEuNTUsMS42NywxLjUwLDIwNzc4OSwzMjEwMzEwMDAuMDAsMjMuOTQsMTE4LjMxLDAuODQsNjkuMjY=
1997-06-09,1.54,1.48,1.55,1.42,36826,51307000.00,8.39,-4.52,-0.07,12.28
1997-06-10,1.46,1.39,1.50,1.37,20416,28176000.00,8.78,-6.08,-0.09,6.81
1997-06-11,1.39,1.46,1.48,1.36,27215,36667000.00,8.63,5.04,0.07,9.07
1997-06-12,1.46,1.41,1.46,1.40,15380,20898000.00,4.11,-3.42,-0.05,5.13
1997-06-13,1.32,1.46,1.48,1.32,23640,32082000.00,11.35,3.55,0.05,7.88
1997-06-16,1.46,1.47,1.52,1.44,23871,33858000.00,5.48,0.68,0.01,7.96
1997-06-17,1.46,1.45,1.50,1.44,13327,18811000.00,4.08,-1.36,-0.02,4.44
1997-06-18,1.46,1.41,1.48,1.40,11116,15217000.00,5.52,-2.76,-0.04,3.71
1997-06-19,1.42,1.40,1.46,1.40,9756,13248000.00,4.26,-0.71,-0.01,3.25
1997-06-20,1.43,1.46,1.48,1.42,11266,15580000.00,4.29,4.29,0.06,3.76
1997-06-23,1.49,1.42,1.50,1.41,13257,18303000.00,6.16,-2.74,-0.04,4.42
1997-06-24,1.42,1.43,1.46,1.42,10395,14219000.00,2.82,0.70,0.01,3.47
1997-06-25,1.44,1.42,1.44,1.41,7027,9549000.00,2.10,-0.70,-0.01,2.34
1997-06-26,1.41,1.38,1.42,1.36,11306,14917000.00,4.23,-2.82,-0.04,3.77
1997-06-27,1.38,1.33,1.40,1.33,14774,19061000.00,5.07,-3.62,-0.05,4.92
1997-07-02,1.33,1.25,1.36,1.21,9882,11896000.00,11.28,-6.02,-0.08,3.29
1997-07-03,1.26,1.23,1.27,1.21,8272,9569000.00,4.80,-1.60,-0.02,2.76
1997-07-04,1.23,1.23,1.26,1.19,5261,6103000.00,5.69,0.00,0.00,1.75
1997-07-07,1.24,1.21,1.27,1.20,8043,9388000.00,5.69,-1.63,-0.02,2.68
1997-07-08,1.23,1.29,1.30,1.22,13078,15630000.00,6.61,6.61,0.08,4.36
1997-07-09,1.29,1.29,1.30,1.27,8609,10451000.00,2.33,0.00,0.00,2.87
1997-07-10,1.29,1.31,1.35,1.28,10016,12517000.00,5.43,1.55,0.02,3.34
1997-07-11,1.33,1.37,1.38,1.32,12568,16235000.00,4.58,4.58,0.06,4.19
1997-07-14,1.39,1.38,1.40,1.35,15215,19873000.00,3.65,0.73,0.01,5.07
1997-07-15,1.39,1.41,1.42,1.36,14886,19889000.00,4.35,2.17,0.03,4.96
1997-07-16,1.40,1.38,1.41,1.37,12115,15960000.00,2.84,-2.13,-0.03,4.04
1997-07-17,1.37,1.41,1.42,1.37,10084,13335000.00,3.62,2.17,0.03,3.36
1997-07-18,1.42,1.40,1.42,1.39,8045,10752000.00,2.13,-0.71,-0.01,2.68
1997-07-21,1.40,1.40,1.44,1.39,9922,13410000.00,3.57,0.00,0.00,3.31
1997-07-22,1.40,1.40,1.41,1.35,8810,11520000.00,4.29,0.00,0.00,2.94
1997-07-23,1.44,1.42,1.47,1.41,17626,24390000.00,4.29,1.43,0.02,5.88
1997-07-24,1.42,1.38,1.42,1.37,9105,12058000.00,3.52,-2.82,-0.04,3.04
1997-07-25,1.36,1.40,1.42,1.36,6554,8646000.00,4.35,1.45,0.02,2.18
1997-07-28,1.44,1.42,1.45,1.40,13677,18707000.00,3.57,1.43,0.02,4.56
1997-07-29,1.42,1.47,1.47,1.42,14756,20343000.00,3.52,3.52,0.05,4.92
1997-07-30,1.48,1.51,1.54,1.47,31498,45706000.00,4.76,2.72,0.04,10.50
1997-07-31,1.52,1.51,1.52,1.49,13532,19556000.00,1.99,0.00,0.00,4.51
1997-08-01,1.52,1.53,1.54,1.50,14976,21979000.00,2.65,1.32,0.02,4.99
1997-08-04,1.53,1.50,1.54,1.50,9187,13389000.00,2.61,-1.96,-0.03,3.06
1997-08-05,1.50,1.50,1.52,1.48,7204,10335000.00,2.67,0.00,0.00,2.40
1997-08-06,1.49,1.45,1.51,1.45,7255,10327000.00,4.00,-3.33,-0.05,2.42
1997-08-07,1.45,1.48,1.49,1.43,10197,14121000.00,4.14,2.07,0.03,3.40
1997-08-08,1.49,1.45,1.51,1.44,7773,10954000.00,4.73,-2.03,-0.03,2.59
1997-08-11,1.37,1.35,1.40,1.33,11132,14495000.00,4.83,-6.90,-0.10,3.71
1997-08-12,1.35,1.31,1.37,1.31,7238,9232000.00,4.44,-2.96,-0.04,2.41
1997-08-13,1.31,1.32,1.34,1.31,5411,6757000.00,2.29,0.76,0.01,1.80
1997-08-14,1.32,1.38,1.38,1.32,4260,5490000.00,4.55,4.55,0.06,1.42
1997-08-15,1.40,1.35,1.40,1.33,4439,5707000.00,5.07,-2.17,-0.03,1.48
1997-08-18,1.33,1.35,1.35,1.33,2188,2763000.00,1.48,0.00,0.00,0.73
1997-08-19,1.35,1.36,1.39,1.34,2593,3382000.00,3.70,0.74,0.01,0.86
1997-08-20,1.35,1.37,1.38,1.35,1032,1337000.00,2.21,0.74,0.01,0.34
1997-08-21,1.37,1.38,1.39,1.37,1954,2562000.00,1.46,0.73,0.01,0.65
1997-08-22,1.37,1.37,1.38,1.35,2746,3556000.00,2.17,-0.72,-0.01,0.92
1997-08-25,1.38,1.35,1.38,1.35,4001,5155000.00,2.19,-1.46,-0.02,1.33
1997-08-26,1.36,1.35,1.37,1.34,3505,4497000.00,2.22,0.00,0.00,1.17
1997-08-27,1.35,1.41,1.41,1.34,4896,6323000.00,5.19,4.44,0.06,1.63
1997-08-28,1.40,1.38,1.40,1.37,3212,4242000.00,2.13,-2.13,-0.03,1.07
1997-08-29,1.37,1.36,1.39,1.35,3252,4225000.00,2.90,-1.45,-0.02,1.08
1997-09-01,1.37,1.37,1.38,1.36,4171,5407000.00,1.47,0.74,0.01,1.39
1997-09-02,1.37,1.37,1.40,1.36,4388,5745000.00,2.92,0.00,0.00,1.46
1997-09-03,1.37,1.39,1.40,1.37,4431,5815000.00,2.19,1.46,0.02,1.48
1997-09-04,1.39,1.39,1.41,1.38,3596,4773000.00,2.16,0.00,0.00,1.20
1997-09-05,1.39,1.40,1.42,1.39,3247,4332000.00,2.16,0.72,0.01,1.08
1997-09-08,1.41,1.40,1.42,1.39,2390,3194000.00,2.14,0.00,0.00,0.80
1997-09-09,1.40,1.37,1.40,1.36,2890,3781000.00,2.86,-2.14,-0.03,0.96
1997-09-10,1.37,1.37,1.37,1.35,2036,2631000.00,1.46,0.00,0.00,0.68
1997-09-11,1.38,1.35,1.38,1.34,2487,3209000.00,2.92,-1.46,-0.02,0.83
1997-09-12,1.35,1.33,1.36,1.32,2265,2884000.00,2.96,-1.48,-0.02,0.76
1997-09-15,1.33,1.31,1.35,1.30,1765,2208000.00,3.76,-1.50,-0.02,0.59
1997-09-16,1.32,1.32,1.32,1.30,1609,1995000.00,1.53,0.76,0.01,0.54
1997-09-17,1.32,1.32,1.33,1.31,2213,2752000.00,1.52,0.00,0.00,0.74
1997-09-18,1.33,1.32,1.35,1.30,1898,2396000.00,3.79,0.00,0.00,0.63
1997-09-19,1.32,1.32,1.34,1.32,1002,1256000.00,1.52,0.00,0.00,0.33
1997-09-22,1.32,1.24,1.32,1.24,3343,3994000.00,6.06,-6.06,-0.08,1.11
1997-09-23,1.24,1.19,1.26,1.18,3591,4110000.00,6.45,-4.03,-0.05,1.20
1997-09-24,1.24,1.25,1.26,1.21,2619,3028000.00,4.20,5.04,0.06,0.87
1997-09-25,1.25,1.24,1.27,1.23,2396,2819000.00,3.20,-0.80,-0.01,0.80
1997-09-26,1.24,1.23,1.25,1.20,2046,2349000.00,4.03,-0.81,-0.01,0.68
1997-09-29,1.23,1.21,1.23,1.20,1545,1747000.00,2.44,-1.63,-0.02,0.52
1997-09-30,1.21,1.23,1.23,1.21,1668,1911000.00,1.65,1.65,0.02,0.56
1997-10-06,1.23,1.23,1.24,1.22,960,1108000.00,1.63,0.00,0.00,0.32
1997-10-07,1.23,1.21,1.23,1.21,864,984000.00,1.63,-1.63,-0.02,0.29
1997-10-08,1.24,1.27,1.28,1.24,3125,3711000.00,3.31,4.96,0.06,1.04
1997-10-09,1.26,1.25,1.27,1.25,1385,1638000.00,1.57,-1.57,-0.02,0.46
1997-10-10,1.25,1.27,1.27,1.25,1360,1616000.00,1.60,1.60,0.02,0.45
1997-10-13,1.28,1.25,1.29,1.24,831,985000.00,3.94,-1.57,-0.02,0.28
1997-10-14,1.24,1.25,1.25,1.24,541,632000.00,0.80,0.00,0.00,0.18
1997-10-15,1.25,1.27,1.27,1.25,1012,1194000.00,1.60,1.60,0.02,0.34
1997-10-16,1.27,1.30,1.31,1.27,2441,2991000.00,3.15,2.36,0.03,0.81
1997-10-17,1.31,1.32,1.33,1.30,3181,3965000.00,2.31,1.54,0.02,1.06
1997-10-20,1.32,1.30,1.33,1.30,2708,3362000.00,2.27,-1.52,-0.02,0.90
1997-10-21,1.31,1.29,1.32,1.28,2502,3056000.00,3.08,-0.77,-0.01,0.83
1997-10-22,1.29,1.31,1.35,1.28,5909,7264000.00,5.43,1.55,0.02,1.97
1997-10-23,1.31,1.31,1.34,1.31,4521,5678000.00,2.29,0.00,0.00,1.51
1997-10-24,1.31,1.33,1.34,1.30,2918,3613000.00,3.05,1.53,0.02,0.97
1997-10-27,1.35,1.42,1.42,1.35,15861,21134000.00,5.26,6.77,0.09,5.29
1997-10-28,1.42,1.35,1.42,1.34,8289,10857000.00,5.63,-4.93,-0.07,2.76
1997-10-29,1.33,1.36,1.37,1.32,3899,4998000.00,3.70,0.74,0.01,1.30
1997-10-30,1.37,1.36,1.41,1.35,5617,7373000.00,4.41,0.00,0.00,1.87
1997-10-31,1.34,1.35,1.36,1.33,3261,4132000.00,2.21,-0.74,-0.01,1.09
1997-11-03,1.35,1.34,1.36,1.33,2593,3302000.00,2.22,-0.74,-0.01,0.86
1997-11-04,1.36,1.35,1.37,1.34,1494,1911000.00,2.24,0.75,0.01,0.50
1997-11-05,1.34,1.37,1.38,1.34,1268,1640827.00,2.96,1.48,0.02,0.42
1997-11-06,1.38,1.35,1.40,1.35,3388,4415000.00,3.65,-1.46,-0.02,1.13
1997-11-07,1.35,1.38,1.40,1.34,3716,4840000.00,4.44,2.22,0.03,1.24
1997-11-10,1.40,1.37,1.41,1.35,5080,6686000.00,4.35,-0.72,-0.01,1.69
1997-11-11,1.36,1.35,1.36,1.33,2340,2986000.00,2.19,-1.46,-0.02,0.78
1997-11-12,1.35,1.33,1.36,1.32,2058,2621000.00,2.96,-1.48,-0.02,0.69
1997-11-13,1.33,1.35,1.35,1.32,2757,3482000.00,2.26,1.50,0.02,0.92
1997-11-14,1.35,1.35,1.37,1.32,2161,2767000.00,3.70,0.00,0.00,0.72
1997-11-17,1.37,1.34,1.37,1.34,1875,2405000.00,2.22,-0.74,-0.01,0.63
1997-11-18,1.34,1.33,1.35,1.33,1224,1552000.00,1.49,-0.75,-0.01,0.41
1997-11-19,1.35,1.33,1.37,1.33,1302,1655000.00,3.01,0.00,0.00,0.43
1997-11-20,1.34,1.34,1.36,1.33,1862,2362000.00,2.26,0.75,0.01,0.62
1997-11-21,1.34,1.31,1.34,1.31,2019,2526000.00,2.24,-2.24,-0.03,0.67
1997-11-24,1.29,1.27,1.29,1.27,2491,2997000.00,1.53,-3.05,-0.04,0.83
1997-11-25,1.27,1.27,1.27,1.25,1812,2155000.00,1.57,0.00,0.00,0.60
1997-11-26,1.27,1.27,1.27,1.27,1507,1804000.00,0.00,0.00,0.00,0.50
1997-11-27,1.27,1.25,1.27,1.25,1382,1637000.00,1.57,-1.57,-0.02,0.46
1997-11-28,1.24,1.27,1.27,1.23,1567,1843000.00,3.20,1.60,0.02,0.52
1997-12-01,1.26,1.26,1.26,1.24,1205,1421000.00,1.57,-0.79,-0.01,0.40
1997-12-02,1.26,1.26,1.28,1.25,1031,1226000.00,2.38,0.00,0.00,0.34
1997-12-03,1.27,1.27,1.28,1.26,938,1119000.00,1.59,0.79,0.01,0.31
1997-12-04,1.27,1.29,1.30,1.27,1334,1619000.00,2.36,1.57,0.02,0.44
1997-12-05,1.30,1.28,1.30,1.28,1384,1686000.00,1.55,-0.78,-0.01,0.46
1997-12-08,1.29,1.31,1.32,1.29,1549,1908000.00,2.34,2.34,0.03,0.52
1997-12-09,1.30,1.33,1.33,1.30,1766,2208000.00,2.29,1.53,0.02,0.59
1997-12-10,1.33,1.32,1.33,1.31,1340,1674000.00,1.50,-0.75,-0.01,0.45
1997-12-11,1.32,1.31,1.32,1.29,1429,1755000.00,2.27,-0.76,-0.01,0.48
1997-12-12,1.31,1.30,1.33,1.30,1678,2080000.00,2.29,-0.76,-0.01,0.56
1997-12-15,1.29,1.36,1.36,1.29,5711,7231000.00,5.38,4.62,0.06,1.90
1997-12-16,1.36,1.36,1.37,1.33,2875,3693000.00,2.94,0.00,0.00,0.96
1997-12-17,1.34,1.32,1.35,1.31,3429,4300000.00,2.94,-2.94,-0.04,1.14
1997-12-18,1.30,1.31,1.32,1.30,2818,3489000.00,1.52,-0.76,-0.01,0.94
1997-12-19,1.31,1.34,1.35,1.30,2527,3156000.00,3.82,2.29,0.03,0.84
1997-12-22,1.33,1.38,1.38,1.33,5133,6668000.00,3.73,2.99,0.04,1.71
1997-12-23,1.38,1.36,1.38,1.35,3603,4662000.00,2.17,-1.45,-0.02,1.20
1997-12-24,1.36,1.39,1.40,1.35,4669,6102000.00,3.68,2.21,0.03,1.56
1997-12-25,1.39,1.39,1.40,1.38,3427,4524000.00,1.44,0.00,0.00,1.14
1997-12-26,1.40,1.38,1.42,1.37,5043,6689000.00,3.60,-0.72,-0.01,1.68
1997-12-29,1.39,1.38,1.40,1.38,4292,5681000.00,1.45,0.00,0.00,1.43
1997-12-30,1.38,1.38,1.40,1.38,3055,4041000.00,1.45,0.00,0.00,1.02
1997-12-31,1.38,1.40,1.41,1.38,4471,5940000.00,2.17,1.45,0.02,1.49