2023-01-03,605.01,606.79,607.99,601.81,96605,67347905.00,1.03,0.73,4.41,0.49
2023-01-04,606.53,611.77,616.80,606.53,139442,80044365.00,1.69,0.82,4.98,0.70
2023-01-05,612.47,610.49,614.97,608.78,132841,80389915.00,1.01,-0.21,-1.28,0.67
2023-01-06,610.61,611.43,616.59,609.65,107795,69645143.00,1.14,0.15,0.94,0.54
2023-01-09,613.42,613.11,615.38,611.25,70023,48713845.00,0.68,0.27,1.68,0.35
2023-01-10,614.36,604.85,614.36,603.93,89067,63922183.00,1.70,-1.35,-8.26,0.45
2023-01-11,603.70,599.77,607.47,599.02,78126,50695309.00,1.40,-0.84,-5.08,0.39
2023-01-12,599.77,597.99,603.60,597.03,62987,41551068.00,1.10,-0.30,-1.78,0.32
2023-01-13,598.00,598.81,598.81,592.50,101105,56215066.00,1.06,0.14,0.82,0.51
2023-01-16,596.00,605.60,608.02,596.00,107580,66608444.00,2.01,1.13,6.79,0.54
2023-01-17,607.17,615.34,618.70,607.17,222816,135107823.00,1.90,1.61,9.74,1.13
2023-01-18,617.37,616.92,619.68,614.49,120640,73072281.00,0.84,0.26,1.58,0.61
2023-01-19,620.95,618.63,620.95,613.07,93441,64408997.00,1.28,0.28,1.71,0.47
2023-01-20,618.89,620.94,621.92,618.20,104426,64065646.00,0.60,0.37,2.31,0.53
2023-01-30,623.80,624.82,629.35,622.47,153874,113665365.00,1.11,0.62,3.88,0.78
2023-01-31,622.26,628.43,628.95,619.53,149715,100800877.00,1.51,0.58,3.61,0.76
2023-02-01,628.68,638.65,638.65,628.68,162535,117651422.00,1.59,1.63,10.22,0.82
2023-02-02,641.29,639.84,641.29,633.64,122675,97528918.00,1.20,0.19,1.19,0.62
2023-02-03,639.67,636.50,639.67,627.76,119973,82625512.00,1.86,-0.52,-3.34,0.61
2023-02-06,635.58,629.38,636.75,628.94,86458,58786261.00,1.23,-1.12,-7.12,0.44
2023-02-07,632.33,633.34,633.34,629.46,96070,70071820.00,0.62,0.63,3.96,0.49
2023-02-08,634.11,634.46,639.99,632.31,117554,82517959.00,1.21,0.18,1.12,0.59
2023-02-09,633.84,641.36,641.36,632.37,135409,99073543.00,1.42,1.09,6.90,0.68
2023-02-10,642.28,641.21,648.43,639.56,176439,134869838.00,1.38,-0.02,-0.15,0.89
2023-02-13,643.77,643.23,645.70,641.07,146040,107894941.00,0.72,0.32,2.02,0.74
2023-02-14,645.65,648.05,648.48,641.97,113592,84746692.00,1.01,0.75,4.82,0.57
2023-02-15,647.29,646.56,648.35,644.47,94920,73905448.00,0.60,-0.23,-1.49,0.48
2023-02-16,647.18,632.39,648.09,626.56,196854,146675996.00,3.33,-2.19,-14.17,0.99
2023-02-17,637.48,634.38,642.57,633.95,139542,97564591.00,1.36,0.31,1.99,0.70
2023-02-20,637.24,641.59,641.59,632.40,125960,94779688.00,1.45,1.14,7.21,0.64
2023-02-21,641.68,646.66,649.90,641.68,148480,117531980.00,1.28,0.79,5.07,0.75
2023-02-22,646.07,648.74,650.82,644.62,143113,116174027.00,0.96,0.32,2.08,0.72
2023-02-23,650.77,648.98,652.14,645.66,111363,93360371.00,1.00,0.04,0.24,0.56
2023-02-24,649.50,644.35,649.50,641.88,72005,55590473.00,1.17,-0.71,-4.63,0.36
2023-02-27,647.29,664.09,666.98,647.29,511343,279194017.00,3.06,3.06,19.74,2.58
2023-02-28,666.21,664.09,666.21,659.61,61166,57612573.00,0.99,0.00,0.00,0.31
2023-03-01,664.62,666.33,666.74,660.91,57038,53998581.00,0.88,0.34,2.24,0.29
2023-03-02,679.88,690.44,690.71,675.13,502342,293928842.00,2.34,3.62,24.11,2.54
2023-03-03,698.73,681.53,704.79,680.48,878201,520357071.00,3.52,-1.29,-8.91,4.43
2023-03-06,683.89,670.39,694.07,668.79,552391,335035151.00,3.71,-1.63,-11.14,2.79
2023-03-07,675.23,655.43,675.23,654.58,436946,259572301.00,3.08,-2.23,-14.96,2.21
2023-03-08,653.15,656.79,659.55,652.39,278559,176494751.00,1.09,0.21,1.36,1.41
2023-03-09,657.55,661.22,661.32,653.14,189974,116176679.00,1.25,0.67,4.43,0.96
2023-03-10,656.69,655.63,660.13,648.76,205602,137276345.00,1.72,-0.85,-5.59,1.04
2023-03-13,651.78,654.58,659.00,649.46,206975,131701497.00,1.46,-0.16,-1.05,1.05
2023-03-14,659.46,655.11,659.46,645.47,398973,297896382.00,2.14,0.08,0.53,2.01
2023-03-15,656.93,663.75,663.78,655.93,398797,291703497.00,1.20,1.32,8.64,2.01
2023-03-16,647.41,636.19,647.41,634.78,423860,319020852.00,1.90,-4.15,-27.56,2.14
2023-03-17,638.89,640.47,642.19,637.62,198845,141566419.00,0.72,0.67,4.28,1.00
2023-03-20,640.48,642.14,643.42,636.44,156119,119482781.00,1.09,0.26,1.67,0.79
2023-03-21,643.86,645.49,646.37,639.11,134597,94854848.00,1.13,0.52,3.35,0.68
2023-03-22,646.50,644.25,649.01,643.28,138879,101941738.00,0.89,-0.19,-1.24,0.70
2023-03-23,645.06,636.54,645.06,635.16,171128,126637584.00,1.54,-1.20,-7.71,0.86
2023-03-24,636.80,638.96,639.46,636.10,124399,86831342.00,0.53,0.38,2.42,0.63
2023-03-27,636.88,631.87,636.88,628.32,130746,102863826.00,1.34,-1.11,-7.09,0.66
2023-03-28,634.93,631.89,637.41,631.62,118251,89944025.00,0.92,0.00,0.02,0.60
2023-03-29,630.01,624.59,631.02,624.19,125181,86875385.00,1.08,-1.16,-7.30,0.63
2023-03-30,624.38,623.73,624.38,619.78,111547,89470106.00,0.74,-0.14,-0.86,0.56
2023-03-31,621.17,629.03,629.11,621.17,108594,84806302.00,1.27,0.85,5.30,0.55
2023-04-03,630.61,628.28,633.35,626.43,139039,100022645.00,1.10,-0.12,-0.75,0.70
2023-04-04,627.48,618.16,628.04,615.82,155516,112269195.00,1.94,-1.61,-10.12,0.79
2023-04-06,618.35,616.45,618.35,612.79,121924,90400867.00,0.90,-0.28,-1.71,0.62
2023-04-07,615.43,617.32,618.09,607.62,127538,114235825.00,1.70,0.14,0.87,0.64
2023-04-10,614.76,611.03,614.76,607.07,130911,104788258.00,1.25,-1.02,-6.29,0.66
2023-04-11,610.29,610.16,612.45,607.24,104508,77636071.00,0.85,-0.14,-0.87,0.53
2023-04-12,611.96,618.15,620.93,608.88,166985,99642042.00,1.97,1.31,7.99,0.84
2023-04-13,615.73,616.44,617.72,611.23,144714,95882314.00,1.05,-0.28,-1.71,0.73
2023-04-14,615.59,616.55,618.08,613.21,84817,62284764.00,0.79,0.02,0.11,0.43
2023-04-17,615.23,623.72,630.78,615.23,243193,148535925.00,2.52,1.16,7.17,1.23
2023-04-18,622.36,622.54,624.47,620.47,123380,83301742.00,0.64,-0.19,-1.18,0.62
2023-04-19,621.94,617.32,621.98,616.41,104465,67919435.00,0.89,-0.84,-5.22,0.53
2023-04-20,617.60,611.84,617.60,608.07,115654,82664756.00,1.54,-0.89,-5.48,0.58
2023-04-21,611.84,596.91,614.25,595.59,154912,123073944.00,3.05,-2.44,-14.93,0.78
2023-04-24,594.33,596.52,600.81,589.21,125060,83975230.00,1.94,-0.07,-0.39,0.63
2023-04-25,597.49,592.20,599.33,583.01,164895,106314315.00,2.74,-0.72,-4.32,0.83
2023-04-26,590.84,598.63,602.75,588.41,149513,95953886.00,2.42,1.09,6.43,0.75
2023-04-27,597.03,611.59,612.73,593.51,191661,123996912.00,3.21,2.16,12.96,0.97
2023-04-28,607.98,616.41,616.67,607.98,128044,90071751.00,1.42,0.79,4.82,0.65
2023-05-04,611.08,612.53,616.40,607.05,145474,101645216.00,1.52,-0.63,-3.88,0.73
2023-05-05,610.78,610.97,612.00,603.70,112668,78571988.00,1.36,-0.25,-1.56,0.57
2023-05-08,611.20,606.69,613.37,606.47,97505,68408938.00,1.13,-0.70,-4.28,0.49
2023-05-09,607.36,599.61,607.36,598.69,99603,69183745.00,1.43,-1.17,-7.08,0.50
2023-05-10,600.40,601.86,603.74,596.94,70427,50051017.00,1.13,0.38,2.25,0.36
2023-05-11,602.30,602.52,603.67,600.28,70536,49124760.00,0.56,0.11,0.66,0.36
2023-05-12,602.65,597.64,603.15,596.51,57904,41903056.00,1.10,-0.81,-4.88,0.29
2023-05-15,598.43,597.12,598.43,590.21,82679,57894413.00,1.38,-0.09,-0.52,0.42
2023-05-16,598.70,596.87,598.70,591.52,139367,85899335.00,1.20,-0.04,-0.25,0.70
2023-05-17,599.96,598.87,600.60,595.68,103697,68207986.00,0.82,0.34,2.00,0.52
2023-05-18,601.31,595.92,601.31,591.31,94645,68302657.00,1.67,-0.49,-2.95,0.48
2023-05-19,595.53,597.16,598.38,590.83,90093,59347354.00,1.27,0.21,1.24,0.45
2023-05-22,597.48,602.99,605.53,597.48,162337,102091735.00,1.35,0.98,5.83,0.82
2023-05-23,603.72,601.90,606.81,598.95,102584,63839308.00,1.30,-0.18,-1.09,0.52
2023-05-24,600.88,609.02,614.22,598.84,242121,142975914.00,2.56,1.18,7.12,1.22
2023-05-25,608.89,603.06,611.14,598.28,163763,103845879.00,2.11,-0.98,-5.96,0.83
2023-05-26,600.13,599.51,601.93,590.84,187602,121557838.00,1.84,-0.59,-3.55,0.95
2023-05-29,600.66,590.86,605.10,590.28,163347,105236594.00,2.47,-1.44,-8.65,0.82
2023-05-30,593.47,594.43,595.58,589.35,140122,89282821.00,1.05,0.60,3.57,0.71
2023-05-31,593.94,599.78,607.99,593.81,268238,164114192.00,2.39,0.90,5.35,1.35
2023-06-01,600.41,603.12,607.29,595.61,166088,108025634.00,1.95,0.56,3.34,0.84
2023-06-02,603.33,603.47,605.35,600.54,163857,104023836.00,0.80,0.06,0.35,0.83
2023-06-05,604.11,603.97,607.38,596.77,194730,117254965.00,1.76,0.08,0.50,0.98
2023-06-06,602.04,588.83,602.04,588.55,117799,75200251.00,2.23,-2.51,-15.14,0.59
2023-06-07,590.27,578.35,590.78,576.12,153936,101422552.00,2.49,-1.78,-10.48,0.78
2023-06-08,578.35,575.21,580.83,574.01,170082,102021396.00,1.18,-0.54,-3.14,0.86
2023-06-09,575.43,568.73,577.21,567.55,157383,91530724.00,1.68,-1.13,-6.48,0.79
2023-06-12,567.84,569.74,572.49,562.35,101646,64798543.00,1.78,0.18,1.01,0.51
2023-06-13,569.77,565.70,571.11,564.25,101987,60924542.00,1.20,-0.71,-4.04,0.51
2023-06-14,570.00,566.86,572.20,562.50,117516,68509648.00,1.71,0.21,1.16,0.59
2023-06-15,567.97,567.38,568.45,562.27,84035,51725197.00,1.09,0.09,0.52,0.42
2023-06-16,568.29,569.92,571.69,568.00,71049,46493386.00,0.65,0.45,2.54,0.36
2023-06-19,569.99,577.02,578.06,569.34,170849,103208328.00,1.53,1.25,7.10,0.86
2023-06-20,577.67,565.85,577.67,565.20,129491,80160066.00,2.16,-1.94,-11.17,0.65
2023-06-21,567.28,562.36,571.54,562.36,103558,68196850.00,1.62,-0.62,-3.49,0.52
2023-06-26,560.21,560.88,567.33,558.81,137700,89548111.00,1.52,-0.26,-1.48,0.70
2023-06-27,563.36,579.09,583.54,563.36,261638,178827284.00,3.60,3.25,18.21,1.32
2023-06-28,578.32,585.98,590.89,571.01,221717,154009307.00,3.43,1.19,6.89,1.12
2023-06-29,587.43,589.48,595.51,585.07,197339,131481077.00,1.78,0.60,3.50,1.00
2023-06-30,590.64,598.22,599.97,590.00,170240,109425233.00,1.69,1.48,8.74,0.86
2023-07-03,600.07,601.55,606.53,598.87,136396,90949538.00,1.28,0.56,3.33,0.69
2023-07-04,603.85,602.23,605.08,599.33,127374,86955252.00,0.96,0.11,0.68,0.64
2023-07-05,603.92,600.60,607.56,599.82,106087,72676115.00,1.29,-0.27,-1.63,0.54
2023-07-06,605.20,599.42,605.20,597.12,139449,86104303.00,1.35,-0.20,-1.18,0.70
2023-07-07,598.00,596.24,600.56,594.77,89007,61046589.00,0.97,-0.53,-3.18,0.45
2023-07-10,596.24,598.23,600.84,596.24,77635,52427783.00,0.77,0.33,1.99,0.39
2023-07-11,597.71,598.82,599.64,596.04,79134,51819241.00,0.60,0.10,0.59,0.40
2023-07-12,604.96,597.40,604.96,596.35,106570,71889398.00,1.44,-0.24,-1.42,0.54
2023-07-13,598.45,598.47,601.17,596.10,86726,59816272.00,0.85,0.18,1.07,0.44
2023-07-14,596.99,598.61,603.27,594.61,93038,69492708.00,1.45,0.02,0.14,0.47
2023-07-17,598.08,596.20,598.08,591.54,98699,66067648.00,1.09,-0.40,-2.41,0.50
2023-07-18,597.20,599.43,602.51,593.01,88783,58721662.00,1.59,0.54,3.23,0.45
2023-07-19,599.83,598.22,601.90,596.06,67831,44436190.00,0.97,-0.20,-1.21,0.34
2023-07-20,599.85,599.06,604.67,597.88,96970,72570129.00,1.14,0.14,0.84,0.49
2023-07-21,598.20,603.33,604.56,597.36,74351,51609258.00,1.20,0.71,4.27,0.38
2023-07-24,602.41,594.16,602.41,590.76,217379,134759414.00,1.93,-1.52,-9.17,1.10
2023-07-25,598.50,597.68,599.47,595.10,119397,79374910.00,0.74,0.59,3.52,0.60
2023-07-26,594.54,600.61,602.48,589.49,191588,116365301.00,2.17,0.49,2.93,0.97
2023-07-27,600.23,595.09,607.55,593.77,153964,94338134.00,2.29,-0.92,-5.52,0.78
2023-07-28,592.41,598.64,600.11,590.91,111067,70378308.00,1.55,0.60,3.55,0.56
2023-07-31,605.08,606.74,609.62,603.17,155714,100256861.00,1.08,1.35,8.10,0.79
2023-08-01,606.09,606.64,609.81,605.26,84398,57624372.00,0.75,-0.02,-0.10,0.43
2023-08-02,608.26,604.17,608.33,602.37,64804,44327970.00,0.98,-0.41,-2.47,0.33
2023-08-03,602.02,603.03,604.84,599.31,72344,48440557.00,0.92,-0.19,-1.14,0.37
2023-08-04,605.68,597.28,605.82,597.28,104904,67601983.00,1.42,-0.95,-5.75,0.53
2023-08-07,596.37,595.13,596.94,592.73,81816,52918492.00,0.70,-0.36,-2.15,0.41
2023-08-08,594.93,594.14,596.11,588.43,63961,44019021.00,1.29,-0.17,-0.99,0.32
2023-08-09,594.63,587.29,594.63,586.42,96233,65340216.00,1.38,-1.15,-6.85,0.49
2023-08-10,588.55,589.18,589.70,585.58,56046,37589798.00,0.70,0.32,1.89,0.28
2023-08-11,591.01,583.73,591.40,583.73,76070,48542566.00,1.30,-0.93,-5.45,0.38
2023-08-14,582.67,584.84,585.42,576.67,80914,49792883.00,1.50,0.19,1.11,0.41
2023-08-15,586.66,583.62,587.81,580.97,82837,50268197.00,1.17,-0.21,-1.22,0.42
2023-08-16,584.16,578.37,584.16,578.09,75009,45465006.00,1.04,-0.90,-5.25,0.38
2023-08-17,577.05,584.86,585.45,574.18,75604,46976179.00,1.95,1.12,6.49,0.38
2023-08-18,585.68,582.21,589.57,581.84,85117,54314190.00,1.32,-0.45,-2.65,0.43
2023-08-21,582.32,578.60,586.13,578.60,64985,42117739.00,1.29,-0.62,-3.61,0.33
2023-08-22,580.56,574.31,582.42,566.90,106524,64861818.00,2.68,-0.74,-4.29,0.54
2023-08-23,573.59,570.72,578.16,570.64,60762,38566456.00,1.31,-0.63,-3.59,0.31
2023-08-24,570.29,565.37,573.48,565.37,82367,52569939.00,1.42,-0.94,-5.35,0.42
2023-08-25,563.86,562.29,576.66,561.27,92987,59676563.00,2.72,-0.54,-3.08,0.47
2023-08-28,586.34,575.92,586.34,573.76,197443,143900527.00,2.24,2.42,13.63,1.00
2023-08-29,578.07,575.78,578.70,572.32,123380,86094251.00,1.11,-0.02,-0.14,0.62
2023-08-30,576.78,574.83,580.04,573.25,98137,67212768.00,1.18,-0.16,-0.95,0.50
2023-08-31,576.19,574.93,579.91,571.85,92896,61806480.00,1.40,0.02,0.10,0.47
2023-09-01,573.90,574.76,577.19,571.37,64401,44067264.00,1.01,-0.03,-0.17,0.33
2023-09-04,574.79,589.66,589.73,574.79,132337,91974878.00,2.60,2.59,14.90,0.67
2023-09-05,591.82,589.69,592.27,587.05,87097,59099469.00,0.89,0.01,0.03,0.44
2023-09-06,590.68,595.08,595.08,588.71,88311,61091162.00,1.08,0.91,5.39,0.45
2023-09-07,595.67,590.29,595.67,589.80,117379,81496070.00,0.99,-0.80,-4.79,0.59
2023-09-08,592.15,597.63,600.15,590.42,156907,114701615.00,1.65,1.24,7.34,0.79
2023-09-11,599.39,600.94,604.48,595.90,130687,93704312.00,1.44,0.55,3.31,0.66
2023-09-12,600.54,603.23,604.54,599.12,94859,68082155.00,0.90,0.38,2.29,0.48
2023-09-13,604.33,602.70,608.05,599.28,140539,101494847.00,1.45,-0.09,-0.53,0.71
2023-09-14,604.13,601.38,604.13,597.85,122351,88663856.00,1.04,-0.22,-1.32,0.62
2023-09-15,602.36,597.55,602.71,595.78,131125,94018991.00,1.15,-0.64,-3.83,0.66
2023-09-18,597.87,600.96,602.89,592.70,139419,91739213.00,1.71,0.57,3.41,0.70
2023-09-19,601.52,597.91,602.42,596.50,91588,62764833.00,0.99,-0.51,-3.05,0.46
2023-09-20,597.49,595.45,602.73,595.45,103421,79387738.00,1.22,-0.41,-2.46,0.52
2023-09-21,597.21,588.41,597.21,587.72,90868,66966015.00,1.59,-1.18,-7.04,0.46
2023-09-22,588.51,591.32,591.98,585.00,91294,66025322.00,1.19,0.49,2.91,0.46
2023-09-25,593.04,590.70,593.04,587.58,91336,64037810.00,0.92,-0.10,-0.62,0.46
2023-09-26,588.54,586.25,588.54,582.22,95001,66813236.00,1.07,-0.75,-4.45,0.48
2023-09-27,586.96,592.17,595.97,586.55,88085,62343057.00,1.61,1.01,5.92,0.44
2023-09-28,591.69,596.57,597.17,591.69,88890,60208249.00,0.93,0.74,4.40,0.45
2023-10-09,596.57,600.35,601.73,595.67,149790,103465939.00,1.02,0.63,3.78,0.76
2023-10-10,602.37,596.45,604.25,595.15,115119,79550532.00,1.52,-0.65,-3.90,0.58
2023-10-11,597.04,598.45,599.28,592.61,127258,85928890.00,1.12,0.34,2.00,0.64
2023-10-12,600.09,606.43,606.61,600.09,142717,105932221.00,1.09,1.33,7.98,0.72
2023-10-13,606.35,606.26,608.89,603.12,142015,97680383.00,0.95,-0.03,-0.17,0.72
2023-10-16,606.26,606.91,609.54,604.36,162834,109192525.00,0.85,0.11,0.65,0.82
2023-10-17,607.75,611.88,615.75,607.21,189346,120038861.00,1.41,0.82,4.97,0.96
2023-10-18,613.15,600.47,613.15,600.23,137745,93022436.00,2.11,-1.86,-11.41,0.70
2023-10-19,600.72,595.05,602.81,594.32,114694,77465936.00,1.41,-0.90,-5.42,0.58
2023-10-20,595.34,592.64,598.93,592.64,84564,57085350.00,1.06,-0.41,-2.41,0.43
2023-10-23,592.09,577.70,592.09,575.10,156006,98746703.00,2.87,-2.52,-14.94,0.79
2023-10-24,581.66,592.98,593.72,580.43,113653,79000630.00,2.30,2.64,15.28,0.57
2023-10-25,595.87,602.95,604.94,595.87,104442,71650428.00,1.53,1.68,9.97,0.53
2023-10-26,602.32,600.47,602.32,593.78,89367,60961642.00,1.42,-0.41,-2.48,0.45
2023-10-27,601.20,611.45,612.25,598.83,132588,88000405.00,2.23,1.83,10.98,0.67
2023-10-30,608.50,616.46,618.64,608.50,168647,111317017.00,1.66,0.82,5.01,0.85
2023-10-31,617.68,621.96,623.14,617.39,147534,106478584.00,0.93,0.89,5.50,0.74
2023-11-01,621.46,626.70,627.54,619.11,167678,117982968.00,1.36,0.76,4.74,0.85
2023-11-02,626.89,616.79,628.15,616.79,130688,91827336.00,1.81,-1.58,-9.91,0.66
2023-11-03,618.83,621.11,624.57,618.83,128110,90366599.00,0.93,0.70,4.32,0.65
2023-11-06,622.11,620.09,625.36,618.54,127212,91145703.00,1.10,-0.16,-1.02,0.64
2023-11-07,620.60,627.05,628.39,614.71,155934,112941031.00,2.21,1.12,6.96,0.79
2023-11-08,627.84,622.59,627.84,620.09,107201,77810480.00,1.24,-0.71,-4.46,0.54
2023-11-09,623.74,620.84,624.80,619.13,97880,69958871.00,0.91,-0.28,-1.75,0.49
2023-11-10,620.66,622.05,623.98,615.03,101390,72168577.00,1.44,0.19,1.21,0.51
2023-11-13,622.86,626.34,626.39,620.37,113841,76016332.00,0.97,0.69,4.29,0.57
2023-11-14,628.63,629.74,631.40,624.99,111064,80377777.00,1.02,0.54,3.40,0.56
2023-11-15,632.29,633.64,635.18,628.82,121801,85491458.00,1.01,0.62,3.90,0.61
2023-11-16,640.29,651.25,654.59,640.29,533655,326461684.00,2.26,2.78,17.61,2.69
2023-11-17,648.86,649.51,651.74,639.56,646564,391667995.00,1.87,-0.27,-1.74,3.26
2023-11-20,650.96,649.93,657.22,645.28,417540,261489644.00,1.84,0.06,0.42,2.11
2023-11-21,650.93,646.30,650.93,645.97,260506,163007768.00,0.76,-0.56,-3.63,1.32
2023-11-22,643.29,637.96,645.47,637.90,235634,149211652.00,1.17,-1.29,-8.34,1.19
2023-11-23,637.96,644.81,644.81,637.24,164009,106294814.00,1.19,1.07,6.85,0.83
2023-11-24,644.86,644.00,645.89,640.21,184873,128864084.00,0.88,-0.13,-0.81,0.93
2023-11-27,642.14,639.75,644.50,637.59,171405,120156654.00,1.07,-0.66,-4.25,0.87
2023-11-28,641.10,645.70,645.85,637.33,135908,91265107.00,1.33,0.93,5.95,0.69
2023-11-29,645.24,644.01,647.48,643.25,140253,94016860.00,0.66,-0.26,-1.69,0.71
2023-11-30,647.74,640.74,647.74,636.74,134970,89203747.00,1.71,-0.51,-3.27,0.68
2023-12-01,641.39,642.87,645.56,641.00,132765,87830982.00,0.71,0.33,2.13,0.67
2023-12-04,642.56,647.66,649.12,642.56,172664,114644479.00,1.02,0.75,4.79,0.87
2023-12-05,646.03,639.88,647.02,639.29,139981,95361593.00,1.19,-1.20,-7.78,0.71
2023-12-06,640.31,643.66,646.04,637.94,151320,107146227.00,1.27,0.59,3.78,0.76
2023-12-07,644.16,634.90,644.16,633.25,199969,141966252.00,1.69,-1.36,-8.76,1.01
2023-12-08,634.27,630.90,634.27,627.90,341103,245549635.00,1.00,-0.63,-4.00,1.72
2023-12-11,628.91,635.67,637.61,627.87,214805,157499923.00,1.54,0.76,4.77,1.08
2023-12-12,636.90,634.69,636.90,621.28,180537,129675598.00,2.46,-0.15,-0.98,0.91
2023-12-13,634.27,633.60,638.68,631.15,132427,91113948.00,1.19,-0.17,-1.09,0.67
2023-12-14,634.03,636.18,642.48,634.03,174437,113498579.00,1.33,0.41,2.58,0.88
2023-12-15,638.12,639.21,643.43,637.61,172131,113242707.00,0.91,0.48,3.03,0.87
2023-12-18,645.89,627.37,645.89,624.76,241115,151927050.00,3.31,-1.85,-11.84,1.22
2023-12-19,630.37,628.54,630.37,621.26,135785,88450716.00,1.45,0.19,1.17,0.69
2023-12-20,629.46,623.61,632.60,623.61,90025,61189986.00,1.43,-0.78,-4.93,0.45
2023-12-21,624.34,629.75,629.75,614.99,127944,86539843.00,2.37,0.98,6.14,0.65
2023-12-22,627.94,621.41,630.53,619.22,123147,87665242.00,1.80,-1.32,-8.34,0.62
2023-12-25,622.27,615.25,622.27,612.19,139347,93792122.00,1.62,-0.99,-6.16,0.70
2023-12-26,618.00,611.37,620.53,609.58,113507,78495561.00,1.78,-0.63,-3.88,0.57
2023-12-27,612.48,614.18,615.95,607.81,98033,65725467.00,1.33,0.46,2.81,0.49
2023-12-28,614.44,620.68,624.62,610.75,145085,99365731.00,2.26,1.06,6.50,0.73
2023-12-29,624.30,623.61,624.49,618.15,165347,113639173.00,1.02,0.47,2.93,0.83