MjAyMy0wMS0wMywxLjc4LDEuODIsMS44MywxLjc3LDMyMTY4OCw1ODEwOTc2MC41OCwzLjM3LDIuMjUsMC4wNCwwLjc1
2023-01-04,1.82,1.82,1.83,1.80,275070,49970961.00,1.65,0.00,0.00,0.65
2023-01-05,1.82,1.81,1.83,1.81,204450,37163784.10,1.10,-0.55,-0.01,0.48
2023-01-06,1.81,1.80,1.83,1.79,278159,50299568.00,2.21,-0.55,-0.01,0.65
2023-01-09,1.80,1.80,1.81,1.79,228690,41202907.55,1.11,0.00,0.00,0.54
2023-01-10,1.80,1.79,1.81,1.78,163450,29278802.57,1.67,-0.56,-0.01,0.38
2023-01-11,1.79,1.78,1.80,1.78,159777,28618166.00,1.12,-0.56,-0.01,0.37
2023-01-12,1.79,1.78,1.80,1.77,200628,35741579.00,1.69,0.00,0.00,0.47
2023-01-13,1.78,1.88,1.94,1.77,984068,183785773.27,9.55,5.62,0.10,2.31
2023-01-16,1.86,1.85,1.87,1.84,510132,94591135.72,1.60,-1.60,-0.03,1.20
2023-01-17,1.86,1.83,1.87,1.82,305881,56327626.34,2.70,-1.08,-0.02,0.72
2023-01-18,1.83,1.83,1.85,1.82,206829,38013102.00,1.64,0.00,0.00,0.49
2023-01-19,1.83,1.84,1.85,1.82,230160,42266038.61,1.64,0.55,0.01,0.54
2023-01-20,1.84,1.87,1.87,1.83,255533,47458572.02,2.17,1.63,0.03,0.60
2023-01-30,1.88,1.88,1.90,1.87,435033,81903427.52,1.60,0.53,0.01,1.02
2023-01-31,1.87,1.90,1.92,1.86,405194,76926099.00,3.19,1.06,0.02,0.95
2023-02-01,1.90,1.93,1.94,1.89,428262,82040008.18,2.63,1.58,0.03,1.00
2023-02-02,1.93,1.92,1.93,1.90,445977,85399963.00,1.55,-0.52,-0.01,1.05
2023-02-03,1.93,1.90,1.93,1.88,415207,78928063.00,2.60,-1.04,-0.02,0.97
2023-02-06,1.90,1.89,1.93,1.87,344028,65297555.87,3.16,-0.53,-0.01,0.81
2023-02-07,1.90,1.89,1.90,1.88,295501,55690036.00,1.06,0.00,0.00,0.69
2023-02-08,1.89,1.89,1.90,1.88,262636,49654524.24,1.06,0.00,0.00,0.62
2023-02-09,1.89,1.91,1.91,1.87,471336,89152876.80,2.12,1.06,0.02,1.11
2023-02-10,1.91,1.91,1.92,1.89,374598,71406312.00,1.57,0.00,0.00,0.88
2023-02-13,1.91,1.90,1.91,1.89,227028,43175687.00,1.05,-0.52,-0.01,0.53
2023-02-14,1.91,1.89,1.91,1.89,191623,36289700.90,1.05,-0.53,-0.01,0.45
2023-02-15,1.89,1.88,1.90,1.87,359718,67614063.05,1.59,-0.53,-0.01,0.84
2023-02-16,1.89,1.83,1.91,1.82,648791,121654693.84,4.79,-2.66,-0.05,1.52
2023-02-17,1.84,1.84,1.86,1.83,302456,55772123.80,1.64,0.55,0.01,0.71
2023-02-20,1.83,1.84,1.85,1.80,349151,63769860.00,2.72,0.00,0.00,0.82
2023-02-21,1.85,1.84,1.85,1.83,331514,61004722.80,1.09,0.00,0.00,0.78
2023-02-22,1.84,1.83,1.84,1.82,260046,47628643.00,1.09,-0.54,-0.01,0.61
2023-02-23,1.84,1.84,1.88,1.83,526438,97290107.65,2.73,0.55,0.01,1.24
2023-02-24,1.84,1.82,1.84,1.82,228845,41732135.00,1.09,-1.09,-0.02,0.54
2023-02-27,1.83,1.82,1.84,1.82,292001,53337032.24,1.10,0.00,0.00,0.69
2023-02-28,1.82,1.83,1.83,1.81,382475,69565923.78,1.10,0.55,0.01,0.90
2023-03-01,1.83,1.83,1.84,1.82,299828,54793322.48,1.09,0.00,0.00,0.70
2023-03-02,1.83,1.82,1.84,1.82,238633,43620327.61,1.09,-0.55,-0.01,0.56
2023-03-03,1.82,1.82,1.83,1.81,241243,43896890.76,1.10,0.00,0.00,0.57
2023-03-06,1.82,1.81,1.83,1.80,258706,46791451.00,1.65,-0.55,-0.01,0.61
2023-03-07,1.81,1.78,1.81,1.78,351662,63089952.73,1.66,-1.66,-0.03,0.83
2023-03-08,1.78,1.79,1.80,1.77,228091,40740821.00,1.69,0.56,0.01,0.54
2023-03-09,1.80,1.80,1.80,1.79,192490,34522950.00,0.56,0.56,0.01,0.45
2023-03-10,1.79,1.78,1.80,1.78,268984,48026591.04,1.11,-1.11,-0.02,0.63
2023-03-13,1.78,1.76,1.78,1.75,363936,64148312.00,1.69,-1.12,-0.02,0.85
2023-03-14,1.75,1.71,1.76,1.70,522818,90019660.20,3.41,-2.84,-0.05,1.23
2023-03-15,1.71,1.72,1.74,1.71,295677,51004679.26,1.75,0.58,0.01,0.69
2023-03-16,1.71,1.70,1.72,1.69,349731,59583693.96,1.74,-1.16,-0.02,0.82
2023-03-17,1.71,1.71,1.72,1.70,304955,52134328.20,1.18,0.59,0.01,0.72
2023-03-20,1.70,1.68,1.71,1.67,432091,73015474.80,2.34,-1.75,-0.03,1.01
2023-03-21,1.69,1.72,1.75,1.68,533343,91684617.56,4.17,2.38,0.04,1.25
2023-03-22,1.73,1.71,1.73,1.70,299347,51379675.95,1.74,-0.58,-0.01,0.70
2023-03-23,1.71,1.70,1.72,1.69,263396,44833797.70,1.75,-0.58,-0.01,0.62
2023-03-24,1.70,1.71,1.72,1.69,288275,49185067.40,1.76,0.59,0.01,0.68
2023-03-27,1.71,1.70,1.72,1.69,261861,44590805.20,1.75,-0.58,-0.01,0.61
2023-03-28,1.71,1.68,1.71,1.68,295759,49997448.84,1.76,-1.18,-0.02,0.69
2023-03-29,1.68,1.66,1.70,1.65,384459,64272337.70,2.98,-1.19,-0.02,0.90
2023-03-30,1.66,1.67,1.67,1.64,336685,55696822.44,1.81,0.60,0.01,0.79
2023-03-31,1.66,1.66,1.67,1.66,191362,31842665.54,0.60,-0.60,-0.01,0.45
2023-04-03,1.67,1.66,1.67,1.65,306220,50802278.66,1.20,0.00,0.00,0.72
2023-04-04,1.66,1.64,1.67,1.63,377411,61936997.51,2.41,-1.20,-0.02,0.89
2023-04-06,1.63,1.59,1.64,1.58,551962,88294650.14,3.66,-3.05,-0.05,1.30
2023-04-07,1.59,1.62,1.62,1.57,402428,64471078.00,3.14,1.89,0.03,0.94
2023-04-10,1.61,1.59,1.62,1.58,395199,62888610.00,2.47,-1.85,-0.03,0.93
2023-04-11,1.58,1.57,1.59,1.56,317804,49946251.91,1.89,-1.26,-0.02,0.75
2023-04-12,1.58,1.61,1.64,1.57,664560,107381576.40,4.46,2.55,0.04,1.56
2023-04-13,1.60,1.64,1.65,1.59,736964,120209261.68,3.73,1.86,0.03,1.73
2023-04-14,1.67,1.67,1.68,1.64,697993,115851424.20,2.44,1.83,0.03,1.64
2023-04-17,1.66,1.67,1.68,1.64,461148,76602212.91,2.40,0.00,0.00,1.08
2023-04-18,1.67,1.64,1.67,1.64,253903,41929632.00,1.80,-1.80,-0.03,0.60
2023-04-19,1.64,1.62,1.65,1.62,258432,42109014.48,1.83,-1.22,-0.02,0.61
2023-04-20,1.62,1.61,1.62,1.59,405686,64958861.08,1.85,-0.62,-0.01,0.95
2023-04-21,1.61,1.58,1.61,1.57,390852,62139621.00,2.48,-1.86,-0.03,0.92
2023-04-24,1.57,1.59,1.60,1.56,320008,50616529.65,2.53,0.63,0.01,0.75
2023-04-25,1.59,1.57,1.61,1.55,426305,67176483.44,3.77,-1.26,-0.02,1.00
2023-04-26,1.57,1.64,1.65,1.57,660105,106882095.25,5.10,4.46,0.07,1.55
2023-04-27,1.64,1.62,1.65,1.61,430516,69960016.64,2.44,-1.22,-0.02,1.01
2023-04-28,1.62,1.65,1.66,1.61,474922,78055934.35,3.09,1.85,0.03,1.11
2023-05-04,1.65,1.68,1.71,1.64,521257,87689673.71,4.24,1.82,0.03,1.22
2023-05-05,1.69,1.68,1.70,1.65,356461,59492361.88,2.98,0.00,0.00,0.84
2023-05-08,1.67,1.65,1.69,1.64,407957,67506415.35,2.98,-1.79,-0.03,0.96
2023-05-09,1.64,1.64,1.66,1.62,445041,73037917.52,2.42,-0.61,-0.01,1.04
2023-05-10,1.63,1.65,1.66,1.63,331773,54680425.35,1.83,0.61,0.01,0.78
2023-05-11,1.66,1.66,1.68,1.64,472443,78376519.68,2.42,0.61,0.01,1.11
2023-05-12,1.67,1.68,1.70,1.66,628982,105962945.88,2.41,1.20,0.02,1.48
2023-05-15,1.68,1.66,1.69,1.64,396075,65603432.16,2.98,-1.19,-0.02,0.93
2023-05-16,1.66,1.63,1.66,1.63,395310,64955518.00,1.81,-1.81,-0.03,0.93
2023-05-17,1.63,1.65,1.65,1.62,207067,33955441.00,1.84,1.23,0.02,0.49
2023-05-18,1.65,1.63,1.66,1.62,322783,52773963.00,2.42,-1.21,-0.02,0.76
2023-05-19,1.63,1.61,1.63,1.60,356583,57528204.07,1.84,-1.23,-0.02,0.84
2023-05-22,1.61,1.61,1.63,1.59,354483,56959457.37,2.48,0.00,0.00,0.83
2023-05-23,1.61,1.59,1.62,1.58,327128,52371042.04,2.48,-1.24,-0.02,0.77
2023-05-24,1.59,1.59,1.60,1.58,243050,38619807.18,1.26,0.00,0.00,0.57
2023-05-25,1.58,1.56,1.59,1.55,455109,71274643.80,2.52,-1.89,-0.03,1.07
2023-05-26,1.57,1.56,1.57,1.51,476379,73510141.15,3.85,0.00,0.00,1.12
2023-05-29,1.56,1.57,1.61,1.55,490763,77699081.00,3.85,0.64,0.01,1.15
2023-05-30,1.56,1.59,1.60,1.52,432749,67398870.58,5.10,1.27,0.02,1.02
2023-05-31,1.59,1.60,1.61,1.57,303461,48346385.46,2.52,0.63,0.01,0.71
2023-06-01,1.60,1.58,1.62,1.57,373974,59764394.41,3.13,-1.25,-0.02,0.88
2023-06-02,1.58,1.60,1.60,1.58,237174,37698101.39,1.27,1.27,0.02,0.56
2023-06-05,1.60,1.58,1.60,1.56,305156,48085565.38,2.50,-1.25,-0.02,0.72
2023-06-06,1.57,1.55,1.58,1.54,323291,50287351.00,2.53,-1.90,-0.03,0.76
2023-06-07,1.54,1.54,1.56,1.53,232633,35892284.10,1.94,-0.65,-0.01,0.55
2023-06-08,1.54,1.52,1.54,1.52,340595,51985593.70,1.30,-1.30,-0.02,0.80
2023-06-09,1.52,1.52,1.54,1.48,744350,112614429.46,3.95,0.00,0.00,1.75
2023-06-12,1.52,1.56,1.57,1.50,541754,83242734.59,4.61,2.63,0.04,1.27
2023-06-13,1.55,1.55,1.57,1.54,348450,54118028.00,1.92,-0.64,-0.01,0.82
2023-06-14,1.55,1.53,1.56,1.53,308945,47645501.53,1.94,-1.29,-0.02,0.72
2023-06-15,1.53,1.56,1.57,1.52,422972,65508575.57,3.27,1.96,0.03,0.99
2023-06-16,1.56,1.59,1.63,1.55,739462,117687341.41,5.13,1.92,0.03,1.74
2023-06-19,1.58,1.56,1.61,1.56,375479,59250753.00,3.14,-1.89,-0.03,0.88
2023-06-20,1.55,1.52,1.56,1.52,415114,63637468.00,2.56,-2.56,-0.04,0.97
2023-06-21,1.52,1.51,1.54,1.50,341487,51807402.00,2.63,-0.66,-0.01,0.80
2023-06-26,1.50,1.50,1.52,1.49,359415,53950894.33,1.99,-0.66,-0.01,0.84
2023-06-27,1.50,1.51,1.52,1.48,387775,58318934.00,2.67,0.67,0.01,0.91
2023-06-28,1.51,1.49,1.51,1.48,285482,42623707.19,1.99,-1.32,-0.02,0.67
2023-06-29,1.49,1.50,1.51,1.49,208362,31262604.50,1.34,0.67,0.01,0.49
2023-06-30,1.50,1.52,1.53,1.49,368411,55830265.00,2.67,1.33,0.02,0.86
2023-07-03,1.52,1.53,1.54,1.51,275544,42187463.15,1.97,0.66,0.01,0.65
2023-07-04,1.53,1.60,1.60,1.51,495732,76472439.15,5.88,4.58,0.07,1.16
2023-07-05,1.60,1.56,1.63,1.56,1005008,159285387.62,4.38,-2.50,-0.04,2.36
2023-07-06,1.55,1.54,1.56,1.53,399665,61606271.30,1.92,-1.28,-0.02,0.94
2023-07-07,1.54,1.56,1.57,1.53,345157,53687529.00,2.60,1.30,0.02,0.81
2023-07-10,1.55,1.56,1.57,1.54,274697,42771244.31,1.92,0.00,0.00,0.64
2023-07-11,1.56,1.55,1.56,1.55,171995,26727691.55,0.64,-0.64,-0.01,0.40
2023-07-12,1.56,1.53,1.56,1.53,265584,40919683.00,1.94,-1.29,-0.02,0.62
2023-07-13,1.53,1.55,1.56,1.53,323201,49972172.50,1.96,1.31,0.02,0.76
2023-07-14,1.55,1.54,1.55,1.53,253372,38996342.00,1.29,-0.65,-0.01,0.59
2023-07-17,1.54,1.54,1.55,1.53,226017,34728161.60,1.30,0.00,0.00,0.53
2023-07-18,1.54,1.53,1.54,1.52,332421,50859971.30,1.30,-0.65,-0.01,0.78
2023-07-19,1.53,1.54,1.54,1.52,259353,39704700.70,1.31,0.65,0.01,0.61
2023-07-20,1.54,1.56,1.58,1.53,673908,104885762.55,3.25,1.30,0.02,1.58