MjAwMy0wMS0wMiw0LjA5LDQuMDcsNC4xMiw0LjAxLDMwNzQsMTg0NTQwMi4wMCwyLjY5LC0wLjQ5LC0wLjAyLDAuNTE=
2003-01-03,4.06,4.20,4.24,4.06,6719,4152516.00,4.42,3.19,0.13,1.12
2003-01-06,4.19,4.29,4.29,4.15,4002,2514454.00,3.33,2.14,0.09,0.66
2003-01-07,4.29,4.32,4.39,4.22,6409,4084528.00,3.96,0.70,0.03,1.06
2003-01-08,4.28,4.45,4.45,4.28,7622,4922337.00,3.94,3.01,0.13,1.27
2003-01-09,4.46,4.49,4.52,4.34,11619,7627452.00,4.04,0.90,0.04,1.93
2003-01-10,4.48,4.34,4.49,4.34,8388,5487299.00,3.34,-3.34,-0.15,1.39
2003-01-13,4.31,4.69,4.71,4.29,17542,11760398.00,9.68,8.06,0.35,2.91
2003-01-14,4.65,4.81,4.90,4.59,33793,23715175.00,6.61,2.56,0.12,5.61
2003-01-15,4.77,4.69,4.82,4.65,16118,11287904.00,3.53,-2.49,-0.12,2.68
2003-01-16,4.53,4.83,4.90,4.23,50323,34319111.00,14.29,2.99,0.14,8.36
2003-01-17,4.78,4.69,4.92,4.67,28517,20179508.00,5.18,-2.90,-0.14,4.74
2003-01-20,4.67,4.72,4.75,4.62,10553,7340831.00,2.77,0.64,0.03,1.75
2003-01-21,4.76,4.55,4.76,4.54,9944,6827480.00,4.66,-3.60,-0.17,1.65
2003-01-22,4.53,4.57,4.63,4.50,7786,5278721.00,2.86,0.44,0.02,1.29
2003-01-23,4.61,4.63,4.79,4.59,18706,13034167.00,4.38,1.31,0.06,3.11
2003-01-24,4.60,4.63,4.66,4.52,7719,5238565.00,3.02,0.00,0.00,1.28
2003-01-27,4.63,4.72,4.78,4.60,6496,4531063.00,3.89,1.94,0.09,1.08
2003-01-28,4.74,4.79,4.84,4.63,16169,11332833.00,4.45,1.48,0.07,2.69
2003-01-29,4.80,4.73,4.84,4.72,11233,7950461.00,2.51,-1.25,-0.06,1.87
2003-02-10,4.84,4.68,4.84,4.65,5467,3806853.00,4.02,-1.06,-0.05,0.91
2003-02-11,4.68,4.73,4.74,4.66,5149,3580303.00,1.71,1.07,0.05,0.86
2003-02-12,4.73,4.88,4.92,4.67,19672,14062360.00,5.29,3.17,0.15,3.27
2003-02-13,4.90,4.85,4.92,4.82,15068,10828228.00,2.05,-0.61,-0.03,2.50
2003-02-14,4.85,4.90,4.97,4.84,16245,11823974.00,2.68,1.03,0.05,2.70
2003-02-17,4.88,4.80,4.92,4.76,11061,7894832.00,3.27,-2.04,-0.10,1.84
2003-02-18,4.77,4.78,4.83,4.75,5321,3766285.00,1.67,-0.42,-0.02,0.88
2003-02-19,4.76,4.77,4.81,4.74,10031,7081295.00,1.46,-0.21,-0.01,1.67
2003-02-20,4.78,4.81,4.88,4.73,13696,9739585.00,3.14,0.84,0.04,2.28
2003-02-21,4.80,4.63,4.80,4.61,11501,7965221.00,3.95,-3.74,-0.18,1.91
2003-02-24,4.59,4.60,4.66,4.59,5052,3461775.00,1.51,-0.65,-0.03,0.84
2003-02-25,4.59,4.70,4.74,4.59,5592,3885213.00,3.26,2.17,0.10,0.93
2003-02-26,4.73,4.75,4.76,4.69,6291,4405066.00,1.49,1.06,0.05,1.05
2003-02-27,4.76,4.76,4.79,4.69,5719,4012944.00,2.11,0.21,0.01,0.95
2003-02-28,4.76,4.69,4.76,4.65,3898,2702491.00,2.31,-1.47,-0.07,0.65
2003-03-03,4.68,4.69,4.69,4.63,4535,3129129.00,1.28,0.00,0.00,0.75
2003-03-04,4.69,4.66,4.70,4.65,3343,2308637.00,1.07,-0.64,-0.03,0.56
2003-03-05,4.66,4.63,4.69,4.60,3199,2190912.00,1.93,-0.64,-0.03,0.53
2003-03-06,4.63,4.52,4.64,4.50,5404,3638403.00,3.02,-2.38,-0.11,0.90
2003-03-07,4.50,4.49,4.54,4.49,3931,2621695.00,1.11,-0.66,-0.03,0.65
2003-03-10,4.49,4.32,4.49,4.32,6500,4227270.00,3.79,-3.79,-0.17,1.08
2003-03-11,4.36,4.37,4.37,4.29,3285,2109843.00,1.85,1.16,0.05,0.55
2003-03-12,4.38,4.38,4.39,4.30,2490,1602669.00,2.06,0.23,0.01,0.41
2003-03-13,4.38,4.36,4.38,4.32,1986,1280427.00,1.37,-0.46,-0.02,0.33
2003-03-14,4.33,4.36,4.39,4.32,1590,1022890.00,1.61,0.00,0.00,0.26
2003-03-17,4.33,4.32,4.35,4.24,2593,1643678.00,2.52,-0.92,-0.04,0.43
2003-03-18,4.34,4.21,4.34,4.19,2558,1624013.00,3.47,-2.55,-0.11,0.43
2003-03-19,4.20,4.26,4.26,4.19,2211,1382560.00,1.66,1.19,0.05,0.37
2003-03-20,4.26,4.20,4.26,4.11,3035,1886597.00,3.52,-1.41,-0.06,0.50
2003-03-21,4.19,4.27,4.30,4.19,2392,1508318.00,2.62,1.67,0.07,0.40
2003-03-24,4.28,4.28,4.29,4.22,1078,679414.00,1.64,0.23,0.01,0.18
2003-03-25,4.27,4.18,4.27,4.17,1589,988554.00,2.34,-2.34,-0.10,0.26
2003-03-26,4.12,4.16,4.23,4.12,1375,848476.00,2.63,-0.48,-0.02,0.23
2003-03-27,4.16,4.32,4.36,4.12,4296,2696329.00,5.77,3.85,0.16,0.71
2003-03-28,4.31,4.28,4.34,4.24,3741,2372010.00,2.31,-0.93,-0.04,0.62
2003-03-31,4.26,4.29,4.32,4.25,1639,1039745.00,1.64,0.23,0.01,0.27
2003-04-01,4.29,4.36,4.41,4.26,7016,4517870.00,3.50,1.63,0.07,1.17
2003-04-02,4.36,4.30,4.37,4.26,4342,2770415.00,2.52,-1.38,-0.06,0.72
2003-04-03,4.30,4.24,4.30,4.20,4015,2520659.00,2.33,-1.40,-0.06,0.67
2003-04-04,4.21,4.24,4.26,4.20,3027,1896250.00,1.42,0.00,0.00,0.50
2003-04-07,4.24,4.13,4.24,4.13,3796,2351384.00,2.59,-2.59,-0.11,0.63
2003-04-08,4.12,4.17,4.19,4.09,5628,3433245.00,2.42,0.97,0.04,0.94
2003-04-09,4.17,4.05,4.17,4.01,8631,5185149.00,3.84,-2.88,-0.12,1.43
2003-04-10,4.17,4.05,4.17,3.97,6628,3951493.00,4.94,0.00,0.00,1.10
2003-04-11,4.06,4.03,4.09,3.97,9873,5849754.00,2.96,-0.49,-0.02,1.64
2003-04-15,4.19,4.43,4.43,4.19,30905,20222104.00,5.96,9.93,0.40,5.13
2003-04-16,4.56,4.66,4.87,4.55,98140,68660277.00,7.22,5.19,0.23,16.31
2003-04-17,4.65,4.54,4.65,4.43,23457,15640497.00,4.72,-2.58,-0.12,3.90
2003-04-18,4.51,4.46,4.56,4.44,12318,8158205.00,2.64,-1.76,-0.08,2.05
2003-04-21,4.46,4.57,4.63,4.45,10053,6750439.00,4.04,2.47,0.11,1.67
2003-04-22,4.55,4.49,4.59,4.47,5184,3474214.00,2.63,-1.75,-0.08,0.86
2003-04-23,4.47,4.22,4.49,4.09,14658,9178121.00,8.91,-6.01,-0.27,2.44
2003-04-24,4.17,4.07,4.17,4.07,8438,5141230.00,2.37,-3.55,-0.15,1.40
2003-04-25,4.07,4.08,4.18,4.05,6204,3767767.00,3.19,0.25,0.01,1.03
2003-04-29,3.88,3.88,4.05,3.88,28488,16439928.00,4.17,-4.90,-0.20,4.73
2003-04-30,3.72,3.68,3.78,3.68,25929,14180264.00,2.58,-5.15,-0.20,4.31
2003-05-12,3.65,3.50,3.65,3.50,11825,6142568.00,4.08,-4.89,-0.18,1.96
2003-05-13,3.38,3.38,3.50,3.32,20691,10353401.00,5.14,-3.43,-0.12,3.44
2003-05-14,3.38,3.55,3.55,3.35,16027,8209032.00,5.92,5.03,0.17,2.66
2003-05-15,3.67,3.56,3.67,3.45,15100,7918400.00,6.20,0.28,0.01,2.51
2003-05-16,3.56,3.51,3.56,3.46,11091,5734452.00,2.81,-1.40,-0.05,1.84
2003-05-19,3.50,3.58,3.64,3.47,12627,6663900.00,4.84,1.99,0.07,2.10
2003-05-20,3.57,3.61,3.63,3.55,11929,6341145.00,2.23,0.84,0.03,1.98
2003-05-21,3.61,3.59,3.63,3.51,5909,3126565.00,3.32,-0.55,-0.02,0.98
2003-05-22,3.59,3.59,3.66,3.55,7766,4163483.00,3.06,0.00,0.00,1.29
2003-05-23,3.57,3.61,3.64,3.48,17925,9402868.00,4.46,0.56,0.02,2.98
2003-05-26,3.61,3.80,3.80,3.59,31237,17351835.00,5.82,5.26,0.19,5.19
2003-05-27,3.82,3.92,3.95,3.78,20270,11585675.00,4.47,3.16,0.12,3.37
2003-05-28,3.88,4.04,4.09,3.87,29859,17706897.00,5.61,3.06,0.12,4.96
2003-05-29,4.04,4.03,4.15,3.87,22809,13629757.00,6.93,-0.25,-0.01,3.79
2003-05-30,4.03,4.02,4.07,3.99,6717,4009482.00,1.99,-0.25,-0.01,1.12
2003-06-02,4.03,4.03,4.11,3.95,7768,4675121.00,3.98,0.25,0.01,1.29
2003-06-03,4.05,4.13,4.24,4.05,32805,20390282.00,4.71,2.48,0.10,5.45
2003-06-04,4.19,3.97,4.19,3.95,14759,8838753.00,5.81,-3.87,-0.16,2.45
2003-06-05,4.01,4.06,4.10,3.99,7432,4448004.00,2.77,2.27,0.09,1.23
2003-06-06,4.05,4.18,4.22,4.02,10715,6546591.00,4.93,2.96,0.12,1.78
2003-06-09,4.18,4.20,4.28,4.18,11390,7127378.00,2.39,0.48,0.02,1.89
2003-06-10,4.19,4.17,4.19,4.07,4733,2880869.00,2.86,-0.71,-0.03,0.79
2003-06-11,4.19,4.19,4.21,4.12,4364,2693780.00,2.16,0.48,0.02,0.73
2003-06-12,4.19,4.19,4.20,4.13,2948,1818519.00,1.67,0.00,0.00,0.49
2003-06-13,4.19,4.40,4.40,4.19,26661,17251320.00,5.01,5.01,0.21,4.43
2003-06-16,4.39,4.53,4.59,4.32,15366,10193639.00,6.14,2.95,0.13,2.55
2003-06-17,4.46,4.42,4.56,4.36,7716,5114222.00,4.42,-2.43,-0.11,1.28
2003-06-18,4.41,4.44,4.49,4.41,7013,4627531.00,1.81,0.45,0.02,1.17
2003-06-19,4.44,4.24,4.44,4.22,32234,20182403.00,4.95,-4.50,-0.20,5.36
2003-06-20,4.24,4.20,4.31,4.16,6081,3818454.00,3.54,-0.94,-0.04,1.01
2003-06-23,4.20,3.99,4.20,3.99,20862,12379748.00,5.00,-5.00,-0.21,3.47
2003-06-24,3.92,3.90,4.01,3.86,7113,4127468.00,3.76,-2.26,-0.09,1.18
2003-06-25,3.86,3.95,4.04,3.86,4057,2386891.00,4.62,1.28,0.05,0.67
2003-06-26,3.92,4.01,4.02,3.90,7722,4515907.00,3.04,1.52,0.06,1.28
2003-06-27,3.99,3.98,4.09,3.97,2837,1691600.00,2.99,-0.75,-0.03,0.47
2003-06-30,3.92,3.91,3.97,3.88,1466,854180.00,2.26,-1.76,-0.07,0.24
2003-07-01,3.89,4.01,4.04,3.78,7683,4449529.00,6.65,2.56,0.10,1.28
2003-07-02,3.96,4.01,4.01,3.90,2633,1547644.00,2.74,0.00,0.00,0.44
2003-07-03,3.99,4.07,4.10,3.99,4673,2806720.00,2.74,1.50,0.06,0.78
2003-07-04,4.06,4.02,4.09,4.01,2771,1656747.00,1.97,-1.23,-0.05,0.46
2003-07-07,3.95,3.92,3.97,3.88,1754,1018427.00,2.24,-2.49,-0.10,0.29
2003-07-08,3.99,4.05,4.08,3.91,2862,1713632.00,4.34,3.32,0.13,0.48
2003-07-09,4.07,4.06,4.07,3.99,2030,1215942.00,1.98,0.25,0.01,0.34
2003-07-10,4.00,3.95,4.05,3.93,4936,2909888.00,2.96,-2.71,-0.11,0.82
2003-07-11,3.99,3.99,4.02,3.94,2090,1229218.00,2.03,1.01,0.04,0.35
2003-07-14,4.03,4.07,4.13,3.92,3623,2172675.00,5.26,2.01,0.08,0.60
2003-07-15,3.99,4.03,4.09,3.90,4743,2833853.00,4.67,-0.98,-0.04,0.79
2003-07-16,4.03,4.24,4.24,4.03,10426,6476109.00,5.21,5.21,0.21,1.73
2003-07-17,4.24,4.27,4.30,4.17,8665,5470742.00,3.07,0.71,0.03,1.44
2003-07-18,4.26,4.15,4.27,4.14,6650,4122180.00,3.04,-2.81,-0.12,1.10
2003-07-21,4.09,4.03,4.13,3.95,3615,2162574.00,4.34,-2.89,-0.12,0.60
2003-07-22,4.07,4.09,4.11,4.00,1823,1099715.00,2.73,1.49,0.06,0.30
2003-07-23,4.09,4.19,4.19,4.05,3357,2050075.00,3.42,2.44,0.10,0.56
2003-07-24,4.09,4.09,4.18,4.09,1736,1059082.00,2.15,-2.39,-0.10,0.29
2003-07-28,3.95,4.10,4.19,3.95,8381,5091061.00,5.87,0.24,0.01,1.39
2003-07-29,4.06,4.30,4.30,4.06,11518,7164263.00,5.85,4.88,0.20,1.91
2003-07-30,4.29,4.32,4.32,4.13,8226,5171965.00,4.42,0.47,0.02,1.37
2003-07-31,4.30,4.30,4.34,4.22,3280,2082277.00,2.78,-0.46,-0.02,0.55
2003-08-01,4.24,4.26,4.28,4.09,6898,4265835.00,4.42,-0.93,-0.04,1.15
2003-08-04,4.18,4.29,4.29,4.18,2446,1545218.00,2.58,0.70,0.03,0.41
2003-08-05,4.31,4.26,4.31,4.20,4698,2943742.00,2.56,-0.70,-0.03,0.78
2003-08-06,4.23,4.26,4.26,4.21,1601,1003547.00,1.17,0.00,0.00,0.27
2003-08-07,4.29,4.28,4.31,4.22,4342,2730919.00,2.11,0.47,0.02,0.72
2003-08-08,4.23,4.32,4.32,4.23,4266,2716586.00,2.10,0.93,0.04,0.71
2003-08-11,4.28,4.47,4.47,4.28,8392,5478947.00,4.40,3.47,0.15,1.39
2003-08-12,4.48,4.54,4.55,4.39,8845,5863260.00,3.58,1.57,0.07,1.47
2003-08-13,4.53,4.32,4.53,4.32,6834,4419499.00,4.63,-4.85,-0.22,1.14
2003-08-14,4.31,4.32,4.38,4.26,1643,1050939.00,2.78,0.00,0.00,0.27
2003-08-15,4.26,4.45,4.46,4.26,3359,2191821.00,4.63,3.01,0.13,0.56
2003-08-18,4.44,4.40,4.44,4.33,2213,1437854.00,2.47,-1.12,-0.05,0.37
2003-08-19,4.39,4.46,4.47,4.35,1657,1085892.00,2.73,1.36,0.06,0.28
2003-08-20,4.46,4.58,4.62,4.28,13312,8857787.00,7.62,2.69,0.12,2.21
2003-08-21,4.56,4.76,4.81,4.51,22780,15925963.00,6.55,3.93,0.18,3.79
2003-08-22,4.71,4.68,4.80,4.67,6833,4773310.00,2.73,-1.68,-0.08,1.14
2003-08-25,4.60,4.74,4.76,4.60,4773,3316973.00,3.42,1.28,0.06,0.79
2003-08-26,4.73,4.90,4.92,4.69,10318,7403834.00,4.85,3.38,0.16,1.71
2003-08-27,4.87,4.78,4.97,4.77,10860,7875257.00,4.08,-2.45,-0.12,1.80
2003-08-28,4.77,4.67,4.80,4.56,12078,8378857.00,5.02,-2.30,-0.11,2.01
2003-08-29,4.62,4.91,4.91,4.62,15043,10887326.00,6.21,5.14,0.24,2.50
2003-09-01,5.00,5.15,5.15,4.94,20317,15218594.00,4.28,4.89,0.24,3.38
2003-09-02,5.15,5.13,5.32,4.98,13121,9999710.00,6.60,-0.39,-0.02,2.18
2003-09-03,5.07,5.24,5.38,5.07,11467,8895487.00,6.04,2.14,0.11,1.91
2003-09-04,5.21,5.17,5.39,5.13,8144,6331543.00,4.96,-1.34,-0.07,1.35
2003-09-05,5.13,5.16,5.26,5.09,6784,5159689.00,3.29,-0.19,-0.01,1.13
2003-09-08,5.17,5.02,5.30,5.01,6093,4599796.00,5.62,-2.71,-0.14,1.01
2003-09-09,4.99,5.11,5.13,4.96,5355,3988162.00,3.39,1.79,0.09,0.89
2003-09-10,5.06,5.11,5.16,4.99,2993,2250413.00,3.33,0.00,0.00,0.50
2003-09-11,5.11,5.09,5.12,5.06,3522,2652589.00,1.17,-0.39,-0.02,0.59
2003-09-12,5.05,4.97,5.10,4.92,5862,4334967.00,3.54,-2.36,-0.12,0.97
2003-09-15,4.86,4.94,4.98,4.86,4136,3018328.00,2.41,-0.60,-0.03,0.69
2003-09-16,4.97,5.17,5.19,4.91,5867,4451991.00,5.67,4.66,0.23,0.97
2003-09-17,5.15,5.35,5.42,5.12,10747,8472770.00,5.80,3.48,0.18,1.79
2003-09-18,5.34,5.26,5.38,5.15,6697,5211250.00,4.30,-1.68,-0.09,1.11
2003-09-19,5.26,5.51,5.52,5.21,18139,14624029.00,5.89,4.75,0.25,3.01
2003-09-22,5.50,5.46,5.59,5.40,10955,8900953.00,3.45,-0.91,-0.05,1.82
2003-09-23,5.46,5.32,5.53,5.27,9428,7470099.00,4.76,-2.56,-0.14,1.57
2003-09-24,5.31,5.58,5.58,5.22,13693,11044223.00,6.77,4.89,0.26,2.28
2003-09-25,5.54,5.44,5.65,5.42,7067,5745839.00,4.12,-2.51,-0.14,1.17
2003-09-26,5.40,5.30,5.49,5.30,5106,4034660.00,3.49,-2.57,-0.14,0.85
2003-09-29,5.30,5.07,5.30,5.04,7443,5650461.00,4.91,-4.34,-0.23,1.24
2003-09-30,5.00,4.82,5.04,4.82,11811,8523649.00,4.34,-4.93,-0.25,1.96
2003-10-08,4.73,4.92,4.94,4.67,9819,6964896.00,5.60,2.07,0.10,1.63
2003-10-09,4.91,4.94,4.97,4.83,3329,2419588.00,2.85,0.41,0.02,0.55
2003-10-10,4.85,4.90,4.97,4.83,4835,3487154.00,2.83,-0.81,-0.04,0.80
2003-10-14,4.90,5.15,5.15,4.90,7083,5343869.00,5.10,5.10,0.25,1.18
2003-10-15,5.15,5.38,5.40,5.08,8107,6351729.00,6.21,4.47,0.23,1.35
2003-10-16,5.34,5.26,5.38,5.20,3603,2828028.00,3.35,-2.23,-0.12,0.60
2003-10-17,5.26,5.26,5.47,5.20,5007,3960056.00,5.13,0.00,0.00,0.83
2003-10-20,5.20,5.00,5.26,5.00,5119,3829195.00,4.94,-4.94,-0.26,0.85
2003-10-21,4.90,4.97,5.00,4.75,3304,2378619.00,5.00,-0.60,-0.03,0.55
2003-10-22,4.89,4.99,5.11,4.87,2143,1583994.00,4.83,0.40,0.02,0.36
2003-10-23,4.97,5.09,5.10,4.77,4855,3568882.00,6.61,2.00,0.10,0.81
2003-10-24,5.07,5.03,5.19,4.91,3242,2429747.00,5.50,-1.18,-0.06,0.54
2003-10-27,4.85,5.05,5.07,4.85,2817,2064220.00,4.37,0.40,0.02,0.47
2003-10-28,4.92,5.27,5.28,4.92,7897,6011162.00,7.13,4.36,0.22,1.31
2003-10-29,5.18,5.24,5.37,5.17,6372,4976168.00,3.80,-0.57,-0.03,1.06
2003-10-30,5.40,5.31,5.40,5.05,5774,4529773.00,6.68,1.34,0.07,0.96
2003-10-31,5.31,5.30,5.57,5.17,3337,2637564.00,7.53,-0.19,-0.01,0.55
2003-11-03,5.26,5.17,5.26,5.12,3825,2941620.00,2.64,-2.45,-0.13,0.64
2003-11-04,5.17,5.40,5.40,5.07,9575,7435873.00,6.38,4.45,0.23,1.59
2003-11-05,5.40,5.40,5.51,5.30,4705,3783536.00,3.89,0.00,0.00,0.78
2003-11-06,5.40,5.26,5.40,5.19,2831,2204829.00,3.89,-2.59,-0.14,0.47
2003-11-07,5.25,5.19,5.25,5.03,3189,2412301.00,4.18,-1.33,-0.07,0.53
2003-11-10,5.18,4.95,5.19,4.93,3826,2829491.00,5.01,-4.62,-0.24,0.64
2003-11-11,4.90,4.92,5.01,4.85,1455,1061787.00,3.23,-0.61,-0.03,0.24
2003-11-12,4.92,4.93,5.03,4.92,1043,764580.00,2.24,0.20,0.01,0.17
2003-11-13,4.93,4.88,4.96,4.86,1825,1321559.00,2.03,-1.01,-0.05,0.30
2003-11-17,4.80,4.75,4.85,4.69,3318,2324334.00,3.28,-2.66,-0.13,0.55
2003-11-18,4.74,4.51,4.80,4.51,6830,4600616.00,6.11,-5.05,-0.24,1.13
2003-11-19,4.74,4.74,4.74,4.58,1583,1104823.00,3.55,5.10,0.23,0.26
2003-11-20,4.97,4.97,4.97,4.81,3203,2338031.00,3.38,4.85,0.23,0.53
2003-11-21,5.01,5.03,5.17,4.99,3877,2900868.00,3.62,1.21,0.06,0.64
2003-11-24,4.97,4.96,5.07,4.89,4059,2982535.00,3.58,-1.39,-0.07,0.67
2003-11-25,4.92,5.13,5.14,4.90,3282,2446653.00,4.84,3.43,0.17,0.55
2003-11-26,4.93,5.02,5.11,4.91,2385,1766433.00,3.90,-2.14,-0.11,0.40
2003-11-27,5.00,4.80,5.00,4.77,3009,2159567.00,4.58,-4.38,-0.22,0.50
2003-11-28,4.80,4.80,4.86,4.75,1969,1395252.00,2.29,0.00,0.00,0.33
2003-12-01,4.80,4.83,4.83,4.67,2450,1720753.00,3.33,0.63,0.03,0.41
2003-12-02,4.83,4.92,4.97,4.69,3364,2379704.00,5.80,1.86,0.09,0.56
2003-12-03,4.85,4.84,4.85,4.74,5712,4042422.00,2.24,-1.63,-0.08,0.95
2003-12-04,4.89,4.88,4.98,4.76,3857,2795338.00,4.55,0.83,0.04,0.64
2003-12-05,4.88,4.98,4.99,4.80,4665,3376936.00,3.89,2.05,0.10,0.78
2003-12-08,4.94,5.14,5.15,4.89,4569,3405951.00,5.22,3.21,0.16,0.76
2003-12-09,5.17,5.21,5.37,5.12,3385,2595960.00,4.86,1.36,0.07,0.56
2003-12-10,5.20,5.25,5.25,5.13,2459,1894065.00,2.30,0.77,0.04,0.41
2003-12-11,5.23,5.30,5.32,5.15,2230,1736436.00,3.24,0.95,0.05,0.37
2003-12-12,5.21,5.12,5.30,5.12,1037,796403.00,3.40,-3.40,-0.18,0.17
2003-12-15,5.09,5.26,5.31,5.09,2600,2008805.00,4.30,2.73,0.14,0.43
2003-12-16,5.27,5.37,5.37,5.14,3965,3111576.00,4.37,2.09,0.11,0.66
2003-12-17,5.30,5.45,5.47,5.19,5864,4665936.00,5.21,1.49,0.08,0.97
2003-12-18,5.44,5.45,5.49,5.38,5718,4608381.00,2.02,0.00,0.00,0.95
2003-12-19,5.40,5.21,5.47,5.18,4442,3485104.00,5.32,-4.40,-0.24,0.74
2003-12-22,5.20,5.42,5.43,5.15,3856,3061190.00,5.37,4.03,0.21,0.64
2003-12-23,5.40,5.47,5.49,5.35,4079,3286294.00,2.58,0.92,0.05,0.68
2003-12-24,5.44,5.43,5.49,5.27,6282,5038536.00,4.02,-0.73,-0.04,1.04
2003-12-25,5.38,5.42,5.44,5.27,2834,2255605.00,3.13,-0.18,-0.01,0.47
2003-12-26,5.41,5.27,5.41,5.24,2489,1951346.00,3.14,-2.77,-0.15,0.41
2003-12-29,5.21,5.53,5.53,5.21,8486,6922487.00,6.07,4.93,0.26,1.41
2003-12-30,5.57,5.81,5.81,5.53,14540,12292692.00,5.06,5.06,0.28,2.42
2003-12-31,5.83,5.79,5.88,5.71,4470,3833590.00,2.93,-0.34,-0.02,0.74