2011-01-04,8.14,8.10,8.19,7.98,21555,22139318.00,2.58,-0.37,-0.03,1.06
2011-01-05,8.04,8.28,8.45,8.04,30948,32686116.00,5.06,2.22,0.18,1.52
2011-01-06,8.26,8.21,8.36,8.13,23273,24426100.00,2.78,-0.85,-0.07,1.14
2011-01-07,8.20,8.14,8.37,8.07,20955,21998734.00,3.65,-0.85,-0.07,1.03
2011-01-10,8.15,7.84,8.16,7.82,13704,13908072.00,4.18,-3.69,-0.30,0.67
2011-01-11,7.75,7.64,7.89,7.56,15542,15242123.00,4.21,-2.55,-0.20,0.76
2011-01-12,7.64,7.73,7.77,7.64,7417,7302099.00,1.70,1.18,0.09,0.36
2011-01-13,7.73,8.00,8.04,7.71,13504,13641126.00,4.27,3.49,0.27,0.66
2011-01-14,7.99,7.81,7.99,7.79,6622,6654047.00,2.50,-2.38,-0.19,0.33
2011-01-17,7.74,7.49,7.87,7.41,13558,13198809.00,5.89,-4.10,-0.32,0.67
2011-01-18,7.50,7.48,7.54,7.37,6053,5787584.50,2.27,-0.13,-0.01,0.30
2011-01-19,7.46,7.61,7.63,7.39,8669,8377782.50,3.21,1.74,0.13,0.43
2011-01-20,7.58,7.29,7.59,7.29,6564,6263522.00,3.94,-4.20,-0.32,0.32
2011-01-21,7.31,7.46,7.64,7.31,8928,8626632.00,4.53,2.33,0.17,0.44
2011-01-24,7.44,7.42,7.54,7.41,4246,4060188.75,1.74,-0.54,-0.04,0.21
2011-01-25,7.41,7.29,7.49,7.29,5633,5321007.50,2.70,-1.75,-0.13,0.28
2011-01-26,7.31,7.41,7.45,7.31,4008,3797134.00,1.92,1.65,0.12,0.20
2011-01-27,7.45,7.63,7.72,7.37,9079,8830696.00,4.72,2.97,0.22,0.45
2011-01-28,7.64,7.90,7.99,7.59,12133,12100820.00,5.24,3.54,0.27,0.60
2011-01-31,7.84,7.99,8.08,7.73,11695,11775628.00,4.43,1.14,0.09,0.57
2011-02-01,7.99,7.94,7.99,7.83,7694,7766195.00,2.00,-0.63,-0.05,0.38
2011-02-09,7.91,7.83,8.02,7.79,11661,11780022.00,2.90,-1.39,-0.11,0.57
2011-02-10,7.83,8.16,8.33,7.77,18693,19352240.00,7.15,4.21,0.33,0.92
2011-02-11,8.16,8.17,8.29,8.14,9795,10218863.00,1.84,0.12,0.01,0.48
2011-02-14,8.18,8.24,8.35,8.08,16541,17355092.00,3.30,0.86,0.07,0.81
2011-02-15,8.27,8.22,8.36,8.21,13522,14250922.00,1.82,-0.24,-0.02,0.66
2011-02-16,8.22,8.46,8.58,8.22,22502,24171682.00,4.38,2.92,0.24,1.11
2011-02-17,8.48,8.45,8.49,8.32,12961,13831828.00,2.01,-0.12,-0.01,0.64
2011-02-18,8.38,8.44,8.64,8.38,10504,11373309.00,3.08,-0.12,-0.01,0.52
2011-02-21,8.44,8.42,8.53,8.29,17752,18953006.00,2.84,-0.24,-0.02,0.87
2011-02-22,8.48,8.29,8.54,8.14,15885,16851144.00,4.75,-1.54,-0.13,0.78
2011-02-23,8.28,8.35,8.39,8.16,14284,15061549.00,2.77,0.72,0.06,0.70
2011-02-24,8.36,8.34,8.42,8.24,11351,12034388.00,2.16,-0.12,-0.01,0.56
2011-02-25,8.39,8.29,8.39,8.20,8756,9226655.00,2.28,-0.60,-0.05,0.43
2011-02-28,8.29,8.39,8.39,8.21,17593,18674774.00,2.17,1.21,0.10,0.86
2011-03-01,8.43,8.46,8.51,8.34,27835,29819768.00,2.03,0.83,0.07,1.37
2011-03-02,8.46,8.64,8.69,8.44,41417,45107076.00,2.96,2.13,0.18,2.03
2011-03-03,8.64,8.34,8.64,8.34,18934,20405388.00,3.47,-3.47,-0.30,0.93
2011-03-04,8.34,8.36,8.37,8.24,21023,22237406.00,1.56,0.24,0.02,1.03
2011-03-07,8.36,8.42,8.50,8.34,22982,24533550.00,1.91,0.72,0.06,1.13
2011-03-08,8.41,8.34,8.41,8.19,19061,20131918.00,2.61,-0.95,-0.08,0.94
2011-03-09,8.32,8.27,8.34,8.23,23834,25080512.00,1.32,-0.84,-0.07,1.17
2011-03-10,8.25,8.29,8.36,8.24,16182,17078988.00,1.45,0.24,0.02,0.79
2011-03-11,8.24,8.28,8.36,8.24,17883,18880556.00,1.45,-0.12,-0.01,0.88
2011-03-14,8.27,8.49,8.52,8.22,40050,42871008.00,3.62,2.54,0.21,1.97
2011-03-15,8.48,8.30,8.48,7.83,28028,29384474.00,7.66,-2.24,-0.19,1.38
2011-03-16,8.27,8.36,8.38,8.27,19456,20630822.00,1.33,0.72,0.06,0.96
2011-03-17,8.32,8.11,8.33,8.04,19053,19917768.00,3.47,-2.99,-0.25,0.94
2011-03-18,8.16,8.20,8.24,8.14,9302,9706812.00,1.23,1.11,0.09,0.46
2011-03-21,8.20,8.09,8.20,8.05,12341,12770758.00,1.83,-1.34,-0.11,0.61
2011-03-22,8.14,7.96,8.14,7.95,13230,13500158.00,2.35,-1.61,-0.13,0.65
2011-03-23,7.98,8.09,8.12,7.90,21316,21870640.00,2.76,1.63,0.13,1.05
2011-03-24,8.09,8.14,8.14,7.99,22760,23420388.00,1.85,0.62,0.05,1.12
2011-03-25,8.15,8.16,8.29,8.08,27633,28733124.00,2.58,0.25,0.02,1.36
2011-03-28,8.16,8.14,8.22,8.10,23234,24118254.00,1.47,-0.25,-0.02,1.14
2011-03-29,8.20,8.14,8.33,8.12,27127,28440832.00,2.58,0.00,0.00,1.33
2011-03-30,8.16,7.91,8.18,7.84,21636,21938930.00,4.18,-2.83,-0.23,1.06
2011-03-31,7.93,7.84,7.98,7.82,15179,15269452.00,2.02,-0.88,-0.07,0.75
2011-04-01,7.84,8.01,8.01,7.84,11194,11319967.00,2.17,2.17,0.17,0.55
2011-04-06,8.00,8.04,8.08,7.91,11584,11818504.00,2.12,0.37,0.03,0.57
2011-04-07,8.05,8.05,8.12,7.99,9353,9611231.00,1.62,0.12,0.01,0.46
2011-04-08,8.04,8.19,8.27,8.00,20888,21763814.00,3.35,1.74,0.14,1.03
2011-04-11,8.23,8.05,8.28,7.99,22773,23419366.00,3.54,-1.71,-0.14,1.12
2011-04-12,8.07,8.10,8.19,8.03,15932,16477815.00,1.99,0.62,0.05,0.78
2011-04-13,8.24,8.44,8.53,8.19,60567,64806200.00,4.20,4.20,0.34,2.97
2011-04-14,8.44,8.49,8.54,8.34,48093,51830788.00,2.37,0.59,0.05,2.36
2011-04-15,8.49,8.65,8.77,8.44,51343,55982292.00,3.89,1.88,0.16,2.52
2011-04-18,8.65,8.90,8.95,8.65,72157,80873512.00,3.47,2.89,0.25,3.54
2011-04-19,8.85,8.99,9.12,8.70,82836,93950384.00,4.72,1.01,0.09,4.07
2011-04-20,8.94,9.08,9.39,8.94,62594,72332808.00,5.01,1.00,0.09,3.07
2011-04-21,9.19,9.23,9.30,8.89,69829,80380048.00,4.52,1.65,0.15,3.43
2011-04-22,9.24,9.45,9.55,9.13,73425,86913080.00,4.55,2.38,0.22,3.61
2011-04-25,9.50,9.39,10.15,9.39,134844,165700592.00,8.04,-0.63,-0.06,6.62
2011-04-26,9.24,10.32,10.33,9.01,158701,193969936.00,14.06,9.90,0.93,7.79
2011-04-27,9.94,9.91,10.34,9.74,127654,161425888.00,5.81,-3.97,-0.41,6.27
2011-04-28,9.92,9.27,10.05,9.20,97018,117225528.00,8.58,-6.46,-0.64,4.76
2011-04-29,9.24,9.23,9.44,8.93,62300,72769304.00,5.50,-0.43,-0.04,3.06
2011-05-03,9.24,9.74,9.86,9.20,85702,104146520.00,7.15,5.53,0.51,4.21
2011-05-04,9.79,9.35,9.95,9.29,90368,109323448.00,6.78,-4.00,-0.39,4.44
2011-05-05,9.24,9.53,9.72,9.23,56812,68428040.00,5.24,1.93,0.18,2.79
2011-05-06,9.60,10.53,10.53,9.56,180297,231688144.00,10.18,10.49,1.00,8.85
2011-05-09,10.79,10.94,11.39,10.49,219567,300257120.00,8.55,3.89,0.41,10.78
2011-05-11,10.99,12.09,12.09,10.99,143140,209914624.00,10.05,10.51,1.15,7.03
2011-05-12,12.45,11.92,13.06,11.84,305880,474598240.00,10.09,-1.41,-0.17,15.02
2011-05-13,12.09,12.98,13.08,11.74,258278,401445504.00,11.24,8.89,1.06,12.68
2011-05-16,12.46,12.53,12.70,12.12,228046,353491488.00,4.47,-3.47,-0.45,11.20
2011-05-17,12.44,11.51,12.44,11.43,187166,276406464.00,8.06,-8.14,-1.02,9.19
2011-05-18,11.37,11.69,12.08,11.37,122730,181371312.00,6.17,1.56,0.18,6.03
2011-05-19,11.69,12.54,12.91,11.45,230701,357151040.00,12.49,7.27,0.85,11.33
2011-05-20,12.37,12.64,12.79,12.20,149628,232610896.00,4.70,0.80,0.10,7.35
2011-05-23,12.58,12.33,13.62,12.23,213116,343690080.00,11.00,-2.45,-0.31,10.47
2011-05-24,12.06,12.78,13.24,11.72,186636,292400128.00,12.33,3.65,0.45,9.17
2011-05-25,12.49,11.89,12.70,11.83,149600,227003792.00,6.81,-6.96,-0.89,7.35
2011-05-26,11.91,11.64,12.37,11.54,121163,181877008.00,6.98,-2.10,-0.25,5.95
2011-05-27,11.41,10.43,11.58,10.43,120646,164265024.00,9.88,-10.40,-1.21,5.92
2011-05-30,10.08,9.95,10.41,9.75,113233,143458896.00,6.33,-4.60,-0.48,5.56
2011-05-31,9.92,10.24,10.46,9.92,115575,148896272.00,5.43,2.91,0.29,5.68
2011-06-01,10.23,10.48,10.63,10.06,120296,156678736.00,5.57,2.34,0.24,5.91
2011-06-02,10.18,10.17,10.32,9.84,90243,114977040.00,4.58,-2.96,-0.31,4.43
2011-06-03,10.23,10.37,10.53,10.14,89720,117426352.00,3.83,1.97,0.20,4.41
2011-06-07,10.19,10.79,10.82,10.19,116468,154732496.00,6.08,4.05,0.42,5.72
2011-06-08,10.64,11.12,11.30,10.54,141671,194291088.00,7.04,3.06,0.33,6.96
2011-06-09,10.99,10.33,11.08,10.33,108836,146436432.00,6.74,-7.10,-0.79,5.34
2011-06-10,10.29,10.10,10.49,9.73,92205,116943224.00,7.36,-2.23,-0.23,4.53
2011-06-13,9.99,10.23,10.29,9.79,61226,77233432.00,4.95,1.29,0.13,3.01
2011-06-14,10.13,10.37,10.60,10.08,66185,86715328.00,5.08,1.37,0.14,3.25
2011-06-15,10.37,10.13,10.49,10.11,53113,68908600.00,3.66,-2.31,-0.24,2.61
2011-06-16,9.91,9.66,10.12,9.66,47635,59506476.00,4.54,-4.64,-0.47,2.34
2011-06-17,9.70,9.31,9.89,9.30,47711,57897424.00,6.11,-3.62,-0.35,2.34
2011-06-20,9.32,9.54,9.54,9.27,39696,47121168.00,2.90,2.47,0.23,1.95
2011-06-21,9.54,9.66,9.69,9.36,40014,48258600.00,3.46,1.26,0.12,1.97
2011-06-22,9.60,9.58,9.80,9.49,36453,44420572.00,3.21,-0.83,-0.08,1.79
2011-06-23,9.54,9.91,10.08,9.33,65058,79705840.00,7.83,3.44,0.33,3.19
2011-06-24,9.83,10.11,10.31,9.77,78183,99051392.00,5.45,2.02,0.20,3.84
2011-06-27,10.17,10.40,10.69,10.17,72880,95853488.00,5.14,2.87,0.29,3.58
2011-06-28,10.37,10.53,10.63,10.22,56371,74013392.00,3.94,1.25,0.13,2.77
2011-06-29,10.52,10.20,10.57,10.20,54580,71241256.00,3.51,-3.13,-0.33,2.68
2011-06-30,10.19,11.28,11.28,10.16,128497,175825984.00,10.98,10.59,1.08,6.31
2011-07-05,11.54,11.82,12.14,11.54,210447,311046784.00,5.32,4.79,0.54,10.33
2011-07-06,11.64,11.94,12.14,11.37,151595,223178960.00,6.51,1.02,0.12,7.44
2011-07-07,12.07,11.66,12.23,11.64,113689,169371552.00,4.94,-2.35,-0.28,5.58
2011-07-08,11.66,11.91,12.08,11.52,97489,144753008.00,4.80,2.14,0.25,4.79
2011-07-11,11.74,12.12,12.21,11.60,94488,141208288.00,5.12,1.76,0.21,4.64
2011-07-12,11.95,11.74,12.46,11.73,100510,151713936.00,6.02,-3.14,-0.38,4.94
2011-07-13,11.79,12.09,12.31,11.79,81938,123394344.00,4.43,2.98,0.35,4.02
2011-07-14,12.14,12.59,12.64,12.02,136575,211428560.00,5.13,4.14,0.50,6.71
2011-07-15,12.45,12.29,12.50,12.19,91138,140347440.00,2.46,-2.38,-0.30,4.48
2011-07-18,12.35,11.76,12.45,11.75,94839,143662432.00,5.70,-4.31,-0.53,4.66
2011-07-19,11.70,11.49,11.70,11.41,54220,78379112.00,2.47,-2.30,-0.27,2.66
2011-07-20,11.69,11.70,11.79,11.44,43889,63892144.00,3.05,1.83,0.21,2.16
2011-07-21,11.64,11.39,11.70,11.32,35889,51677136.00,3.25,-2.65,-0.31,1.76
2011-07-22,11.50,11.40,11.58,11.37,30769,44237900.00,1.84,0.09,0.01,1.51
2011-07-25,11.32,10.49,11.33,10.41,70778,96015616.00,8.07,-7.98,-0.91,3.48
2011-07-26,10.46,10.59,10.62,10.46,30776,40799616.00,1.53,0.95,0.10,1.51
2011-07-27,10.49,10.63,10.81,10.35,44434,59232076.00,4.34,0.38,0.04,2.18
2011-07-28,10.51,10.51,10.57,10.24,35850,46896556.00,3.10,-1.13,-0.12,1.76
2011-07-29,10.49,10.56,10.87,10.49,45959,61702992.00,3.62,0.48,0.05,2.26
2011-08-01,10.58,10.70,10.84,10.58,31316,42204424.00,2.46,1.33,0.14,1.54
2011-08-02,10.62,10.52,10.67,10.21,32806,42859568.00,4.30,-1.68,-0.18,1.61
2011-08-03,10.35,10.41,10.58,10.26,22296,29256522.00,3.04,-1.05,-0.11,1.09
2011-08-04,10.43,10.92,11.14,10.43,73887,101219640.00,6.82,4.90,0.51,3.63
2011-08-05,10.41,10.49,10.64,10.23,53008,69926856.00,3.75,-3.94,-0.43,2.60
2011-08-08,10.24,9.71,10.39,9.66,59797,76115288.00,6.96,-7.44,-0.78,2.94
2011-08-09,9.30,9.66,9.83,9.02,41720,49737172.00,8.34,-0.51,-0.05,2.05
2011-08-10,9.91,9.76,10.19,9.74,43178,54314100.00,4.66,1.04,0.10,2.12
2011-08-11,9.49,10.02,10.03,9.39,38757,48115536.00,6.56,2.66,0.26,1.90
2011-08-12,10.08,10.18,10.25,10.04,45210,57879900.00,2.10,1.60,0.16,2.22
2011-08-15,10.22,10.41,10.46,10.22,39694,51778016.00,2.36,2.26,0.23,1.95
2011-08-16,10.38,10.20,10.39,10.16,39552,51084672.00,2.21,-2.02,-0.21,1.94
2011-08-17,10.18,10.38,10.49,10.18,38742,50462984.00,3.04,1.76,0.18,1.90
2011-08-18,10.39,10.09,10.44,10.09,27293,35180564.00,3.37,-2.79,-0.29,1.34
2011-08-19,9.79,10.12,10.16,9.75,25617,32103550.00,4.06,0.30,0.03,1.26
2011-08-22,10.10,10.40,10.58,10.10,43513,56788796.00,4.74,2.77,0.28,2.14
2011-08-23,10.49,10.60,10.65,10.37,30984,40867932.00,2.69,1.92,0.20,1.52
2011-08-24,10.63,10.45,10.82,10.40,34972,46649480.00,3.96,-1.42,-0.15,1.72
2011-08-25,10.59,10.87,10.90,10.44,54559,73616056.00,4.40,4.02,0.42,2.68
2011-08-26,10.82,10.86,10.99,10.69,50842,69133696.00,2.76,-0.09,-0.01,2.50
2011-08-29,10.77,10.44,10.90,10.42,58283,78101096.00,4.42,-3.87,-0.42,2.86
2011-08-30,10.58,10.11,10.60,10.08,48696,63525588.00,4.98,-3.16,-0.33,2.39
2011-08-31,10.08,10.19,10.28,9.95,30792,39378048.00,3.26,0.79,0.08,1.51
2011-09-01,10.24,10.11,10.39,10.09,23189,29917346.00,2.94,-0.79,-0.08,1.14
2011-09-02,10.24,10.38,10.38,9.92,35356,45559552.00,4.55,2.67,0.27,1.74
2011-09-05,10.20,11.12,11.41,10.18,138862,188959376.00,11.85,7.13,0.74,6.82
2011-09-06,10.89,10.84,11.23,10.49,93593,128516912.00,6.65,-2.52,-0.28,4.60
2011-09-07,10.87,11.69,11.91,10.85,164963,237608704.00,9.78,7.84,0.85,8.10
2011-09-08,11.54,11.73,11.81,11.41,106430,154915088.00,3.42,0.34,0.04,5.23
2011-09-09,11.60,11.31,11.88,11.26,84695,122566168.00,5.29,-3.58,-0.42,4.16
2011-09-13,11.07,10.57,11.10,10.49,68711,92352392.00,5.39,-6.54,-0.74,3.37
2011-09-14,10.69,11.68,11.68,10.63,153214,219286176.00,9.93,10.50,1.11,7.52
2011-09-15,12.14,12.24,12.44,11.85,257343,390259808.00,5.05,4.79,0.56,12.64
2011-09-16,12.23,11.95,12.41,11.94,165997,252024240.00,3.84,-2.37,-0.29,8.15
2011-09-19,11.84,11.93,12.23,11.74,118684,178243440.00,4.10,-0.17,-0.02,5.83
2011-09-20,11.83,12.23,12.28,11.60,134917,202117664.00,5.70,2.51,0.30,6.63
2011-09-21,12.28,12.37,12.47,11.71,179504,271556704.00,6.21,1.14,0.14,8.81
2011-09-22,12.12,11.44,12.38,11.16,146231,218268752.00,9.86,-7.52,-0.93,7.18
2011-09-23,11.00,11.09,11.44,10.66,107965,149823968.00,6.82,-3.06,-0.35,5.30
2011-09-26,10.99,11.11,11.44,10.99,83719,117913056.00,4.06,0.18,0.02,4.11
2011-09-27,11.21,11.14,11.42,10.81,70583,98321344.00,5.49,0.27,0.03,3.47
2011-09-28,11.20,10.65,11.24,10.52,71810,98492080.00,6.46,-4.40,-0.49,3.53
2011-09-29,10.42,9.80,10.57,9.69,68360,86497688.00,8.26,-7.98,-0.85,3.36
2011-09-30,9.83,9.87,9.95,9.64,37330,46223356.00,3.16,0.71,0.07,1.83
2011-10-10,9.96,9.88,10.04,9.82,29761,37193536.00,2.23,0.10,0.01,1.46
2011-10-11,10.26,9.75,10.33,9.51,47054,58971860.00,8.30,-1.32,-0.13,2.31
2011-10-12,9.71,10.42,10.49,9.71,77428,99439168.00,8.00,6.87,0.67,3.80
2011-10-13,10.33,10.51,10.65,10.25,64670,85228112.00,3.84,0.86,0.09,3.18
2011-10-14,10.49,10.54,10.74,10.37,50901,67752272.00,3.52,0.29,0.03,2.50
2011-10-17,10.58,10.57,10.66,10.33,46726,61642008.00,3.13,0.28,0.03,2.29
2011-10-18,10.46,9.91,10.54,9.87,40786,52484292.00,6.34,-6.24,-0.66,2.00
2011-10-19,10.08,9.89,10.30,9.87,52883,66688048.00,4.34,-0.20,-0.02,2.60
2011-10-20,9.81,10.09,10.13,9.79,48666,61184892.00,3.44,2.02,0.20,2.39
2011-10-21,10.04,9.72,10.14,9.66,33003,41114852.00,4.76,-3.67,-0.37,1.62
2011-10-24,9.75,9.62,9.84,9.05,49967,59722064.00,8.13,-1.03,-0.10,2.45
2011-10-25,9.59,9.94,10.06,9.49,70610,87449152.00,5.93,3.33,0.32,3.47
2011-10-26,9.82,9.99,10.09,9.79,57547,72275168.00,3.02,0.50,0.05,2.83
2011-10-27,10.04,9.95,10.32,9.89,55522,70771448.00,4.30,-0.40,-0.04,2.73
2011-10-28,10.04,10.16,10.20,9.96,54107,68783576.00,2.41,2.11,0.21,2.66
2011-10-31,10.17,10.19,10.29,10.04,45450,58220384.00,2.46,0.30,0.03,2.23
2011-11-01,10.08,10.07,10.24,10.00,40841,51966520.00,2.36,-1.18,-0.12,2.01
2011-11-02,9.92,10.07,10.09,9.54,73558,90776192.00,5.46,0.00,0.00,3.61
2011-11-03,10.11,10.24,10.46,9.99,94412,122067408.00,4.67,1.69,0.17,4.64
2011-11-04,10.24,10.37,10.38,10.07,70402,90967824.00,3.03,1.27,0.13,3.46
2011-11-07,10.38,10.31,10.61,10.26,68063,89354712.00,3.38,-0.58,-0.06,3.34
2011-11-08,10.38,10.12,10.40,10.10,41248,53149160.00,2.91,-1.84,-0.19,2.03
2011-11-09,10.14,10.24,10.25,9.91,36968,47091116.00,3.36,1.19,0.12,1.82
2011-11-10,10.08,9.98,10.19,9.93,39600,50027044.00,2.54,-2.54,-0.26,1.94
2011-11-11,9.98,9.94,10.07,9.84,26711,33531260.00,2.30,-0.40,-0.04,1.31
2011-11-14,10.07,10.36,10.44,9.99,61117,79084400.00,4.53,4.23,0.42,3.00
2011-11-15,10.35,10.42,10.44,10.20,52333,68018072.00,2.32,0.58,0.06,2.57
2011-11-16,10.36,10.05,10.49,9.99,52420,67354416.00,4.80,-3.55,-0.37,2.57
2011-11-17,10.07,10.08,10.25,9.96,28554,36346848.00,2.89,0.30,0.03,1.40
2011-11-18,10.04,10.03,10.31,9.96,53185,68170056.00,3.47,-0.50,-0.05,2.61
2011-11-21,10.04,9.83,10.09,9.50,30978,37989860.00,5.88,-1.99,-0.20,1.52
2011-11-22,9.64,9.62,9.77,9.48,27446,33297572.00,2.95,-2.14,-0.21,1.35
2011-11-23,9.70,9.63,9.75,9.54,17259,20988760.00,2.18,0.10,0.01,0.85
2011-11-24,9.49,9.64,9.68,9.34,19414,23338906.00,3.53,0.10,0.01,0.95
2011-11-25,9.64,9.59,9.67,9.54,16893,20475812.00,1.35,-0.52,-0.05,0.83
2011-11-28,9.62,9.54,9.66,9.44,15181,18252394.00,2.29,-0.52,-0.05,0.75
2011-11-29,9.69,9.70,9.72,9.58,20482,24955568.00,1.47,1.68,0.16,1.01
2011-11-30,9.68,8.93,9.69,8.74,42044,48913512.00,9.79,-7.94,-0.77,2.06
2011-12-01,9.19,8.99,9.31,8.99,31912,36949444.00,3.58,0.67,0.06,1.57
2011-12-02,8.96,8.49,8.96,8.38,32060,35068736.00,6.45,-5.56,-0.50,1.57
2011-12-05,8.50,7.99,8.57,7.99,19627,20608098.00,6.83,-5.89,-0.50,0.96
2011-12-06,8.00,8.16,8.20,7.92,15728,16181359.00,3.50,2.13,0.17,0.77
2011-12-07,8.04,8.16,8.21,8.04,11437,11885566.00,2.08,0.00,0.00,0.56
2011-12-08,8.14,8.27,8.31,8.01,17805,18606420.00,3.68,1.35,0.11,0.87
2011-12-09,8.21,8.12,8.27,8.04,14609,15176286.00,2.78,-1.81,-0.15,0.72
2011-12-12,7.99,8.04,8.13,7.99,8583,8808980.00,1.72,-0.99,-0.08,0.42
2011-12-13,8.00,7.85,8.07,7.75,15786,15925197.00,3.98,-2.36,-0.19,0.78
2011-12-14,7.79,7.64,7.94,7.63,14189,14083840.00,3.95,-2.68,-0.21,0.70
2011-12-15,7.58,6.99,7.58,6.99,24373,22507872.00,7.72,-8.51,-0.65,1.20
2011-12-16,6.99,7.17,7.18,6.89,26077,23550274.00,4.15,2.58,0.18,1.28
2011-12-19,7.09,7.10,7.12,6.84,19299,17343696.00,3.91,-0.98,-0.07,0.95
2011-12-20,7.08,7.86,7.86,7.00,34616,34128420.00,12.11,10.70,0.76,1.70
2011-12-21,8.02,7.76,8.23,7.73,83066,84537696.00,6.36,-1.27,-0.10,4.08
2011-12-22,7.66,7.72,7.74,6.95,43820,41554548.00,10.18,-0.52,-0.04,2.15
2011-12-23,7.55,7.89,7.96,7.51,44443,44475040.00,5.83,2.20,0.17,2.18
2011-12-26,7.83,7.67,7.94,7.63,30275,30097720.00,3.93,-2.79,-0.22,1.49
2011-12-27,7.56,7.19,7.56,7.16,26067,24591014.00,5.22,-6.26,-0.48,1.28
2011-12-28,7.09,7.40,7.44,7.05,22968,21436234.00,5.42,2.92,0.21,1.13
2011-12-29,7.32,7.66,7.79,7.29,40100,38816580.00,6.76,3.51,0.26,1.97
2011-12-30,7.66,7.63,7.74,7.53,33752,32977544.00,2.74,-0.39,-0.03,1.66