2019-12-05,33.83,36.38,44.00,31.75,98896,540749432.00,43.32,28.64,8.10,74.14
2019-12-06,34.29,32.50,37.39,32.03,63184,332523800.00,14.73,-10.67,-3.88,47.37
2019-12-09,32.50,32.03,32.78,29.50,44756,222462086.00,10.09,-1.45,-0.47,33.55
2019-12-10,31.60,35.16,39.01,31.10,58876,314513438.00,24.70,9.77,3.13,44.14
2019-12-11,34.51,35.49,38.08,34.35,40517,220823437.00,10.61,0.94,0.33,30.38
2019-12-12,36.19,37.40,39.87,35.68,43577,245176941.00,11.81,5.38,1.91,32.67
2019-12-13,37.01,37.23,37.78,36.00,24868,137120627.00,4.76,-0.45,-0.17,18.64
2019-12-16,37.68,37.86,38.46,36.60,25181,140876337.00,5.00,1.69,0.63,18.88
2019-12-17,37.80,37.60,38.30,36.56,25971,145270488.00,4.60,-0.69,-0.26,19.47
2019-12-18,38.07,44.20,44.48,37.66,47309,279231142.00,18.14,17.55,6.60,35.47
2019-12-19,42.50,40.17,42.50,39.89,33001,196418469.00,5.90,-9.12,-4.03,24.74
2019-12-20,40.20,40.17,41.67,40.05,19691,116765902.00,4.03,0.00,0.00,14.76
2019-12-23,40.44,40.08,40.97,38.78,19220,112113811.00,5.45,-0.22,-0.09,14.41
2019-12-24,40.22,40.27,40.73,39.80,14046,82499017.00,2.32,0.47,0.19,10.53
2019-12-25,40.39,40.36,40.80,40.05,14615,86135687.00,1.86,0.22,0.09,10.96
2019-12-26,40.52,40.90,41.75,40.38,16956,101016427.00,3.39,1.34,0.54,12.71
2019-12-27,41.49,38.48,41.49,38.48,24356,142395876.00,7.36,-5.92,-2.42,18.26
2019-12-30,37.70,37.88,38.10,37.05,12249,68675609.00,2.73,-1.56,-0.60,9.18
2019-12-31,37.90,39.40,40.67,37.88,18540,107580729.00,7.37,4.01,1.52,13.90