2025-01-02,3163.30,3190.98,3265.32,3163.30,4199924,5087347248.00,3.23,0.90,28.36,3.48
2025-01-03,3194.60,3019.73,3194.60,3016.29,3954069,4050917570.00,5.59,-5.37,-171.25,3.28
2025-01-06,2984.97,2974.89,3017.57,2933.86,2654369,3058457318.00,2.77,-1.48,-44.84,2.20
2025-01-07,2996.47,3032.82,3033.07,2989.81,2300621,2457376724.00,1.45,1.95,57.93,1.91
2025-01-08,3015.10,3045.08,3054.50,2972.23,2788191,2881133883.00,2.71,0.40,12.26,2.31
2025-01-09,3015.16,3030.55,3051.24,3010.37,2161160,2173082219.00,1.34,-0.48,-14.53,1.79
2025-01-10,3030.81,2943.95,3032.38,2943.95,2361310,2320984116.00,2.92,-2.86,-86.60,1.96
2025-01-13,2919.34,2974.61,2989.57,2896.60,2207994,2315263282.00,3.16,1.04,30.66,1.83
2025-01-14,3046.41,3082.74,3082.74,3012.64,3445792,3625868281.00,2.36,3.64,108.13,2.86
2025-01-15,3068.47,3126.21,3164.27,3068.47,3322285,3912963736.00,3.11,1.41,43.47,2.75
2025-01-16,3131.62,3148.01,3187.41,3126.15,3813782,3973177004.00,1.96,0.70,21.80,3.16
2025-01-17,3135.84,3151.70,3171.68,3123.71,2780359,2848961831.00,1.52,0.12,3.69,2.30
2025-01-20,3154.10,3158.82,3222.91,3144.75,4222584,4169249106.00,2.48,0.23,7.12,3.50
2025-01-21,3155.98,3123.67,3175.70,3099.54,3118511,3039315942.00,2.41,-1.11,-35.15,2.58
2025-01-22,3113.77,3046.32,3113.77,3037.55,2309677,2393384589.00,2.44,-2.48,-77.35,1.91
2025-01-23,3077.86,3046.37,3091.04,3046.37,2300348,2365645185.00,1.47,0.00,0.05,1.91
2025-01-24,3043.12,3081.69,3082.25,3027.65,2116525,2251149329.00,1.79,1.16,35.32,1.75
2025-01-27,3087.81,3059.02,3118.80,3059.02,2364300,2383426670.00,1.94,-0.74,-22.67,1.96
2025-02-05,3068.78,3002.45,3068.78,2987.57,2339837,2582619474.00,2.65,-1.85,-56.57,1.94
2025-02-06,2999.25,3052.76,3052.76,2983.05,2382566,2744039867.00,2.32,1.68,50.31,1.97
2025-02-07,3050.68,3060.47,3090.09,3027.53,3102543,3394852171.00,2.05,0.25,7.71,2.57
2025-02-10,3065.17,3145.55,3145.68,3065.17,3674257,3934868009.00,2.63,2.78,85.08,3.04
2025-02-11,3146.05,3123.42,3146.05,3098.42,2984790,2984757488.00,1.51,-0.70,-22.13,2.47
2025-02-12,3115.01,3131.41,3156.00,3107.62,2604007,2893926985.00,1.55,0.26,7.99,2.16
2025-02-13,3131.67,3127.37,3150.39,3115.83,2838586,3017789383.00,1.10,-0.13,-4.04,2.35
2025-02-14,3123.49,3090.20,3123.49,3081.11,2451175,2550139530.00,1.36,-1.19,-37.17,2.03
2025-02-17,3093.26,3101.11,3112.46,3080.91,2716133,2709024104.00,1.02,0.35,10.91,2.25
2025-02-18,3094.41,3020.97,3094.41,3012.37,2802726,2830463876.00,2.65,-2.58,-80.14,2.32
2025-02-19,3021.50,3037.54,3037.60,3013.94,1976678,2026454091.00,0.78,0.55,16.57,1.64
2025-02-20,3038.46,3071.08,3083.65,3030.47,2474400,2300814554.00,1.75,1.10,33.54,2.05
2025-02-21,3065.05,3072.54,3079.65,3036.97,2763845,2616857541.00,1.39,0.05,1.46,2.29
2025-02-24,3069.68,3093.99,3115.47,3059.18,2891814,2808135655.00,1.83,0.70,21.45,2.40
2025-02-25,3068.80,3055.49,3097.71,3049.41,2558684,2371326912.00,1.56,-1.24,-38.50,2.12
2025-02-26,3058.44,3069.61,3084.27,3051.78,2167908,2098792668.00,1.06,0.46,14.12,1.80
2025-02-27,3067.78,3122.37,3130.85,3067.78,4064732,3738529813.00,2.05,1.72,52.76,3.37
2025-02-28,3112.15,3094.50,3145.20,3090.63,4372859,3803976659.00,1.75,-0.89,-27.87,3.62
2025-03-03,3094.47,3105.62,3156.86,3087.34,4044525,3689577184.00,2.25,0.36,11.12,3.35
2025-03-04,3088.85,3126.98,3127.30,3088.85,2594891,2552171919.00,1.24,0.69,21.36,2.15
2025-03-05,3120.59,3116.22,3124.08,3079.42,2267093,2299496691.00,1.43,-0.34,-10.76,1.88
2025-03-06,3113.41,3140.85,3141.53,3100.44,2885168,2761232904.00,1.32,0.79,24.63,2.39
2025-03-07,3128.68,3147.60,3178.09,3114.56,3236431,3110860163.00,2.02,0.21,6.75,2.68
2025-03-10,3137.67,3177.86,3177.86,3130.13,2662157,2646513768.00,1.52,0.96,30.26,2.21
2025-03-11,3152.21,3232.62,3232.62,3152.21,3464786,3563051593.00,2.53,1.72,54.76,2.87
2025-03-12,3235.39,3209.04,3273.63,3207.94,3565512,3649259247.00,2.03,-0.73,-23.58,2.95
2025-03-13,3198.71,3219.57,3219.57,3176.75,2752985,2819249450.00,1.33,0.33,10.53,2.28
2025-03-14,3226.88,3297.01,3297.01,3226.88,5398392,5396192023.00,2.18,2.41,77.44,4.47
2025-03-17,3337.81,3298.07,3341.38,3291.70,4614618,4778418258.00,1.51,0.03,1.06,3.82
2025-03-18,3297.35,3319.95,3332.06,3269.52,3852377,4649408154.00,1.90,0.66,21.88,3.19
2025-03-19,3309.02,3301.79,3333.95,3289.44,3281117,4045671738.00,1.34,-0.55,-18.16,2.72
2025-03-20,3308.56,3292.71,3360.10,3286.99,4525342,4705796005.00,2.21,-0.28,-9.08,3.75
2025-03-21,3273.92,3298.16,3308.13,3257.96,4404997,4123637779.00,1.52,0.17,5.45,3.65
2025-03-24,3324.33,3411.26,3461.83,3324.33,9003692,9522059465.00,4.17,3.43,113.10,7.46
2025-03-25,3381.65,3421.71,3453.83,3338.04,7616266,8719386328.00,3.39,0.31,10.45,6.31
2025-03-26,3373.61,3447.41,3473.04,3347.04,6030531,7360631296.00,3.68,0.75,25.70,5.00
2025-03-27,3436.80,3391.91,3495.67,3388.71,5720081,7216066755.00,3.10,-1.61,-55.50,4.74
2025-03-28,3361.93,3330.33,3408.48,3329.13,4410666,5467014492.00,2.34,-1.82,-61.58,3.65
2025-03-31,3328.06,3253.08,3355.20,3226.25,4493528,5071344883.00,3.87,-2.32,-77.25,3.72
2025-04-01,3244.07,3296.24,3330.16,3244.07,3749187,4429987405.00,2.65,1.33,43.16,3.11
2025-04-02,3289.51,3332.12,3348.08,3283.58,3266734,3887855297.00,1.96,1.09,35.88,2.71
2025-04-03,3307.38,3411.09,3444.20,3307.38,5578204,6836287601.00,4.11,2.37,78.97,4.62
2025-04-07,3265.79,3144.62,3305.22,3111.56,6600915,7650821693.00,5.68,-7.81,-266.47,5.47
2025-04-08,3164.71,3246.68,3259.81,3164.71,5973656,6937963347.00,3.02,3.25,102.06,4.95
2025-04-09,3182.30,3368.85,3379.15,3042.75,8463231,9005318955.00,10.36,3.76,122.17,7.01
2025-04-10,3329.15,3481.88,3501.11,3329.15,9745235,10583630986.00,5.10,3.36,113.03,8.08
2025-04-11,3459.29,3470.20,3544.24,3434.34,8043053,9080937139.00,3.16,-0.34,-11.68,6.66
2025-04-14,3469.41,3548.86,3595.83,3469.41,8936402,9779199117.00,3.64,2.27,78.66,7.41
2025-04-15,3539.19,3496.45,3553.17,3469.14,6164464,6948577957.00,2.37,-1.48,-52.41,5.11
2025-04-16,3460.41,3516.47,3555.09,3444.56,6202409,7816020015.00,3.16,0.57,20.02,5.14
2025-04-17,3479.74,3547.58,3591.54,3454.80,7964515,9473947863.00,3.89,0.88,31.11,6.60
2025-04-18,3531.51,3407.44,3531.51,3393.44,6123494,7128725030.00,3.89,-3.95,-140.14,5.07
2025-04-21,3369.78,3417.64,3436.30,3352.05,4662935,5359256010.00,2.47,0.30,10.20,3.86
2025-04-22,3404.77,3381.88,3422.27,3317.55,6069099,6667654700.00,3.06,-1.05,-35.76,5.03
2025-04-23,3374.05,3340.95,3390.85,3333.43,4401972,4691578252.00,1.70,-1.21,-40.93,3.65
2025-04-24,3324.77,3312.94,3375.04,3304.52,4775442,4880062521.00,2.11,-0.84,-28.01,3.96
2025-04-25,3295.17,3355.29,3371.74,3289.77,5821497,6104376414.00,2.47,1.28,42.35,4.82
2025-04-28,3369.79,3263.14,3369.79,3248.82,6223288,6450405456.00,3.61,-2.75,-92.15,5.16
2025-04-29,3229.19,3241.37,3270.65,3203.74,3858876,3793014284.00,2.05,-0.67,-21.77,3.20
2025-04-30,3233.93,3211.92,3235.93,3208.14,3756053,3753399538.00,0.86,-0.91,-29.45,3.11
2025-05-06,3214.22,3219.40,3219.40,3168.47,3959672,4050052182.00,1.59,0.23,7.48,3.28
2025-05-07,3230.63,3218.05,3252.46,3200.98,3405553,3628474567.00,1.60,-0.04,-1.35,2.82
2025-05-08,3213.56,3218.60,3224.99,3193.06,2788720,2801139850.00,0.99,0.02,0.55,2.31
2025-05-09,3216.89,3194.56,3217.78,3187.27,2414484,2377208388.00,0.95,-0.75,-24.04,2.00
2025-05-12,3204.43,3216.29,3217.15,3184.25,2345916,2359149012.00,1.03,0.68,21.73,1.94
2025-05-13,3226.52,3232.74,3239.88,3217.05,2834000,2939738111.00,0.71,0.51,16.45,2.35
2025-05-14,3223.35,3213.67,3223.35,3194.04,2438243,2471260269.00,0.91,-0.59,-19.07,2.02
2025-05-15,3209.56,3195.16,3224.77,3193.52,2042962,2228166795.00,0.97,-0.58,-18.51,1.69
2025-05-16,3190.66,3208.27,3215.32,3178.26,2191051,2279686924.00,1.16,0.41,13.11,1.82
2025-05-19,3206.09,3261.39,3270.28,3206.09,2841623,3583403200.00,2.00,1.66,53.12,2.35
2025-05-20,3263.62,3293.22,3295.73,3263.62,3126496,3626968683.00,0.98,0.98,31.83,2.59
2025-05-21,3277.80,3259.42,3277.80,3253.84,2344962,2791115530.00,0.73,-1.03,-33.80,1.94
2025-05-22,3245.60,3197.92,3245.60,3196.49,2500164,2714309804.00,1.51,-1.89,-61.50,2.07
2025-05-23,3191.25,3168.21,3206.19,3168.21,1884300,1980851239.00,1.19,-0.93,-29.71,1.56
2025-05-26,3164.26,3188.50,3188.50,3162.15,1406811,1541450101.00,0.83,0.64,20.29,1.17
2025-05-27,3186.49,3202.77,3215.16,3186.49,1555085,1774884920.00,0.90,0.45,14.27,1.29
2025-05-28,3198.06,3183.64,3199.51,3176.97,1474707,1713181461.00,0.70,-0.60,-19.13,1.22
2025-05-29,3181.52,3216.14,3216.14,3174.90,1766162,1986173740.00,1.30,1.02,32.50,1.46
2025-05-30,3207.03,3194.16,3229.95,3191.21,1576649,1718453830.00,1.20,-0.68,-21.98,1.31
2025-06-03,3182.56,3238.68,3238.68,3182.56,1878492,2246059222.00,1.76,1.39,44.52,1.56
2025-06-04,3231.75,3332.39,3335.23,3226.79,3776104,5137388214.00,3.35,2.89,93.71,3.13
2025-06-05,3325.72,3310.97,3360.73,3302.82,3208890,4591674901.00,1.74,-0.64,-21.42,2.66
2025-06-06,3309.07,3301.46,3310.61,3278.95,2543009,2897675038.00,0.96,-0.29,-9.51,2.11
2025-06-09,3303.68,3327.95,3330.60,3285.38,3055133,3526636384.00,1.37,0.80,26.49,2.53
2025-06-10,3327.92,3351.26,3365.01,3304.02,4837026,5373402500.00,1.83,0.70,23.31,4.01
2025-06-11,3364.14,3383.07,3393.38,3364.14,3650993,4214133987.00,0.87,0.95,31.81,3.03
2025-06-12,3389.78,3359.99,3404.93,3350.02,3754021,4298457232.00,1.62,-0.68,-23.08,3.11
2025-06-13,3339.07,3268.64,3351.47,3260.05,3794093,4318790220.00,2.72,-2.72,-91.35,3.14
2025-06-16,3249.45,3269.13,3269.64,3238.61,2394650,2701812294.00,0.95,0.01,0.49,1.98
2025-06-17,3273.65,3271.76,3302.67,3258.95,2527202,2964221673.00,1.34,0.08,2.63,2.09
2025-06-18,3261.86,3258.44,3273.45,3246.35,2195272,2210989941.00,0.83,-0.41,-13.32,1.82
2025-06-19,3249.32,3227.70,3288.09,3218.50,2550316,2869167816.00,2.14,-0.94,-30.74,2.11
2025-06-20,3226.15,3194.49,3235.24,3193.51,2379238,2339957688.00,1.29,-1.03,-33.21,1.97
2025-06-23,3176.42,3220.45,3220.81,3176.42,1820808,2001714525.00,1.39,0.81,25.96,1.51
2025-06-24,3228.41,3261.78,3262.18,3228.41,2170388,2236235301.00,1.05,1.28,41.33,1.80
2025-06-25,3282.30,3284.63,3284.63,3243.95,2337489,2467937965.00,1.25,0.70,22.85,1.94
2025-06-26,3278.45,3365.83,3383.47,3261.89,5704249,6236945600.00,3.70,2.47,81.20,4.73
2025-06-27,3340.86,3324.12,3356.38,3317.62,3913070,4515781352.00,1.15,-1.24,-41.71,3.24
2025-06-30,3318.43,3338.41,3338.71,3313.95,2678842,2959981447.00,0.74,0.43,14.29,2.22
2025-07-01,3343.92,3343.22,3356.88,3313.80,2577113,3164411032.00,1.29,0.14,4.81,2.14
2025-07-02,3341.04,3344.27,3373.95,3326.44,3162491,3480645185.00,1.42,0.03,1.05,2.62
2025-07-03,3331.60,3330.06,3361.12,3321.76,2484384,2811844905.00,1.18,-0.42,-14.21,2.06
2025-07-04,3329.81,3324.50,3340.68,3313.63,2576198,2749899508.00,0.81,-0.17,-5.56,2.13
2025-07-07,3318.19,3344.42,3358.47,3317.40,2419640,2753286660.00,1.24,0.60,19.92,2.00
2025-07-08,3345.18,3361.93,3361.93,3322.54,3611974,3152749225.00,1.18,0.52,17.51,2.99
2025-07-09,3363.16,3349.71,3365.41,3340.20,3774180,3103918525.00,0.75,-0.36,-12.22,3.13
2025-07-10,3348.44,3360.44,3369.05,3346.98,3426291,2911242866.00,0.66,0.32,10.73,2.84
2025-07-11,3362.06,3363.00,3363.41,3341.06,3513273,3014564975.00,0.67,0.08,2.56,2.91
2025-07-14,3367.73,3352.66,3392.15,3346.40,3951417,3356024929.00,1.36,-0.31,-10.34,3.27
2025-07-15,3342.34,3293.07,3342.34,3278.69,4049848,3737111291.00,1.90,-1.78,-59.59,3.36
2025-07-16,3289.66,3304.13,3321.01,3289.20,2665536,2461426356.00,0.97,0.34,11.06,2.21
2025-07-17,3307.69,3337.80,3352.14,3307.69,2749740,2621743972.00,1.35,1.02,33.67,2.28
2025-07-18,3343.54,3363.16,3363.16,3336.30,4679896,3733190176.00,0.80,0.76,25.36,3.88
2025-07-21,3370.97,3392.59,3407.43,3366.06,4900529,4152289408.00,1.23,0.88,29.43,4.06
2025-07-22,3416.13,3425.43,3425.43,3396.17,5675813,4352124408.00,0.86,0.97,32.84,4.70
2025-07-23,3434.84,3399.90,3442.34,3399.90,5489794,4288352172.00,1.24,-0.75,-25.53,4.55
2025-07-24,3415.11,3490.94,3495.28,3415.11,4769404,4622101229.00,2.36,2.68,91.04,3.95
2025-07-25,3524.39,3493.78,3524.39,3486.41,7719995,6136935239.00,1.09,0.08,2.84,6.40
2025-07-28,3506.75,3507.86,3532.16,3498.28,5392876,4612263710.00,0.97,0.40,14.08,4.47
2025-07-29,3550.24,3511.68,3553.66,3495.19,4882365,4736692684.00,1.67,0.11,3.82,4.05
2025-07-30,3510.89,3565.29,3572.13,3509.72,5493760,5631537590.00,1.78,1.53,53.61,4.55
2025-07-31,3576.36,3514.41,3576.36,3505.97,5701605,5921251237.00,1.97,-1.43,-50.88,4.72
2025-08-01,3496.57,3486.24,3507.08,3457.00,4463882,5219982010.00,1.42,-0.80,-28.17,3.70
2025-08-04,3466.71,3482.10,3482.10,3464.12,3404167,3708271032.00,0.52,-0.12,-4.14,2.82
2025-08-05,3470.90,3504.64,3506.29,3469.22,3780867,4206613629.00,1.06,0.65,22.54,3.13
2025-08-06,3498.13,3473.10,3498.13,3469.62,3919087,4267742877.00,0.81,-0.90,-31.54,3.25
2025-08-07,3465.55,3475.85,3482.50,3450.60,3530412,3800946604.00,0.92,0.08,2.75,2.93
2025-08-08,3476.46,3534.18,3539.51,3475.03,3569728,5212681771.00,1.86,1.68,58.33,2.96
2025-08-11,3537.40,3532.58,3541.08,3516.03,3395703,5574100749.00,0.71,-0.05,-1.60,2.81
2025-08-12,3523.70,3526.91,3540.70,3518.32,3024740,4161963917.00,0.63,-0.16,-5.67,2.51
2025-08-13,3550.71,3526.76,3550.71,3513.94,3674944,4884185757.00,1.04,0.00,-0.15,3.05
2025-08-14,3516.71,3490.41,3564.88,3489.92,4512047,6009520266.00,2.13,-1.03,-36.35,3.74
2025-08-15,3465.82,3519.26,3519.26,3461.12,3384889,4498617629.00,1.67,0.83,28.85,2.80
2025-08-18,3528.51,3591.73,3599.18,3528.51,4983924,5920704303.00,2.01,2.06,72.47,4.13
2025-08-19,3600.33,3598.21,3621.16,3580.01,5645663,6955084647.00,1.15,0.18,6.48,4.68
2025-08-20,3585.11,3624.75,3651.90,3580.54,5950174,7181958348.00,1.98,0.74,26.54,4.93
2025-08-21,3625.51,3627.33,3668.31,3612.79,5065533,6438995317.00,1.53,0.07,2.58,4.20
2025-08-22,3615.48,3644.50,3644.87,3606.69,4241829,5820179733.00,1.05,0.47,17.17,3.51
2025-08-25,3649.99,3655.04,3666.57,3626.88,4734965,6063388684.00,1.09,0.29,10.54,3.92
2025-08-26,3654.44,3655.83,3691.51,3644.69,4761659,5729927456.00,1.28,0.02,0.79,3.95
2025-08-27,3651.17,3604.95,3657.39,3603.34,5850066,6598579450.00,1.48,-1.39,-50.88,4.85
2025-08-28,3603.69,3634.75,3676.17,3563.46,6355384,6829606092.00,3.13,0.83,29.80,5.27
2025-08-29,3631.05,3699.26,3718.51,3631.05,6269478,7248146532.00,2.41,1.77,64.51,5.20
2025-09-01,3699.06,3761.19,3780.91,3688.62,7841195,8563726439.00,2.49,1.67,61.93,6.50
2025-09-02,3748.57,3759.04,3779.45,3732.57,7085729,8395174232.00,1.25,-0.06,-2.15,5.87
2025-09-03,3779.74,3759.28,3793.60,3721.90,6920222,8444403660.00,1.91,0.01,0.24,5.73
2025-09-04,3747.89,3868.32,3888.62,3737.85,9706296,12454698992.00,4.01,2.90,109.04,8.04
2025-09-05,3863.17,3876.92,3878.72,3748.80,9433010,11932294974.00,3.36,0.22,8.60,7.82
2025-09-08,3836.47,3818.05,3913.05,3813.92,7626130,10070104167.00,2.56,-1.52,-58.87,6.32
2025-09-09,3809.23,3781.52,3834.45,3766.36,5752133,7526565307.00,1.78,-0.96,-36.53,4.77
2025-09-10,3772.57,3864.53,3865.46,3772.57,6091927,8243345235.00,2.46,2.20,83.01,5.05
2025-09-11,3852.66,3844.02,3852.66,3775.33,7237033,8305288029.00,2.00,-0.53,-20.51,6.00
2025-09-12,3834.89,3836.67,3880.84,3832.19,6933830,8008254385.00,1.27,-0.19,-7.35,5.75
2025-09-15,3815.55,3840.39,3851.92,3799.46,6058993,7098560202.00,1.37,0.10,3.72,5.02
2025-09-16,3865.53,3904.03,3937.53,3843.85,8600375,9821943397.00,2.44,1.66,63.64,7.13
2025-09-17,3960.42,3859.40,3960.42,3839.49,9102943,10100197217.00,3.10,-1.14,-44.63,7.54
2025-09-18,3847.51,3957.78,3968.81,3840.15,10593612,12511751298.00,3.33,2.55,98.38,8.78
2025-09-19,3953.54,4084.58,4129.82,3905.64,11832349,15213952963.00,5.66,3.20,126.80,9.80
2025-09-22,4053.06,3963.29,4058.25,3948.94,9874521,11799238529.00,2.68,-2.97,-121.29,8.18
2025-09-23,3910.33,3760.23,3910.33,3717.40,9714224,10469725130.00,4.87,-5.12,-203.06,8.05
2025-09-24,3710.89,3723.22,3751.99,3668.46,6531188,7303376928.00,2.22,-0.98,-37.01,5.41
2025-09-25,3693.64,3708.73,3729.53,3657.42,6582133,6644356380.00,1.94,-0.39,-14.49,5.45
2025-09-26,3691.29,3634.15,3691.29,3630.80,4503401,4695948636.00,1.63,-2.01,-74.58,3.73
2025-09-29,3628.02,3645.89,3664.24,3586.77,4465617,4672131783.00,2.13,0.32,11.74,3.70
2025-09-30,3649.55,3617.63,3651.68,3617.63,4135904,4278393775.00,0.93,-0.78,-28.26,3.43
2025-10-09,3596.93,3492.83,3596.93,3490.17,5696624,5724018653.00,2.95,-3.45,-124.80,4.72
2025-10-10,3487.84,3498.89,3523.34,3487.84,3431546,3556674755.00,1.02,0.17,6.06,2.84
2025-10-13,3411.71,3477.69,3478.83,3408.36,3206481,3369153194.00,2.01,-0.61,-21.20,2.66
2025-10-14,3490.12,3483.58,3519.33,3475.69,3522540,3851664272.00,1.25,0.17,5.89,2.92
2025-10-15,3490.80,3516.37,3517.46,3487.44,2654296,2981538450.00,0.86,0.94,32.79,2.20
2025-10-16,3511.22,3498.48,3540.85,3492.98,3272844,3424651216.00,1.36,-0.51,-17.89,2.71
2025-10-17,3493.43,3462.84,3515.98,3461.34,3812336,4091440425.00,1.56,-1.02,-35.64,3.16
2025-10-20,3493.45,3543.82,3552.04,3488.85,4580596,5435691210.00,1.82,2.34,80.98,3.80
2025-10-21,3542.04,3564.35,3569.72,3528.16,4107217,5265966202.00,1.17,0.58,20.53,3.40
2025-10-22,3555.31,3570.87,3580.22,3555.31,3509829,4094226939.00,0.70,0.18,6.52,2.91
2025-10-23,3568.64,3606.72,3609.54,3558.67,3256208,4419900847.00,1.42,1.00,35.85,2.70
2025-10-24,3603.05,3565.69,3607.38,3559.27,2988684,4197748067.00,1.33,-1.14,-41.03,2.48
2025-10-27,3577.37,3585.77,3601.70,3558.11,2892697,4048862632.00,1.22,0.56,20.08,2.40
2025-10-28,3579.46,3587.42,3608.52,3579.46,3242131,4212238830.00,0.81,0.05,1.65,2.69
2025-10-29,3586.21,3584.05,3589.82,3556.23,3618055,4059360043.00,0.94,-0.09,-3.37,3.00
2025-10-30,3580.03,3547.32,3587.29,3547.32,3341963,4142432996.00,1.12,-1.02,-36.73,2.77
2025-10-31,3556.33,3609.09,3613.22,3556.33,4494635,5140933237.00,1.60,1.74,61.77,3.72
2025-11-03,3611.27,3640.57,3640.57,3610.11,4167580,5270964803.00,0.84,0.87,31.48,3.45
2025-11-04,3633.99,3702.13,3703.28,3617.98,4454902,6685744959.00,2.34,1.69,61.56,3.69
2025-11-05,3706.54,3706.17,3761.14,3706.17,5896418,8411068944.00,1.48,0.11,4.04,4.89
2025-11-06,3680.60,3619.71,3680.60,3599.57,6031695,6777194139.00,2.19,-2.33,-86.46,5.00
2025-11-07,3620.96,3628.17,3667.48,3620.96,5625292,6237910661.00,1.29,0.23,8.46,4.66
2025-11-10,3619.01,3714.95,3716.62,3602.03,6582453,7221107520.00,3.16,2.39,86.78,5.45
2025-11-11,3698.34,3704.98,3706.89,3681.60,4546419,5010702122.00,0.68,-0.27,-9.97,3.77
2025-11-12,3706.95,3696.64,3733.84,3687.99,5173130,5448714949.00,1.24,-0.23,-8.34,4.29
2025-11-13,3701.75,3775.32,3778.50,3693.87,6060469,6633536932.00,2.29,2.13,78.68,5.02
2025-11-14,3786.82,3752.66,3839.53,3752.66,6744701,7222265279.00,2.30,-0.60,-22.66,5.59
2025-11-17,3748.34,3758.12,3760.09,3729.94,5771876,6549807459.00,0.80,0.15,5.46,4.78
2025-11-18,3741.37,3694.67,3741.37,3678.66,5047213,5835110136.00,1.67,-1.69,-63.45,4.18
2025-11-19,3685.07,3705.52,3720.89,3639.84,5503816,6270718101.00,2.19,0.29,10.85,4.56
2025-11-20,3698.28,3634.07,3698.28,3632.70,4886156,5544869932.00,1.77,-1.93,-71.45,4.05
2025-11-21,3594.13,3532.79,3637.56,3527.74,4696962,5078953503.00,3.02,-2.79,-101.28,3.89
2025-11-24,3542.56,3586.73,3602.85,3537.61,4227580,4129706388.00,1.85,1.53,53.94,3.50
2025-11-25,3588.98,3615.03,3628.26,3580.03,3569972,3573532535.00,1.34,0.79,28.30,2.96
2025-11-26,3598.62,3574.41,3635.27,3566.27,3287012,3270582897.00,1.91,-1.12,-40.62,2.72
2025-11-27,3583.81,3576.66,3611.60,3555.51,3342295,3682685399.00,1.57,0.06,2.25,2.77
2025-11-28,3564.61,3585.95,3585.95,3534.88,3134929,3218244673.00,1.43,0.26,9.29,2.60
2025-12-01,3636.37,3658.83,3663.37,3634.39,4336855,5016435112.00,0.81,2.03,72.88,3.59
2025-12-02,3658.53,3666.96,3697.14,3634.18,4423455,5706915118.00,1.72,0.22,8.13,3.67
2025-12-03,3661.66,3641.33,3673.05,3635.67,3910290,4519294460.00,1.02,-0.70,-25.63,3.24
2025-12-04,3622.47,3549.47,3622.47,3546.19,3786686,3912193411.00,2.09,-2.52,-91.86,3.14
2025-12-05,3541.17,3549.43,3549.65,3505.33,2885277,2939128157.00,1.25,0.00,-0.04,2.39
2025-12-08,3545.65,3555.66,3565.41,3534.52,3433092,3393781366.00,0.87,0.18,6.23,2.84
2025-12-09,3548.93,3526.76,3559.11,3522.11,3383563,3446565611.00,1.04,-0.81,-28.90,2.80
2025-12-10,3529.81,3527.44,3549.24,3502.13,4501340,4559189629.00,1.34,0.02,0.68,3.73
2025-12-11,3525.38,3489.20,3525.38,3483.95,3785118,3864730791.00,1.17,-1.08,-38.24,3.14
2025-12-12,3486.70,3501.90,3512.97,3469.33,3419663,3544019312.00,1.25,0.36,12.70,2.83
2025-12-15,3498.87,3509.76,3525.34,3497.25,3132723,3392616486.00,0.80,0.22,7.86,2.60
2025-12-16,3504.66,3507.58,3545.57,3494.89,3353138,3786978086.00,1.44,-0.06,-2.18,2.78
2025-12-17,3505.90,3576.03,3578.72,3502.58,5142912,5876630761.00,2.17,1.95,68.45,4.26
2025-12-18,3550.84,3564.83,3611.08,3544.42,4815810,5289238429.00,1.86,-0.31,-11.20,3.99
2025-12-19,3563.29,3642.44,3646.84,3552.73,6267050,6317176331.00,2.64,2.18,77.61,5.19
2025-12-22,3639.98,3648.57,3661.38,3622.86,5370997,5516104114.00,1.06,0.17,6.13,4.45
2025-12-23,3640.85,3562.97,3640.85,3557.07,7373898,7063676644.00,2.30,-2.35,-85.60,6.11
2025-12-24,3554.13,3589.06,3592.66,3528.56,6615200,5972045105.00,1.80,0.73,26.09,5.48
2025-12-25,3588.05,3590.75,3598.78,3557.21,5716087,5229058359.00,1.16,0.05,1.69,4.74
2025-12-26,3589.64,3613.59,3616.58,3574.06,5635405,5282735923.00,1.18,0.64,22.84,4.67
2025-12-29,3615.79,3581.64,3615.79,3572.74,4695058,4336573039.00,1.19,-0.88,-31.95,3.89
2025-12-30,3579.81,3574.97,3595.93,3552.70,4158883,3980293847.00,1.21,-0.19,-6.67,3.45
2025-12-31,3582.97,3593.87,3602.20,3547.67,4159630,3888218716.00,1.53,0.53,18.90,3.45