2010-01-04,997.56,997.56,997.56,997.56,116449,190040326.00,0.00,-0.24,-2.44,0.15
2010-01-05,998.71,998.71,998.71,998.71,139558,239995643.00,0.00,0.12,1.15,0.18
2010-01-06,1021.54,1021.54,1021.54,1021.54,215644,340343891.00,0.00,2.29,22.83,0.29
2010-01-07,1012.63,1012.63,1012.63,1012.63,275818,443754318.00,0.00,-0.87,-8.91,0.36
2010-01-08,1028.46,1028.46,1028.46,1028.46,237313,308801800.00,0.00,1.56,15.83,0.31
2010-01-11,1053.32,1053.32,1053.32,1053.32,373916,740709744.00,0.00,2.42,24.86,0.49
2010-01-12,1054.60,1054.60,1054.60,1054.60,306195,635014191.00,0.00,0.12,1.28,0.40
2010-01-13,1043.37,1043.37,1043.37,1043.37,215686,390281350.00,0.00,-1.06,-11.23,0.29
2010-01-14,1056.73,1056.73,1056.73,1056.73,209816,400773186.00,0.00,1.28,13.36,0.28
2010-01-15,1072.64,1072.64,1072.64,1072.64,276448,470300045.00,0.00,1.51,15.91,0.37
2010-01-18,1078.84,1078.84,1078.84,1078.84,236181,413236431.00,0.00,0.58,6.20,0.31
2010-01-19,1079.64,1079.64,1079.64,1079.64,209109,384479021.00,0.00,0.07,0.80,0.28
2010-01-20,1029.09,1029.09,1029.09,1029.09,237949,413040756.00,0.00,-4.68,-50.55,0.31
2010-01-21,1030.80,1030.80,1030.80,1030.80,161034,275930405.00,0.00,0.17,1.71,0.21
2010-01-22,990.47,990.47,990.47,990.47,181462,290622482.00,0.00,-3.91,-40.33,0.24
2010-01-25,979.10,979.10,979.10,979.10,142312,258832792.00,0.00,-1.15,-11.37,0.19
2010-01-26,950.36,950.36,950.36,950.36,146439,225512111.00,0.00,-2.94,-28.74,0.19
2010-01-27,937.47,937.47,937.47,937.47,156040,223410474.00,0.00,-1.36,-12.89,0.21
2010-01-28,939.68,939.68,939.68,939.68,143614,192959235.00,0.00,0.24,2.21,0.19
2010-01-29,946.53,946.53,946.53,946.53,149732,200649072.00,0.00,0.73,6.85,0.20
2010-02-01,927.65,927.65,927.65,927.65,131563,206245760.00,0.00,-1.99,-18.88,0.17
2010-02-02,933.25,933.25,933.25,933.25,171653,263036623.00,0.00,0.60,5.60,0.23
2010-02-03,952.19,952.19,952.19,952.19,272060,430093739.00,0.00,2.03,18.94,0.36
2010-02-04,949.46,949.46,949.46,949.46,338636,597468586.00,0.00,-0.29,-2.73,0.45
2010-02-05,893.53,893.53,893.53,893.53,235454,383845020.00,0.00,-5.89,-55.93,0.31
2010-02-08,879.77,879.77,879.77,879.77,175246,251559249.00,0.00,-1.54,-13.76,0.23
2010-02-09,878.33,878.33,878.33,878.33,113794,162692356.00,0.00,-0.16,-1.44,0.15
2010-02-10,890.26,890.26,890.26,890.26,148004,191428107.00,0.00,1.36,11.93,0.20
2010-02-11,897.95,897.95,897.95,897.95,120192,157876069.00,0.00,0.86,7.69,0.16
2010-02-12,905.02,905.02,905.02,905.02,83562,124435880.00,0.00,0.79,7.07,0.11
2010-02-22,910.39,910.39,910.39,910.39,138766,249320603.00,0.00,0.59,5.37,0.18
2010-02-23,900.40,900.40,900.40,900.40,115076,186009412.00,0.00,-1.10,-9.99,0.15
2010-02-24,920.67,920.67,920.67,920.67,142704,210336313.00,0.00,2.25,20.27,0.19
2010-02-25,933.75,933.75,933.75,933.75,162568,268097626.00,0.00,1.42,13.08,0.21
2010-02-26,942.46,942.46,942.46,942.46,149377,224535840.00,0.00,0.93,8.71,0.20
2010-03-01,950.98,950.98,950.98,950.98,178006,314375645.00,0.00,0.90,8.52,0.24
2010-03-02,954.34,954.34,954.34,954.34,181893,328617808.00,0.00,0.35,3.36,0.24
2010-03-03,983.46,983.46,983.46,983.46,230170,420356409.00,0.00,3.05,29.12,0.30
2010-03-04,961.01,961.01,961.01,961.01,275671,438420181.00,0.00,-2.28,-22.45,0.36
2010-03-05,953.95,953.95,953.95,953.95,137858,217054796.00,0.00,-0.73,-7.06,0.18
2010-03-08,966.56,966.56,966.56,966.56,119503,186832013.00,0.00,1.32,12.61,0.16
2010-03-09,962.02,962.02,962.02,962.02,137165,187068814.00,0.00,-0.47,-4.54,0.18
2010-03-10,965.19,965.19,965.19,965.19,152622,196736620.00,0.00,0.33,3.17,0.20
2010-03-11,952.49,952.49,952.49,952.49,131484,173060921.00,0.00,-1.32,-12.70,0.17
2010-03-12,941.06,941.06,941.06,941.06,107795,150726804.00,0.00,-1.20,-11.43,0.14
2010-03-15,920.97,920.97,920.97,920.97,94712,135694739.00,0.00,-2.13,-20.09,0.13
2010-03-16,927.11,927.11,927.11,927.11,66013,95101793.00,0.00,0.67,6.14,0.09
2010-03-17,950.33,950.33,950.33,950.33,102821,153169340.00,0.00,2.50,23.22,0.14
2010-03-18,956.68,956.68,956.68,956.68,122888,212334389.00,0.00,0.67,6.35,0.16
2010-03-19,982.47,982.47,982.47,982.47,197385,297695107.00,0.00,2.70,25.79,0.26
2010-03-22,990.72,990.72,990.72,990.72,190047,264797244.00,0.00,0.84,8.25,0.25
2010-03-23,985.77,985.77,985.77,985.77,164170,234171817.00,0.00,-0.50,-4.95,0.22
2010-03-24,1002.53,1002.53,1002.53,1002.53,224968,328931988.00,0.00,1.70,16.76,0.30
2010-03-25,987.47,987.47,987.47,987.47,218443,291372296.00,0.00,-1.50,-15.06,0.29
2010-03-26,983.38,983.38,983.38,983.38,155123,203834375.00,0.00,-0.41,-4.09,0.21
2010-03-29,985.39,985.39,985.39,985.39,178004,266969071.00,0.00,0.20,2.01,0.24
2010-03-30,1000.14,1000.14,1000.14,1000.14,203513,345205641.00,0.00,1.50,14.75,0.27
2010-03-31,994.56,994.56,994.56,994.56,144905,222641788.00,0.00,-0.56,-5.58,0.19
2010-04-01,1004.84,1004.84,1004.84,1004.84,216917,372230042.00,0.00,1.03,10.28,0.29
2010-04-02,1001.03,1001.03,1001.03,1001.03,99317,118027504.00,0.00,-0.38,-3.81,0.13
2010-04-06,1026.27,1026.27,1026.27,1026.27,242408,424371206.00,0.00,2.52,25.24,0.32
2010-04-07,1040.26,1040.26,1040.26,1040.26,214672,351556107.00,0.00,1.36,13.99,0.28
2010-04-08,1033.37,1033.37,1033.37,1033.37,247482,428214350.00,0.00,-0.66,-6.89,0.33
2010-04-09,1043.89,1043.89,1043.89,1043.89,202133,353649104.00,0.00,1.02,10.52,0.27
2010-04-12,1066.52,1066.52,1066.52,1066.52,286484,480987898.00,0.00,2.17,22.63,0.38
2010-04-13,1051.54,1051.54,1051.54,1051.54,315609,478200213.00,0.00,-1.40,-14.98,0.42
2010-04-14,1072.37,1072.37,1072.37,1072.37,297257,489677160.00,0.00,1.98,20.83,0.39
2010-04-15,1060.83,1060.83,1060.83,1060.83,266013,458769040.00,0.00,-1.08,-11.54,0.35
2010-04-16,1060.59,1060.59,1060.59,1060.59,158446,247125399.00,0.00,-0.02,-0.24,0.21
2010-04-19,1009.06,1009.06,1009.06,1009.06,214314,329909624.00,0.00,-4.86,-51.53,0.28
2010-04-20,1024.08,1024.08,1024.08,1024.08,181186,282076346.00,0.00,1.49,15.02,0.24
2010-04-21,1064.34,1064.34,1064.34,1064.34,254272,438749061.00,0.00,3.93,40.26,0.34
2010-04-22,1076.01,1076.01,1076.01,1076.01,375306,739282848.00,0.00,1.10,11.67,0.50
2010-04-23,1104.14,1104.14,1104.14,1104.14,383841,709001572.00,0.00,2.61,28.13,0.51
2010-04-26,1096.53,1096.53,1096.53,1096.53,373123,676579807.00,0.00,-0.69,-7.61,0.49
2010-04-27,1088.32,1088.32,1088.32,1088.32,260729,594517326.00,0.00,-0.75,-8.21,0.34
2010-04-28,1121.25,1121.25,1121.25,1121.25,490609,1142776997.00,0.00,3.03,32.93,0.65
2010-04-29,1083.72,1083.72,1083.72,1083.72,205691,400259451.00,0.00,-3.35,-37.53,0.27
2010-04-30,1058.52,1058.52,1058.52,1058.52,131334,264302013.00,0.00,-2.33,-25.20,0.17
2010-05-04,1054.87,1054.87,1054.87,1054.87,105769,200210277.00,0.00,-0.34,-3.65,0.14
2010-05-05,1064.81,1064.81,1064.81,1064.81,132316,235333400.00,0.00,0.94,9.94,0.17
2010-05-06,1014.75,1014.75,1014.75,1014.75,69927,62392564.00,0.00,-4.70,-50.06,0.09
2010-05-07,985.85,985.85,985.85,985.85,571538,1413009717.00,0.00,-2.85,-28.90,0.76
2010-05-10,963.31,963.31,963.31,963.31,400596,969171564.00,0.00,-2.29,-22.54,0.53
2010-05-11,936.39,936.39,936.39,936.39,326170,749576669.00,0.00,-2.79,-26.92,0.43
2010-05-12,901.94,901.94,901.94,901.94,352508,737188427.00,0.00,-3.68,-34.45,0.47
2010-05-13,953.58,953.58,953.58,953.58,333470,732828605.00,0.00,5.73,51.64,0.44
2010-05-14,963.77,963.77,963.77,963.77,367405,882035696.00,0.00,1.07,10.19,0.49
2010-05-17,900.97,900.97,900.97,900.97,289714,623946518.00,0.00,-6.52,-62.80,0.38
2010-05-18,925.55,925.55,925.55,925.55,344777,746642984.00,0.00,2.73,24.58,0.46
2010-05-19,951.85,951.85,951.85,951.85,629484,1626178775.00,0.00,2.84,26.30,0.83
2010-05-20,912.07,912.07,912.07,912.07,446527,1121804889.00,0.00,-4.18,-39.78,0.59
2010-05-21,931.84,931.84,931.84,931.84,384434,881888435.00,0.00,2.17,19.77,0.51
2010-05-24,978.05,978.05,978.05,978.05,498140,1241271668.00,0.00,4.96,46.21,0.66
2010-05-25,986.42,986.42,986.42,986.42,391400,993489933.00,0.00,0.86,8.37,0.52
2010-05-26,983.89,983.89,983.89,983.89,276808,658443714.00,0.00,-0.26,-2.53,0.37
2010-05-27,1039.01,1039.01,1039.01,1039.01,431804,1073122026.00,0.00,5.60,55.12,0.57
2010-05-28,1047.19,1047.19,1047.19,1047.19,424926,1108426885.00,0.00,0.79,8.18,0.56
2010-05-31,990.69,990.69,990.69,990.69,304567,794036149.00,0.00,-5.40,-56.50,0.40
2010-06-01,983.08,983.08,983.08,983.08,306654,774179976.00,0.00,-0.77,-7.61,0.41
2010-06-02,1016.39,1016.39,1016.39,1016.39,302078,798510362.00,0.00,3.39,33.31,0.40
2010-06-03,1011.29,1011.29,1011.29,1011.29,335715,890739309.00,0.00,-0.50,-5.10,0.44
2010-06-04,1020.18,1020.18,1020.18,1020.18,229880,579710810.00,0.00,0.88,8.89,0.30
2010-06-07,1026.56,1026.56,1026.56,1026.56,274378,718946126.00,0.00,0.63,6.38,0.36
2010-06-08,1034.05,1034.05,1034.05,1034.05,257849,557434298.00,0.00,0.73,7.49,0.34
2010-06-09,1072.77,1072.77,1072.77,1072.77,166450,250512334.00,0.00,3.74,38.72,0.22
2010-06-10,1066.34,1066.34,1066.34,1066.34,238099,468758500.00,0.00,-0.60,-6.43,0.31
2010-06-11,1061.39,1061.39,1061.39,1061.39,219910,517623727.00,0.00,-0.46,-4.95,0.29
2010-06-17,1042.07,1042.07,1042.07,1042.07,158007,357867401.00,0.00,-1.82,-19.32,0.21
2010-06-18,994.87,994.87,994.87,994.87,294245,618335826.00,0.00,-4.53,-47.20,0.39
2010-06-21,1040.57,1040.57,1040.57,1040.57,251511,427685008.00,0.00,4.59,45.70,0.33
2010-06-22,1047.29,1047.29,1047.29,1047.29,258557,498037071.00,0.00,0.65,6.72,0.34
2010-06-23,1058.76,1058.76,1058.76,1058.76,250877,411726020.00,0.00,1.10,11.47,0.33
2010-06-24,1063.44,1063.44,1063.44,1063.44,192257,336163718.00,0.00,0.44,4.68,0.25
2010-06-25,1048.47,1048.47,1048.47,1048.47,161226,297817062.00,0.00,-1.41,-14.97,0.21
2010-06-28,1030.81,1030.81,1030.81,1030.81,148406,254728097.00,0.00,-1.68,-17.66,0.20
2010-06-29,967.48,967.48,967.48,967.48,216679,376924239.00,0.00,-6.14,-63.33,0.29
2010-06-30,937.47,937.47,937.47,937.47,149868,248099289.00,0.00,-3.10,-30.01,0.20
2010-07-01,939.47,939.47,939.47,939.47,132195,237757672.00,0.00,0.21,2.00,0.17
2010-07-02,928.86,928.86,928.86,928.86,177062,305352485.00,0.00,-1.13,-10.61,0.23
2010-07-05,916.38,916.38,916.38,916.38,96342,174943607.00,0.00,-1.34,-12.48,0.13
2010-07-06,961.53,961.53,961.53,961.53,165530,320826295.00,0.00,4.93,45.15,0.22
2010-07-07,974.28,974.28,974.28,974.28,207661,464252862.00,0.00,1.33,12.75,0.27
2010-07-08,975.50,975.50,975.50,975.50,154653,279623641.00,0.00,0.13,1.22,0.20
2010-07-09,989.86,989.86,989.86,989.86,200591,378264572.00,0.00,1.47,14.36,0.27
2010-07-12,991.12,991.12,991.12,991.12,206288,378610036.00,0.00,0.13,1.26,0.27
2010-07-13,988.67,988.67,988.67,988.67,170089,325467079.00,0.00,-0.25,-2.45,0.22
2010-07-14,997.37,997.37,997.37,997.37,192051,428117980.00,0.00,0.88,8.70,0.25
2010-07-15,963.14,963.14,963.14,963.14,186911,391908401.00,0.00,-3.43,-34.23,0.25
2010-07-16,965.18,965.18,965.18,965.18,135243,271305493.00,0.00,0.21,2.04,0.18
2010-07-19,981.27,981.27,981.27,981.27,53292,76375456.00,0.00,1.67,16.09,0.07
2010-07-20,1015.21,1015.21,1015.21,1015.21,235282,469066343.00,0.00,3.46,33.94,0.31
2010-07-21,1015.18,1015.18,1015.18,1015.18,254174,538172018.00,0.00,0.00,-0.03,0.34
2010-07-22,1030.04,1030.04,1030.04,1030.04,237344,536524988.00,0.00,1.46,14.86,0.31
2010-07-23,1027.70,1027.70,1027.70,1027.70,188135,354768240.00,0.00,-0.23,-2.34,0.25
2010-07-26,1048.47,1048.47,1048.47,1048.47,240758,376085660.00,0.00,2.02,20.77,0.32
2010-07-27,1034.15,1034.15,1034.15,1034.15,174967,353149878.00,0.00,-1.37,-14.32,0.23
2010-07-28,1049.62,1049.62,1049.62,1049.62,186750,374089091.00,0.00,1.50,15.47,0.25
2010-07-29,1050.96,1050.96,1050.96,1050.96,204378,421468773.00,0.00,0.13,1.34,0.27
2010-07-30,1071.11,1071.11,1071.11,1071.11,246291,556038609.00,0.00,1.92,20.15,0.33
2010-08-02,1096.66,1096.66,1096.66,1096.66,261488,601143740.00,0.00,2.39,25.55,0.35
2010-08-03,1073.51,1073.51,1073.51,1073.51,268439,607878226.00,0.00,-2.11,-23.15,0.35
2010-08-04,1098.04,1098.04,1098.04,1098.04,230893,527367480.00,0.00,2.29,24.53,0.31
2010-08-05,1094.94,1094.94,1094.94,1094.94,249031,570571462.00,0.00,-0.28,-3.10,0.33
2010-08-06,1108.46,1108.46,1108.46,1108.46,254946,544873748.00,0.00,1.23,13.52,0.34
2010-08-09,1112.76,1112.76,1112.76,1112.76,245909,469774068.00,0.00,0.39,4.30,0.33
2010-08-10,1086.30,1086.30,1086.30,1086.30,347542,788588953.00,0.00,-2.38,-26.46,0.46
2010-08-11,1111.76,1111.76,1111.76,1111.76,374969,1423191013.00,0.00,2.34,25.46,0.50
2010-08-12,1072.14,1072.14,1072.14,1072.14,300039,1054358564.00,0.00,-3.56,-39.62,0.40
2010-08-13,1088.67,1088.67,1088.67,1088.67,244326,711296831.00,0.00,1.54,16.53,0.32
2010-08-16,1128.54,1128.54,1128.54,1128.54,415261,1255575279.00,0.00,3.66,39.87,0.55
2010-08-17,1159.57,1159.57,1159.57,1159.57,367799,1249001976.00,0.00,2.75,31.03,0.49
2010-08-18,1168.01,1168.01,1168.01,1168.01,395234,1447984590.00,0.00,0.73,8.44,0.52
2010-08-19,1161.65,1161.65,1161.65,1161.65,343555,1113194664.00,0.00,-0.54,-6.36,0.45
2010-08-20,1172.11,1172.11,1172.11,1172.11,336080,1136335291.00,0.00,0.90,10.46,0.44
2010-08-23,1185.67,1185.67,1185.67,1185.67,286875,955759946.00,0.00,1.16,13.56,0.38
2010-08-24,1170.27,1170.27,1170.27,1170.27,210973,765065541.00,0.00,-1.30,-15.40,0.28
2010-08-25,1148.24,1148.24,1148.24,1148.24,203755,712090707.00,0.00,-1.88,-22.03,0.27
2010-08-26,1129.62,1129.62,1129.62,1129.62,176434,624927033.00,0.00,-1.62,-18.62,0.23
2010-08-27,1169.15,1169.15,1169.15,1169.15,174586,722302645.00,0.00,3.50,39.53,0.23
2010-08-30,1213.21,1213.21,1213.21,1213.21,342065,1190169523.00,0.00,3.77,44.06,0.45
2010-08-31,1228.96,1228.96,1228.96,1228.96,315894,1201859537.00,0.00,1.30,15.75,0.42
2010-09-01,1205.81,1205.81,1205.81,1205.81,433168,2032230438.00,0.00,-1.88,-23.15,0.57
2010-09-02,1247.20,1247.20,1247.20,1247.20,305858,1187605503.00,0.00,3.43,41.39,0.40
2010-09-03,1328.79,1328.79,1328.79,1328.79,585197,2528537390.00,0.00,6.54,81.59,0.77
2010-09-06,1276.54,1276.54,1276.54,1276.54,913558,2776791209.00,0.00,-3.93,-52.25,1.21
2010-09-07,1290.95,1290.95,1290.95,1290.95,521410,1515143895.00,0.00,1.13,14.41,0.69
2010-09-08,1311.20,1311.20,1311.20,1311.20,506960,1628821114.00,0.00,1.57,20.25,0.67
2010-09-09,1299.17,1299.17,1299.17,1299.17,523711,1669540590.00,0.00,-0.92,-12.03,0.69
2010-09-10,1302.47,1302.47,1302.47,1302.47,296011,979133413.00,0.00,0.25,3.30,0.39
2010-09-13,1333.67,1333.67,1333.67,1333.67,319288,970978328.00,0.00,2.40,31.20,0.42
2010-09-14,1333.16,1333.16,1333.16,1333.16,263139,705824316.00,0.00,-0.04,-0.51,0.35
2010-09-15,1281.37,1281.37,1281.37,1281.37,276316,727336968.00,0.00,-3.88,-51.79,0.37
2010-09-16,1294.48,1294.48,1294.48,1294.48,292668,852943280.00,0.00,1.02,13.11,0.39
2010-09-17,1242.19,1242.19,1242.19,1242.19,515503,1920875965.00,0.00,-4.04,-52.29,0.68
2010-09-20,1195.71,1195.71,1195.71,1195.71,329277,1112759149.00,0.00,-3.74,-46.48,0.44
2010-09-21,1184.91,1184.91,1184.91,1184.91,234162,728418896.00,0.00,-0.90,-10.80,0.31
2010-09-27,1241.01,1241.01,1241.01,1241.01,322778,1011106151.00,0.00,4.73,56.10,0.43
2010-09-28,1241.37,1241.37,1241.37,1241.37,360912,1089422976.00,0.00,0.03,0.36,0.48
2010-09-29,1243.63,1243.63,1243.63,1243.63,356676,1197861966.00,0.00,0.18,2.26,0.47
2010-09-30,1257.65,1257.65,1257.65,1257.65,289498,957652622.00,0.00,1.13,14.02,0.38
2010-10-08,1296.94,1296.94,1296.94,1296.94,462476,1423444544.00,0.00,3.12,39.29,0.61
2010-10-11,1279.61,1279.61,1279.61,1279.61,603642,1740589474.00,0.00,-1.34,-17.33,0.80
2010-10-12,1299.03,1299.03,1299.03,1299.03,434144,1399845199.00,0.00,1.52,19.42,0.57
2010-10-13,1279.67,1279.67,1279.67,1279.67,456837,1327130549.00,0.00,-1.49,-19.36,0.60
2010-10-14,1222.54,1222.54,1222.54,1222.54,463545,1245385966.00,0.00,-4.46,-57.13,0.61
2010-10-15,1252.29,1252.29,1252.29,1252.29,461953,1547626938.00,0.00,2.43,29.75,0.61
2010-10-18,1196.02,1196.02,1196.02,1196.02,495820,1423134670.00,0.00,-4.49,-56.27,0.66
2010-10-19,1222.75,1222.75,1222.75,1222.75,302349,860884883.00,0.00,2.23,26.73,0.40
2010-10-20,1233.63,1233.63,1233.63,1233.63,412976,1316876832.00,0.00,0.89,10.88,0.55
2010-10-21,1245.30,1245.30,1245.30,1245.30,329806,1017785487.00,0.00,0.95,11.67,0.44
2010-10-22,1256.14,1256.14,1256.14,1256.14,323382,1018748097.00,0.00,0.87,10.84,0.43
2010-10-25,1292.95,1292.95,1292.95,1292.95,402961,1358447400.00,0.00,2.93,36.81,0.53
2010-10-26,1341.21,1341.21,1341.21,1341.21,553467,2175481065.00,0.00,3.73,48.26,0.73
2010-10-27,1300.80,1300.80,1300.80,1300.80,214946,639036592.00,0.00,-3.01,-40.41,0.28
2010-10-28,1293.64,1293.64,1293.64,1293.64,312984,1167999469.00,0.00,-0.55,-7.16,0.41
2010-10-29,1314.08,1314.08,1314.08,1314.08,304816,971458616.00,0.00,1.58,20.44,0.40
2010-11-01,1363.95,1363.95,1363.95,1363.95,566761,1576523257.00,0.00,3.80,49.87,0.75
2010-11-02,1372.19,1372.19,1372.19,1372.19,503934,1872752209.00,0.00,0.60,8.24,0.67
2010-11-03,1314.64,1314.64,1314.64,1314.64,682317,1738724198.00,0.00,-4.19,-57.55,0.90
2010-11-04,1341.04,1341.04,1341.04,1341.04,489337,1310484594.00,0.00,2.01,26.40,0.65
2010-11-05,1373.82,1373.82,1373.82,1373.82,620425,1356135931.00,0.00,2.44,32.78,0.82
2010-11-08,1387.68,1387.68,1387.68,1387.68,368896,1004275054.00,0.00,1.01,13.86,0.49
2010-11-09,1402.34,1402.34,1402.34,1402.34,240153,925423989.00,0.00,1.06,14.66,0.32
2010-11-10,1419.93,1419.93,1419.93,1419.93,437599,1239043604.00,0.00,1.25,17.59,0.58
2010-11-11,1402.33,1402.33,1402.33,1402.33,429482,1257185373.00,0.00,-1.24,-17.60,0.57
2010-11-12,1288.44,1288.44,1288.44,1288.44,455616,1496517796.00,0.00,-8.12,-113.89,0.60
2010-11-15,1320.97,1320.97,1320.97,1320.97,653288,1292058134.00,0.00,2.52,32.53,0.86
2010-11-16,1259.82,1259.82,1259.82,1259.82,551300,1188331683.00,0.00,-4.63,-61.15,0.73
2010-11-17,1215.46,1215.46,1215.46,1215.46,240878,626416682.00,0.00,-3.52,-44.36,0.32
2010-11-18,1218.96,1218.96,1218.96,1218.96,372958,777379673.00,0.00,0.29,3.50,0.49
2010-11-19,1234.20,1234.20,1234.20,1234.20,322014,708522264.00,0.00,1.25,15.24,0.43
2010-11-22,1254.47,1254.47,1254.47,1254.47,323696,823093162.00,0.00,1.64,20.27,0.43
2010-11-23,1223.10,1223.10,1223.10,1223.10,320539,684834182.00,0.00,-2.50,-31.37,0.42
2010-11-24,1247.93,1247.93,1247.93,1247.93,236403,619371174.00,0.00,2.03,24.83,0.31
2010-11-25,1248.43,1248.43,1248.43,1248.43,227479,611387588.00,0.00,0.04,0.50,0.30
2010-11-26,1237.19,1237.19,1237.19,1237.19,180738,463572234.00,0.00,-0.90,-11.24,0.24
2010-11-29,1245.94,1245.94,1245.94,1245.94,257352,707176003.00,0.00,0.71,8.75,0.34
2010-11-30,1214.23,1214.23,1214.23,1214.23,335386,809182529.00,0.00,-2.55,-31.71,0.44
2010-12-01,1191.47,1191.47,1191.47,1191.47,200365,559469502.00,0.00,-1.87,-22.76,0.26
2010-12-02,1201.52,1201.52,1201.52,1201.52,193617,542973822.00,0.00,0.84,10.05,0.26
2010-12-03,1182.66,1182.66,1182.66,1182.66,172178,424849028.00,0.00,-1.57,-18.86,0.23
2010-12-06,1162.92,1162.92,1162.92,1162.92,205335,523660304.00,0.00,-1.67,-19.74,0.27
2010-12-07,1172.89,1172.89,1172.89,1172.89,214916,545966567.00,0.00,0.86,9.97,0.28
2010-12-08,1169.76,1169.76,1169.76,1169.76,180241,464315428.00,0.00,-0.27,-3.13,0.24
2010-12-09,1142.29,1142.29,1142.29,1142.29,163635,408696042.00,0.00,-2.35,-27.47,0.22
2010-12-10,1160.85,1160.85,1160.85,1160.85,166724,445308197.00,0.00,1.62,18.56,0.22
2010-12-13,1190.65,1190.65,1190.65,1190.65,240980,688169414.00,0.00,2.57,29.80,0.32
2010-12-14,1203.70,1203.70,1203.70,1203.70,206559,600760480.00,0.00,1.10,13.05,0.27
2010-12-15,1205.98,1205.98,1205.98,1205.98,269523,741158078.00,0.00,0.19,2.28,0.36
2010-12-16,1190.19,1190.19,1190.19,1190.19,156117,426083679.00,0.00,-1.31,-15.79,0.21
2010-12-17,1203.31,1203.31,1203.31,1203.31,152734,399544706.00,0.00,1.10,13.12,0.20
2010-12-20,1185.51,1185.51,1185.51,1185.51,236017,607610110.00,0.00,-1.48,-17.80,0.31
2010-12-21,1190.67,1190.67,1190.67,1190.67,176909,463646295.00,0.00,0.44,5.16,0.23
2010-12-22,1174.39,1174.39,1174.39,1174.39,253911,611797843.00,0.00,-1.37,-16.28,0.34
2010-12-23,1150.81,1150.81,1150.81,1150.81,188359,604973872.00,0.00,-2.01,-23.58,0.25
2010-12-24,1124.89,1124.89,1124.89,1124.89,211198,473784880.00,0.00,-2.25,-25.92,0.28
2010-12-27,1101.48,1101.48,1101.48,1101.48,224677,583216467.00,0.00,-2.08,-23.41,0.30
2010-12-28,1056.68,1056.68,1056.68,1056.68,203952,463688374.00,0.00,-4.07,-44.80,0.27
2010-12-29,1069.86,1069.86,1069.86,1069.86,159352,375679606.00,0.00,1.25,13.18,0.21
2010-12-30,1067.37,1067.37,1067.37,1067.37,148109,332653450.00,0.00,-0.23,-2.49,0.20
2010-12-31,1106.33,1106.33,1106.33,1106.33,211893,584784954.00,0.00,3.65,38.96,0.28