2017-01-03,11.12,11.32,11.33,11.07,109069,125530171.00,2.31,0.62,0.07,1.15
2017-01-04,11.34,11.56,11.77,11.26,184180,218055637.00,4.51,2.12,0.24,1.94
2017-01-05,11.54,11.39,11.56,11.38,89680,105128018.00,1.56,-1.47,-0.17,0.95
2017-01-06,11.30,10.94,11.33,10.91,139300,158508059.00,3.69,-3.95,-0.45,1.47
2017-01-09,10.91,11.10,11.20,10.82,76564,86785736.00,3.47,1.46,0.16,0.81
2017-01-10,11.04,11.02,11.25,10.98,52417,59712788.00,2.43,-0.72,-0.08,0.55
2017-01-11,11.07,11.08,11.16,10.77,82995,93436436.00,3.54,0.54,0.06,0.88
2017-01-12,11.08,10.86,11.13,10.84,52015,58572477.00,2.62,-1.99,-0.22,0.55
2017-01-13,10.79,10.45,10.91,10.44,68744,75225699.00,4.33,-3.78,-0.41,0.73
2017-01-16,10.39,10.31,10.56,9.70,75516,79552426.00,8.23,-1.34,-0.14,0.80
2017-01-17,10.20,10.33,10.39,10.13,33922,35825991.00,2.52,0.19,0.02,0.36
2017-01-18,10.22,10.52,10.90,10.22,59498,64966584.00,6.58,1.84,0.19,0.63
2017-01-19,10.43,10.50,10.72,10.41,57651,62748421.00,2.95,-0.19,-0.02,0.61
2017-01-20,10.50,10.77,10.79,10.50,62088,68109308.00,2.76,2.57,0.27,0.66
2017-01-23,10.76,10.75,10.89,10.73,37106,41137111.00,1.49,-0.19,-0.02,0.39
2017-01-24,10.76,10.78,10.87,10.60,41211,45383513.00,2.51,0.28,0.03,0.43
2017-01-25,10.73,10.77,10.91,10.73,31855,35324617.00,1.67,-0.09,-0.01,0.34
2017-01-26,10.83,10.77,10.89,10.73,28969,32119375.00,1.49,0.00,0.00,0.31
2017-02-03,10.77,10.79,10.86,10.77,13776,15282101.00,0.84,0.19,0.02,0.15
2017-02-06,10.76,11.37,11.61,10.75,177287,205414470.00,7.97,5.38,0.58,1.87
2017-02-07,11.34,11.38,11.58,11.29,86559,101321472.00,2.55,0.09,0.01,0.91
2017-02-08,11.41,11.72,11.73,11.26,145026,172039648.00,4.13,2.99,0.34,1.53
2017-02-09,11.77,11.73,11.99,11.62,122386,148308804.00,3.16,0.09,0.01,1.29
2017-02-10,11.79,11.58,11.94,11.54,139022,166856970.00,3.41,-1.28,-0.15,1.47
2017-02-13,11.60,11.77,11.79,11.50,106354,126902217.00,2.50,1.64,0.19,1.12
2017-02-14,11.71,11.58,11.75,11.46,62835,74653220.00,2.46,-1.61,-0.19,0.66
2017-02-15,11.58,11.59,11.66,11.49,51196,60643920.00,1.47,0.09,0.01,0.54
2017-02-16,11.67,11.85,12.03,11.56,140791,171457308.00,4.06,2.24,0.26,1.49
2017-02-17,11.84,11.89,12.03,11.75,132090,161246159.00,2.36,0.34,0.04,1.39
2017-02-20,11.87,11.71,11.99,11.51,164595,198090554.00,4.04,-1.51,-0.18,1.74
2017-02-21,11.73,11.62,11.77,11.48,87103,103545128.00,2.48,-0.77,-0.09,0.92
2017-02-22,11.59,11.64,11.78,11.57,79232,94757469.00,1.81,0.17,0.02,0.84
2017-02-23,11.69,11.43,11.69,11.40,89255,105104971.00,2.49,-1.80,-0.21,0.94
2017-02-24,11.43,11.28,11.53,11.17,107113,123757252.00,3.15,-1.31,-0.15,1.13
2017-02-27,11.29,11.28,11.37,11.21,44415,51390540.00,1.42,0.00,0.00,0.47
2017-02-28,11.30,11.42,11.57,11.30,75483,88514438.00,2.39,1.24,0.14,0.80
2017-03-01,11.40,11.40,11.47,11.30,56316,65807345.00,1.49,-0.18,-0.02,0.59
2017-03-02,11.40,11.22,11.49,11.16,78908,91498789.00,2.89,-1.58,-0.18,0.83
2017-03-03,11.17,11.23,11.26,10.99,49849,56993195.00,2.41,0.09,0.01,0.53
2017-03-06,11.23,11.28,11.33,11.17,56774,65588495.00,1.42,0.45,0.05,0.60
2017-03-07,11.29,11.12,11.29,10.99,100778,114720092.00,2.66,-1.42,-0.16,1.06
2017-03-08,11.14,11.11,11.16,11.02,53005,60242295.00,1.26,-0.09,-0.01,0.56
2017-03-09,11.13,11.11,11.19,10.98,48888,55559272.00,1.89,0.00,0.00,0.52
2017-03-10,11.07,11.51,11.55,11.04,195296,228394128.00,4.59,3.60,0.40,2.06
2017-03-13,11.55,11.74,11.77,11.43,189753,226208095.00,2.95,2.00,0.23,2.00
2017-03-14,11.73,11.68,11.93,11.63,144670,174628445.00,2.56,-0.51,-0.06,1.53
2017-03-15,11.66,12.16,12.36,11.55,290866,356778688.00,6.93,4.11,0.48,3.07
2017-03-16,12.15,12.41,12.73,12.08,277160,353976176.00,5.35,2.06,0.25,2.92
2017-03-17,12.41,12.10,12.49,12.00,165021,205822956.00,3.95,-2.50,-0.31,1.74
2017-03-20,12.10,12.00,12.10,11.74,120131,146312177.00,2.98,-0.83,-0.10,1.27
2017-03-21,12.03,12.25,12.59,11.97,184409,232984958.00,5.17,2.08,0.25,1.95
2017-03-22,12.11,11.65,12.11,11.51,453675,546162816.00,4.90,-4.90,-0.60,4.79
2017-03-23,11.54,11.30,11.64,11.16,267818,312160224.00,4.12,-3.00,-0.35,2.83
2017-03-24,11.31,11.42,11.61,11.27,157453,184367363.00,3.01,1.06,0.12,1.66
2017-03-27,11.46,11.17,11.46,11.11,142805,164106450.00,3.06,-2.19,-0.25,1.51
2017-03-28,11.17,11.02,11.26,10.99,119444,135587681.00,2.42,-1.34,-0.15,1.26
2017-03-29,11.02,10.99,11.27,10.89,178600,202500273.00,3.45,-0.27,-0.03,1.88
2017-03-30,10.93,10.76,10.96,10.62,160943,178187773.00,3.09,-2.09,-0.23,1.70
2017-03-31,10.79,11.01,11.01,10.77,102382,114767823.00,2.23,2.32,0.25,1.08
2017-04-05,11.11,11.26,11.28,10.98,201166,229093845.00,2.72,2.27,0.25,2.12
2017-04-06,11.26,11.29,11.50,11.14,150654,174484710.00,3.20,0.27,0.03,1.59
2017-04-07,11.30,10.97,11.36,10.91,173292,196681150.00,3.99,-2.83,-0.32,1.83
2017-04-10,10.97,10.97,11.19,10.91,132310,149651861.00,2.55,0.00,0.00,1.40
2017-04-11,10.89,10.84,11.00,10.60,140802,155735394.00,3.65,-1.19,-0.13,1.49
2017-04-12,10.90,10.62,10.91,10.61,105483,115718165.00,2.77,-2.03,-0.22,1.11
2017-04-13,10.57,10.84,10.88,10.51,116687,128665456.00,3.48,2.07,0.22,1.23
2017-04-14,10.93,11.18,11.39,10.93,272239,314265632.00,4.24,3.14,0.34,2.87
2017-04-17,11.13,11.13,11.39,11.01,158302,182319624.00,3.40,-0.45,-0.05,1.67
2017-04-18,11.13,10.98,11.28,10.91,123375,139617757.00,3.32,-1.35,-0.15,1.30
2017-04-19,10.87,10.18,10.87,9.85,353389,366766624.00,9.29,-7.29,-0.80,3.73
2017-04-20,10.19,10.11,10.31,10.02,134051,139949689.00,2.85,-0.69,-0.07,1.41
2017-04-21,10.22,10.06,10.34,9.95,119430,124711308.00,3.86,-0.49,-0.05,1.26
2017-04-24,9.96,10.01,10.18,9.61,93035,95569784.00,5.67,-0.50,-0.05,0.98
2017-04-25,9.91,10.03,10.21,9.91,71078,73726715.00,3.00,0.20,0.02,0.75
2017-04-26,10.03,9.79,10.06,9.68,126027,127436892.00,3.79,-2.39,-0.24,1.33
2017-04-27,9.79,9.82,9.86,9.51,92903,92978714.00,3.58,0.31,0.03,0.98
2017-04-28,9.74,9.66,9.85,9.53,125722,125093665.00,3.26,-1.63,-0.16,1.33
2017-05-02,9.91,10.08,10.16,9.67,170529,174374530.00,5.07,4.35,0.42,1.80
2017-05-03,10.38,10.43,10.69,10.08,339988,365503120.00,6.05,3.47,0.35,3.59
2017-05-04,10.32,10.42,10.61,10.13,160821,172055830.00,4.60,-0.10,-0.01,1.70
2017-05-05,10.31,10.16,10.41,10.15,109185,115087023.00,2.50,-2.50,-0.26,1.15
2017-05-08,10.03,9.87,10.28,9.77,144578,148236801.00,5.02,-2.85,-0.29,1.53
2017-05-09,9.83,9.93,9.97,9.72,48187,48987588.00,2.53,0.61,0.06,0.51
2017-05-10,9.93,9.52,9.98,9.42,112796,112932910.00,5.64,-4.13,-0.41,1.19
2017-05-11,9.51,9.42,9.56,9.02,154984,148522223.00,5.67,-1.05,-0.10,1.64
2017-05-12,9.35,9.34,9.45,9.24,78781,76035135.00,2.23,-0.85,-0.08,0.83
2017-05-15,9.43,9.16,9.55,9.06,87186,83505108.00,5.25,-1.93,-0.18,0.92
2017-05-16,9.14,9.33,9.36,8.89,126376,118375793.00,5.13,1.86,0.17,1.33
2017-05-17,9.25,9.44,9.60,9.25,146728,143232216.00,3.75,1.18,0.11,1.55
2017-05-18,9.36,9.33,9.53,9.31,74428,72265757.00,2.33,-1.17,-0.11,0.79
2017-05-19,9.46,9.59,9.59,9.38,146034,143300717.00,2.25,2.79,0.26,1.54
2017-05-22,9.47,10.04,10.51,9.47,260697,271023424.00,10.84,4.69,0.45,2.75
2017-05-23,9.99,9.79,10.20,9.68,125885,128125819.00,5.18,-2.49,-0.25,1.33
2017-05-24,9.79,9.50,9.79,9.22,220123,213904062.00,5.82,-2.96,-0.29,2.32
2017-05-25,9.51,9.62,9.72,9.37,123713,121874051.00,3.68,1.26,0.12,1.31
2017-05-26,9.61,9.82,9.93,9.61,100557,101749486.00,3.33,2.08,0.20,1.06
2017-05-31,9.98,9.46,10.06,9.39,140390,140452438.00,6.82,-3.67,-0.36,1.48
2017-06-01,9.33,9.12,9.45,9.04,130054,124268926.00,4.33,-3.59,-0.34,1.37
2017-06-02,9.06,9.20,9.34,8.98,83181,78313348.00,3.95,0.88,0.08,0.88
2017-06-05,9.20,9.32,9.37,9.20,64869,62324361.00,1.85,1.30,0.12,0.68
2017-06-06,9.37,9.46,9.53,9.32,55304,53744027.00,2.25,1.50,0.14,0.58
2017-06-07,9.47,9.61,9.68,9.42,72952,71938635.00,2.75,1.59,0.15,0.77
2017-06-08,9.67,9.67,9.81,9.60,81825,81652279.00,2.19,0.62,0.06,0.86
2017-06-09,9.66,9.57,9.73,9.51,64761,63894756.00,2.28,-1.03,-0.10,0.68
2017-06-12,9.59,9.85,9.92,9.59,136551,137490726.00,3.45,2.93,0.28,1.44
2017-06-13,9.81,9.79,9.93,9.72,124938,126265980.00,2.13,-0.61,-0.06,1.32
2017-06-14,9.75,9.62,9.86,9.56,106403,106292421.00,3.06,-1.74,-0.17,1.12
2017-06-15,9.67,9.99,10.00,9.63,150586,153022841.00,3.85,3.85,0.37,1.59
2017-06-16,9.99,10.39,10.49,9.92,214100,225919016.00,5.71,4.00,0.40,2.26
2017-06-19,10.29,10.43,10.51,10.25,131177,139814173.00,2.50,0.38,0.04,1.38
2017-06-20,10.45,10.45,10.62,10.38,131834,142341060.00,2.30,0.19,0.02,1.39
2017-06-21,10.41,10.33,10.52,10.09,109022,115010597.00,4.11,-1.15,-0.12,1.15
2017-06-22,10.27,10.30,10.40,10.22,118523,125725425.00,1.74,-0.29,-0.03,1.25
2017-06-23,10.22,10.48,10.49,10.19,122639,130714699.00,2.91,1.75,0.18,1.29
2017-06-26,10.47,10.74,10.78,10.39,160365,174854809.00,3.72,2.48,0.26,1.69
2017-06-27,10.76,10.61,10.96,10.59,123446,136452510.00,3.45,-1.21,-0.13,1.30
2017-06-28,10.55,10.48,10.66,10.43,85561,92492000.00,2.17,-1.23,-0.13,0.90
2017-06-29,10.42,10.48,10.59,10.42,120958,130706209.00,1.62,0.00,0.00,1.28
2017-06-30,10.53,10.44,10.53,10.39,56061,60294093.00,1.34,-0.38,-0.04,0.59
2017-07-03,10.44,10.47,10.50,10.28,61112,65294239.00,2.11,0.29,0.03,0.64
2017-07-04,10.48,10.47,10.55,10.37,46216,49617313.00,1.72,0.00,0.00,0.49
2017-07-05,10.47,10.42,10.48,10.37,49036,52455552.00,1.05,-0.48,-0.05,0.52
2017-07-06,10.45,10.42,10.53,10.28,80520,86339557.00,2.40,0.00,0.00,0.85
2017-07-07,10.42,10.23,10.44,10.16,98639,103973177.00,2.69,-1.82,-0.19,1.04
2017-07-10,10.22,10.36,10.52,10.17,87225,92633424.00,3.42,1.27,0.13,0.92
2017-07-11,10.36,10.20,10.50,10.19,72342,76741399.00,2.99,-1.54,-0.16,0.76
2017-07-12,10.20,10.01,10.24,9.81,83878,85925831.00,4.22,-1.86,-0.19,0.89
2017-07-13,10.01,9.91,10.09,9.84,75025,76665778.00,2.50,-1.00,-0.10,0.79
2017-07-14,9.90,9.97,10.09,9.90,45449,46684675.00,1.92,0.61,0.06,0.48
2017-07-17,9.99,9.43,10.08,9.37,114262,113048403.00,7.12,-5.42,-0.54,1.21
2017-07-18,9.41,9.53,9.58,9.37,61544,59984280.00,2.23,1.06,0.10,0.65
2017-07-19,9.54,9.68,9.72,9.45,58705,57852062.00,2.83,1.57,0.15,0.62
2017-07-20,9.95,9.83,10.05,9.73,109418,110897102.00,3.31,1.55,0.15,1.15
2017-07-21,9.81,9.80,9.95,9.76,55423,56034759.00,1.93,-0.31,-0.03,0.58
2017-07-24,9.84,9.94,9.95,9.69,97539,98521167.00,2.65,1.43,0.14,1.03
2017-07-25,9.94,9.78,9.99,9.72,66181,66807479.00,2.72,-1.61,-0.16,0.70
2017-07-26,9.78,9.59,9.83,9.52,87251,86271501.00,3.17,-1.94,-0.19,0.92
2017-07-27,9.65,9.79,9.81,9.59,82932,82870337.00,2.29,2.09,0.20,0.88
2017-07-28,9.79,9.66,9.88,9.64,65701,65601402.00,2.45,-1.33,-0.13,0.69
2017-07-31,9.68,9.59,9.78,9.49,128163,126688802.00,3.00,-0.72,-0.07,1.35
2017-08-01,9.74,9.88,9.92,9.61,148878,149644896.00,3.23,3.02,0.29,1.57
2017-08-02,9.80,9.74,9.90,9.72,115161,115559665.00,1.82,-1.42,-0.14,1.22
2017-08-03,9.78,9.63,9.83,9.52,120854,119420431.00,3.18,-1.13,-0.11,1.28
2017-08-04,9.60,9.56,9.62,9.50,84015,82389589.00,1.25,-0.73,-0.07,0.89
2017-08-07,9.55,9.46,9.59,9.43,94231,91987306.00,1.67,-1.05,-0.10,0.99
2017-08-08,9.48,9.49,9.56,9.45,48062,46970852.00,1.16,0.32,0.03,0.51
2017-08-09,9.47,9.63,9.68,9.47,76523,75503230.00,2.21,1.48,0.14,0.81
2017-08-10,9.59,9.47,9.64,9.41,109290,106861959.00,2.39,-1.66,-0.16,1.15
2017-08-11,9.47,9.51,9.73,9.43,129710,127566844.00,3.17,0.42,0.04,1.37
2017-08-14,9.48,9.78,9.80,9.47,127814,127447420.00,3.47,2.84,0.27,1.35
2017-08-15,9.79,9.93,10.26,9.70,191557,195962455.00,5.73,1.53,0.15,2.02
2017-08-16,9.85,10.06,10.19,9.85,139750,143608745.00,3.42,1.31,0.13,1.47
2017-08-17,10.06,9.99,10.14,9.92,58956,60411154.00,2.19,-0.70,-0.07,0.62
2017-08-18,9.96,9.99,10.14,9.92,61227,63020018.00,2.20,0.00,0.00,0.65
2017-08-21,9.99,10.07,10.12,9.92,67617,69341308.00,2.00,0.80,0.08,0.71
2017-08-22,10.12,9.98,10.19,9.96,61225,63281885.00,2.28,-0.89,-0.09,0.65
2017-08-23,9.98,9.89,10.00,9.82,43142,43844926.00,1.80,-0.90,-0.09,0.46
2017-08-24,9.89,10.05,10.08,9.85,97986,100619529.00,2.33,1.62,0.16,1.03
2017-08-25,10.05,10.09,10.13,9.99,110676,114362909.00,1.39,0.40,0.04,1.17
2017-08-28,10.08,10.19,10.34,10.08,117763,123474972.00,2.58,0.99,0.10,1.24
2017-08-29,10.19,10.16,10.25,10.02,67999,70601419.00,2.26,-0.29,-0.03,0.72
2017-08-30,10.19,10.04,10.21,10.02,60972,62895832.00,1.87,-1.18,-0.12,0.64
2017-08-31,10.05,9.94,10.08,9.90,65786,67159693.00,1.79,-1.00,-0.10,0.69
2017-09-01,9.97,9.99,10.03,9.90,73933,75629661.00,1.31,0.50,0.05,0.78
2017-09-04,9.97,9.99,10.00,9.92,61668,63037118.00,0.80,0.00,0.00,0.65
2017-09-05,9.99,9.95,10.03,9.93,51225,52409158.00,1.00,-0.40,-0.04,0.54
2017-09-06,9.93,10.11,10.14,9.79,134886,137795288.00,3.52,1.61,0.16,1.42
2017-09-07,10.04,9.93,10.10,9.91,65157,66857670.00,1.88,-1.78,-0.18,0.69
2017-09-08,9.91,9.80,9.97,9.73,106661,107768231.00,2.42,-1.31,-0.13,1.13
2017-09-11,9.74,9.86,9.89,9.74,41439,41793937.00,1.53,0.61,0.06,0.44
2017-09-12,9.86,10.12,10.13,9.77,147613,151164591.00,3.65,2.64,0.26,1.56
2017-09-13,10.20,10.36,10.73,10.20,205650,220428934.00,5.24,2.37,0.24,2.17
2017-09-14,10.44,10.58,10.68,10.39,174053,188321568.00,2.80,2.12,0.22,1.84
2017-09-15,10.59,10.79,11.02,10.45,231501,256766578.00,5.39,1.98,0.21,2.44
2017-09-18,10.85,11.08,11.29,10.85,232436,265113102.00,4.08,2.69,0.29,2.45
2017-09-19,11.04,10.93,11.13,10.81,133550,149571394.00,2.89,-1.35,-0.15,1.41
2017-09-20,10.92,11.01,11.04,10.62,194695,215103714.00,3.84,0.73,0.08,2.05
2017-09-21,10.91,11.09,11.10,10.82,149234,168138046.00,2.54,0.73,0.08,1.57
2017-09-22,11.06,11.17,11.26,10.91,169977,193698454.00,3.16,0.72,0.08,1.79
2017-09-25,11.14,11.18,11.39,10.94,138122,159089639.00,4.03,0.09,0.01,1.46
2017-09-26,11.15,10.94,11.26,10.82,84443,94751255.00,3.94,-2.15,-0.24,0.89
2017-09-27,11.00,10.95,11.29,10.92,76082,86311476.00,3.38,0.09,0.01,0.80
2017-09-28,11.03,10.74,11.04,10.69,110526,122208155.00,3.20,-1.92,-0.21,1.17
2017-09-29,10.83,11.08,11.17,10.82,132883,149933926.00,3.26,3.17,0.34,1.40
2017-10-09,11.29,11.35,11.42,11.15,142018,164265578.00,2.44,2.44,0.27,1.50
2017-10-10,11.30,11.36,11.66,11.28,138358,162159573.00,3.35,0.09,0.01,1.46
2017-10-11,11.42,11.52,11.76,11.30,190656,226221901.00,4.05,1.41,0.16,2.01
2017-10-12,11.46,11.36,11.54,11.32,73695,85733726.00,1.91,-1.39,-0.16,0.78
2017-10-13,11.43,11.26,11.43,11.01,141266,161208173.00,3.70,-0.88,-0.10,1.49
2017-10-16,11.27,11.09,11.30,10.99,111268,126472923.00,2.75,-1.51,-0.17,1.17
2017-10-17,11.09,10.92,11.09,10.76,106664,118652465.00,2.98,-1.53,-0.17,1.13
2017-10-18,10.95,11.01,11.14,10.89,98860,111505798.00,2.29,0.82,0.09,1.04
2017-10-19,10.98,10.59,11.04,10.51,114500,125576208.00,4.81,-3.81,-0.42,1.21
2017-10-20,10.55,10.63,10.70,10.53,75591,82166891.00,1.61,0.38,0.04,0.80
2017-10-23,10.70,11.15,11.24,10.59,150056,169743239.00,6.11,4.89,0.52,1.58
2017-10-24,11.21,11.19,11.22,11.01,68099,77546676.00,1.88,0.36,0.04,0.72
2017-10-25,11.16,11.24,11.32,11.07,57425,65849899.00,2.23,0.45,0.05,0.61
2017-10-26,11.23,11.28,11.42,11.18,87280,101087737.00,2.14,0.36,0.04,0.92
2017-10-27,11.32,11.33,11.49,11.24,104955,122035276.00,2.22,0.44,0.05,1.11
2017-10-30,11.38,11.06,11.43,10.98,146518,167742341.00,3.97,-2.38,-0.27,1.55
2017-10-31,11.04,11.10,11.25,10.99,130790,148537583.00,2.35,0.36,0.04,1.38
2017-11-01,11.12,11.48,11.49,10.91,160054,184296894.00,5.23,3.42,0.38,1.69
2017-11-02,11.48,10.95,11.48,10.94,162168,185284292.00,4.70,-4.62,-0.53,1.71
2017-11-03,11.04,10.99,11.09,10.83,113250,126947218.00,2.37,0.37,0.04,1.20
2017-11-06,10.94,10.95,10.99,10.77,83641,92912489.00,2.00,-0.36,-0.04,0.88
2017-11-07,10.90,10.79,11.00,10.69,107603,118813875.00,2.83,-1.46,-0.16,1.14
2017-11-08,10.84,10.96,10.99,10.79,76492,85338051.00,1.85,1.58,0.17,0.81
2017-11-09,10.94,10.84,10.99,10.72,73138,80945935.00,2.46,-1.09,-0.12,0.77
2017-11-10,10.82,10.85,10.99,10.75,73667,82112108.00,2.21,0.09,0.01,0.78
2017-11-13,10.99,11.13,11.17,10.87,130944,148150348.00,2.76,2.58,0.28,1.38
2017-11-14,11.13,11.07,11.18,10.98,100672,114233635.00,1.80,-0.54,-0.06,1.06
2017-11-15,11.18,10.80,11.18,10.79,81426,90806556.00,3.52,-2.44,-0.27,0.86
2017-11-16,10.76,10.78,10.87,10.75,63030,69694185.00,1.11,-0.19,-0.02,0.67
2017-11-17,10.85,10.28,10.85,10.26,129554,139165936.00,5.47,-4.64,-0.50,1.37
2017-11-20,10.26,10.07,10.26,9.96,84670,87657235.00,2.92,-2.04,-0.21,0.89
2017-11-21,10.05,10.24,10.33,10.00,75928,79210272.00,3.28,1.69,0.17,0.80
2017-11-22,10.19,9.97,10.19,9.87,112112,115169378.00,3.13,-2.64,-0.27,1.18
2017-11-23,9.84,9.73,10.00,9.68,67677,68249511.00,3.21,-2.41,-0.24,0.71
2017-11-24,9.75,9.66,9.87,9.54,72163,71469025.00,3.39,-0.72,-0.07,0.76
2017-11-27,9.65,9.59,9.68,9.50,47930,47094898.00,1.86,-0.72,-0.07,0.51
2017-11-28,9.54,9.80,9.80,9.54,42998,42930216.00,2.71,2.19,0.21,0.45
2017-11-29,9.83,9.86,9.95,9.73,52029,52510534.00,2.24,0.61,0.06,0.55
2017-11-30,9.92,9.98,10.17,9.83,78684,81072781.00,3.45,1.22,0.12,0.83
2017-12-01,10.06,10.25,10.43,10.06,114492,120806310.00,3.71,2.71,0.27,1.21
2017-12-04,10.14,10.15,10.39,10.14,56893,59655432.00,2.44,-0.98,-0.10,0.60
2017-12-05,10.20,9.80,10.25,9.79,62550,63818369.00,4.53,-3.45,-0.35,0.66
2017-12-06,9.80,10.02,10.03,9.77,42718,43309007.00,2.65,2.24,0.22,0.45
2017-12-07,9.98,9.99,10.11,9.95,20410,21023119.00,1.60,-0.30,-0.03,0.22
2017-12-08,9.99,9.98,10.13,9.91,39431,40546863.00,2.20,-0.10,-0.01,0.42
2017-12-11,9.99,10.30,10.31,9.99,65139,68316405.00,3.21,3.21,0.32,0.69
2017-12-12,10.30,10.12,10.36,10.08,31513,32921838.00,2.72,-1.75,-0.18,0.33
2017-12-13,10.14,10.10,10.23,10.01,36959,38269405.00,2.17,-0.20,-0.02,0.39
2017-12-14,10.12,9.97,10.14,9.85,42456,43304926.00,2.87,-1.29,-0.13,0.45
2017-12-15,9.98,9.83,10.10,9.76,39820,40264250.00,3.41,-1.40,-0.14,0.42
2017-12-18,9.83,9.82,9.94,9.73,41687,41897608.00,2.14,-0.10,-0.01,0.44
2017-12-19,9.82,9.81,9.88,9.73,41285,41542073.00,1.53,-0.10,-0.01,0.44
2017-12-20,9.85,9.62,9.88,9.57,59568,59117199.00,3.16,-1.94,-0.19,0.63
2017-12-21,9.64,9.53,9.64,9.47,60121,58885139.00,1.77,-0.94,-0.09,0.63
2017-12-22,9.54,9.60,9.62,9.51,34291,33694012.00,1.15,0.73,0.07,0.36
2017-12-25,9.59,9.36,9.59,9.33,55223,53380971.00,2.71,-2.50,-0.24,0.58
2017-12-26,9.40,9.37,9.42,9.23,45219,43339280.00,2.03,0.11,0.01,0.48
2017-12-27,9.38,9.24,9.53,9.16,84274,80682000.00,3.95,-1.39,-0.13,0.89
2017-12-28,9.20,9.20,9.33,9.13,105254,99683257.00,2.16,-0.43,-0.04,1.11
2017-12-29,9.23,9.19,9.24,9.06,45152,42403912.00,1.96,-0.11,-0.01,0.48