MjAyMy0wMS0wMywyMC44MCwyMS41NywyMS43NSwyMC43MSwxMDY5ODIsMjI4ODg3NDg0LjAwLDUuMDEsMy45MCwwLjgxLDEuMzA=
2023-01-04,21.58,21.57,21.64,21.37,52098,111877085.00,1.25,0.00,0.00,0.63
2023-01-05,21.61,21.61,21.65,21.43,40591,87490185.00,1.02,0.19,0.04,0.49
2023-01-06,21.58,21.30,21.72,21.21,67021,143405738.00,2.36,-1.43,-0.31,0.82
2023-01-09,21.31,21.03,21.40,20.79,82542,173433892.00,2.86,-1.27,-0.27,1.00
2023-01-10,20.76,20.54,21.00,20.44,69914,143957119.00,2.66,-2.33,-0.49,0.85
2023-01-11,20.71,20.28,20.84,20.24,86723,177889384.00,2.92,-1.27,-0.26,1.06
2023-01-12,20.44,20.29,20.62,20.24,46061,93842565.00,1.87,0.05,0.01,0.56
2023-01-13,20.30,20.42,20.62,20.15,50992,103918697.00,2.32,0.64,0.13,0.62
2023-01-16,21.17,21.81,21.85,21.14,252642,544864606.00,3.48,6.81,1.39,3.08
2023-01-17,21.53,21.85,21.97,21.37,136319,296434084.00,2.75,0.18,0.04,1.66
2023-01-18,21.78,21.85,22.16,21.69,102504,225093838.00,2.15,0.00,0.00,1.25
2023-01-19,21.85,21.91,21.95,21.62,74146,161505005.00,1.51,0.27,0.06,0.90
2023-01-20,21.75,22.22,22.24,21.75,86380,191146883.00,2.24,1.41,0.31,1.05
2023-01-30,22.86,22.62,23.00,22.37,142280,323006175.00,2.84,1.80,0.40,1.73
2023-01-31,22.51,22.95,22.99,22.50,93825,214326131.00,2.17,1.46,0.33,1.14
2023-02-01,22.94,23.42,23.80,22.78,117112,273471146.00,4.44,2.05,0.47,1.43
2023-02-02,23.73,23.30,23.80,23.07,95847,224017305.00,3.12,-0.51,-0.12,1.17
2023-02-03,23.30,23.35,23.49,22.96,113689,263847963.00,2.27,0.21,0.05,1.38
2023-02-06,23.38,22.91,23.48,22.81,95698,220715407.00,2.87,-1.88,-0.44,1.17
2023-02-07,22.88,23.00,23.09,22.73,67136,153848744.00,1.57,0.39,0.09,0.82
2023-02-08,23.10,22.75,23.13,22.74,50361,115518492.00,1.70,-1.09,-0.25,0.61
2023-02-09,22.75,23.51,23.76,22.63,144719,339470904.00,4.97,3.34,0.76,1.76
2023-02-10,23.45,23.29,23.83,23.20,110154,258284707.00,2.68,-0.94,-0.22,1.34
2023-02-13,23.68,23.80,24.00,23.48,147265,350434973.00,2.23,2.19,0.51,1.79
2023-02-14,23.53,23.48,23.70,23.39,82867,194759133.00,1.30,-1.34,-0.32,1.01
2023-02-15,23.47,23.30,23.66,23.19,82934,193882841.00,2.00,-0.77,-0.18,1.01
2023-02-16,23.23,22.74,23.44,22.50,80370,185447508.00,4.03,-2.40,-0.56,0.98
2023-02-17,22.70,22.75,22.95,22.53,54975,124977264.00,1.85,0.04,0.01,0.67
2023-02-20,22.73,22.76,22.80,22.10,65840,148132864.00,3.08,0.04,0.01,0.80
2023-02-21,22.78,23.17,23.27,22.71,65676,151505565.00,2.46,1.80,0.41,0.80
2023-02-22,23.01,22.96,23.25,22.78,65878,151169857.00,2.03,-0.91,-0.21,0.80
2023-02-23,22.74,22.70,23.23,22.63,58422,133249987.00,2.61,-1.13,-0.26,0.71
2023-02-24,22.75,23.63,24.00,22.71,212785,502205351.00,5.68,4.10,0.93,2.59
2023-02-27,23.64,23.43,23.80,23.26,117443,275646402.00,2.29,-0.85,-0.20,1.43
2023-02-28,23.43,23.42,23.44,23.05,71664,166635577.00,1.66,-0.04,-0.01,0.87
2023-03-01,23.40,23.52,23.53,23.17,92173,215599533.00,1.54,0.43,0.10,1.12
2023-03-02,23.52,24.01,24.18,23.36,182025,435810272.00,3.49,2.08,0.49,2.22
2023-03-03,23.98,25.60,26.04,23.70,327982,825575045.00,9.75,6.62,1.59,3.99
2023-03-06,26.01,26.61,27.48,25.96,408813,1087595994.00,5.94,3.95,1.01,4.98
2023-03-07,26.60,25.48,26.63,25.35,258992,672683075.00,4.81,-4.25,-1.13,3.15
2023-03-08,25.30,25.70,26.06,25.11,150017,385545237.00,3.73,0.86,0.22,1.83
2023-03-09,25.70,25.55,26.07,25.30,109085,278957371.00,3.00,-0.58,-0.15,1.33
2023-03-10,25.31,24.69,25.33,24.44,116792,290891159.00,3.48,-3.37,-0.86,1.42
2023-03-13,24.51,25.00,25.13,24.50,95118,236788853.00,2.55,1.26,0.31,1.16
2023-03-14,24.88,25.66,25.88,24.66,178331,454300745.00,4.88,2.64,0.66,2.17
2023-03-15,25.37,25.98,26.11,25.21,150552,385826140.00,3.51,1.25,0.32,1.83
2023-03-16,25.65,25.07,25.93,25.02,132725,336426756.00,3.50,-3.50,-0.91,1.62
2023-03-17,25.18,25.69,26.11,25.15,153217,394062614.00,3.83,2.47,0.62,1.87
2023-03-20,25.65,26.00,26.60,25.60,181278,475612656.00,3.89,1.21,0.31,2.21
2023-03-21,26.67,26.93,28.60,26.62,312273,859839363.00,7.62,3.58,0.93,3.80
2023-03-22,26.96,26.40,27.69,26.20,200883,536822202.00,5.53,-1.97,-0.53,2.45
2023-03-23,26.22,26.45,26.67,25.92,139541,368218441.00,2.84,0.19,0.05,1.70
2023-03-24,26.30,25.51,26.34,25.30,198712,508958377.00,3.93,-3.55,-0.94,2.42
2023-03-27,25.53,24.99,25.58,24.58,137805,344373266.00,3.92,-2.04,-0.52,1.68
2023-03-28,25.05,25.50,25.95,24.98,152621,390663213.00,3.88,2.04,0.51,1.86
2023-03-29,25.52,24.95,25.75,24.85,95897,241299028.00,3.53,-2.16,-0.55,1.17
2023-03-30,24.81,24.83,25.35,24.67,92186,229659166.00,2.73,-0.48,-0.12,1.12
2023-03-31,24.50,24.43,25.18,24.20,138251,338918542.00,3.95,-1.61,-0.40,1.68
2023-04-03,24.21,24.34,24.48,24.00,106921,259226234.00,1.96,-0.37,-0.09,1.30
2023-04-04,24.45,24.83,24.97,24.11,147351,362642800.00,3.53,2.01,0.49,1.79
2023-04-06,24.84,24.31,24.85,24.05,119933,291136107.00,3.22,-2.09,-0.52,1.46
2023-04-07,24.14,23.92,24.31,23.76,121280,290813590.00,2.26,-1.60,-0.39,1.48
2023-04-10,25.00,24.13,25.08,24.07,174783,428786305.00,4.22,0.88,0.21,2.13
2023-04-11,24.16,23.61,24.23,23.41,106565,252007486.00,3.40,-2.15,-0.52,1.30
2023-04-12,23.45,23.80,23.87,23.45,61128,145165280.00,1.78,0.80,0.19,0.74
2023-04-13,23.76,24.33,24.59,23.50,128325,309924970.00,4.58,2.23,0.53,1.56
2023-04-14,24.06,24.27,24.28,23.87,89003,214333027.00,1.69,-0.25,-0.06,1.08
2023-04-17,24.12,24.07,24.38,23.68,92736,222745994.00,2.88,-0.82,-0.20,1.13
2023-04-18,24.10,24.34,24.45,23.86,97479,235857110.00,2.45,1.12,0.27,1.19
2023-04-19,24.29,23.82,24.40,23.76,96799,232207879.00,2.63,-2.14,-0.52,1.18
2023-04-20,23.50,23.85,24.01,23.45,68663,163478481.00,2.35,0.13,0.03,0.84
2023-04-21,23.78,25.31,25.66,23.63,300216,754957352.00,8.51,6.12,1.46,3.65
2023-04-24,25.20,26.45,26.76,24.45,365802,945926716.00,9.13,4.50,1.14,4.45
2023-04-25,26.06,25.94,26.97,25.66,231971,607163227.00,4.95,-1.93,-0.51,2.82
2023-04-26,25.80,26.82,27.25,25.69,280730,750289167.00,6.01,3.39,0.88,3.42
2023-04-27,26.56,28.80,29.36,26.10,393603,1100031564.00,12.16,7.38,1.98,4.79
2023-04-28,27.90,27.82,28.71,27.10,361145,1006956950.00,5.59,-3.40,-0.98,4.40
2023-05-04,27.10,27.25,28.70,26.78,344733,955572788.00,6.90,-2.05,-0.57,4.20
2023-05-05,27.00,25.92,27.45,25.58,291160,764370635.00,6.86,-4.88,-1.33,3.54
2023-05-08,25.90,28.51,28.51,25.65,495837,1378094739.00,11.03,9.99,2.59,6.04
2023-05-09,29.00,27.77,29.80,27.61,578606,1660982067.00,7.68,-2.60,-0.74,7.04
2023-05-10,27.35,26.79,27.95,26.25,319888,864387352.00,6.12,-3.53,-0.98,3.89
2023-05-11,26.70,25.80,26.90,25.02,251647,646254578.00,7.02,-3.70,-0.99,3.06
2023-05-12,25.75,25.04,25.75,25.02,162751,411653225.00,2.83,-2.95,-0.76,1.98
2023-05-15,24.96,27.54,27.54,24.50,307675,801875504.00,12.14,9.98,2.50,3.75
2023-05-16,27.45,28.01,28.72,27.01,403608,1131263302.00,6.21,1.71,0.47,4.91
2023-05-17,27.93,30.81,30.81,27.50,492172,1470296223.00,11.82,10.00,2.80,5.99
2023-05-18,31.03,31.52,32.30,30.57,634693,1992265938.00,5.62,2.30,0.71,7.73
2023-05-19,31.05,30.21,31.88,29.88,403045,1228404711.00,6.35,-4.16,-1.31,4.91
2023-05-22,29.60,29.88,31.03,29.45,298099,899910234.00,5.23,-1.09,-0.33,3.63
2023-05-23,29.73,30.48,31.44,29.03,404953,1217115118.00,8.07,2.01,0.60,4.93
2023-05-24,29.44,30.19,31.30,29.28,367656,1119057610.00,6.63,-0.95,-0.29,4.48
2023-05-25,29.34,29.81,30.39,28.71,312371,923028793.00,5.56,-1.26,-0.38,3.80
2023-05-26,29.45,29.28,29.75,28.22,245027,713040090.00,5.13,-1.78,-0.53,2.98
2023-05-29,29.69,29.41,30.32,28.70,271204,803937715.00,5.53,0.44,0.13,3.30
2023-05-30,28.96,29.31,29.72,28.68,196167,570985015.00,3.54,-0.34,-0.10,2.39
2023-05-31,29.24,29.32,29.92,28.85,216879,640295585.00,3.65,0.03,0.01,2.64
2023-06-01,28.90,29.50,30.00,28.02,249155,725954617.00,6.75,0.61,0.18,3.03
2023-06-02,29.24,28.82,30.29,28.79,233784,687636086.00,5.08,-2.31,-0.68,2.85
2023-06-05,28.61,28.85,29.31,28.50,146622,424322624.00,2.81,0.10,0.03,1.78
2023-06-06,28.80,27.78,29.35,27.61,199053,565438801.00,6.03,-3.71,-1.07,2.42
2023-06-07,27.86,27.45,28.00,27.26,150556,414756241.00,2.66,-1.19,-0.33,1.83
2023-06-08,27.60,27.66,28.12,27.26,123836,342227891.00,3.13,0.77,0.21,1.51
2023-06-09,27.60,27.71,27.79,27.11,118355,325158174.00,2.46,0.18,0.05,1.44
2023-06-12,27.75,27.75,28.10,27.60,94919,264503723.00,1.80,0.14,0.04,1.16
2023-06-13,27.57,28.20,28.22,27.12,148205,411934229.00,3.96,1.62,0.45,1.80
2023-06-14,28.20,28.20,28.67,28.02,176904,501603842.00,2.30,0.00,0.00,2.15
2023-06-15,28.09,27.77,28.28,27.48,127317,354200395.00,2.84,-1.52,-0.43,1.55
2023-06-16,27.93,28.54,29.20,27.93,214057,614441236.00,4.57,2.77,0.77,2.61
2023-06-19,28.25,29.48,29.57,28.25,228196,667370655.00,4.63,3.29,0.94,2.78
2023-06-20,29.44,30.71,31.38,28.91,377799,1153237096.00,8.38,4.17,1.23,4.60
2023-06-21,30.36,29.84,30.97,29.81,219111,665476077.00,3.78,-2.83,-0.87,2.67
2023-06-26,29.81,29.17,30.20,29.13,168085,497665499.00,3.59,-2.25,-0.67,2.05
2023-06-27,29.16,30.99,31.19,29.02,264127,803769693.00,7.44,6.24,1.82,3.22
2023-06-28,30.45,30.77,31.17,30.25,203519,623919102.00,2.97,-0.71,-0.22,2.48
2023-06-29,30.40,30.50,31.03,30.10,155295,475229826.00,3.02,-0.88,-0.27,1.89
2023-06-30,30.79,29.95,31.10,29.83,189518,571291344.00,4.16,-1.80,-0.55,2.31
2023-07-03,30.00,30.16,30.61,29.62,146262,440534821.00,3.31,0.70,0.21,1.78
2023-07-04,30.01,29.60,30.25,29.00,180919,536150673.00,4.14,-1.86,-0.56,2.20
2023-07-05,29.40,29.23,29.73,29.19,85168,250308392.00,1.82,-1.25,-0.37,1.04
2023-07-06,29.18,29.27,29.56,29.01,87614,256660942.00,1.88,0.14,0.04,1.07
2023-07-07,29.26,29.67,29.99,29.05,128915,382394590.00,3.21,1.37,0.40,1.57
2023-07-10,29.88,29.75,29.95,29.38,73634,218323861.00,1.92,0.27,0.08,0.90
2023-07-11,29.65,29.81,29.92,29.53,65224,193795439.00,1.31,0.20,0.06,0.79
2023-07-12,29.75,28.08,29.80,27.90,215262,613415739.00,6.37,-5.80,-1.73,2.62
2023-07-13,28.25,27.75,28.35,27.40,180256,501601877.00,3.38,-1.18,-0.33,2.19
2023-07-14,27.70,27.84,28.22,27.41,114863,320696002.00,2.92,0.32,0.09,1.40
2023-07-17,27.79,28.16,28.42,27.61,93567,263187478.00,2.91,1.15,0.32,1.14
2023-07-18,28.00,27.93,28.35,27.88,60532,169714067.00,1.67,-0.82,-0.23,0.74
2023-07-19,27.88,27.77,28.05,27.71,27804,77389904.00,1.22,-0.57,-0.16,0.34