MjAyMC0wMS0wMiwxMi44NSwxNC4xMSwxNC4xMSwxMi44NSwyNTYzMzMsNTE3NDQ5NTIwLjAwLDkuOTcsMTEuNjMsMS40NywxOS41NQ==
2020-01-03,14.71,15.72,15.72,14.45,281833,628109808.00,9.00,11.41,1.61,21.49
2020-01-06,17.50,17.50,17.50,17.50,22041,56005241.00,0.00,11.32,1.78,1.68
2020-01-07,19.45,19.45,19.45,19.12,225563,630405376.00,1.89,11.14,1.95,17.20
2020-01-08,19.84,19.07,21.53,18.74,769685,2187324320.00,14.34,-1.95,-0.38,58.70
2020-01-09,19.51,17.66,19.85,17.21,500740,1322871120.00,13.84,-7.39,-1.41,38.19
2020-01-10,17.40,17.22,18.17,17.18,315319,806915056.00,5.61,-2.49,-0.44,24.05
2020-01-13,17.69,18.54,18.60,17.36,358159,939639856.00,7.20,7.67,1.32,27.31
2020-01-14,18.45,17.98,19.33,17.82,366924,986282752.00,8.14,-3.02,-0.56,27.98
2020-01-15,17.54,17.18,17.66,16.38,248446,614606944.00,7.12,-4.45,-0.80,18.95
2020-01-16,17.01,17.33,17.68,16.75,177620,447141856.00,5.41,0.87,0.15,13.55
2020-01-17,17.30,16.74,17.61,16.72,138540,344360240.00,5.14,-3.40,-0.59,10.57
2020-01-20,16.74,17.04,17.31,16.24,177626,437586560.00,6.39,1.79,0.30,13.55
2020-01-21,17.26,17.82,18.71,17.12,231818,606876880.00,9.33,4.58,0.78,17.68
2020-01-22,17.74,19.80,19.80,17.57,172504,472052416.00,12.51,11.11,1.98,13.16
2020-01-23,21.03,20.72,21.98,20.26,426673,1304394400.00,8.69,4.65,0.92,32.54
2020-02-03,18.45,18.45,18.45,18.45,29605,78867720.00,0.00,-10.96,-2.27,2.26
2020-02-04,17.42,19.98,20.36,17.42,323726,902533760.00,15.93,8.29,1.53,24.69
2020-02-05,20.86,18.72,21.94,18.54,393188,1148052016.00,17.02,-6.31,-1.26,29.99
2020-02-06,17.26,18.94,19.26,16.80,332495,860465984.00,13.14,1.18,0.22,25.36
2020-02-07,18.49,17.97,18.56,17.62,226181,592616464.00,4.96,-5.12,-0.97,17.25
2020-02-10,18.01,18.72,18.92,17.76,201721,536827312.00,6.46,4.17,0.75,15.38
2020-02-11,18.72,18.28,18.72,17.52,156120,412718544.00,6.41,-2.35,-0.44,11.91
2020-02-12,18.18,19.20,19.49,17.78,219371,587027152.00,9.35,5.03,0.92,16.73
2020-02-13,18.92,18.58,19.14,18.18,186908,502862672.00,5.00,-3.23,-0.62,14.25
2020-02-14,18.72,19.82,20.61,18.68,243665,685107088.00,10.39,6.67,1.24,18.58
2020-02-17,19.82,20.49,20.58,19.49,217245,625015088.00,5.50,3.38,0.67,16.57
2020-02-18,20.27,20.75,21.33,20.27,219709,650125504.00,5.17,1.27,0.26,16.76
2020-02-19,21.00,19.50,21.68,19.49,242856,712384592.00,10.55,-6.02,-1.25,18.52
2020-02-20,19.72,19.53,19.85,18.84,173700,482099536.00,5.18,0.15,0.03,13.25
2020-02-21,19.22,19.70,19.90,19.07,164658,461929248.00,4.25,0.87,0.17,12.56
2020-02-24,19.49,20.79,20.88,18.94,225437,647480480.00,9.85,5.53,1.09,17.19
2020-02-25,20.12,19.99,20.45,18.57,236697,671764096.00,9.04,-3.85,-0.80,18.05
2020-02-26,19.01,17.79,19.31,17.79,202907,541816096.00,7.60,-11.01,-2.20,15.47
2020-02-27,17.76,17.14,17.95,16.55,121764,304805360.00,7.87,-3.65,-0.65,9.29
2020-02-28,15.73,15.51,16.32,15.47,121482,282829200.00,4.96,-9.51,-1.63,9.26
2020-03-02,16.07,16.65,17.06,15.78,110586,265784208.00,8.25,7.35,1.14,8.43
2020-03-03,17.22,16.71,17.72,16.48,108823,271105296.00,7.45,0.36,0.06,8.30
2020-03-04,16.27,16.54,16.69,15.90,64371,153977886.00,4.73,-1.02,-0.17,4.91
2020-03-05,17.09,16.72,17.18,16.34,76966,187582723.00,5.08,1.09,0.18,5.87
2020-03-06,16.38,16.72,16.91,16.22,55783,135722375.00,4.13,0.00,0.00,4.25
2020-03-09,16.68,15.51,16.68,15.49,77380,181930377.00,7.12,-7.24,-1.21,5.90
2020-03-10,15.12,16.33,16.34,15.12,74604,174077603.00,7.87,5.29,0.82,5.69
2020-03-11,16.43,15.84,16.80,15.82,68900,164988943.00,6.00,-3.00,-0.49,5.25
2020-03-12,15.35,15.45,15.98,15.15,56793,129167185.00,5.24,-2.46,-0.39,4.33
2020-03-13,14.42,15.80,15.95,14.42,85754,191204878.00,9.90,2.27,0.35,6.54
2020-03-16,15.88,14.02,16.01,14.02,115307,251059833.00,12.59,-11.27,-1.78,8.79
2020-03-17,14.11,13.75,14.36,13.11,79964,163175875.00,8.92,-1.93,-0.27,6.10
2020-03-18,14.03,13.30,14.32,13.30,62228,128751022.00,7.42,-3.27,-0.45,4.75
2020-03-19,13.40,13.62,13.72,13.12,69910,141053456.00,4.51,2.41,0.32,5.33
2020-03-20,14.14,13.65,14.28,13.53,55280,113629341.00,5.51,0.22,0.03,4.22
2020-03-23,13.12,12.66,13.41,12.45,64312,125225486.00,7.03,-7.25,-0.99,4.90
2020-03-24,12.98,12.75,13.25,12.12,58507,112250030.00,8.93,0.71,0.09,4.46
2020-03-25,13.22,13.38,13.62,13.12,72381,144925222.00,3.92,4.94,0.63,5.52
2020-03-26,13.52,13.07,13.52,13.04,48886,97207109.00,3.59,-2.32,-0.31,3.73
2020-03-27,13.24,12.72,13.38,12.72,43775,86086528.00,5.05,-2.68,-0.35,3.34
2020-03-30,12.47,12.18,12.72,11.80,53305,98394907.00,7.23,-4.25,-0.54,4.07
2020-03-31,12.43,11.95,12.55,11.86,43503,80273471.00,5.67,-1.89,-0.23,3.32
2020-04-01,12.02,12.10,12.48,11.89,52659,97686662.00,4.94,1.26,0.15,4.02
2020-04-02,12.19,12.80,12.80,12.07,63738,120225910.00,6.03,5.79,0.70,4.86
2020-04-03,12.91,12.63,13.08,12.52,55481,107007075.00,4.38,-1.33,-0.17,4.23
2020-04-07,12.98,13.05,13.12,12.86,66426,129829697.00,2.06,3.33,0.42,5.07
2020-04-08,12.98,13.19,13.25,12.82,50617,99672384.00,3.30,1.07,0.14,3.86
2020-04-09,13.22,13.20,13.42,13.13,41664,82831002.00,2.20,0.08,0.01,3.18
2020-04-10,13.23,12.63,13.25,12.48,47481,91446913.00,5.83,-4.32,-0.57,3.62
2020-04-13,12.55,12.18,12.68,12.03,39797,74161492.00,5.15,-3.56,-0.45,3.04
2020-04-14,12.45,13.61,13.61,12.45,65645,130462356.00,9.52,11.74,1.43,5.01
2020-04-15,14.34,14.92,15.18,14.13,225956,498953552.00,7.71,9.63,1.31,17.23
2020-04-16,14.20,15.03,15.63,14.20,237029,525101184.00,9.58,0.74,0.11,18.08
2020-04-17,15.01,14.76,15.82,14.76,156764,352002176.00,7.05,-1.80,-0.27,11.96
2020-04-20,14.70,14.80,15.34,14.61,101570,223727889.00,4.95,0.27,0.04,7.75
2020-04-21,14.80,14.57,14.80,14.27,79356,170493354.00,3.58,-1.55,-0.23,6.05
2020-04-22,14.25,14.53,14.71,14.17,74298,159265197.00,3.71,-0.27,-0.04,5.67
2020-04-23,14.59,13.92,14.59,13.88,74171,156153437.00,4.89,-4.20,-0.61,5.66
2020-04-24,14.09,13.43,14.30,13.36,65507,134367147.00,6.75,-3.52,-0.49,5.00
2020-04-27,13.50,13.77,13.82,13.25,60767,123791446.00,4.24,2.53,0.34,1.50
2020-04-28,14.01,13.66,14.03,12.84,85589,173362438.00,8.64,-0.80,-0.11,2.11
2020-04-29,14.09,15.23,15.23,14.08,79888,175162971.00,8.42,11.49,1.57,1.97
2020-04-30,16.25,16.96,16.96,16.05,160954,391512784.00,5.98,11.36,1.73,3.98
2020-05-06,17.15,17.56,18.03,16.49,267271,671858800.00,9.08,3.54,0.60,6.60
2020-05-07,17.26,17.21,18.15,17.09,212561,542874656.00,6.04,-1.99,-0.35,5.25
2020-05-08,17.22,17.38,17.94,17.22,162578,412713056.00,4.18,0.99,0.17,4.02
2020-05-11,17.48,17.58,18.14,17.28,129302,331025040.00,4.95,1.15,0.20,3.19
2020-05-12,17.30,17.27,17.56,16.85,118950,297475984.00,4.04,-1.76,-0.31,2.94
2020-05-13,17.34,16.95,17.34,16.70,89681,221488241.00,3.71,-1.85,-0.32,2.22
2020-05-14,16.95,16.62,17.02,16.49,83985,205194740.00,3.13,-1.95,-0.33,2.08
2020-05-15,16.74,16.84,17.26,16.53,125919,311199904.00,4.39,1.32,0.22,3.11
2020-05-18,16.65,16.23,16.85,15.88,141575,339413552.00,5.76,-3.62,-0.61,3.50
2020-05-19,16.65,17.07,17.24,16.48,121981,301159808.00,4.68,5.18,0.84,3.01
2020-05-20,16.98,16.48,17.02,16.32,101653,247301040.00,4.10,-3.46,-0.59,2.51
2020-05-21,16.63,15.65,16.71,15.65,80473,189798144.00,6.43,-5.04,-0.83,1.99
2020-05-22,16.03,15.74,17.34,15.66,162561,388730880.00,10.73,0.58,0.09,4.02
2020-05-25,15.89,15.75,16.55,15.23,131053,305886528.00,8.39,0.06,0.01,3.24
2020-05-26,15.84,16.55,16.72,15.65,141176,337289968.00,6.79,5.08,0.80,3.49
2020-05-27,16.52,15.75,16.55,15.74,111096,261707958.00,4.89,-4.83,-0.80,2.75
2020-05-28,15.69,15.33,15.85,14.92,99658,225025761.00,5.90,-2.67,-0.42,2.46
2020-05-29,15.37,15.45,15.75,15.25,62200,141908479.00,3.26,0.78,0.12,1.54
2020-06-01,15.63,16.57,16.66,15.59,107188,255804519.00,6.93,7.25,1.12,2.65
2020-06-02,16.92,16.78,17.42,16.67,133974,331715728.00,4.53,1.27,0.21,3.31
2020-06-03,16.79,16.51,17.03,16.34,88340,213972756.00,4.11,-1.61,-0.27,2.18
2020-06-04,16.59,16.72,17.17,16.59,103365,254086541.00,3.51,1.27,0.21,2.55
2020-06-05,16.77,16.57,16.89,16.31,91716,222463521.00,3.47,-0.90,-0.15,2.27
2020-06-08,16.68,16.26,16.84,16.18,64907,156259860.00,3.98,-1.87,-0.31,1.60
2020-06-09,16.84,17.80,18.09,16.84,214146,550697360.00,7.69,9.47,1.54,5.29
2020-06-10,17.44,16.89,17.80,16.88,169455,424877264.00,5.17,-5.11,-0.91,4.19
2020-06-11,17.64,17.39,18.25,17.27,205843,529346656.00,5.80,2.96,0.50,5.09
2020-06-12,17.10,16.61,17.11,16.45,162754,397581568.00,3.80,-4.49,-0.78,4.02
2020-06-15,16.29,15.68,16.32,15.68,124077,289727616.00,3.85,-5.60,-0.93,3.07
2020-06-16,15.90,16.11,16.15,15.83,76650,179725602.00,2.04,2.74,0.43,1.89
2020-06-17,16.03,15.99,16.22,15.65,68913,160305908.00,3.54,-0.74,-0.12,1.70
2020-06-18,15.96,16.32,16.38,15.82,82958,196874437.00,3.50,2.06,0.33,2.05
2020-06-19,16.50,16.45,16.71,16.31,76904,185386792.00,2.45,0.80,0.13,1.90
2020-06-22,16.49,17.13,17.14,16.49,102320,251580720.00,3.95,4.13,0.68,2.53
2020-06-23,17.10,16.88,17.11,16.62,72173,176982946.00,2.86,-1.46,-0.25,1.78
2020-06-24,16.88,17.06,17.15,16.75,70609,174465535.00,2.37,1.07,0.18,1.74
2020-06-29,16.80,16.40,16.83,16.37,62781,151707611.00,2.70,-3.87,-0.66,1.55
2020-06-30,16.55,17.02,17.32,16.54,96154,238380186.00,4.76,3.78,0.62,2.38
2020-07-01,17.68,17.02,17.92,16.68,136296,343139312.00,7.29,0.00,0.00,3.37
2020-07-02,16.99,17.24,17.31,16.84,90988,226390521.00,2.76,1.29,0.22,2.25
2020-07-03,17.43,17.75,17.92,17.28,124803,318804528.00,3.71,2.96,0.51,3.08
2020-07-06,18.09,18.82,19.12,17.65,153118,405394832.00,8.28,6.03,1.07,3.78
2020-07-07,19.12,19.17,19.72,18.72,161446,447034448.00,5.31,1.86,0.35,3.99
2020-07-08,19.03,19.24,19.46,18.88,120893,332243584.00,3.03,0.37,0.07,2.99
2020-07-09,19.22,19.34,19.61,19.04,142725,389001968.00,2.96,0.52,0.10,3.53
2020-07-10,19.33,18.95,19.33,18.59,120341,323337648.00,3.83,-2.02,-0.39,2.97
2020-07-13,19.29,19.88,19.95,19.12,130209,359940352.00,4.38,4.91,0.93,3.22
2020-07-14,19.77,19.43,20.09,18.97,114043,314130576.00,5.63,-2.26,-0.45,2.82
2020-07-15,19.55,18.35,19.70,18.18,128700,341031552.00,7.82,-5.56,-1.08,3.18
2020-07-16,18.45,17.03,18.65,17.02,97082,245799256.00,8.88,-7.19,-1.32,2.40
2020-07-17,17.05,16.89,17.30,16.72,66929,162122140.00,3.41,-0.82,-0.14,1.65
2020-07-20,17.15,17.33,17.35,16.65,70057,170614928.00,4.14,2.61,0.44,1.73
2020-07-21,17.43,17.37,17.52,16.98,57507,141883260.00,3.12,0.23,0.04,1.42
2020-07-22,17.34,17.18,17.56,17.03,57118,140909039.00,3.05,-1.09,-0.19,1.41
2020-07-23,17.17,16.98,17.17,16.36,66095,158357104.00,4.71,-1.16,-0.20,1.63
2020-07-24,16.79,15.66,17.16,15.48,78524,182800072.00,9.89,-7.77,-1.32,1.94
2020-07-27,15.77,15.78,15.94,15.28,44355,100065739.00,4.21,0.77,0.12,1.10
2020-07-28,15.82,16.06,16.12,15.80,35464,81444024.00,2.03,1.77,0.28,0.88
2020-07-29,15.95,16.47,16.55,15.95,39890,93179789.00,3.74,2.55,0.41,0.99
2020-07-30,16.53,16.31,16.65,16.15,45717,106970758.00,3.04,-0.97,-0.16,1.13
2020-07-31,16.49,16.52,16.86,16.40,47605,112956047.00,2.82,1.29,0.21,1.18
2020-08-03,16.63,16.92,16.98,16.56,44596,107092902.00,2.54,2.42,0.40,1.10
2020-08-04,16.80,16.62,16.99,16.55,44940,107299592.00,2.60,-1.77,-0.30,1.11
2020-08-05,17.34,16.85,17.34,16.80,54646,132408600.00,3.25,1.38,0.23,1.35
2020-08-06,16.85,16.58,16.85,16.35,53409,126474473.00,2.97,-1.60,-0.27,1.32
2020-08-07,16.53,16.38,16.56,15.85,48642,113103217.00,4.28,-1.21,-0.20,1.20
2020-08-10,16.32,16.43,16.57,16.15,28968,67824866.00,2.56,0.31,0.05,0.72
2020-08-11,16.26,16.08,16.48,16.03,34019,79580984.00,2.74,-2.13,-0.35,0.84
2020-08-12,16.01,15.90,16.09,15.44,36374,82078813.00,4.04,-1.12,-0.18,0.90
2020-08-13,16.08,16.05,16.62,16.03,36232,84507460.00,3.71,0.94,0.15,0.90
2020-08-14,15.98,16.52,16.60,15.81,41944,97615438.00,4.92,2.93,0.47,1.04
2020-08-17,16.47,16.83,16.87,16.26,47785,113939851.00,3.69,1.88,0.31,1.18
2020-08-18,16.92,16.73,17.02,16.65,30816,73766855.00,2.20,-0.59,-0.10,0.76
2020-08-19,16.64,16.21,16.65,16.16,32545,76523444.00,2.93,-3.11,-0.52,0.80
2020-08-20,16.14,16.25,16.46,15.88,31629,73244416.00,3.58,0.25,0.04,0.78
2020-08-21,16.25,16.87,16.90,16.25,49717,118087082.00,4.00,3.82,0.62,1.23
2020-08-24,16.88,17.28,17.38,16.36,63375,153407386.00,6.05,2.43,0.41,1.57
2020-08-25,17.03,16.75,17.11,16.68,60296,144979450.00,2.49,-3.07,-0.53,1.49
2020-08-26,16.75,16.02,16.93,15.93,48370,113003687.00,5.97,-4.36,-0.73,1.20
2020-08-27,16.05,16.25,16.33,15.76,37851,87169250.00,3.56,1.44,0.23,0.94
2020-08-28,16.18,16.27,16.42,15.99,23829,55269996.00,2.65,0.12,0.02,0.59
2020-08-31,16.34,16.15,16.45,16.14,30412,71004105.00,1.91,-0.74,-0.12,0.75
2020-09-01,16.19,16.42,16.45,15.99,31135,72635146.00,2.85,1.67,0.27,0.77
2020-09-02,16.40,16.62,16.74,16.34,35675,84544776.00,2.44,1.22,0.20,0.88
2020-09-03,16.56,16.45,16.62,16.38,23748,55957422.00,1.44,-1.02,-0.17,0.59
2020-09-04,16.15,16.62,16.72,16.04,23667,55931231.00,4.13,1.03,0.17,0.58
2020-09-07,16.76,16.58,16.78,16.42,32181,76571600.00,2.17,-0.24,-0.04,0.80
2020-09-08,16.71,16.49,16.71,16.09,27793,65178173.00,3.74,-0.54,-0.09,0.69
2020-09-09,16.25,16.14,16.53,15.73,33371,77317409.00,4.85,-2.12,-0.35,0.82
2020-09-10,16.25,16.12,16.46,16.03,26362,61305482.00,2.66,-0.12,-0.02,0.65
2020-09-11,15.97,16.08,16.25,15.97,15942,36823526.00,1.74,-0.25,-0.04,0.39
2020-09-14,16.18,16.15,16.22,15.98,14645,33848645.00,1.49,0.44,0.07,0.36
2020-09-15,16.12,16.35,16.40,15.94,19172,44658235.00,2.85,1.24,0.20,0.47
2020-09-16,16.31,16.72,16.83,16.18,36991,87997605.00,3.98,2.26,0.37,0.91
2020-09-17,16.72,16.85,17.11,16.49,40679,97930048.00,3.71,0.78,0.13,1.01
2020-09-18,16.96,16.89,17.22,16.65,31968,76866118.00,3.38,0.24,0.04,0.79
2020-09-21,16.92,17.03,17.15,16.74,28712,69618709.00,2.43,0.83,0.14,0.71
2020-09-22,16.92,16.67,16.96,16.57,22323,53578440.00,2.29,-2.11,-0.36,0.55
2020-09-23,16.87,16.85,16.95,16.65,18172,43643684.00,1.80,1.08,0.18,0.45
2020-09-24,16.68,16.88,17.22,16.66,34210,82823313.00,3.32,0.18,0.03,0.85
2020-09-25,16.92,16.62,17.03,16.22,30620,72478962.00,4.80,-1.54,-0.26,0.76
2020-09-28,16.30,16.42,16.59,16.11,21350,49942540.00,2.89,-1.20,-0.20,0.53
2020-09-29,16.32,17.42,17.84,16.28,73667,181289336.00,9.50,6.09,1.00,1.82
2020-09-30,17.58,17.26,17.70,17.11,32742,80756610.00,3.39,-0.92,-0.16,0.81
2020-10-09,17.65,17.96,18.00,17.42,62514,157919557.00,3.36,4.06,0.70,1.54
2020-10-12,18.12,18.10,18.21,17.80,50032,127716734.00,2.28,0.78,0.14,1.24
2020-10-13,17.95,17.80,17.95,17.72,34598,87393680.00,1.27,-1.66,-0.30,0.85
2020-10-14,17.72,17.94,18.08,17.35,44671,112574254.00,4.10,0.79,0.14,1.10
2020-10-15,17.91,17.45,17.93,17.43,23853,59885157.00,2.79,-2.73,-0.49,0.59
2020-10-16,17.43,17.09,17.55,16.97,28054,68598148.00,3.32,-2.06,-0.36,0.69
2020-10-19,17.21,16.88,17.32,16.73,25224,60992947.00,3.45,-1.23,-0.21,0.62
2020-10-20,16.77,17.01,17.03,16.61,19068,45853716.00,2.49,0.77,0.13,0.47
2020-10-21,17.02,16.55,17.04,16.47,23184,55107986.00,3.35,-2.70,-0.46,0.57
2020-10-22,16.48,16.79,16.86,16.21,20015,47548926.00,3.93,1.45,0.24,0.49
2020-10-23,16.88,16.49,16.93,16.42,14441,34398727.00,3.04,-1.79,-0.30,0.36
2020-10-26,16.69,16.52,16.69,16.31,18687,44082428.00,2.30,0.18,0.03,0.46
2020-10-27,16.42,16.76,16.83,16.23,19243,45536144.00,3.63,1.45,0.24,0.48
2020-10-28,16.78,16.94,16.94,16.48,17689,42376810.00,2.74,1.07,0.18,0.44
2020-10-29,16.65,16.78,16.92,16.55,14148,33868448.00,2.18,-0.94,-0.16,0.35
2020-10-30,16.77,16.94,17.06,16.50,31197,74998599.00,3.34,0.95,0.16,0.77
2020-11-02,16.52,17.32,17.49,16.24,40415,97978380.00,7.38,2.24,0.38,1.00
2020-11-03,17.48,17.88,18.31,17.48,60433,154165060.00,4.79,3.23,0.56,1.49
2020-11-04,18.02,17.79,18.08,17.65,28309,71708675.00,2.40,-0.50,-0.09,0.70
2020-11-05,17.88,17.92,18.07,17.59,41535,105615987.00,2.70,0.73,0.13,1.03
2020-11-06,18.34,19.88,19.88,18.34,151065,417854384.00,8.59,10.94,1.96,3.73
2020-11-09,20.80,21.38,21.88,20.28,290028,854227552.00,8.05,7.55,1.50,7.16
2020-11-10,20.96,20.85,21.26,20.11,146702,427321936.00,5.38,-2.48,-0.53,3.62
2020-11-11,20.65,20.99,22.26,20.61,151935,456877888.00,7.91,0.67,0.14,3.75
2020-11-12,21.12,21.78,21.95,20.87,110573,331656176.00,5.15,3.76,0.79,2.73
2020-11-13,21.65,23.11,24.08,21.65,178843,574262464.00,11.16,6.11,1.33,4.42
2020-11-16,23.14,23.18,23.88,22.88,115587,374190496.00,4.33,0.30,0.07,2.85
2020-11-17,22.95,22.46,23.18,21.82,149347,467745904.00,5.87,-3.11,-0.72,3.69
2020-11-18,22.03,22.76,23.12,22.03,64034,202786028.00,4.85,1.34,0.30,1.58
2020-11-19,22.51,23.64,23.88,22.03,85120,273019536.00,8.13,3.87,0.88,2.10
2020-11-20,23.46,23.34,23.78,22.29,75362,241927688.00,6.30,-1.27,-0.30,1.86
2020-11-23,23.72,23.43,23.95,22.73,51751,168406385.00,5.23,0.39,0.09,1.28
2020-11-24,23.92,23.08,24.74,22.84,85676,282769984.00,8.11,-1.49,-0.35,2.12
2020-11-25,23.38,22.90,24.03,22.69,57663,185791053.00,5.81,-0.78,-0.18,1.42
2020-11-26,23.35,22.33,23.35,22.26,67842,215484974.00,4.76,-2.49,-0.57,1.68
2020-11-27,22.59,21.89,22.62,21.52,65352,199625616.00,4.93,-1.97,-0.44,1.61
2020-11-30,21.89,22.02,22.78,21.51,53667,166297052.00,5.80,0.59,0.13,1.33
2020-12-01,22.17,22.58,22.75,21.80,34190,107031406.00,4.31,2.54,0.56,0.84
2020-12-02,22.59,22.42,23.18,22.33,42840,135220760.00,3.76,-0.71,-0.16,1.06
2020-12-03,22.12,21.86,22.41,21.49,51852,158425648.00,4.10,-2.50,-0.56,1.28
2020-12-04,21.98,22.28,22.54,21.58,29175,90311317.00,4.39,1.92,0.42,0.72
2020-12-07,21.42,22.51,22.90,20.68,68535,211532689.00,9.96,1.03,0.23,1.69
2020-12-08,22.31,23.46,23.66,22.00,54645,174973993.00,7.37,4.22,0.95,1.35
2020-12-09,23.03,23.32,23.82,22.90,47182,154259493.00,3.92,-0.60,-0.14,1.17
2020-12-10,23.13,22.77,23.48,22.72,32962,105949352.00,3.26,-2.36,-0.55,0.81
2020-12-11,23.18,22.02,23.18,21.42,38632,119406603.00,7.73,-3.29,-0.75,0.95
2020-12-14,21.85,23.07,23.22,21.81,32624,103220442.00,6.40,4.77,1.05,0.81
2020-12-15,23.07,23.11,23.31,22.30,38241,122087966.00,4.38,0.17,0.04,0.94
2020-12-16,22.95,22.78,23.18,22.50,27605,88084248.00,2.94,-1.43,-0.33,0.68
2020-12-17,22.78,22.35,22.78,21.67,44139,136826312.00,4.87,-1.89,-0.43,1.08
2020-12-18,22.57,21.54,22.62,21.53,25432,77665722.00,4.88,-3.62,-0.81,0.62
2020-12-21,21.82,21.67,21.82,21.07,37441,112588233.00,3.48,0.60,0.13,0.92
2020-12-22,21.66,20.99,21.88,20.89,23755,71180825.00,4.57,-3.14,-0.68,0.58
2020-12-23,20.92,21.05,21.47,20.47,32585,95742998.00,4.76,0.29,0.06,0.80
2020-12-24,20.65,20.48,21.03,20.32,24464,70778676.00,3.37,-2.71,-0.57,0.60
2020-12-25,20.33,19.45,20.53,19.28,39850,110883946.00,6.10,-5.03,-1.03,0.98
2020-12-28,19.30,18.99,19.58,18.78,29693,80388172.00,4.11,-2.37,-0.46,0.73
2020-12-29,18.98,18.46,19.26,18.23,56380,148397431.00,5.42,-2.79,-0.53,1.39
2020-12-30,18.29,18.30,18.67,17.99,48609,126191498.00,3.68,-0.87,-0.16,1.19
2020-12-31,18.25,18.46,18.84,18.19,26042,68552843.00,3.55,0.87,0.16,0.64