2002-01-04,1.32,1.31,1.33,1.30,1483,1482058.00,2.27,-0.76,-0.01,0.10
2002-01-07,1.29,1.25,1.29,1.24,2822,2770386.00,3.82,-4.58,-0.06,0.20
2002-01-08,1.27,1.20,1.28,1.19,2605,2526783.00,7.20,-4.00,-0.05,0.18
2002-01-09,1.20,1.13,1.20,1.12,5487,5120647.00,6.67,-5.83,-0.07,0.39
2002-01-10,1.14,1.17,1.21,1.12,3413,3192099.00,7.96,3.54,0.04,0.24
2002-01-11,1.19,1.11,1.19,1.11,1981,1849707.00,6.84,-5.13,-0.06,0.14
2002-01-14,1.08,0.95,1.08,0.93,9726,8491049.00,13.51,-14.41,-0.16,0.68
2002-01-15,0.94,0.97,1.05,0.94,5164,4513728.00,11.58,2.11,0.02,0.36
2002-01-16,1.02,0.98,1.02,0.93,7699,6624013.00,9.28,1.03,0.01,0.54
2002-01-17,0.98,0.89,0.99,0.88,3459,2932634.00,11.22,-9.18,-0.09,0.24
2002-01-18,0.88,0.91,0.96,0.85,4890,4118267.00,12.36,2.25,0.02,0.34
2002-01-21,0.88,0.86,0.93,0.85,3342,2764953.00,8.79,-5.49,-0.05,0.23
2002-01-22,0.86,0.88,0.93,0.86,3582,2981668.00,8.14,2.33,0.02,0.25
2002-01-23,0.93,1.03,1.05,0.87,5701,4904581.00,20.45,17.05,0.15,0.40
2002-01-24,1.01,1.02,1.07,0.95,8566,7604305.00,11.65,-0.97,-0.01,0.60
2002-01-25,1.02,1.00,1.05,0.97,3856,3385828.00,7.84,-1.96,-0.02,0.27
2002-01-28,1.02,0.84,1.03,0.81,7470,6260378.00,22.00,-16.00,-0.16,0.52
2002-01-29,0.81,0.90,0.91,0.81,3412,2821482.00,11.90,7.14,0.06,0.24
2002-01-30,0.90,0.90,0.92,0.88,1958,1638475.00,4.44,0.00,0.00,0.14
2002-01-31,0.93,1.07,1.11,0.93,12641,11315899.00,20.00,18.89,0.17,0.89
2002-02-01,1.07,1.15,1.21,1.06,18968,17797629.00,14.02,7.48,0.08,1.33
2002-02-04,1.18,1.29,1.30,1.18,37454,36298860.00,10.43,12.17,0.14,2.63
2002-02-05,1.29,1.25,1.30,1.24,28049,27432490.00,4.65,-3.10,-0.04,1.97
2002-02-06,1.25,1.19,1.26,1.18,18726,18019184.00,6.40,-4.80,-0.06,1.32
2002-02-07,1.18,1.23,1.25,1.18,11028,10653240.00,5.88,3.36,0.04,0.77
2002-02-08,1.24,1.23,1.28,1.23,20206,19691462.00,4.07,0.00,0.00,1.42
2002-02-25,1.29,1.31,1.33,1.26,29556,29408081.00,5.69,6.50,0.08,2.08
2002-02-26,1.31,1.29,1.31,1.24,10739,10550323.00,5.34,-1.53,-0.02,0.75
2002-02-27,1.31,1.29,1.31,1.27,11313,11190878.00,3.10,0.00,0.00,0.79
2002-02-28,1.29,1.29,1.30,1.27,7436,7361208.00,2.33,0.00,0.00,0.52
2002-03-01,1.28,1.26,1.28,1.23,5658,5521858.00,3.88,-2.33,-0.03,0.40
2002-03-04,1.26,1.30,1.30,1.24,4351,4266963.00,4.76,3.17,0.04,0.31
2002-03-05,1.30,1.37,1.39,1.29,19420,19716810.00,7.69,5.38,0.07,1.36
2002-03-06,1.38,1.39,1.46,1.37,21516,22348088.00,6.57,1.46,0.02,1.51
2002-03-07,1.40,1.50,1.53,1.40,18043,19239005.00,9.35,7.91,0.11,1.27
2002-03-08,1.52,1.50,1.53,1.44,19035,20303180.00,6.00,0.00,0.00,1.34
2002-03-11,1.49,1.55,1.55,1.46,16667,17936412.00,6.00,3.33,0.05,1.17
2002-03-12,1.55,1.61,1.68,1.52,39936,44434179.00,10.32,3.87,0.06,2.81
2002-03-13,1.59,1.53,1.62,1.53,20513,22555726.00,5.59,-4.97,-0.08,1.44
2002-03-14,1.53,1.59,1.59,1.48,17406,18863526.00,7.19,3.92,0.06,1.22
2002-03-15,1.59,1.49,1.61,1.49,15555,17031328.00,7.55,-6.29,-0.10,1.09
2002-03-18,1.53,1.45,1.54,1.41,11441,11997756.00,8.72,-2.68,-0.04,0.80
2002-03-19,1.45,1.51,1.51,1.44,8881,9482936.00,4.83,4.14,0.06,0.62
2002-03-20,1.51,1.53,1.56,1.49,11669,12683064.00,4.64,1.32,0.02,0.82
2002-03-21,1.54,1.53,1.56,1.51,7830,8514684.00,3.27,0.00,0.00,0.55
2002-03-22,1.54,1.50,1.55,1.48,5334,5723501.00,4.58,-1.96,-0.03,0.37
2002-03-25,1.51,1.49,1.51,1.48,3262,3489721.00,2.00,-0.67,-0.01,0.23
2002-03-26,1.48,1.50,1.54,1.47,6675,7154857.00,4.70,0.67,0.01,0.47
2002-03-27,1.48,1.49,1.54,1.45,5770,6164503.00,6.00,-0.67,-0.01,0.41
2002-03-28,1.49,1.44,1.51,1.44,9533,10059290.00,4.70,-3.36,-0.05,0.67
2002-03-29,1.45,1.31,1.45,1.29,14007,14172686.00,11.11,-9.03,-0.13,0.98
2002-04-01,1.31,1.32,1.37,1.30,7492,7534407.00,5.34,0.76,0.01,0.53
2002-04-02,1.31,1.24,1.32,1.23,9729,9542574.00,6.82,-6.06,-0.08,0.68
2002-04-03,1.26,1.28,1.29,1.26,2967,2919847.00,2.42,3.23,0.04,0.21
2002-04-04,1.29,1.37,1.38,1.23,10434,10411034.00,11.72,7.03,0.09,0.73
2002-04-05,1.39,1.35,1.43,1.34,14395,14832971.00,6.57,-1.46,-0.02,1.01
2002-04-08,1.35,1.43,1.43,1.35,9657,9959299.00,5.93,5.93,0.08,0.68
2002-04-09,1.45,1.69,1.69,1.45,126717,141819402.00,16.78,18.18,0.26,8.90
2002-04-10,1.67,1.66,1.69,1.61,67241,76113352.00,4.73,-1.78,-0.03,4.72
2002-04-11,1.62,1.54,1.66,1.54,34741,38485304.00,7.23,-7.23,-0.12,2.44
2002-04-12,1.54,1.55,1.60,1.52,15610,17113453.00,5.19,0.65,0.01,1.10
2002-04-15,1.57,1.59,1.60,1.53,11733,12912768.00,4.52,2.58,0.04,0.82
2002-04-16,1.59,1.55,1.60,1.51,10631,11591703.00,5.66,-2.52,-0.04,0.75
2002-04-17,1.54,1.55,1.57,1.51,5925,6445144.00,3.87,0.00,0.00,0.42
2002-04-18,1.55,1.51,1.57,1.51,7091,7683117.00,3.87,-2.58,-0.04,0.50
2002-04-19,1.50,1.49,1.51,1.42,16825,17772447.00,5.96,-1.32,-0.02,1.18
2002-04-22,1.48,1.48,1.49,1.44,3638,3858044.00,3.36,-0.67,-0.01,0.26
2002-04-23,1.47,1.47,1.50,1.45,2771,2947387.00,3.38,-0.68,-0.01,0.19
2002-04-24,1.47,1.43,1.49,1.43,5392,5679388.00,4.08,-2.72,-0.04,0.38
2002-04-25,1.44,1.43,1.45,1.41,4669,4886685.00,2.80,0.00,0.00,0.33
2002-04-26,1.44,1.51,1.55,1.44,9354,10091051.00,7.69,5.59,0.08,0.66
2002-04-29,1.54,1.59,1.59,1.52,13126,14462345.00,4.64,5.30,0.08,0.92
2002-04-30,1.59,1.58,1.61,1.56,11787,13034799.00,3.14,-0.63,-0.01,0.83
2002-05-08,1.57,1.53,1.60,1.53,3981,4361945.00,4.43,-3.16,-0.05,0.28
2002-05-09,1.52,1.50,1.53,1.49,6495,6989129.00,2.61,-1.96,-0.03,0.46
2002-05-13,1.49,1.45,1.49,1.44,5446,5747558.00,3.33,-3.33,-0.05,0.38
2002-05-14,1.44,1.43,1.49,1.43,4097,4308770.00,4.14,-1.38,-0.02,0.29
2002-05-15,1.43,1.44,1.56,1.42,5579,5898246.00,9.79,0.70,0.01,0.39
2002-05-16,1.44,1.35,1.44,1.34,8449,8729441.00,6.94,-6.25,-0.09,0.59
2002-05-17,1.36,1.38,1.40,1.35,9076,9307009.00,3.70,2.22,0.03,0.64
2002-05-20,1.38,1.34,1.38,1.31,3549,3579448.00,5.07,-2.90,-0.04,0.25
2002-05-21,1.42,1.43,1.44,1.37,9818,10198823.00,5.22,6.72,0.09,0.69
2002-05-22,1.44,1.34,1.45,1.34,6056,6192204.00,7.69,-6.29,-0.09,0.43
2002-05-23,1.39,1.36,1.41,1.34,4146,4235153.00,5.22,1.49,0.02,0.29
2002-05-24,1.41,1.39,1.48,1.37,11852,12372298.00,8.09,2.21,0.03,0.83
2002-05-27,1.40,1.40,1.44,1.35,2882,2966279.00,6.47,0.72,0.01,0.20
2002-05-28,1.41,1.41,1.43,1.39,2191,2275727.00,2.86,0.71,0.01,0.15
2002-05-29,1.40,1.34,1.41,1.33,4234,4282712.00,5.67,-4.96,-0.07,0.30
2002-05-30,1.33,1.34,1.38,1.29,4117,4125413.00,6.72,0.00,0.00,0.29
2002-05-31,1.37,1.33,1.37,1.32,2391,2404064.00,3.73,-0.75,-0.01,0.17
2002-06-03,1.31,1.27,1.31,1.26,5977,5866324.00,3.76,-4.51,-0.06,0.42
2002-06-04,1.26,1.26,1.30,1.23,5319,5231544.00,5.51,-0.79,-0.01,0.37
2002-06-05,1.24,1.24,1.26,1.21,5748,5570439.00,3.97,-1.59,-0.02,0.40
2002-06-06,1.22,1.35,1.39,1.22,10394,10366297.00,13.71,8.87,0.11,0.73
2002-06-07,1.37,1.37,1.39,1.34,8507,8666954.00,3.70,1.48,0.02,0.60
2002-06-10,1.36,1.37,1.38,1.34,6254,6376484.00,2.92,0.00,0.00,0.44
2002-06-11,1.38,1.38,1.39,1.36,4674,4782043.00,2.19,0.73,0.01,0.33
2002-06-12,1.38,1.35,1.39,1.34,4187,4259020.00,3.62,-2.17,-0.03,0.29
2002-06-13,1.35,1.35,1.38,1.34,4352,4434952.00,2.96,0.00,0.00,0.31
2002-06-14,1.31,1.31,1.35,1.31,4907,4929836.00,2.96,-2.96,-0.04,0.34
2002-06-17,1.29,1.31,1.33,1.27,3969,3947878.00,4.58,0.00,0.00,0.28
2002-06-18,1.33,1.37,1.38,1.32,5079,5184688.00,4.58,4.58,0.06,0.36
2002-06-19,1.37,1.39,1.39,1.34,4465,4558625.00,3.65,1.46,0.02,0.31
2002-06-20,1.39,1.42,1.43,1.37,9009,9344644.00,4.32,2.16,0.03,0.63
2002-06-21,1.42,1.53,1.54,1.42,28481,30672398.00,8.45,7.75,0.11,2.00
2002-06-24,1.80,1.80,1.80,1.68,90000,106134419.00,7.84,17.65,0.27,6.32
2002-06-25,1.83,1.87,1.96,1.77,82687,100841887.00,10.56,3.89,0.07,5.81
2002-06-26,1.89,1.91,1.93,1.86,50903,61230957.00,3.74,2.14,0.04,3.58
2002-06-27,1.90,1.94,1.95,1.88,26876,32588000.00,3.66,1.57,0.03,1.89
2002-06-28,1.93,1.87,1.99,1.83,29364,35264814.00,8.25,-3.61,-0.07,2.06
2002-07-01,1.87,1.80,1.88,1.80,12799,15019603.00,4.28,-3.74,-0.07,0.90
2002-07-02,1.78,1.84,1.85,1.78,9070,10637701.00,3.89,2.22,0.04,0.64
2002-07-03,1.84,1.85,1.87,1.82,8529,10106557.00,2.72,0.54,0.01,0.60
2002-07-04,1.86,1.82,1.89,1.81,7342,8669747.00,4.32,-1.62,-0.03,0.52
2002-07-05,1.82,1.85,1.87,1.81,6577,7763861.00,3.30,1.65,0.03,0.46
2002-07-08,1.88,1.92,1.93,1.87,24771,29967562.00,3.24,3.78,0.07,1.74
2002-07-09,1.92,1.92,1.95,1.88,11265,13644059.00,3.65,0.00,0.00,0.79
2002-07-10,1.91,1.86,1.92,1.84,14722,17633130.00,4.17,-3.13,-0.06,1.03
2002-07-11,1.86,1.85,1.90,1.83,7725,9201515.00,3.76,-0.54,-0.01,0.54
2002-07-12,1.88,1.93,1.99,1.87,48996,59709233.00,6.49,4.32,0.08,3.44
2002-07-15,1.93,1.95,1.98,1.91,23523,28820944.00,3.63,1.04,0.02,1.65
2002-07-16,1.94,1.88,1.96,1.87,22597,27329420.00,4.62,-3.59,-0.07,1.59
2002-07-17,1.86,1.93,1.93,1.84,13808,16549997.00,4.79,2.66,0.05,0.97
2002-07-18,1.94,1.97,2.00,1.91,30718,37832801.00,4.66,2.07,0.04,2.16
2002-07-19,1.98,1.99,2.02,1.97,22806,28322215.00,2.54,1.02,0.02,1.60
2002-07-22,1.99,1.95,2.01,1.92,17301,21258738.00,4.52,-2.01,-0.04,1.22
2002-07-23,1.92,1.94,1.95,1.91,7776,9483172.00,2.05,-0.51,-0.01,0.55
2002-07-24,1.94,1.95,1.98,1.93,9175,11257357.00,2.58,0.52,0.01,0.64
2002-07-25,1.95,1.86,1.96,1.85,22370,27005266.00,5.64,-4.62,-0.09,1.57
2002-07-26,1.86,1.82,1.93,1.81,11781,13960310.00,6.45,-2.15,-0.04,0.83
2002-07-29,1.82,1.83,1.85,1.80,5224,6133239.00,2.75,0.55,0.01,0.37
2002-07-30,1.86,1.85,1.86,1.82,3355,3961767.00,2.19,1.09,0.02,0.24
2002-07-31,1.85,1.84,1.90,1.84,6735,8023208.00,3.24,-0.54,-0.01,0.47
2002-08-01,1.82,1.84,1.86,1.82,2458,2899461.00,2.17,0.00,0.00,0.17
2002-08-02,1.84,1.85,1.85,1.84,1777,2101484.00,0.54,0.54,0.01,0.12
2002-08-05,1.85,1.79,1.85,1.79,4355,5099000.00,3.24,-3.24,-0.06,0.31
2002-08-06,1.79,1.82,1.84,1.76,4622,5397014.00,4.47,1.68,0.03,0.32
2002-08-07,1.82,1.81,1.82,1.78,3839,4464921.00,2.20,-0.55,-0.01,0.27
2002-08-08,1.80,1.79,1.82,1.78,2927,3404442.00,2.21,-1.10,-0.02,0.21
2002-08-09,1.79,1.73,1.79,1.73,5677,6506387.00,3.35,-3.35,-0.06,0.40
2002-08-12,1.71,1.73,1.75,1.70,3482,3954303.00,2.89,0.00,0.00,0.24
2002-08-13,1.73,1.74,1.76,1.72,1803,2058920.00,2.31,0.58,0.01,0.13
2002-08-14,1.74,1.75,1.75,1.73,1290,1473498.00,1.15,0.57,0.01,0.09
2002-08-15,1.75,1.73,1.75,1.73,1840,2097450.00,1.14,-1.14,-0.02,0.13
2002-08-16,1.73,1.77,1.80,1.71,1796,2054284.00,5.20,2.31,0.04,0.13
2002-08-19,1.77,1.80,1.81,1.74,6375,7407744.00,3.95,1.69,0.03,0.45
2002-08-20,1.79,1.84,1.85,1.78,6182,7285393.00,3.89,2.22,0.04,0.43
2002-08-21,1.85,1.84,1.86,1.82,3551,4198658.00,2.17,0.00,0.00,0.25
2002-08-22,1.84,1.84,1.88,1.82,6048,7170826.00,3.26,0.00,0.00,0.42
2002-08-23,1.84,1.87,1.88,1.84,11635,13874644.00,2.17,1.63,0.03,0.82
2002-08-26,1.84,1.86,1.91,1.84,3517,4197397.00,3.74,-0.53,-0.01,0.25
2002-08-27,1.86,1.87,1.87,1.82,2704,3200386.00,2.69,0.54,0.01,0.19
2002-08-28,1.87,1.85,1.87,1.82,4391,5179000.00,2.67,-1.07,-0.02,0.31
2002-08-29,1.83,1.81,1.84,1.81,1690,1982194.00,1.62,-2.16,-0.04,0.12
2002-08-30,1.81,1.80,1.82,1.80,961,1122212.00,1.10,-0.55,-0.01,0.07
2002-09-02,1.80,1.81,1.82,1.80,1267,1478512.00,1.11,0.56,0.01,0.09
2002-09-03,1.82,1.80,1.84,1.80,2000,2344458.00,2.21,-0.55,-0.01,0.14
2002-09-04,1.81,1.80,1.83,1.79,1285,1499947.00,2.22,0.00,0.00,0.09
2002-09-05,1.79,1.74,1.80,1.73,4812,5528455.00,3.89,-3.33,-0.06,0.34
2002-09-06,1.74,1.75,1.77,1.73,3848,4395243.00,2.30,0.57,0.01,0.27
2002-09-09,1.72,1.74,1.75,1.71,2670,3041488.00,2.29,-0.57,-0.01,0.19
2002-09-10,1.73,1.72,1.73,1.70,2211,2506004.00,1.72,-1.15,-0.02,0.16
2002-09-11,1.72,1.68,1.72,1.66,3809,4277404.00,3.49,-2.33,-0.04,0.27
2002-09-12,1.70,1.69,1.70,1.67,1204,1350784.00,1.79,0.60,0.01,0.08
2002-09-13,1.69,1.69,1.69,1.68,692,776268.00,0.59,0.00,0.00,0.05
2002-09-16,1.68,1.70,1.71,1.67,2871,3214916.00,2.37,0.59,0.01,0.20
2002-09-17,1.70,1.71,1.73,1.68,3369,3793657.00,2.94,0.59,0.01,0.24
2002-09-18,1.71,1.71,1.72,1.70,1028,1161744.00,1.17,0.00,0.00,0.07
2002-09-19,1.69,1.73,1.76,1.68,2311,2620458.00,4.68,1.17,0.02,0.16
2002-09-20,1.73,1.70,1.73,1.70,796,899334.00,1.73,-1.73,-0.03,0.06
2002-09-23,1.69,1.68,1.70,1.68,1127,1264554.00,1.18,-1.18,-0.02,0.08
2002-09-24,1.69,1.68,1.69,1.66,2153,2402323.00,1.79,0.00,0.00,0.15
2002-09-25,1.67,1.69,1.70,1.66,2208,2478544.00,2.38,0.60,0.01,0.16
2002-09-26,1.69,1.67,1.69,1.66,3059,3406702.00,1.78,-1.18,-0.02,0.21
2002-09-27,1.67,1.67,1.68,1.66,2390,2662654.00,1.20,0.00,0.00,0.17
2002-10-08,1.61,1.63,1.65,1.61,1310,1440648.00,2.40,-2.40,-0.04,0.09
2002-10-09,1.62,1.57,1.62,1.56,3121,3367026.00,3.68,-3.68,-0.06,0.22
2002-10-10,1.56,1.57,1.59,1.56,1408,1515488.00,1.91,0.00,0.00,0.10
2002-10-11,1.58,1.59,1.62,1.57,2201,2380778.00,3.18,1.27,0.02,0.15
2002-10-14,1.58,1.59,1.63,1.53,4066,4377756.00,6.29,0.00,0.00,0.29
2002-10-15,1.59,1.59,1.59,1.57,744,803696.00,1.26,0.00,0.00,0.05
2002-10-16,1.63,1.58,1.63,1.56,1137,1235367.00,4.40,-0.63,-0.01,0.08
2002-10-17,1.57,1.53,1.57,1.53,2220,2370759.00,2.53,-3.16,-0.05,0.16
2002-10-18,1.50,1.55,1.56,1.46,4754,4998340.00,6.54,1.31,0.02,0.33
2002-10-21,1.54,1.55,1.55,1.51,780,826839.00,2.58,0.00,0.00,0.05
2002-10-22,1.54,1.60,1.62,1.54,3116,3362277.00,5.16,3.23,0.05,0.22
2002-10-23,1.61,1.60,1.65,1.56,1046,1133228.00,5.63,0.00,0.00,0.07
2002-10-24,1.63,1.59,1.63,1.57,2666,2904458.00,3.75,-0.63,-0.01,0.19
2002-10-25,1.59,1.52,1.59,1.52,1051,1126560.00,4.40,-4.40,-0.07,0.07
2002-10-28,1.52,1.52,1.55,1.51,961,1014131.00,2.63,0.00,0.00,0.07
2002-10-29,1.52,1.52,1.55,1.50,2068,2175705.00,3.29,0.00,0.00,0.15
2002-10-30,1.51,1.53,1.53,1.51,873,922773.00,1.32,0.66,0.01,0.06
2002-10-31,1.53,1.52,1.55,1.51,1047,1108945.00,2.61,-0.65,-0.01,0.07
2002-11-01,1.52,1.49,1.53,1.48,844,884293.00,3.29,-1.97,-0.03,0.06
2002-11-04,1.51,1.55,1.63,1.51,1121,1192810.00,8.05,4.03,0.06,0.08
2002-11-05,1.54,1.58,1.62,1.38,3543,3828501.00,15.48,1.94,0.03,0.25
2002-11-06,1.62,1.64,1.76,1.61,20586,23116107.00,9.49,3.80,0.06,1.45
2002-11-07,1.66,1.61,1.66,1.60,4948,5413890.00,3.66,-1.83,-0.03,0.35
2002-11-08,1.63,1.56,1.68,1.55,5829,6326065.00,8.07,-3.11,-0.05,0.41
2002-11-11,1.54,1.52,1.58,1.50,1740,1842823.00,5.13,-2.56,-0.04,0.12
2002-11-12,1.51,1.47,1.54,1.46,3430,3574864.00,5.26,-3.29,-0.05,0.24
2002-11-13,1.49,1.48,1.49,1.44,2602,2682156.00,3.40,0.68,0.01,0.18
2002-11-14,1.48,1.44,1.48,1.42,3104,3188951.00,4.05,-2.70,-0.04,0.22
2002-11-15,1.44,1.43,1.47,1.41,3185,3259177.00,4.17,-0.69,-0.01,0.22
2002-11-18,1.42,1.37,1.44,1.37,2942,2951090.00,4.90,-4.20,-0.06,0.21
2002-11-19,1.37,1.40,1.42,1.35,1376,1376267.00,5.11,2.19,0.03,0.10
2002-11-20,1.39,1.31,1.39,1.31,3721,3630072.00,5.71,-6.43,-0.09,0.26
2002-11-21,1.30,1.26,1.30,1.26,4491,4311576.00,3.05,-3.82,-0.05,0.32
2002-11-22,1.31,1.27,1.31,1.23,2952,2828045.00,6.35,0.79,0.01,0.21
2002-11-25,1.27,1.26,1.28,1.23,1167,1111563.00,3.94,-0.79,-0.01,0.08
2002-11-26,1.28,1.23,1.29,1.23,2556,2434599.00,4.76,-2.38,-0.03,0.18
2002-11-27,1.22,1.24,1.27,1.19,2421,2263728.00,6.50,0.81,0.01,0.17
2002-11-28,1.23,1.30,1.30,1.22,1692,1619397.00,6.45,4.84,0.06,0.12
2002-11-29,1.32,1.33,1.40,1.30,8838,8735739.00,7.69,2.31,0.03,0.62
2002-12-02,1.33,1.28,1.33,1.27,3075,2966035.00,4.51,-3.76,-0.05,0.22
2002-12-03,1.27,1.32,1.33,1.27,2050,1990932.00,4.69,3.13,0.04,0.14
2002-12-04,1.35,1.34,1.39,1.31,10192,10099170.00,6.06,1.52,0.02,0.72
2002-12-05,1.32,1.29,1.36,1.28,3539,3440547.00,5.97,-3.73,-0.05,0.25
2002-12-06,1.30,1.32,1.35,1.28,2303,2238226.00,5.43,2.33,0.03,0.16
2002-12-09,1.32,1.31,1.34,1.30,1041,1012587.00,3.03,-0.76,-0.01,0.07
2002-12-10,1.32,1.26,1.32,1.26,1555,1496504.00,4.58,-3.82,-0.05,0.11
2002-12-11,1.26,1.25,1.27,1.23,1731,1640803.00,3.17,-0.79,-0.01,0.12
2002-12-12,1.26,1.26,1.28,1.25,714,682363.00,2.40,0.80,0.01,0.05
2002-12-13,1.23,1.27,1.28,1.23,1166,1105728.00,3.97,0.79,0.01,0.08
2002-12-16,1.29,1.29,1.31,1.27,1805,1741956.00,3.15,1.57,0.02,0.13
2002-12-17,1.30,1.32,1.32,1.27,3766,3629681.00,3.88,2.33,0.03,0.26
2002-12-18,1.32,1.30,1.33,1.30,1524,1482962.00,2.27,-1.52,-0.02,0.11
2002-12-19,1.30,1.29,1.30,1.27,2316,2231922.00,2.31,-0.77,-0.01,0.16
2002-12-20,1.30,1.31,1.32,1.27,2074,2011155.00,3.88,1.55,0.02,0.15
2002-12-23,1.33,1.31,1.34,1.29,4354,4235312.00,3.82,0.00,0.00,0.31
2002-12-24,1.31,1.32,1.32,1.29,1696,1649748.00,2.29,0.76,0.01,0.12
2002-12-25,1.32,1.28,1.32,1.28,868,839969.00,3.03,-3.03,-0.04,0.06
2002-12-26,1.27,1.20,1.27,1.20,2889,2722683.00,5.47,-6.25,-0.08,0.20
2002-12-27,1.21,1.18,1.21,1.17,3348,3086766.00,3.33,-1.67,-0.02,0.24
2002-12-30,1.19,1.11,1.19,1.10,3578,3219723.00,7.63,-5.93,-0.07,0.25
2002-12-31,1.11,1.19,1.22,1.09,9896,9006815.00,11.71,7.21,0.08,0.70