2026-01-05,6.08,6.34,6.44,6.08,379212,239595152.99,5.92,4.28,0.26,14.73
2026-01-06,6.37,6.27,6.38,6.26,229727,145000878.50,1.89,-1.10,-0.07,8.93
2026-01-07,6.35,6.26,6.48,6.23,208570,131791537.00,3.99,-0.16,-0.01,8.10
2026-01-08,6.26,6.33,6.34,6.14,194523,121941617.90,3.19,1.12,0.07,7.56
2026-01-09,6.33,6.38,6.40,6.26,180133,114026799.50,2.21,0.79,0.05,7.00
2026-01-12,6.41,6.53,6.57,6.37,253502,163983288.50,3.13,2.35,0.15,9.85
2026-01-13,6.55,6.57,6.84,6.46,338680,224913868.58,5.82,0.61,0.04,13.16
2026-01-14,6.57,6.45,6.61,6.37,271433,176379785.00,3.65,-1.83,-0.12,10.55
2026-01-15,6.44,6.41,6.48,6.31,188304,120398348.80,2.64,-0.62,-0.04,7.32
2026-01-16,6.43,6.32,6.45,6.28,132640,84040467.00,2.65,-1.40,-0.09,5.15
2026-01-19,6.30,6.58,6.59,6.28,200600,130099930.00,4.91,4.11,0.26,7.79
2026-01-20,6.59,6.72,6.75,6.50,243861,162003654.66,3.80,2.13,0.14,9.48
2026-01-21,6.66,6.73,6.73,6.56,190439,127111317.00,2.53,0.15,0.01,7.40
2026-01-22,6.74,6.81,6.85,6.64,168981,114336106.50,3.12,1.19,0.08,6.57
2026-01-23,6.83,6.79,6.85,6.72,143968,97327660.00,1.91,-0.29,-0.02,5.59
2026-01-26,6.74,6.82,6.93,6.61,195874,132940363.48,4.71,0.44,0.03,7.61
2026-01-27,6.80,6.75,6.81,6.50,160805,107177053.40,4.55,-1.03,-0.07,6.25
2026-01-28,6.73,6.65,6.83,6.62,124015,82976395.75,3.11,-1.48,-0.10,4.82
2026-01-29,6.65,6.67,6.88,6.53,188034,126636973.00,5.26,0.30,0.02,7.31
2026-01-30,6.61,6.78,6.78,6.55,179553,120211099.00,3.45,1.65,0.11,6.98
2026-02-02,6.92,6.97,7.29,6.92,362605,257873808.10,5.46,2.80,0.19,14.09
2026-02-03,7.18,7.12,7.28,7.05,284670,203651009.72,3.30,2.15,0.15,11.06
2026-02-04,7.25,7.24,7.48,7.15,250611,182922219.81,4.63,1.69,0.12,9.74
2026-02-05,7.22,7.28,7.44,7.19,197380,144722578.86,3.45,0.55,0.04,7.67
2026-02-06,7.26,7.28,7.50,7.16,204408,150722335.00,4.67,0.00,0.00,7.94
2026-02-09,7.42,7.33,7.46,7.25,153403,112455987.00,2.88,0.69,0.05,5.96
2026-02-10,7.32,7.22,7.38,7.19,126388,92181209.30,2.59,-1.50,-0.11,4.91
2026-02-11,7.23,7.24,7.31,7.20,108586,78801198.14,1.52,0.28,0.02,4.22
2026-02-12,7.23,7.06,7.26,7.02,110098,78474285.00,3.31,-2.49,-0.18,4.28
2026-02-13,7.06,7.04,7.13,7.01,79803,56455896.62,1.70,-0.28,-0.02,3.10
2026-02-24,7.10,7.25,7.27,7.04,106738,77040929.00,3.27,2.98,0.21,4.15
2026-02-25,7.25,7.27,7.35,7.20,88757,64489465.36,2.07,0.28,0.02,3.45
2026-02-26,7.27,7.15,7.31,7.11,77269,55609010.00,2.75,-1.65,-0.12,3.00
2026-02-27,7.16,7.17,7.19,7.06,78477,55974215.14,1.82,0.28,0.02,3.05
2026-03-02,7.07,6.97,7.15,6.79,142685,99506403.09,5.02,-2.79,-0.20,5.54
2026-03-03,6.97,6.70,7.02,6.69,136210,93323444.20,4.73,-3.87,-0.27,5.29
2026-03-04,6.60,6.66,6.74,6.52,110817,73750805.66,3.28,-0.60,-0.04,4.31
2026-03-05,6.80,6.79,6.95,6.75,93002,63498272.98,3.00,1.95,0.13,3.61
2026-03-06,6.76,7.08,7.09,6.73,95667,66645955.83,5.30,4.27,0.29,3.72
2026-03-09,6.99,7.01,7.07,6.82,109061,76054268.71,3.53,-0.99,-0.07,4.24
2026-03-10,7.05,7.21,7.25,7.01,85054,60886732.81,3.42,2.85,0.20,3.30
2026-03-11,7.23,7.20,7.30,7.14,84251,60903853.00,2.22,-0.14,-0.01,3.27
2026-03-12,7.19,7.05,7.33,7.01,83738,59680120.00,4.44,-2.08,-0.15,3.25
2026-03-13,7.02,7.06,7.20,7.00,76707,54549869.10,2.84,0.14,0.01,2.98
2026-03-16,7.07,7.09,7.18,7.00,76855,54393751.03,2.55,0.42,0.03,2.99
2026-03-17,7.13,6.99,7.36,6.98,114519,82072197.00,5.36,-1.41,-0.10,4.45
2026-03-18,7.02,7.06,7.10,6.96,87365,61433023.05,2.00,1.00,0.07,3.39
2026-03-19,7.01,6.74,7.08,6.69,104881,71852616.00,5.52,-4.53,-0.32,4.08
2026-03-20,6.74,6.30,6.85,6.30,218424,141214110.00,8.16,-6.53,-0.44,8.49
2026-03-23,6.23,5.94,6.36,5.87,208200,127267545.50,7.78,-5.71,-0.36,8.09
2026-03-24,6.10,6.45,6.45,6.03,178441,111323943.00,7.07,8.59,0.51,6.93
2026-03-25,6.49,6.68,6.70,6.45,142500,94335614.56,3.88,3.57,0.23,5.54
2026-03-26,6.68,6.60,6.84,6.54,107828,71774274.00,4.49,-1.20,-0.08,4.19
2026-03-27,6.52,6.69,6.72,6.47,82736,54919456.00,3.79,1.36,0.09,3.21
2026-03-30,6.66,6.83,6.87,6.60,115045,77684330.00,4.04,2.09,0.14,4.47
2026-03-31,6.87,6.64,6.95,6.63,108502,73708315.00,4.69,-2.78,-0.19,4.22
2026-04-01,6.84,6.52,6.87,6.46,134466,88833444.55,6.17,-1.81,-0.12,5.22
2026-04-02,6.53,6.28,6.58,6.17,127501,80716019.00,6.29,-3.68,-0.24,4.95
2026-04-03,6.29,6.06,6.29,5.98,122544,74654249.00,4.94,-3.50,-0.22,4.76
2026-04-07,6.02,6.21,6.25,6.00,125290,77179868.00,4.13,2.48,0.15,4.87
2026-04-08,6.36,6.83,6.83,6.35,147802,98280192.00,7.73,9.98,0.62,5.74
2026-04-09,6.60,6.40,6.74,6.29,439892,283021664.25,6.59,-6.30,-0.43,17.09
2026-04-10,6.40,6.26,6.44,6.24,245652,155766714.00,3.13,-2.19,-0.14,9.54
2026-04-13,6.34,6.49,6.87,6.18,380245,247833542.39,11.02,3.67,0.23,14.77
2026-04-14,6.57,6.61,6.65,6.45,255709,167785240.52,3.08,1.85,0.12,9.94
2026-04-15,6.63,6.38,6.66,6.34,172248,111263250.76,4.84,-3.48,-0.23,6.69
2026-04-16,6.40,6.53,6.56,6.32,138710,89634948.00,3.76,2.35,0.15,5.39
2026-04-17,6.58,6.50,6.58,6.44,111854,72747455.00,2.14,-0.46,-0.03,4.35
2026-04-20,6.50,6.53,6.55,6.30,111803,72459287.00,3.85,0.46,0.03,4.34
2026-04-21,6.53,6.57,6.60,6.48,103086,67464835.00,1.84,0.61,0.04,4.01
2026-04-22,6.57,6.41,6.59,6.37,99135,63756029.60,3.35,-2.44,-0.16,3.85
2026-04-23,6.43,6.32,6.43,6.21,117528,74092690.54,3.43,-1.40,-0.09,4.57
2026-04-24,6.27,6.35,6.44,6.18,116090,73418646.90,4.11,0.47,0.03,4.51
2026-04-27,6.45,6.63,6.66,6.38,134240,87559263.00,4.41,4.41,0.28,5.22
2026-04-28,6.64,6.70,6.77,6.60,129152,86302174.88,2.56,1.06,0.07,5.02
2026-04-29,6.68,6.88,6.93,6.65,124415,85138417.97,4.18,2.69,0.18,4.83
2026-04-30,6.84,7.22,7.33,6.83,201390,143827206.68,7.27,4.94,0.34,7.83