2003-01-02,1.87,1.87,1.87,1.87,321,523215.00,0.00,0.00,0.00,0.03
2003-01-03,1.87,1.87,1.87,1.86,724,1177665.00,0.53,0.00,0.00,0.07
2003-01-06,1.87,1.87,1.87,1.86,636,1033243.00,0.53,0.00,0.00,0.06
2003-01-07,1.86,1.88,1.88,1.85,3676,5972080.00,1.60,0.53,0.01,0.38
2003-01-08,1.87,1.89,1.89,1.87,1021,1669380.00,1.06,0.53,0.01,0.10
2003-01-09,1.88,1.88,1.88,1.86,1468,2395767.00,1.06,-0.53,-0.01,0.15
2003-01-10,1.88,1.88,1.89,1.87,1867,3055623.00,1.06,0.00,0.00,0.19
2003-01-13,1.88,1.87,1.88,1.87,1558,2545854.00,0.53,-0.53,-0.01,0.16
2003-01-14,1.87,1.90,1.91,1.86,4339,7111534.00,2.67,1.60,0.03,0.44
2003-01-15,1.90,1.90,1.90,1.88,1752,2875306.00,1.05,0.00,0.00,0.18
2003-01-16,1.89,1.89,1.90,1.89,2520,4144532.00,0.53,-0.53,-0.01,0.26
2003-01-17,1.89,1.90,1.91,1.89,1553,2557061.00,1.06,0.53,0.01,0.16
2003-01-20,1.91,1.90,1.91,1.89,1522,2510931.00,1.05,0.00,0.00,0.16
2003-01-21,1.90,1.90,1.91,1.89,1035,1705978.00,1.05,0.00,0.00,0.11
2003-01-22,1.90,1.91,1.91,1.89,5236,8639421.00,1.05,0.53,0.01,0.54
2003-01-23,1.91,1.90,1.91,1.90,787,1300861.00,0.52,-0.52,-0.01,0.08
2003-01-24,1.90,1.93,1.93,1.90,5146,8518041.00,1.58,1.58,0.03,0.53
2003-01-27,1.93,1.92,1.93,1.91,4480,7469018.00,1.04,-0.52,-0.01,0.46
2003-01-28,1.93,1.95,1.96,1.91,5270,8791435.00,2.60,1.56,0.03,0.54
2003-01-29,1.95,1.94,1.96,1.93,6365,10682041.00,1.54,-0.51,-0.01,0.65
2003-02-10,1.94,1.93,1.95,1.93,876,1464042.00,1.03,-0.52,-0.01,0.09
2003-02-11,1.93,1.93,1.93,1.92,3014,5017157.00,0.52,0.00,0.00,0.31
2003-02-12,1.93,1.93,1.93,1.91,1656,2755831.00,1.04,0.00,0.00,0.17
2003-02-13,1.93,1.92,1.94,1.91,2137,3551398.00,1.55,-0.52,-0.01,0.22
2003-02-14,1.92,1.92,1.93,1.91,4063,6748100.00,1.04,0.00,0.00,0.42
2003-02-17,1.91,1.91,1.92,1.90,1289,2133531.00,1.04,-0.52,-0.01,0.13
2003-02-18,1.91,1.90,1.92,1.89,1329,2194778.00,1.57,-0.52,-0.01,0.14
2003-02-19,1.90,1.90,1.91,1.90,1303,2150182.00,0.53,0.00,0.00,0.13
2003-02-20,1.91,1.91,1.91,1.90,3123,5159065.00,0.53,0.53,0.01,0.32
2003-02-21,1.91,1.91,1.91,1.90,685,1133231.00,0.52,0.00,0.00,0.07
2003-02-24,1.90,1.90,1.91,1.89,1131,1864774.00,1.05,-0.52,-0.01,0.12
2003-02-25,1.90,1.91,1.91,1.89,1298,2141039.00,1.05,0.53,0.01,0.13
2003-02-26,1.90,1.91,1.93,1.89,1586,2617280.00,2.09,0.00,0.00,0.16
2003-02-27,1.91,1.90,1.92,1.90,1195,1975587.00,1.05,-0.52,-0.01,0.12
2003-02-28,1.90,1.91,1.92,1.89,1748,2888829.00,1.58,0.53,0.01,0.18
2003-03-03,1.91,1.92,1.93,1.91,4412,7318034.00,1.05,0.52,0.01,0.45
2003-03-04,1.92,1.92,1.92,1.91,1751,2903317.00,0.52,0.00,0.00,0.18
2003-03-05,1.92,1.93,1.93,1.91,1754,2910803.00,1.04,0.52,0.01,0.18
2003-03-06,1.93,1.92,1.93,1.91,1530,2540540.00,1.04,-0.52,-0.01,0.16
2003-03-07,1.92,1.92,1.92,1.91,1066,1768404.00,0.52,0.00,0.00,0.11
2003-03-10,1.91,1.90,1.92,1.90,942,1557134.00,1.04,-1.04,-0.02,0.10
2003-03-11,1.90,1.90,1.91,1.90,640,1055389.00,0.53,0.00,0.00,0.07
2003-03-12,1.90,1.90,1.90,1.90,496,817353.00,0.00,0.00,0.00,0.05
2003-03-13,1.90,1.90,1.91,1.89,651,1073034.00,1.05,0.00,0.00,0.07
2003-03-14,1.90,1.90,1.91,1.89,837,1380510.00,1.05,0.00,0.00,0.09
2003-03-17,1.90,1.90,1.91,1.88,945,1555229.00,1.58,0.00,0.00,0.10
2003-03-18,1.90,1.90,1.91,1.89,662,1091398.00,1.05,0.00,0.00,0.07
2003-03-19,1.90,1.90,1.91,1.88,1485,2442298.00,1.58,0.00,0.00,0.15
2003-03-20,1.90,1.90,1.90,1.89,569,936885.00,0.53,0.00,0.00,0.06
2003-03-21,1.89,1.90,1.90,1.89,505,831244.00,0.53,0.00,0.00,0.05
2003-03-24,1.90,1.89,1.90,1.89,512,842805.00,0.53,-0.53,-0.01,0.05
2003-03-25,1.89,1.90,1.90,1.89,1119,1842001.00,0.53,0.53,0.01,0.11
2003-03-26,1.90,1.90,1.90,1.89,394,648594.00,0.53,0.00,0.00,0.04
2003-03-27,1.89,1.90,1.90,1.88,708,1162923.00,1.05,0.00,0.00,0.07
2003-03-28,1.90,1.97,1.98,1.90,14129,23735524.00,4.21,3.68,0.07,1.44
2003-03-31,1.96,1.99,2.00,1.94,4297,7284515.00,3.05,1.02,0.02,0.44
2003-04-01,1.99,1.98,1.99,1.96,996,1692752.00,1.51,-0.50,-0.01,0.10
2003-04-02,1.98,1.98,1.99,1.97,587,996968.00,1.01,0.00,0.00,0.06
2003-04-03,1.98,1.96,1.99,1.96,538,912539.00,1.52,-1.01,-0.02,0.06
2003-04-04,1.96,1.97,1.97,1.95,576,972598.00,1.02,0.51,0.01,0.06
2003-04-07,1.97,1.97,1.98,1.95,649,1096533.00,1.52,0.00,0.00,0.07
2003-04-09,1.97,1.98,1.98,1.95,594,1006099.00,1.52,0.51,0.01,0.06
2003-04-10,1.98,1.97,1.99,1.96,769,1302243.00,1.52,-0.51,-0.01,0.08
2003-04-11,1.97,1.98,1.98,1.96,1195,2024205.00,1.02,0.51,0.01,0.12
2003-04-14,1.98,1.98,1.98,1.96,880,1490880.00,1.01,0.00,0.00,0.09
2003-04-15,2.00,1.97,2.00,1.95,1465,2481258.00,2.53,-0.51,-0.01,0.15
2003-04-16,1.96,1.93,1.96,1.93,1816,3047279.00,1.52,-2.03,-0.04,0.19
2003-04-17,1.93,1.92,1.93,1.91,1578,2617452.00,1.04,-0.52,-0.01,0.16
2003-04-18,1.92,1.91,1.92,1.90,924,1530528.00,1.04,-0.52,-0.01,0.09
2003-04-21,1.92,1.92,1.93,1.90,1515,2508000.00,1.57,0.52,0.01,0.15
2003-04-22,1.92,1.93,1.93,1.92,418,695292.00,0.52,0.52,0.01,0.04
2003-04-23,1.92,1.91,1.92,1.90,450,745759.00,1.04,-1.04,-0.02,0.05
2003-04-24,1.91,1.90,1.94,1.90,5148,8550141.00,2.09,-0.52,-0.01,0.53
2003-04-25,1.90,1.88,1.90,1.88,472,774691.00,1.05,-1.05,-0.02,0.05
2003-04-28,1.88,1.88,1.89,1.85,1361,2219874.00,2.13,0.00,0.00,0.14
2003-04-29,1.89,1.88,1.90,1.87,1156,1898127.00,1.60,0.00,0.00,0.12
2003-04-30,1.88,1.87,1.89,1.87,435,713071.00,1.06,-0.53,-0.01,0.04
2003-05-12,1.88,1.87,1.88,1.82,1609,2614680.00,3.21,0.00,0.00,0.16
2003-05-13,1.87,1.85,1.87,1.84,1948,3145666.00,1.60,-1.07,-0.02,0.20
2003-05-14,1.85,1.84,1.85,1.82,1532,2463700.00,1.62,-0.54,-0.01,0.16
2003-05-15,1.84,1.84,1.85,1.82,2077,3331492.00,1.63,0.00,0.00,0.21
2003-05-16,1.84,1.84,1.84,1.82,1841,2955437.00,1.09,0.00,0.00,0.19
2003-05-19,1.84,1.84,1.84,1.83,475,763711.00,0.54,0.00,0.00,0.05
2003-05-20,1.83,1.83,1.85,1.82,657,1054780.00,1.63,-0.54,-0.01,0.07
2003-05-21,1.83,1.89,1.90,1.83,3788,6157571.00,3.83,3.28,0.06,0.39
2003-05-22,1.90,1.88,1.91,1.86,2758,4533706.00,2.65,-0.53,-0.01,0.28
2003-05-23,1.88,1.85,1.88,1.85,377,614434.00,1.60,-1.60,-0.03,0.04
2003-05-26,1.85,1.83,1.86,1.82,838,1347598.00,2.16,-1.08,-0.02,0.09
2003-05-27,1.83,1.82,1.84,1.82,1161,1860854.00,1.09,-0.55,-0.01,0.12
2003-05-28,1.82,1.80,1.82,1.79,1579,2508438.00,1.65,-1.10,-0.02,0.16
2003-05-29,1.79,1.78,1.80,1.76,912,1435029.00,2.22,-1.11,-0.02,0.09
2003-05-30,1.78,1.76,1.79,1.74,1393,2171480.00,2.81,-1.12,-0.02,0.14
2003-06-02,1.76,1.73,1.76,1.73,910,1412321.00,1.70,-1.70,-0.03,0.09
2003-06-03,1.74,1.74,1.75,1.74,1037,1606878.00,0.58,0.58,0.01,0.11
2003-06-04,1.75,1.71,1.75,1.71,1194,1842933.00,2.30,-1.72,-0.03,0.12
2003-06-05,1.72,1.71,1.72,1.71,770,1179904.00,0.58,0.00,0.00,0.08
2003-06-06,1.72,1.70,1.72,1.69,786,1199969.00,1.75,-0.58,-0.01,0.08
2003-06-09,1.70,1.66,1.70,1.65,11145,16846855.00,2.94,-2.35,-0.04,1.14
2003-06-10,1.66,1.65,1.68,1.64,834,1247704.00,2.41,-0.60,-0.01,0.09
2003-06-11,1.65,1.70,1.70,1.63,7540,11291220.00,4.24,3.03,0.05,0.77
2003-06-12,1.70,1.69,1.70,1.66,849,1281217.00,2.35,-0.59,-0.01,0.09
2003-06-13,1.68,1.72,1.72,1.68,1273,1943723.00,2.37,1.78,0.03,0.13
2003-06-16,1.71,1.70,1.71,1.69,459,700313.00,1.16,-1.16,-0.02,0.05
2003-06-17,1.70,1.71,1.75,1.70,2353,3619316.00,2.94,0.59,0.01,0.24
2003-06-18,1.71,1.69,1.71,1.69,310,472649.00,1.17,-1.17,-0.02,0.03
2003-06-19,1.68,1.67,1.69,1.67,402,607065.00,1.18,-1.18,-0.02,0.04
2003-06-20,1.67,1.67,1.68,1.67,308,464140.00,0.60,0.00,0.00,0.03
2003-06-23,1.67,1.64,1.68,1.64,650,973899.00,2.40,-1.80,-0.03,0.07
2003-06-24,1.65,1.61,1.66,1.51,9234,13507605.00,9.15,-1.83,-0.03,0.94
2003-06-25,1.62,1.58,1.62,1.57,2565,3735926.00,3.11,-1.86,-0.03,0.26
2003-06-26,1.58,1.63,1.63,1.54,5096,7366923.00,5.70,3.16,0.05,0.52
2003-06-27,1.63,1.70,1.70,1.63,2868,4311802.00,4.29,4.29,0.07,0.29
2003-06-30,1.70,1.75,1.75,1.69,2855,4388629.00,3.53,2.94,0.05,0.29
2003-07-01,1.75,1.75,1.78,1.75,1998,3123979.00,1.71,0.00,0.00,0.20
2003-07-02,1.76,1.75,1.77,1.74,883,1372646.00,1.71,0.00,0.00,0.09
2003-07-03,1.75,1.74,1.76,1.74,386,600128.00,1.14,-0.57,-0.01,0.04
2003-07-04,1.74,1.81,1.81,1.73,4200,6585536.00,4.60,4.02,0.07,0.43
2003-07-07,1.80,1.80,1.81,1.79,932,1480597.00,1.10,-0.55,-0.01,0.10
2003-07-08,1.80,1.84,1.86,1.80,3825,6134901.00,3.33,2.22,0.04,0.39
2003-07-09,1.84,1.82,1.84,1.82,603,967367.00,1.09,-1.09,-0.02,0.06
2003-07-10,1.82,1.81,1.83,1.81,1749,2795021.00,1.10,-0.55,-0.01,0.18
2003-07-11,1.81,1.80,1.82,1.80,505,805822.00,1.10,-0.55,-0.01,0.05
2003-07-14,1.81,1.80,1.83,1.80,2639,4201363.00,1.67,0.00,0.00,0.27
2003-07-15,1.81,1.80,1.81,1.78,841,1328894.00,1.67,0.00,0.00,0.09
2003-07-16,1.81,1.82,1.84,1.80,4394,7028254.00,2.22,1.11,0.02,0.45
2003-07-17,1.83,1.82,1.85,1.81,3588,5765206.00,2.20,0.00,0.00,0.37
2003-07-18,1.82,1.81,1.83,1.81,305,487098.00,1.10,-0.55,-0.01,0.03
2003-07-21,1.81,1.77,1.81,1.77,448,706369.00,2.21,-2.21,-0.04,0.05
2003-07-22,1.77,1.75,1.78,1.74,729,1139522.00,2.26,-1.13,-0.02,0.07
2003-07-23,1.75,1.74,1.76,1.73,452,701131.00,1.71,-0.57,-0.01,0.05
2003-07-24,1.74,1.74,1.74,1.73,367,567258.00,0.57,0.00,0.00,0.04
2003-07-25,1.74,1.74,1.75,1.74,338,523729.00,0.57,0.00,0.00,0.03
2003-07-28,1.74,1.73,1.74,1.73,259,400127.00,0.57,-0.57,-0.01,0.03
2003-07-29,1.73,1.73,1.74,1.72,248,381918.00,1.16,0.00,0.00,0.03
2003-07-30,1.73,1.73,1.74,1.73,317,488954.00,0.58,0.00,0.00,0.03
2003-07-31,1.74,1.74,1.74,1.73,286,441051.00,0.58,0.58,0.01,0.03
2003-08-01,1.74,1.74,1.76,1.72,974,1508922.00,2.30,0.00,0.00,0.10
2003-08-04,1.74,1.74,1.74,1.73,197,304749.00,0.57,0.00,0.00,0.02
2003-08-05,1.75,1.73,1.76,1.72,443,684692.00,2.30,-0.57,-0.01,0.05
2003-08-06,1.74,1.73,1.74,1.73,185,285936.00,0.58,0.00,0.00,0.02
2003-08-07,1.74,1.73,1.74,1.73,152,234749.00,0.58,0.00,0.00,0.02
2003-08-08,1.74,1.74,1.76,1.73,3074,4759493.00,1.73,0.58,0.01,0.31
2003-08-11,1.74,1.72,1.74,1.72,190,292980.00,1.15,-1.15,-0.02,0.02
2003-08-12,1.73,1.71,1.73,1.71,143,219354.00,1.16,-0.58,-0.01,0.01
2003-08-13,1.71,1.81,1.82,1.69,11115,17444612.00,7.60,5.85,0.10,1.14
2003-08-14,1.81,1.78,1.82,1.77,1938,3078018.00,2.76,-1.66,-0.03,0.20
2003-08-15,1.79,1.74,1.80,1.73,1958,3069634.00,3.93,-2.25,-0.04,0.20
2003-08-18,1.74,1.68,1.74,1.67,2462,3756643.00,4.02,-3.45,-0.06,0.25
2003-08-19,1.68,1.74,1.74,1.67,17992,27623048.00,4.17,3.57,0.06,1.84
2003-08-20,1.74,1.73,1.76,1.73,428,663253.00,1.72,-0.57,-0.01,0.04
2003-08-21,1.73,1.72,1.74,1.72,143,220406.00,1.16,-0.58,-0.01,0.01
2003-08-22,1.73,1.73,1.73,1.72,194,298781.00,0.58,0.58,0.01,0.02
2003-08-25,1.73,1.72,1.73,1.72,153,235690.00,0.58,-0.58,-0.01,0.02
2003-08-26,1.73,1.72,1.73,1.72,170,261527.00,0.58,0.00,0.00,0.02
2003-08-27,1.72,1.71,1.73,1.71,257,393880.00,1.16,-0.58,-0.01,0.03
2003-08-28,1.82,1.71,1.82,1.71,162,248719.00,6.43,0.00,0.00,0.02
2003-08-29,1.71,1.74,1.74,1.70,398,609913.00,2.34,1.75,0.03,0.04
2003-09-01,1.73,1.73,1.74,1.73,164,253298.00,0.57,-0.57,-0.01,0.02
2003-09-02,1.73,1.73,1.73,1.72,260,400423.00,0.58,0.00,0.00,0.03
2003-09-03,1.74,1.73,1.74,1.73,212,327194.00,0.58,0.00,0.00,0.02
2003-09-04,1.73,1.71,1.74,1.71,299,458634.00,1.73,-1.16,-0.02,0.03
2003-09-05,1.71,1.71,1.72,1.70,241,368654.00,1.17,0.00,0.00,0.02
2003-09-08,1.70,1.70,1.71,1.70,183,279240.00,0.58,-0.58,-0.01,0.02
2003-09-09,1.70,1.69,1.70,1.68,348,527262.00,1.18,-0.59,-0.01,0.04
2003-09-10,1.69,1.67,1.69,1.67,182,275348.00,1.18,-1.18,-0.02,0.02
2003-09-11,1.68,1.66,1.68,1.66,313,470374.00,1.20,-0.60,-0.01,0.03
2003-09-12,1.67,1.66,1.67,1.66,113,169418.00,0.60,0.00,0.00,0.01
2003-09-15,1.66,1.65,1.66,1.65,196,293235.00,0.60,-0.60,-0.01,0.02
2003-09-16,1.65,1.65,1.66,1.63,366,544574.00,1.82,0.00,0.00,0.04
2003-09-17,1.66,1.64,1.66,1.64,168,250128.00,1.21,-0.61,-0.01,0.02
2003-09-18,1.64,1.63,1.65,1.63,179,265604.00,1.22,-0.61,-0.01,0.02
2003-09-19,1.64,1.64,1.64,1.63,182,269497.00,0.61,0.61,0.01,0.02
2003-09-22,1.64,1.66,1.67,1.62,3152,4695400.00,3.05,1.22,0.02,0.32
2003-09-23,1.66,1.67,1.68,1.65,7975,11956926.00,1.81,0.60,0.01,0.82
2003-09-24,1.67,1.66,1.69,1.66,1165,1751812.00,1.80,-0.60,-0.01,0.12
2003-09-25,1.66,1.64,1.67,1.64,1154,1718254.00,1.81,-1.20,-0.02,0.12
2003-09-26,1.64,1.61,1.65,1.60,932,1371166.00,3.05,-1.83,-0.03,0.10
2003-09-29,1.61,1.61,1.61,1.58,732,1064480.00,1.86,0.00,0.00,0.07
2003-09-30,1.60,1.62,1.62,1.58,964,1405355.00,2.48,0.62,0.01,0.10
2003-10-08,1.62,1.62,1.62,1.60,163,238828.00,1.23,0.00,0.00,0.02
2003-10-09,1.62,1.62,1.62,1.61,120,177136.00,0.62,0.00,0.00,0.01
2003-10-10,1.62,1.62,1.62,1.58,791,1154538.00,2.47,0.00,0.00,0.08
2003-10-13,1.62,1.61,1.63,1.57,401,585737.00,3.70,-0.62,-0.01,0.04
2003-10-14,1.62,1.59,1.62,1.59,570,832417.00,1.86,-1.24,-0.02,0.06
2003-10-15,1.60,1.58,1.60,1.57,734,1061556.00,1.89,-0.63,-0.01,0.08
2003-10-16,1.58,1.57,1.58,1.57,549,792889.00,0.63,-0.63,-0.01,0.06
2003-10-17,1.57,1.51,1.58,1.51,1710,2428815.00,4.46,-3.82,-0.06,0.17
2003-10-20,1.51,1.48,1.51,1.47,1878,2605387.00,2.65,-1.99,-0.03,0.19
2003-10-21,1.48,1.46,1.48,1.44,1785,2442069.00,2.70,-1.35,-0.02,0.18
2003-10-22,1.46,1.49,1.51,1.43,2858,3901358.00,5.48,2.05,0.03,0.29
2003-10-23,1.48,1.48,1.48,1.45,8009,11052584.00,2.01,-0.67,-0.01,0.82
2003-10-24,1.47,1.46,1.49,1.45,5769,7942341.00,2.70,-1.35,-0.02,0.59
2003-10-27,1.46,1.37,1.46,1.35,9863,13302095.00,7.53,-6.16,-0.09,1.01
2003-10-28,1.37,1.30,1.38,1.29,2009,2350948.00,6.57,-5.11,-0.07,0.16
2003-10-29,1.29,1.30,1.35,1.25,1354,1556307.00,7.69,0.00,0.00,0.11
2003-10-30,1.30,1.30,1.34,1.29,682,796276.00,3.85,0.00,0.00,0.05
2003-10-31,1.30,1.30,1.31,1.28,903,1047385.00,2.31,0.00,0.00,0.07
2003-11-03,1.30,1.29,1.33,1.28,545,633271.00,3.85,-0.77,-0.01,0.04
2003-11-04,1.30,1.30,1.33,1.28,7284,8457807.00,3.88,0.78,0.01,0.57
2003-11-05,1.31,1.31,1.32,1.27,12149,14058811.00,3.85,0.77,0.01,0.96
2003-11-06,1.31,1.28,1.31,1.26,9988,11594538.00,3.82,-2.29,-0.03,0.79
2003-11-07,1.28,1.24,1.29,1.24,4309,4917961.00,3.91,-3.13,-0.04,0.34
2003-11-10,1.24,1.29,1.31,1.20,13496,15281683.00,8.87,4.03,0.05,1.06
2003-11-11,1.29,1.30,1.31,1.29,1858,2159749.00,1.55,0.78,0.01,0.15
2003-11-12,1.30,1.31,1.33,1.30,1079,1261040.00,2.31,0.77,0.01,0.08
2003-11-13,1.31,1.32,1.32,1.29,657,766499.00,2.29,0.76,0.01,0.05
2003-11-14,1.31,1.31,1.33,1.31,324,379183.00,1.52,-0.76,-0.01,0.03
2003-11-17,1.31,1.31,1.32,1.29,179,208916.00,2.29,0.00,0.00,0.01
2003-11-18,1.31,1.31,1.33,1.29,296,345001.00,3.05,0.00,0.00,0.02
2003-11-19,1.31,1.30,1.32,1.30,200,233098.00,1.53,-0.76,-0.01,0.02
2003-11-20,1.30,1.30,1.32,1.29,335,389796.00,2.31,0.00,0.00,0.03
2003-11-21,1.31,1.30,1.32,1.29,925,1074814.00,2.31,0.00,0.00,0.07
2003-11-24,1.30,1.29,1.31,1.27,1231,1424988.00,3.08,-0.77,-0.01,0.10
2003-11-25,1.29,1.29,1.30,1.27,678,782712.00,2.33,0.00,0.00,0.05
2003-11-26,1.29,1.30,1.31,1.28,1117,1296654.00,2.33,0.78,0.01,0.09
2003-11-27,1.30,1.31,1.31,1.30,789,919826.00,0.77,0.77,0.01,0.06
2003-11-28,1.31,1.35,1.38,1.31,13861,16308305.00,5.34,3.05,0.04,1.09
2003-12-01,1.35,1.36,1.37,1.34,657,780169.00,2.22,0.74,0.01,0.05
2003-12-02,1.36,1.36,1.38,1.34,5248,6249605.00,2.94,0.00,0.00,0.41
2003-12-03,1.35,1.34,1.35,1.33,704,829980.00,1.47,-1.47,-0.02,0.06
2003-12-04,1.34,1.34,1.35,1.33,510,603677.00,1.49,0.00,0.00,0.04
2003-12-05,1.33,1.35,1.35,1.29,945,1105235.00,4.48,0.75,0.01,0.07
2003-12-08,1.34,1.33,1.36,1.32,681,804067.00,2.96,-1.48,-0.02,0.05
2003-12-09,1.33,1.30,1.35,1.27,749,871029.00,6.02,-2.26,-0.03,0.06
2003-12-10,1.31,1.31,1.34,1.24,2949,3405278.00,7.69,0.77,0.01,0.23
2003-12-11,1.31,1.31,1.33,1.26,3135,3637549.00,5.34,0.00,0.00,0.25
2003-12-12,1.31,1.35,1.36,1.26,4864,5623519.00,7.63,3.05,0.04,0.38
2003-12-15,1.32,1.30,1.34,1.28,3045,3530557.00,4.44,-3.70,-0.05,0.24
2003-12-16,1.30,1.30,1.31,1.28,9107,10578763.00,2.31,0.00,0.00,0.72
2003-12-17,1.30,1.26,1.32,1.25,3803,4377310.00,5.38,-3.08,-0.04,0.30
2003-12-18,1.26,1.27,1.28,1.24,1140,1303194.00,3.17,0.79,0.01,0.09
2003-12-19,1.27,1.27,1.30,1.26,4080,4698361.00,3.15,0.00,0.00,0.32
2003-12-22,1.27,1.27,1.29,1.26,1486,1704968.00,2.36,0.00,0.00,0.12
2003-12-23,1.28,1.27,1.29,1.24,841,961524.00,3.94,0.00,0.00,0.07
2003-12-24,1.27,1.25,1.30,1.24,1289,1466528.00,4.72,-1.57,-0.02,0.10
2003-12-25,1.25,1.25,1.28,1.21,1905,2159652.00,5.60,0.00,0.00,0.15
2003-12-26,1.25,1.26,1.27,1.17,35208,39782776.00,8.00,0.80,0.01,2.77
2003-12-29,1.26,1.26,1.28,1.23,6035,6872342.00,3.97,0.00,0.00,0.47
2003-12-30,1.26,1.28,1.29,1.26,10214,11730673.00,2.38,1.59,0.02,0.80
2003-12-31,1.28,1.28,1.29,1.26,3159,3630993.00,2.34,0.00,0.00,0.25