2020-01-02,15.44,16.21,16.21,15.28,544098,889145568.00,6.33,10.35,1.52,3.56
2020-01-03,16.66,16.85,17.74,16.13,743330,1288774624.00,9.93,3.95,0.64,4.86
2020-01-06,16.64,16.68,17.17,16.55,447838,778918192.00,3.68,-1.01,-0.17,2.93
2020-01-07,16.76,16.75,16.86,16.35,329828,565071808.00,3.06,0.42,0.07,2.16
2020-01-08,16.56,16.38,16.78,16.28,282021,479585568.00,2.99,-2.21,-0.37,1.84
2020-01-09,16.67,16.81,17.01,16.52,414836,717831872.00,2.99,2.63,0.43,2.71
2020-01-10,16.91,16.79,17.08,16.61,243095,422369664.00,2.80,-0.12,-0.02,1.59
2020-01-13,16.75,16.81,16.88,16.39,192400,330948928.00,2.92,0.12,0.02,1.26
2020-01-14,16.98,16.50,17.00,16.45,226141,390794384.00,3.27,-1.84,-0.31,1.48
2020-01-15,16.44,16.48,16.77,16.38,153325,262690222.00,2.36,-0.12,-0.02,1.00
2020-01-16,16.53,16.39,16.60,16.29,118230,200313389.00,1.88,-0.55,-0.09,0.77
2020-01-17,16.42,16.15,16.52,16.11,148060,248087274.00,2.50,-1.46,-0.24,0.97
2020-01-20,16.16,16.68,16.75,16.15,185297,317027248.00,3.72,3.28,0.53,1.21
2020-01-21,16.96,16.70,16.96,16.46,214598,370519712.00,3.00,0.12,0.02,1.40
2020-01-22,16.70,16.68,16.80,16.30,174084,298091616.00,2.99,-0.12,-0.02,1.14
2020-01-23,16.52,15.79,16.81,15.44,239959,401045856.00,8.21,-5.34,-0.89,1.57
2020-02-03,14.16,14.16,14.64,14.16,255162,377100336.00,3.04,-10.32,-1.63,1.67
2020-02-04,14.01,15.46,15.63,14.01,350069,546590992.00,11.44,9.18,1.30,2.29
2020-02-05,15.45,15.49,15.86,15.15,259993,418234976.00,4.59,0.19,0.03,1.70
2020-02-06,15.42,15.67,15.90,15.26,211229,342253040.00,4.13,1.16,0.18,1.38
2020-02-07,15.67,15.50,15.78,15.34,153475,246803420.00,2.81,-1.08,-0.17,1.00
2020-02-10,17.10,17.10,17.10,16.58,209495,367920464.00,3.35,10.32,1.60,1.37
2020-02-11,17.28,16.79,17.81,16.63,473996,838925136.00,6.90,-1.81,-0.31,3.10
2020-02-12,17.16,17.46,17.72,17.08,434406,780381968.00,3.81,3.99,0.67,2.84
2020-02-13,17.21,16.94,17.40,16.83,255691,450074256.00,3.26,-2.98,-0.52,1.67
2020-02-14,16.94,16.99,17.43,16.86,201003,354479488.00,3.36,0.30,0.05,1.31
2020-02-17,17.06,17.22,17.33,16.89,269134,474910192.00,2.59,1.35,0.23,1.76
2020-02-18,17.12,16.92,17.16,16.81,237412,415213232.00,2.03,-1.74,-0.30,1.55
2020-02-19,16.85,16.67,17.11,16.66,188913,328933008.00,2.66,-1.48,-0.25,1.23
2020-02-20,16.70,17.11,17.18,16.54,251278,438719376.00,3.84,2.64,0.44,1.64
2020-02-21,17.24,16.85,17.24,16.75,270137,471936016.00,2.86,-1.52,-0.26,1.77
2020-02-24,16.86,16.67,16.90,16.55,257073,443341248.00,2.08,-1.07,-0.18,1.68
2020-02-25,17.76,18.39,18.39,17.26,827863,1525561872.00,6.78,10.32,1.72,5.41
2020-02-26,18.45,18.01,19.15,17.92,675873,1289793552.00,6.69,-2.07,-0.38,4.42
2020-02-27,18.21,18.13,18.73,17.98,374899,707708960.00,4.16,0.67,0.12,2.45
2020-02-28,17.64,17.01,17.83,16.96,342751,615097264.00,4.80,-6.18,-1.12,2.24
2020-03-02,17.32,17.60,17.79,17.27,312508,565176672.00,3.06,3.47,0.59,2.04
2020-03-03,17.97,17.35,18.15,17.33,343476,627738912.00,4.66,-1.42,-0.25,2.25
2020-03-04,17.11,18.53,18.54,17.07,372055,682355312.00,8.47,6.80,1.18,2.43
2020-03-05,18.96,19.89,20.44,18.76,551083,1122156976.00,9.07,7.34,1.36,3.60
2020-03-06,19.56,20.26,20.56,19.49,445595,922313184.00,5.38,1.86,0.37,2.91
2020-03-09,19.66,19.49,20.96,19.34,565097,1162912384.00,8.00,-3.80,-0.77,3.69
2020-03-10,19.54,19.75,20.03,18.77,491637,979617088.00,6.46,1.33,0.26,3.21
2020-03-11,20.14,19.75,20.26,19.36,330537,668952512.00,4.56,0.00,0.00,2.16
2020-03-12,19.51,19.14,19.59,19.04,243978,484175008.00,2.78,-3.09,-0.61,1.59
2020-03-13,17.76,18.59,19.01,17.66,350274,658828624.00,7.05,-2.87,-0.55,2.29
2020-03-16,18.71,17.40,18.95,17.36,325291,607216448.00,8.55,-6.40,-1.19,2.13
2020-03-17,17.61,17.76,17.82,16.94,255974,461714736.00,5.06,2.07,0.36,1.67
2020-03-18,18.12,17.45,18.61,17.36,337570,628497552.00,7.04,-1.75,-0.31,2.21
2020-03-19,17.71,18.05,18.14,17.26,274790,502781104.00,5.04,3.44,0.60,1.80
2020-03-20,18.24,18.14,18.30,17.70,201044,372139024.00,3.32,0.50,0.09,1.31
2020-03-23,17.48,17.11,17.69,17.04,227205,407107504.00,3.58,-5.68,-1.03,1.49
2020-03-24,17.50,17.40,17.58,16.88,171741,305710000.00,4.09,1.69,0.29,1.12
2020-03-25,17.72,17.85,17.95,17.52,193121,352992112.00,2.47,2.59,0.45,1.26
2020-03-26,17.65,18.12,18.29,17.59,206845,382305776.00,3.92,1.51,0.27,1.35
2020-03-27,18.46,18.41,18.62,18.06,206356,390809600.00,3.09,1.60,0.29,1.35
2020-03-30,18.09,17.56,18.21,17.40,197434,360375008.00,4.40,-4.62,-0.85,1.29
2020-03-31,17.75,17.61,17.91,17.43,130613,237595211.00,2.73,0.28,0.05,0.85
2020-04-01,17.44,17.45,17.72,17.41,108661,196933167.00,1.76,-0.91,-0.16,0.71
2020-04-02,17.45,18.59,18.60,17.41,204902,381684352.00,6.82,6.53,1.14,1.34
2020-04-03,18.95,18.24,19.23,18.10,285567,547645424.00,6.08,-1.88,-0.35,1.87
2020-04-07,18.57,18.45,18.70,18.16,286768,541441088.00,2.96,1.15,0.21,1.87
2020-04-08,18.24,17.87,18.28,17.66,243460,448202320.00,3.36,-3.14,-0.58,1.59
2020-04-09,17.87,17.88,18.04,17.76,141016,260326585.00,1.57,0.06,0.01,0.92
2020-04-10,17.90,17.45,17.92,17.43,142678,258489283.00,2.74,-2.40,-0.43,0.93
2020-04-13,17.26,16.83,17.26,16.83,154709,270819904.00,2.46,-3.55,-0.62,1.01
2020-04-14,17.08,17.51,17.54,16.98,149508,266763463.00,3.33,4.04,0.68,0.98
2020-04-15,17.46,17.36,17.68,17.29,115342,207968311.00,2.23,-0.86,-0.15,0.75
2020-04-16,17.36,17.53,17.74,17.15,156437,281611760.00,3.40,0.98,0.17,1.02
2020-04-17,17.64,17.27,17.78,17.25,158098,284849376.00,3.02,-1.48,-0.26,1.03
2020-04-20,17.27,17.48,17.63,17.23,119224,214470261.00,2.32,1.22,0.21,0.78
2020-04-21,17.36,16.99,17.38,16.91,166467,292815424.00,2.69,-2.80,-0.49,1.09
2020-04-22,16.97,17.03,17.11,16.80,113681,199049608.00,1.82,0.24,0.04,0.74
2020-04-23,17.12,17.80,18.43,17.06,369324,678207616.00,8.04,4.52,0.77,2.41
2020-04-24,17.96,17.73,18.03,17.54,224472,410778768.00,2.75,-0.39,-0.07,1.47
2020-04-27,18.01,17.94,18.28,17.75,327291,607265072.00,2.99,1.18,0.21,2.14
2020-04-28,18.05,16.72,18.16,16.70,373880,669358640.00,8.14,-6.80,-1.22,2.44
2020-04-29,16.73,16.19,16.87,15.94,266854,451532672.00,5.56,-3.17,-0.53,1.74
2020-04-30,16.41,17.07,17.11,16.21,212317,366859776.00,5.56,5.44,0.88,1.39
2020-05-06,16.87,17.21,17.25,16.77,146217,258059249.00,2.81,0.82,0.14,0.96
2020-05-07,17.21,17.02,17.31,16.94,101378,178589120.00,2.15,-1.10,-0.19,0.66
2020-05-08,17.18,17.07,17.34,17.02,190029,336560656.00,1.88,0.29,0.05,1.24
2020-05-11,17.79,17.23,17.94,17.16,282108,509934480.00,4.57,0.94,0.16,1.84
2020-05-12,17.28,16.94,17.29,16.78,136016,238054843.00,2.96,-1.68,-0.29,0.89
2020-05-13,16.91,17.11,17.12,16.68,133847,233244629.00,2.60,1.00,0.17,0.87
2020-05-14,17.06,17.21,17.74,17.02,191774,343422432.00,4.21,0.58,0.10,1.25
2020-05-15,17.27,17.23,17.38,17.06,122388,217143347.00,1.86,0.12,0.02,0.80
2020-05-18,17.23,16.91,17.25,16.78,135228,235901786.00,2.73,-1.86,-0.32,0.88
2020-05-19,17.07,16.82,17.10,16.80,95123,165977397.00,1.77,-0.53,-0.09,0.62
2020-05-20,16.86,16.47,16.91,16.38,127512,217492957.00,3.15,-2.08,-0.35,0.83
2020-05-21,16.45,16.41,16.69,16.26,109892,186735386.00,2.61,-0.36,-0.06,0.72
2020-05-22,16.39,16.11,16.39,15.94,127524,212327524.00,2.74,-1.83,-0.30,0.83
2020-05-25,16.11,15.94,16.26,15.94,75988,125789292.00,1.99,-1.06,-0.17,0.50
2020-05-26,16.01,16.25,16.29,15.94,97408,162161238.00,2.20,1.94,0.31,0.64
2020-05-27,16.24,15.81,16.27,15.78,118521,195376036.00,3.02,-2.71,-0.44,0.77
2020-05-28,15.78,15.90,16.01,15.52,121934,198995565.00,3.10,0.57,0.09,0.80
2020-05-29,15.92,15.82,15.95,15.70,85199,139221051.00,1.57,-0.50,-0.08,0.56
2020-06-01,16.02,16.34,16.45,16.02,172181,289247472.00,2.72,3.29,0.52,1.13
2020-06-02,16.36,16.76,17.27,16.32,230359,401036784.00,5.81,2.57,0.42,1.51
2020-06-03,16.76,16.55,16.91,16.47,125550,215947526.00,2.63,-1.25,-0.21,0.82
2020-06-04,16.71,16.67,16.75,16.50,106082,181843259.00,1.51,0.73,0.12,0.69
2020-06-05,16.85,16.77,17.13,16.66,146034,253748835.00,2.82,0.60,0.10,0.95
2020-06-08,17.16,17.41,17.56,16.78,355437,632703104.00,4.65,3.82,0.64,2.32
2020-06-09,17.29,17.23,17.40,17.19,161188,287214352.00,1.21,-1.03,-0.18,1.05
2020-06-10,17.22,17.33,17.56,17.22,176836,316879680.00,1.97,0.58,0.10,1.16
2020-06-11,17.44,17.14,17.54,17.05,183050,325684528.00,2.83,-1.10,-0.19,1.20
2020-06-12,16.76,17.65,18.01,16.71,340495,610440960.00,7.58,2.98,0.51,2.23
2020-06-15,17.98,18.63,19.06,17.72,520023,993228928.00,7.59,5.55,0.98,3.40
2020-06-16,18.74,18.69,18.93,18.45,295093,567324720.00,2.58,0.32,0.06,1.93
2020-06-17,18.73,18.95,19.41,18.53,375963,735378448.00,4.71,1.39,0.26,2.46
2020-06-18,18.90,18.56,19.10,18.36,280297,536763088.00,3.91,-2.06,-0.39,1.83
2020-06-19,18.57,18.65,18.80,18.14,275139,519623456.00,3.56,0.48,0.09,1.80
2020-06-22,18.63,18.65,19.15,18.57,254858,491191792.00,3.11,0.00,0.00,1.67
2020-06-23,18.56,18.50,18.70,18.32,273201,516270208.00,2.04,-0.80,-0.15,1.79
2020-06-24,18.56,18.26,18.88,18.22,221798,418210688.00,3.57,-1.30,-0.24,1.45
2020-06-29,18.41,17.93,18.51,17.86,207359,383764144.00,3.56,-1.81,-0.33,1.36
2020-06-30,18.02,18.49,18.84,17.97,271226,513669264.00,4.85,3.12,0.56,1.77
2020-07-01,18.56,18.82,19.06,18.39,265388,507832880.00,3.62,1.78,0.33,1.73
2020-07-02,18.76,19.53,19.64,18.68,439268,863834048.00,5.10,3.77,0.71,2.87
2020-07-03,19.75,19.95,20.01,19.35,511889,1032343712.00,3.38,2.15,0.42,3.35
2020-07-06,20.27,21.53,21.90,20.27,734894,1583176592.00,8.17,7.92,1.58,4.80
2020-07-07,21.56,21.28,21.86,21.06,633830,1391405376.00,3.72,-1.16,-0.25,4.14
2020-07-08,21.29,22.45,22.86,21.28,586261,1318447456.00,7.42,5.50,1.17,3.83
2020-07-09,22.50,22.36,22.87,22.14,465014,1067909232.00,3.25,-0.40,-0.09,3.04
2020-07-10,22.17,24.64,24.64,22.13,1029620,2541550224.00,11.23,10.20,2.28,6.73
2020-07-13,24.61,27.15,27.15,24.55,796169,2088793456.00,10.55,10.19,2.51,5.20
2020-07-14,27.02,25.28,27.02,24.66,898852,2354962224.00,8.69,-6.89,-1.87,5.88
2020-07-15,25.76,27.06,27.85,25.76,1008179,2781883680.00,8.27,7.04,1.78,6.59
2020-07-16,27.76,24.87,28.50,24.36,1088837,2929976992.00,15.30,-8.09,-2.19,7.12
2020-07-17,25.09,24.90,25.99,24.58,611063,1565707056.00,5.67,0.12,0.03,3.99
2020-07-20,25.78,25.84,26.35,25.29,500990,1315918688.00,4.26,3.78,0.94,3.28
2020-07-21,26.15,27.56,28.01,26.11,584179,1612127120.00,7.35,6.66,1.72,3.82
2020-07-22,27.81,27.44,28.84,27.03,625397,1771984736.00,6.57,-0.44,-0.12,4.09
2020-07-23,27.08,30.11,30.23,27.06,824492,2399412192.00,11.55,9.73,2.67,5.39
2020-07-24,29.41,27.47,30.12,27.37,871784,2550543952.00,9.13,-8.77,-2.64,5.70
2020-07-27,28.16,27.94,28.55,27.15,503251,1424123136.00,5.10,1.71,0.47,3.29
2020-07-28,28.15,25.38,28.23,25.10,850883,2224313536.00,11.20,-9.16,-2.56,5.56
2020-07-29,25.11,27.16,27.65,24.68,666170,1797885376.00,11.70,7.01,1.78,4.35
2020-07-30,27.71,27.25,28.73,26.99,711924,2013105040.00,6.41,0.33,0.09,4.65
2020-07-31,26.82,27.51,27.93,26.31,505989,1394034624.00,5.94,0.95,0.26,3.31
2020-08-03,27.54,28.51,29.05,26.86,599303,1712410432.00,7.96,3.64,1.00,3.92
2020-08-04,28.44,29.95,31.41,28.11,954159,2910885152.00,11.57,5.05,1.44,6.24
2020-08-05,29.24,30.91,31.14,29.04,588029,1809600880.00,7.01,3.21,0.96,3.84
2020-08-06,30.56,28.75,30.86,28.26,732458,2171549840.00,8.41,-6.99,-2.16,4.79
2020-08-07,28.82,29.06,29.44,27.58,509507,1474677632.00,6.47,1.08,0.31,3.33
2020-08-10,28.81,28.45,29.05,27.87,319164,923447856.00,4.06,-2.10,-0.61,2.09
2020-08-11,28.36,28.26,29.41,28.14,345164,1006703168.00,4.46,-0.67,-0.19,2.26
2020-08-12,29.04,27.87,29.31,26.56,424236,1200518576.00,9.73,-1.38,-0.39,2.77
2020-08-13,27.89,26.61,27.99,26.46,418901,1151510480.00,5.49,-4.52,-1.26,2.74
2020-08-14,26.56,27.04,27.13,26.34,236032,642844688.00,2.97,1.62,0.43,1.54
2020-08-17,27.21,27.24,27.64,26.74,292541,810377712.00,3.33,0.74,0.20,1.91
2020-08-18,27.22,27.27,27.76,26.87,212331,590114592.00,3.27,0.11,0.03,1.39
2020-08-19,27.11,26.02,27.25,26.00,320772,859892592.00,4.58,-4.58,-1.25,2.10
2020-08-20,25.71,25.75,26.11,25.63,165682,435187568.00,1.84,-1.04,-0.27,1.08
2020-08-21,26.01,25.83,26.24,25.51,177365,465402960.00,2.83,0.31,0.08,1.16
2020-08-24,25.76,25.86,26.02,25.26,182807,478356192.00,2.94,0.12,0.03,1.20
2020-08-25,25.90,25.36,25.99,25.36,135118,351844496.00,2.44,-1.93,-0.50,0.88
2020-08-26,25.44,24.64,25.74,24.55,207062,526054544.00,4.69,-2.84,-0.72,1.35
2020-08-27,24.74,24.78,24.95,24.36,139770,351323712.00,2.39,0.57,0.14,0.91
2020-08-28,24.76,26.01,26.15,24.66,261253,681229664.00,6.01,4.96,1.23,1.71
2020-08-31,26.44,25.77,26.68,25.77,214429,573459456.00,3.50,-0.92,-0.24,1.40
2020-09-01,25.76,25.91,26.14,25.65,119496,314075536.00,1.90,0.54,0.14,0.78
2020-09-02,26.24,26.10,26.63,25.80,187584,499489408.00,3.20,0.73,0.19,1.23
2020-09-03,26.03,25.79,26.31,25.69,149799,395348544.00,2.38,-1.19,-0.31,0.98
2020-09-04,25.37,25.96,26.05,25.18,136044,353673120.00,3.37,0.66,0.17,0.89
2020-09-07,26.01,25.89,26.45,25.57,136489,361012992.00,3.39,-0.27,-0.07,0.89
2020-09-08,26.29,26.46,26.71,26.19,218680,587896960.00,2.01,2.20,0.57,1.43
2020-09-09,26.15,24.77,26.31,24.77,241125,622802912.00,5.82,-6.39,-1.69,1.58
2020-09-10,25.06,24.42,25.45,24.35,167447,424770224.00,4.44,-1.41,-0.35,1.09
2020-09-11,24.46,25.42,25.42,24.26,148046,373625584.00,4.75,4.10,1.00,0.97
2020-09-14,25.57,26.28,26.44,25.23,183412,485859088.00,4.76,3.38,0.86,1.20
2020-09-15,26.30,26.45,26.53,26.13,129172,345829824.00,1.52,0.65,0.17,0.84
2020-09-16,26.32,25.76,26.32,25.62,148817,391491376.00,2.65,-2.61,-0.69,0.97
2020-09-17,26.76,26.05,27.50,25.93,417383,1133964560.00,6.09,1.13,0.29,2.73
2020-09-18,26.23,26.92,27.03,26.17,240513,652957344.00,3.30,3.34,0.87,1.57
2020-09-21,27.54,27.44,27.84,27.15,223780,624739248.00,2.56,1.93,0.52,1.46
2020-09-22,27.22,28.01,28.51,27.13,257362,730602352.00,5.03,2.08,0.57,1.68
2020-09-23,28.02,28.47,28.93,27.71,274496,791741360.00,4.36,1.64,0.46,1.79
2020-09-24,28.30,27.98,28.62,27.88,221302,632820080.00,2.60,-1.72,-0.49,1.45
2020-09-25,28.21,25.14,28.31,25.14,412908,1085739456.00,11.33,-10.15,-2.84,2.70
2020-09-28,25.57,23.74,25.79,22.90,702967,1727924128.00,11.50,-5.57,-1.40,4.60
2020-09-29,23.57,23.41,23.85,23.24,233821,561110912.00,2.57,-1.39,-0.33,1.53
2020-09-30,23.56,22.84,23.64,22.65,275126,646291056.00,4.23,-2.43,-0.57,1.80
2020-10-09,23.12,23.22,23.72,22.98,199486,476149904.00,3.24,1.66,0.38,1.30
2020-10-12,23.49,23.83,23.85,23.23,194725,468223376.00,2.67,2.63,0.61,1.27
2020-10-13,23.74,23.54,23.75,23.24,178991,427543392.00,2.14,-1.22,-0.29,1.17
2020-10-14,23.61,23.03,23.76,22.93,187372,443344640.00,3.53,-2.17,-0.51,1.22
2020-10-15,23.01,22.90,23.24,22.86,121550,284971024.00,1.65,-0.56,-0.13,0.79
2020-10-16,22.98,23.10,23.31,22.66,153800,360594432.00,2.84,0.87,0.20,1.01
2020-10-19,23.32,23.61,24.11,22.78,268104,641006288.00,5.76,2.21,0.51,1.75
2020-10-20,23.54,23.26,23.54,23.07,108896,257712392.00,1.99,-1.48,-0.35,0.71
2020-10-21,23.31,22.84,23.33,22.77,125469,293751184.00,2.41,-1.81,-0.42,0.82
2020-10-22,22.71,22.65,22.82,22.12,132593,304288912.00,3.06,-0.83,-0.19,0.87
2020-10-23,22.55,21.81,22.87,21.70,155547,351803184.00,5.17,-3.71,-0.84,1.02
2020-10-26,21.64,21.72,21.98,21.41,117113,259307979.00,2.61,-0.41,-0.09,0.77
2020-10-27,21.64,22.20,22.43,21.64,137657,309500688.00,3.64,2.21,0.48,0.90
2020-10-28,22.17,22.30,22.41,22.09,79734,180901783.00,1.44,0.45,0.10,0.52
2020-10-29,22.16,22.76,22.96,22.06,148547,342432032.00,4.04,2.06,0.46,0.97
2020-10-30,23.04,22.11,23.04,22.00,124516,284109552.00,4.57,-2.86,-0.65,0.81
2020-11-02,22.43,22.03,22.51,21.86,150355,340583376.00,2.94,-0.36,-0.08,0.98
2020-11-03,22.20,22.17,22.34,21.75,146447,329173264.00,2.68,0.64,0.14,0.96
2020-11-04,22.17,21.97,22.22,21.72,99925,223810433.00,2.26,-0.90,-0.20,0.65
2020-11-05,22.16,22.43,22.99,22.07,158254,362869456.00,4.19,2.09,0.46,1.03
2020-11-06,22.87,22.03,22.94,21.81,206339,465793552.00,5.04,-1.78,-0.40,1.35
2020-11-09,22.19,23.25,24.00,22.16,409845,965449632.00,8.35,5.54,1.22,2.68
2020-11-10,23.69,23.00,23.70,22.87,222875,528281072.00,3.57,-1.08,-0.25,1.46
2020-11-11,22.96,22.72,23.20,22.68,133886,312770848.00,2.26,-1.22,-0.28,0.88
2020-11-12,22.71,23.11,23.56,22.71,157045,370193904.00,3.74,1.72,0.39,1.03
2020-11-13,22.90,22.76,23.04,22.47,121341,280691424.00,2.47,-1.51,-0.35,0.79
2020-11-16,23.04,23.51,23.71,22.92,181882,432891216.00,3.47,3.30,0.75,1.19
2020-11-17,23.47,23.25,23.69,23.10,144803,344316848.00,2.51,-1.11,-0.26,0.95
2020-11-18,23.26,23.52,23.61,23.24,132761,316738016.00,1.59,1.16,0.27,0.87
2020-11-19,23.35,23.36,23.46,23.11,93997,222866153.00,1.49,-0.68,-0.16,0.61
2020-11-20,23.26,22.77,23.35,22.47,188067,435654960.00,3.77,-2.53,-0.59,1.23
2020-11-23,22.81,22.74,23.06,22.26,200748,463312656.00,3.51,-0.13,-0.03,1.31
2020-11-24,22.70,22.29,22.89,22.16,159928,366512256.00,3.21,-1.98,-0.45,1.05
2020-11-25,22.44,22.02,22.55,22.00,105117,238050367.00,2.47,-1.21,-0.27,0.69
2020-11-26,22.26,22.32,22.51,22.04,120150,273025280.00,2.13,1.36,0.30,0.79
2020-11-27,22.13,22.12,22.34,21.73,148048,331951232.00,2.73,-0.90,-0.20,0.97
2020-11-30,22.16,22.13,22.70,22.07,165802,378759040.00,2.85,0.05,0.01,1.08
2020-12-01,22.06,22.64,22.73,22.02,232947,532206016.00,3.21,2.30,0.51,1.52
2020-12-02,22.56,22.42,22.58,22.27,136997,313082000.00,1.37,-0.97,-0.22,0.90
2020-12-03,22.33,22.45,22.73,22.31,127736,293503664.00,1.87,0.13,0.03,0.84
2020-12-04,22.32,22.50,22.50,22.14,96668,219769884.00,1.60,0.22,0.05,0.63
2020-12-07,22.38,22.71,22.83,22.32,135723,312698784.00,2.27,0.93,0.21,0.89
2020-12-08,22.58,22.82,23.01,22.46,140819,327531392.00,2.42,0.48,0.11,0.92
2020-12-09,22.87,23.73,24.43,22.82,428613,1034506400.00,7.06,3.99,0.91,2.80
2020-12-10,23.84,23.98,24.16,23.56,255497,622246304.00,2.53,1.05,0.25,1.67
2020-12-11,24.13,24.07,24.24,23.77,236833,579750720.00,1.96,0.38,0.09,1.55
2020-12-14,24.45,24.68,24.81,24.06,257513,642079584.00,3.12,2.53,0.61,1.68
2020-12-15,24.56,24.72,24.88,24.35,202408,506624400.00,2.15,0.16,0.04,1.32
2020-12-16,24.86,24.54,24.88,24.44,175383,439724128.00,1.78,-0.73,-0.18,1.15
2020-12-17,24.51,24.49,24.81,24.14,203526,508556816.00,2.73,-0.20,-0.05,1.33
2020-12-18,24.47,25.29,25.58,24.35,287945,735370240.00,5.02,3.27,0.80,1.88
2020-12-21,25.84,25.74,26.09,25.49,227052,594863152.00,2.37,1.78,0.45,1.48
2020-12-22,25.67,25.17,25.99,25.17,205696,534895696.00,3.19,-2.21,-0.57,1.34
2020-12-23,25.14,25.46,25.64,25.14,164493,425714096.00,1.99,1.15,0.29,1.08
2020-12-24,25.42,24.39,25.50,23.77,221211,551618288.00,6.79,-4.20,-1.07,1.45
2020-12-25,24.40,24.29,24.57,24.09,98341,243895761.00,1.97,-0.41,-0.10,0.64
2020-12-28,24.17,23.74,24.21,23.40,157391,380577728.00,3.33,-2.26,-0.55,1.03
2020-12-29,23.81,23.28,23.88,23.28,107739,258134065.00,2.53,-1.94,-0.46,0.70
2020-12-30,23.26,23.28,23.59,23.02,96607,229601848.00,2.45,0.00,0.00,0.63
2020-12-31,23.25,23.88,23.96,23.09,148244,358345424.00,3.74,2.58,0.60,0.97