2017-01-03,23.41,23.35,23.55,23.16,17220,40262475.00,1.67,-0.30,-0.07,1.60
2017-01-04,23.35,24.14,24.40,23.25,59840,144009575.00,4.93,3.38,0.79,5.55
2017-01-05,24.00,23.89,24.20,23.72,23869,57070600.00,1.99,-1.04,-0.25,2.21
2017-01-06,23.85,24.10,24.24,23.72,26476,63617241.00,2.18,0.88,0.21,2.46
2017-01-09,24.04,24.14,24.17,23.66,26096,62542520.00,2.12,0.17,0.04,2.42
2017-01-10,24.14,23.82,24.21,23.80,18134,43501569.00,1.70,-1.33,-0.32,1.68
2017-01-11,23.80,23.60,23.96,23.60,16621,39487815.00,1.51,-0.92,-0.22,1.54
2017-01-12,23.55,22.94,23.73,22.91,22066,51178054.00,3.47,-2.80,-0.66,2.05
2017-01-13,22.91,22.60,23.23,22.41,22658,52082776.00,3.57,-1.48,-0.34,2.10
2017-01-16,22.59,22.26,22.65,21.00,33803,74451561.00,7.30,-1.50,-0.34,3.13
2017-01-17,22.20,22.53,22.60,22.06,14615,32745084.00,2.43,1.21,0.27,1.36
2017-01-18,22.59,23.01,23.24,22.42,19029,43838477.00,3.64,2.13,0.48,1.76
2017-01-19,22.81,22.78,23.20,22.68,10584,24295148.00,2.26,-1.00,-0.23,0.98
2017-01-20,22.93,23.47,23.64,22.78,21290,49645622.00,3.78,3.03,0.69,1.97
2017-01-23,23.52,23.31,23.63,23.10,14546,33960179.00,2.26,-0.68,-0.16,1.35
2017-01-24,23.45,23.18,23.46,23.10,13237,30784035.00,1.54,-0.56,-0.13,1.23
2017-01-25,23.08,23.16,23.27,22.70,12838,29535096.00,2.46,-0.09,-0.02,1.19
2017-01-26,23.15,23.42,23.58,23.14,9199,21514089.00,1.90,1.12,0.26,0.85
2017-02-03,23.42,23.86,23.86,23.22,15166,35677010.00,2.73,1.88,0.44,1.41
2017-02-06,23.62,24.73,26.00,23.61,62023,153314198.00,10.02,3.65,0.87,5.75
2017-02-07,24.59,24.68,25.00,24.33,27080,66836645.00,2.71,-0.20,-0.05,2.51
2017-02-08,24.68,24.72,25.18,24.41,33938,83944197.00,3.12,0.16,0.04,3.15
2017-02-09,24.72,24.79,25.50,24.70,32765,82207789.00,3.24,0.28,0.07,3.04
2017-02-10,24.70,24.52,24.78,24.15,28171,68771117.00,2.54,-1.09,-0.27,2.61
2017-02-13,24.23,25.30,25.34,24.23,38824,97076652.00,4.53,3.18,0.78,3.60
2017-02-14,25.23,25.09,26.17,25.08,49480,126200252.00,4.31,-0.83,-0.21,4.59
2017-02-15,25.30,25.29,26.20,25.00,58344,149614306.00,4.78,0.80,0.20,5.41
2017-02-16,25.23,25.50,26.00,24.50,46114,116972242.00,5.93,0.83,0.21,4.28
2017-02-17,25.30,24.63,25.46,24.63,34686,86682668.00,3.25,-3.41,-0.87,3.22
2017-02-20,24.63,25.60,25.68,24.51,36937,93256103.00,4.75,3.94,0.97,3.43
2017-02-21,25.55,26.09,26.26,25.41,47508,123263999.00,3.32,1.91,0.49,4.41
2017-02-22,26.00,26.03,26.39,25.71,31146,81104218.00,2.61,-0.23,-0.06,2.89
2017-02-23,26.03,25.52,26.29,25.35,28537,73214447.00,3.61,-1.96,-0.51,2.65
2017-02-24,25.46,25.45,25.56,24.96,29894,75426874.00,2.35,-0.27,-0.07,2.77
2017-02-27,25.40,25.10,25.50,24.98,19031,48015643.00,2.04,-1.38,-0.35,1.76
2017-02-28,25.14,25.02,25.55,24.95,26063,65575723.00,2.39,-0.32,-0.08,2.42
2017-03-01,25.14,25.10,25.20,24.87,21337,53471866.00,1.32,0.32,0.08,1.98
2017-03-02,25.10,25.63,25.70,25.03,28286,71855051.00,2.67,2.11,0.53,2.62
2017-03-03,25.50,25.35,25.52,24.89,27717,69696482.00,2.46,-1.09,-0.28,2.57
2017-03-06,25.40,25.32,25.52,25.06,24718,62303845.00,1.81,-0.12,-0.03,2.29
2017-03-07,25.40,25.08,25.88,24.94,32872,83326719.00,3.71,-0.95,-0.24,3.05
2017-03-08,25.01,24.40,25.14,24.38,36872,90967777.00,3.03,-2.71,-0.68,3.42
2017-03-09,24.23,24.38,24.47,24.01,26711,64612085.00,1.89,-0.08,-0.02,2.48
2017-03-10,24.31,24.19,24.48,24.15,16045,38997901.00,1.35,-0.78,-0.19,1.49
2017-03-13,24.22,24.66,24.80,24.02,20241,49343824.00,3.22,1.94,0.47,1.88
2017-03-14,24.66,24.69,24.87,24.47,12947,31911473.00,1.62,0.12,0.03,1.20
2017-03-15,24.85,25.40,25.77,24.60,39119,98283700.00,4.74,2.88,0.71,3.63
2017-03-16,25.28,25.74,26.25,25.20,54997,141746010.00,4.13,1.34,0.34,5.10
2017-03-17,25.61,25.40,25.99,25.30,34112,87333709.00,2.68,-1.32,-0.34,3.16
2017-03-20,25.26,26.40,26.50,25.00,61269,158063857.00,5.91,3.94,1.00,5.68
2017-03-21,26.28,26.46,27.12,26.13,59913,159586860.00,3.75,0.23,0.06,5.56
2017-03-22,26.26,26.52,26.95,26.11,49909,132723274.00,3.17,0.23,0.06,4.63
2017-03-23,26.52,26.00,26.83,25.53,54246,141876782.00,4.90,-1.96,-0.52,5.03
2017-03-24,26.03,25.70,26.25,25.44,51090,131293163.00,3.12,-1.15,-0.30,4.74
2017-03-27,25.70,25.45,25.98,25.36,30032,77117935.00,2.41,-0.97,-0.25,2.79
2017-03-28,25.41,25.38,25.54,24.85,32044,80475269.00,2.71,-0.28,-0.07,2.97
2017-03-29,25.20,24.92,25.48,24.80,23504,59019031.00,2.68,-1.81,-0.46,2.18
2017-03-30,24.81,25.45,25.48,24.80,36395,91688338.00,2.73,2.13,0.53,3.38
2017-03-31,24.92,25.50,25.70,24.75,38612,97539080.00,3.73,0.20,0.05,3.58
2017-04-05,25.52,26.49,26.50,25.33,47269,123131145.00,4.59,3.88,0.99,4.38
2017-04-06,26.36,26.63,26.90,26.11,44020,116721561.00,2.98,0.53,0.14,4.08
2017-04-07,26.51,26.51,26.64,25.96,41797,109826794.00,2.55,-0.45,-0.12,3.88
2017-04-10,26.67,26.12,26.93,25.93,57010,150929873.00,3.77,-1.47,-0.39,5.29
2017-04-11,26.34,27.39,27.48,26.05,66294,178564824.00,5.47,4.86,1.27,6.15
2017-04-12,27.39,26.66,27.39,26.38,38871,104371255.00,3.69,-2.67,-0.73,3.60
2017-04-13,26.40,26.44,27.10,26.11,34884,93166463.00,3.71,-0.83,-0.22,3.24
2017-04-14,26.10,25.74,26.45,25.41,52165,134290455.00,3.93,-2.65,-0.70,4.84
2017-04-17,25.70,25.50,25.70,25.10,29020,73664400.00,2.33,-0.93,-0.24,2.69
2017-04-18,25.40,25.31,25.84,25.11,22402,56873812.00,2.86,-0.75,-0.19,2.08
2017-04-19,25.15,25.24,25.39,24.30,36560,90443938.00,4.31,-0.28,-0.07,3.39
2017-04-20,24.90,25.42,25.54,24.90,28716,72544243.00,2.54,0.71,0.18,2.66
2017-04-21,25.42,25.14,25.74,24.58,22549,56835083.00,4.56,-1.10,-0.28,2.09
2017-04-24,25.08,24.49,25.08,24.30,16356,40215787.00,3.10,-2.59,-0.65,1.52
2017-04-25,24.35,23.93,24.78,23.90,32634,79129195.00,3.59,-2.29,-0.56,3.03
2017-04-26,23.65,23.73,23.95,22.98,39635,92740456.00,4.05,-0.84,-0.20,3.68
2017-04-27,23.42,23.82,23.94,23.01,19709,46171171.00,3.92,0.38,0.09,1.83
2017-04-28,23.88,24.26,24.45,23.88,13301,32176453.00,2.39,1.85,0.44,1.23
2017-05-02,24.38,24.05,24.38,23.81,12213,29337543.00,2.35,-0.87,-0.21,1.13
2017-05-03,24.29,23.74,24.30,23.42,30500,72191704.00,3.66,-1.29,-0.31,2.83
2017-05-04,24.00,23.50,24.00,23.32,21523,50705761.00,2.86,-1.01,-0.24,2.00
2017-05-05,23.33,23.36,23.60,23.23,10861,25470592.00,1.57,-0.60,-0.14,1.01
2017-05-08,23.36,22.93,23.37,22.93,13873,32070660.00,1.88,-1.84,-0.43,1.29
2017-05-09,22.81,22.92,23.15,22.61,11190,25625401.00,2.35,-0.04,-0.01,1.04
2017-05-10,22.93,22.93,23.50,22.88,16457,38166842.00,2.71,0.04,0.01,1.53
2017-05-11,22.93,22.76,22.93,22.02,11571,25988181.00,3.97,-0.74,-0.17,1.07
2017-05-12,22.71,22.75,23.15,22.27,10947,24724398.00,3.87,-0.04,-0.01,1.02
2017-05-15,22.99,22.55,22.99,22.54,5987,13588983.00,1.98,-0.88,-0.20,0.56
2017-05-16,22.69,22.68,22.72,22.05,28295,63069605.00,2.97,0.58,0.13,2.62
2017-05-17,22.60,22.62,22.80,22.36,15507,35066019.00,1.94,-0.26,-0.06,1.44
2017-05-18,22.62,22.95,23.07,22.40,14390,32822292.00,2.96,1.46,0.33,1.33
2017-05-19,22.89,22.80,23.05,22.59,11224,25581189.00,2.00,-0.65,-0.15,1.04
2017-05-22,22.63,22.00,22.78,21.70,19765,43724849.00,4.74,-3.51,-0.80,1.83
2017-05-23,21.68,19.80,21.99,19.80,51749,105571018.00,9.95,-10.00,-2.20,4.80
2017-05-24,19.01,18.80,19.49,18.40,33896,63472387.00,5.51,-5.05,-1.00,3.14
2017-05-25,18.60,19.01,19.17,18.30,38126,71010293.00,4.63,1.12,0.21,3.54
2017-05-26,18.91,18.47,19.43,18.40,23316,43757888.00,5.42,-2.84,-0.54,2.16
2017-05-31,18.61,18.35,18.89,18.34,11395,21085417.00,2.98,-0.65,-0.12,1.06
2017-06-01,18.05,17.78,18.24,17.70,31465,56197926.00,2.94,-3.11,-0.57,2.92
2017-06-02,17.76,18.33,18.59,16.53,19827,35860037.00,11.59,3.09,0.55,1.84
2017-06-05,18.30,18.33,18.71,18.22,7536,13890342.00,2.67,0.00,0.00,0.70
2017-06-06,18.36,18.48,18.58,18.17,7502,13801301.00,2.24,0.82,0.15,0.70
2017-06-07,18.50,18.89,19.00,18.36,18480,34603088.00,3.46,2.22,0.41,1.71
2017-06-08,18.89,18.73,18.97,18.66,9801,18413387.00,1.64,-0.85,-0.16,0.91
2017-06-09,18.73,19.45,19.55,18.69,20734,39680178.00,4.59,3.84,0.72,1.92
2017-06-12,19.45,18.69,19.45,18.62,15088,28607722.00,4.27,-3.91,-0.76,1.40
2017-06-13,18.69,18.95,19.05,18.51,6285,11859679.00,2.89,1.39,0.26,0.58
2017-06-14,19.01,18.72,19.01,18.62,6024,11329706.00,2.06,-1.21,-0.23,0.56
2017-06-15,18.78,18.95,19.12,18.68,7471,14110560.00,2.35,1.23,0.23,0.69
2017-06-16,18.90,18.20,18.90,18.12,17080,31460862.00,4.12,-3.96,-0.75,1.58
2017-06-19,18.30,18.41,18.47,18.20,12528,23046897.00,1.48,1.15,0.21,1.16
2017-06-20,18.42,18.08,18.70,17.88,27124,49542692.00,4.45,-1.79,-0.33,2.52
2017-06-21,18.09,18.06,18.20,17.68,21896,39263479.00,2.88,-0.11,-0.02,2.03
2017-06-22,18.15,17.54,18.29,17.48,21579,38811064.00,4.49,-2.88,-0.52,2.00
2017-06-23,17.45,17.38,17.48,16.83,28147,48267047.00,3.71,-0.91,-0.16,2.61
2017-06-26,17.47,17.54,17.54,17.19,16597,28895175.00,2.01,0.92,0.16,1.54
2017-06-27,17.54,17.88,17.91,17.49,21566,38274883.00,2.39,1.94,0.34,2.00
2017-06-28,17.80,17.50,17.80,17.50,13765,24272927.00,1.68,-2.13,-0.38,1.28
2017-06-29,17.50,17.44,17.85,17.33,16181,28394536.00,2.97,-0.34,-0.06,1.50
2017-06-30,17.28,17.26,17.44,17.10,10166,17562084.00,1.95,-1.03,-0.18,0.94
2017-07-03,17.35,17.65,17.65,17.25,17914,31299247.00,2.32,2.26,0.39,1.66
2017-07-04,17.66,17.45,17.79,17.37,11418,19959650.00,2.38,-1.13,-0.20,1.06
2017-07-05,17.45,17.44,17.57,17.11,15477,26913269.00,2.64,-0.06,-0.01,1.44
2017-07-06,17.47,17.45,17.85,17.41,29836,52362516.00,2.52,0.06,0.01,2.77
2017-07-07,17.45,18.18,18.22,17.37,30321,54206949.00,4.87,4.18,0.73,2.81
2017-07-10,18.30,18.91,19.68,18.13,47066,89064859.00,8.53,4.02,0.73,4.36
2017-07-11,18.93,18.46,18.96,18.33,18075,33580744.00,3.33,-2.38,-0.45,1.68
2017-07-12,18.46,18.23,18.58,17.97,26623,48348806.00,3.30,-1.25,-0.23,2.47
2017-07-13,18.30,18.48,18.66,17.98,21290,39090689.00,3.73,1.37,0.25,1.97
2017-07-14,18.29,18.25,18.35,17.90,13502,24413538.00,2.44,-1.24,-0.23,1.25
2017-07-17,16.69,16.95,17.79,16.69,36545,62514180.00,6.03,-7.12,-1.30,3.39
2017-07-18,16.99,17.27,17.41,16.85,12050,20667309.00,3.30,1.89,0.32,1.12
2017-07-19,17.47,17.38,17.49,17.21,11272,19541793.00,1.62,0.64,0.11,1.05
2017-07-20,17.25,18.00,18.19,17.25,16217,28918411.00,5.41,3.57,0.62,1.50
2017-07-21,18.01,18.20,18.29,17.80,11763,21257735.00,2.72,1.11,0.20,1.09
2017-07-24,18.15,18.15,18.27,17.88,18246,32911564.00,2.14,-0.27,-0.05,1.69
2017-07-25,18.16,17.74,18.25,17.69,13338,23827585.00,3.09,-2.26,-0.41,1.24
2017-07-26,17.71,17.28,17.90,17.01,12553,21842521.00,5.02,-2.59,-0.46,1.16
2017-07-27,17.35,17.45,17.55,17.04,11080,19244703.00,2.95,0.98,0.17,1.03
2017-07-28,17.45,17.22,17.55,17.17,8310,14382522.00,2.18,-1.32,-0.23,0.77
2017-07-31,17.38,17.25,17.38,17.12,10611,18298182.00,1.51,0.17,0.03,0.98
2017-08-01,17.29,17.22,17.29,17.00,11881,20354539.00,1.68,-0.17,-0.03,1.10
2017-08-02,17.28,16.65,17.28,16.60,26433,44419926.00,3.95,-3.31,-0.57,2.45
2017-08-03,16.58,16.47,16.76,16.28,21069,34704719.00,2.88,-1.08,-0.18,1.95
2017-08-04,16.45,16.92,17.06,16.35,21944,36919778.00,4.31,2.73,0.45,2.04
2017-08-07,17.00,16.73,17.02,16.60,11164,18671611.00,2.48,-1.12,-0.19,1.04
2017-08-08,16.73,16.56,16.80,16.01,25903,42299354.00,4.72,-1.02,-0.17,2.40
2017-08-09,16.49,16.36,16.49,16.20,10357,16910375.00,1.75,-1.21,-0.20,0.96
2017-08-10,16.31,16.43,16.46,16.12,12894,21032597.00,2.08,0.43,0.07,1.20
2017-08-11,16.42,16.25,16.58,16.16,10366,17015554.00,2.56,-1.10,-0.18,0.96
2017-08-14,16.23,16.35,16.50,16.20,13750,22368739.00,1.85,0.62,0.10,1.28
2017-08-15,16.28,16.39,16.39,16.22,12544,20437054.00,1.04,0.24,0.04,1.16
2017-08-16,16.33,16.48,16.48,16.20,17305,28330356.00,1.71,0.55,0.09,1.60
2017-08-17,16.52,16.90,16.93,16.42,24789,41529753.00,3.09,2.55,0.42,2.30
2017-08-18,16.91,16.95,16.99,16.68,18458,31102210.00,1.83,0.30,0.05,1.71
2017-08-21,16.99,17.67,17.75,16.84,28355,49068475.00,5.37,4.25,0.72,2.63
2017-08-22,17.68,17.23,17.70,17.21,13777,23906758.00,2.77,-2.49,-0.44,1.28
2017-08-23,17.39,17.16,17.43,17.00,9423,16218338.00,2.50,-0.41,-0.07,0.87
2017-08-24,17.19,17.03,17.24,16.90,9831,16796936.00,1.98,-0.76,-0.13,0.91
2017-08-25,17.03,17.20,17.33,16.96,9262,15954601.00,2.17,1.00,0.17,0.86
2017-08-28,17.15,17.37,17.37,16.63,24777,42216964.00,4.30,0.99,0.17,2.30
2017-08-29,17.30,17.58,17.88,17.10,27578,47998897.00,4.49,1.21,0.21,2.56
2017-08-30,17.45,17.01,17.57,17.01,23465,40429166.00,3.19,-3.24,-0.57,2.18
2017-08-31,17.02,17.08,17.15,16.99,8563,14611554.00,0.94,0.41,0.07,0.79
2017-09-01,17.08,17.03,17.14,16.96,9678,16471758.00,1.05,-0.29,-0.05,0.90
2017-09-04,17.05,17.21,17.47,17.05,15201,26283551.00,2.47,1.06,0.18,1.41
2017-09-05,17.21,17.21,17.35,16.95,13902,23749771.00,2.32,0.00,0.00,1.29
2017-09-06,17.03,17.24,17.39,16.97,14947,25753995.00,2.44,0.17,0.03,1.39
2017-09-07,17.16,17.90,18.37,17.10,48835,86868419.00,7.37,3.83,0.66,4.53
2017-09-08,17.73,17.91,18.06,17.55,26586,47476392.00,2.85,0.06,0.01,2.47
2017-09-11,17.92,17.80,17.95,17.59,22736,40276979.00,2.01,-0.61,-0.11,2.11
2017-09-12,17.72,17.55,17.93,17.55,25197,44692763.00,2.13,-1.40,-0.25,2.34
2017-09-13,17.55,17.64,17.73,17.50,9259,16291852.00,1.31,0.51,0.09,0.86
2017-09-14,17.75,17.79,17.79,17.51,12931,22874647.00,1.59,0.85,0.15,1.20
2017-09-15,17.88,18.10,18.55,17.63,26326,47613610.00,5.17,1.74,0.31,2.44
2017-09-18,17.95,19.03,19.20,17.93,46701,87872386.00,7.02,5.14,0.93,4.33
2017-09-19,18.81,19.01,19.30,18.52,31325,58942414.00,4.10,-0.11,-0.02,2.91
2017-09-20,18.75,19.01,19.40,18.75,23585,45089409.00,3.42,0.00,0.00,2.19
2017-09-21,19.08,18.63,19.10,18.43,19932,37226168.00,3.52,-2.00,-0.38,1.85
2017-09-22,18.61,18.37,18.76,18.36,11060,20467675.00,2.15,-1.40,-0.26,1.03
2017-09-25,18.48,17.94,18.48,17.87,13380,24200096.00,3.32,-2.34,-0.43,1.24
2017-09-26,17.90,17.80,18.06,17.65,11763,20876281.00,2.29,-0.78,-0.14,1.09
2017-09-27,17.80,17.87,17.92,17.73,8000,14263464.00,1.07,0.39,0.07,0.74
2017-09-28,17.85,17.76,17.96,17.72,8255,14723557.00,1.34,-0.62,-0.11,0.77
2017-09-29,17.79,18.20,18.22,17.75,11613,20972109.00,2.65,2.48,0.44,1.08
2017-10-09,18.46,18.52,18.58,18.06,14677,26924716.00,2.86,1.76,0.32,1.36
2017-10-10,18.49,18.50,18.55,18.26,14079,25933813.00,1.57,-0.11,-0.02,1.31
2017-10-11,18.45,19.07,19.11,18.33,23714,44598774.00,4.22,3.08,0.57,2.20
2017-10-12,18.99,18.65,19.20,18.62,14977,28139748.00,3.04,-2.20,-0.42,1.39
2017-10-13,18.65,19.64,20.50,18.18,59298,113028256.00,12.44,5.31,0.99,5.50
2017-10-16,19.44,18.85,19.46,18.85,24195,46129401.00,3.11,-4.02,-0.79,2.24
2017-10-17,18.87,18.69,19.01,18.57,12100,22675970.00,2.33,-0.85,-0.16,1.12
2017-10-18,18.60,19.34,19.89,18.60,37283,72172523.00,6.90,3.48,0.65,3.46
2017-10-19,19.28,20.30,20.35,18.80,54335,107440767.00,8.01,4.96,0.96,5.04
2017-10-20,20.13,19.92,20.13,19.63,30081,59697193.00,2.46,-1.87,-0.38,2.79
2017-10-23,19.90,20.14,20.50,19.76,38877,78582673.00,3.71,1.10,0.22,3.61
2017-10-24,20.04,19.49,20.04,19.20,26624,51947869.00,4.17,-3.23,-0.65,2.47
2017-10-25,19.33,20.19,20.45,19.33,34314,68613915.00,5.75,3.59,0.70,3.18
2017-10-26,20.19,19.87,20.19,19.39,27681,54448875.00,3.96,-1.58,-0.32,2.57
2017-10-27,19.89,20.88,21.86,19.06,88705,182355167.00,14.09,5.08,1.01,8.23
2017-10-30,20.40,20.43,20.60,19.90,43380,87610425.00,3.35,-2.16,-0.45,4.02
2017-10-31,20.27,19.96,20.27,19.59,34454,68456891.00,3.33,-2.30,-0.47,3.20
2017-11-01,19.78,19.14,20.13,19.11,37718,73532927.00,5.11,-4.11,-0.82,3.50
2017-11-02,18.91,17.75,19.00,17.52,43902,79335086.00,7.73,-7.26,-1.39,4.07
2017-11-03,17.63,16.66,17.63,16.62,42079,71567943.00,5.69,-6.14,-1.09,3.90
2017-11-06,16.50,16.81,16.97,16.31,16904,28426711.00,3.96,0.90,0.15,1.57
2017-11-07,16.86,16.92,16.97,16.61,12409,20841360.00,2.14,0.65,0.11,1.15
2017-11-08,16.91,16.73,16.94,16.68,18444,30960109.00,1.54,-1.12,-0.19,1.71
2017-11-09,16.71,16.72,16.93,16.50,23397,39209137.00,2.57,-0.06,-0.01,2.17
2017-11-10,16.74,17.13,17.50,16.55,35477,60266761.00,5.68,2.45,0.41,3.29
2017-11-13,16.92,16.79,16.94,16.75,18679,31470831.00,1.11,-1.98,-0.34,1.73
2017-11-14,16.89,16.81,17.05,16.71,17880,30191465.00,2.03,0.12,0.02,1.66
2017-11-15,16.73,16.11,16.88,16.11,25990,42916426.00,4.58,-4.16,-0.70,2.41
2017-11-16,16.09,16.35,16.67,15.52,22496,36615417.00,7.14,1.49,0.24,2.09
2017-11-17,16.25,15.10,16.40,14.73,31767,48926927.00,10.21,-7.65,-1.25,2.95
2017-11-20,15.08,14.88,15.18,14.75,25609,38169416.00,2.85,-1.46,-0.22,2.37
2017-11-21,14.88,14.68,14.99,14.41,31152,45694197.00,3.90,-1.34,-0.20,2.89
2017-11-22,14.70,14.49,14.70,14.27,23953,34621351.00,2.93,-1.29,-0.19,2.22
2017-11-23,14.46,13.37,14.46,13.11,33360,46197131.00,9.32,-7.73,-1.12,3.09
2017-11-24,13.38,13.29,13.53,13.21,21501,28673369.00,2.39,-0.60,-0.08,1.99
2017-11-27,13.30,13.09,13.38,13.00,15563,20546536.00,2.86,-1.50,-0.20,1.44
2017-11-28,13.10,13.19,13.30,13.09,17823,23479215.00,1.60,0.76,0.10,1.65
2017-11-29,13.25,13.21,13.27,13.08,17238,22739938.00,1.44,0.15,0.02,1.60
2017-11-30,13.26,13.15,13.26,13.00,18752,24573426.00,1.97,-0.45,-0.06,1.74
2017-12-01,13.14,13.55,13.73,13.05,29884,40098180.00,5.17,3.04,0.40,2.77
2017-12-04,13.48,13.11,13.54,13.07,24399,32186982.00,3.47,-3.25,-0.44,2.26
2017-12-05,13.10,12.76,13.18,12.62,19778,25691509.00,4.27,-2.67,-0.35,1.83
2017-12-06,12.80,12.75,12.88,12.39,17066,21470908.00,3.84,-0.08,-0.01,1.58
2017-12-07,12.70,12.58,12.73,12.49,13011,16396953.00,1.88,-1.33,-0.17,1.21
2017-12-08,12.60,12.84,12.95,12.59,13555,17362676.00,2.86,2.07,0.26,1.26
2017-12-11,12.84,12.94,13.14,12.80,14539,18884085.00,2.65,0.78,0.10,1.35
2017-12-12,13.00,12.76,13.03,12.75,12190,15703160.00,2.16,-1.39,-0.18,1.13
2017-12-13,12.76,13.09,13.09,12.68,15491,20102103.00,3.21,2.59,0.33,1.44
2017-12-14,13.06,13.25,13.26,12.99,14592,19208279.00,2.06,1.22,0.16,1.35
2017-12-15,13.25,13.37,13.41,13.10,18661,24809462.00,2.34,0.91,0.12,1.73
2017-12-18,13.42,13.11,13.42,13.02,12229,16111406.00,2.99,-1.94,-0.26,1.13
2017-12-19,13.11,13.18,13.33,13.11,7978,10540355.00,1.68,0.53,0.07,0.74
2017-12-20,13.25,12.80,13.25,12.75,12839,16626571.00,3.79,-2.88,-0.38,1.19
2017-12-21,12.86,12.91,13.02,12.50,11794,15037612.00,4.06,0.86,0.11,1.09
2017-12-22,12.94,12.74,12.98,12.73,9295,11947866.00,1.94,-1.32,-0.17,0.86
2017-12-25,12.64,12.29,12.90,12.23,17529,21747335.00,5.26,-3.53,-0.45,1.63
2017-12-26,12.28,12.50,12.55,12.23,12043,14965187.00,2.60,1.71,0.21,1.12
2017-12-27,12.50,12.40,12.65,12.40,11864,14844445.00,2.00,-0.80,-0.10,1.10
2017-12-28,12.44,12.38,12.52,12.29,12155,15074848.00,1.85,-0.16,-0.02,1.13
2017-12-29,12.42,12.41,12.44,12.17,16065,19794643.00,2.18,0.24,0.03,1.49