2021-01-04,1213.09,1237.69,1249.84,1203.62,925908,1564823360.00,3.83,2.57,31.02,2.93
2021-01-05,1225.19,1224.86,1246.37,1209.82,690411,1153833824.00,2.95,-1.04,-12.83,2.19
2021-01-06,1232.67,1243.51,1271.59,1225.92,841494,1429317360.00,3.73,1.52,18.65,2.67
2021-01-07,1230.28,1228.47,1238.21,1208.79,620718,1036809616.00,2.37,-1.21,-15.04,1.97
2021-01-08,1229.73,1179.38,1229.73,1172.09,594054,949077936.00,4.69,-4.00,-49.09,1.88
2021-01-11,1179.81,1175.78,1203.51,1168.39,479730,770747888.00,2.98,-0.31,-3.60,1.52
2021-01-12,1169.21,1170.99,1181.59,1135.28,562772,871615536.00,3.94,-0.41,-4.79,1.78
2021-01-13,1190.35,1147.65,1196.83,1147.22,524679,845590448.00,4.24,-1.99,-23.34,1.66
2021-01-14,1139.14,1102.28,1139.14,1075.77,652489,1001409296.00,5.52,-3.95,-45.37,2.07
2021-01-15,1083.12,1117.20,1125.00,1083.12,419980,621230160.00,3.80,1.35,14.92,1.33
2021-01-18,1122.79,1127.74,1140.32,1118.70,323746,493580487.00,1.94,0.94,10.54,1.03
2021-01-19,1126.74,1101.36,1126.74,1097.94,313758,468785308.00,2.55,-2.34,-26.38,0.99
2021-01-20,1093.07,1109.23,1117.99,1089.08,251082,370737205.00,2.62,0.71,7.87,0.80
2021-01-21,1106.67,1110.78,1120.64,1100.01,266371,401022720.00,1.86,0.14,1.55,0.84
2021-01-22,1110.78,1076.53,1110.78,1075.56,408201,604901360.00,3.17,-3.08,-34.25,1.29
2021-01-25,1070.82,1095.07,1097.38,1057.09,392953,575450992.00,3.74,1.72,18.54,1.25
2021-01-26,1083.44,1065.64,1091.16,1064.27,304765,447407013.00,2.46,-2.69,-29.43,0.97
2021-01-27,1062.04,1061.24,1074.01,1051.11,348557,501607974.00,2.15,-0.41,-4.40,1.10
2021-01-28,1047.09,1053.29,1081.95,1045.35,351143,525030602.00,3.45,-0.75,-7.95,1.11
2021-01-29,1057.89,1012.31,1057.89,1001.92,382702,547423086.00,5.31,-3.89,-40.98,1.21
2021-02-01,1007.41,1025.36,1027.03,983.05,273803,384593785.00,4.34,1.29,13.05,0.87
2021-02-02,1021.08,1008.41,1022.34,991.38,326897,425885468.00,3.02,-1.65,-16.95,1.04
2021-02-03,1006.58,1005.78,1021.33,999.70,277649,386428761.00,2.14,-0.26,-2.63,0.88
2021-02-04,997.56,966.57,997.56,958.10,359233,465717861.00,3.92,-3.90,-39.21,1.14
2021-02-05,967.90,937.09,985.45,935.88,317808,409049655.00,5.13,-3.05,-29.48,1.01
2021-02-08,935.74,940.97,949.81,920.75,308029,407528689.00,3.10,0.41,3.88,0.98
2021-02-09,942.01,964.90,972.40,940.05,242572,320186041.00,3.44,2.54,23.93,0.77
2021-02-10,963.57,979.41,979.41,958.65,230794,303859597.00,2.15,1.50,14.51,0.73
2021-02-18,994.57,1003.56,1020.79,994.45,358549,484987018.00,2.69,2.47,24.15,1.14
2021-02-19,1006.52,1054.65,1055.93,1006.52,537140,766071840.00,4.92,5.09,51.09,1.70
2021-02-22,1085.93,1072.68,1103.26,1065.13,874279,1272538368.00,3.62,1.71,18.03,2.77
2021-02-23,1069.39,1038.93,1069.39,1034.58,440946,625666480.00,3.25,-3.15,-33.75,1.40
2021-02-24,1038.62,1035.88,1056.83,1024.84,278150,391884077.00,3.08,-0.29,-3.05,0.88
2021-02-25,1038.50,1038.90,1047.21,1015.49,268255,370806895.00,3.06,0.29,3.02,0.85
2021-02-26,1020.83,1049.74,1059.92,1017.97,378906,540340042.00,4.04,1.04,10.84,1.20
2021-03-01,1045.96,1068.62,1084.97,1037.74,413829,613572682.00,4.50,1.80,18.88,1.31
2021-03-02,1065.47,1056.86,1065.47,1043.61,339449,501370749.00,2.05,-1.10,-11.76,1.08
2021-03-03,1063.56,1068.15,1083.41,1063.37,382821,571175604.00,1.90,1.07,11.29,1.21
2021-03-04,1058.22,1037.19,1058.22,1035.89,303772,436328191.00,2.09,-2.90,-30.96,0.96
2021-03-05,1037.00,1046.57,1054.01,1027.69,296728,436127800.00,2.54,0.90,9.38,0.94
2021-03-08,1042.37,1005.45,1051.04,999.69,356649,481762740.00,4.91,-3.93,-41.12,1.13
2021-03-09,1002.28,960.94,1002.28,947.76,322077,421836423.00,5.42,-4.43,-44.51,1.02
2021-03-10,967.12,940.48,967.12,935.12,242037,322581865.00,3.33,-2.13,-20.46,0.77
2021-03-11,942.11,949.91,950.66,932.97,192783,254134769.00,1.88,1.00,9.43,0.61
2021-03-12,950.97,951.00,963.22,932.06,210693,276069128.00,3.28,0.11,1.09,0.67
2021-03-15,947.96,946.50,954.88,937.92,172003,224205931.00,1.78,-0.47,-4.50,0.55
2021-03-16,949.78,939.93,950.40,933.18,168941,209461928.00,1.82,-0.69,-6.57,0.54
2021-03-17,941.88,970.36,971.86,941.88,348224,452715957.00,3.19,3.24,30.43,1.10
2021-03-18,964.08,955.81,964.08,951.02,208565,271092856.00,1.35,-1.50,-14.55,0.66
2021-03-19,958.22,949.52,963.92,944.11,179351,239163518.00,2.07,-0.66,-6.29,0.57
2021-03-22,952.67,977.63,980.61,946.35,302175,383966427.00,3.61,2.96,28.11,0.96
2021-03-23,973.93,993.11,1001.84,972.16,384321,523235752.00,3.04,1.58,15.48,1.22
2021-03-24,987.66,980.96,995.63,977.67,253734,347329110.00,1.81,-1.22,-12.15,0.80
2021-03-25,987.22,984.17,1007.23,982.62,238698,331010936.00,2.51,0.33,3.21,0.76
2021-03-26,979.32,982.05,987.00,973.50,202377,271749539.00,1.37,-0.22,-2.12,0.64
2021-03-29,981.16,976.91,983.82,972.45,168192,228568297.00,1.16,-0.52,-5.14,0.53
2021-03-30,977.04,959.62,979.52,951.98,256514,330141358.00,2.82,-1.77,-17.29,0.81
2021-03-31,959.90,954.91,959.90,947.89,139038,183556760.00,1.25,-0.49,-4.71,0.44
2021-04-01,968.69,957.48,972.84,955.30,146731,193784281.00,1.84,0.27,2.57,0.46
2021-04-02,952.72,952.14,954.72,943.34,162293,207175690.00,1.19,-0.56,-5.34,0.51
2021-04-06,953.82,952.59,955.13,949.73,131805,168525124.00,0.57,0.05,0.45,0.42
2021-04-07,950.50,945.57,950.50,937.65,176553,221674119.00,1.35,-0.74,-7.02,0.56
2021-04-08,939.11,938.39,944.06,936.42,167184,215884375.00,0.81,-0.76,-7.18,0.53
2021-04-09,938.81,930.30,939.43,928.95,158094,200778569.00,1.12,-0.86,-8.09,0.50
2021-04-12,928.49,925.36,937.20,923.42,139542,176971241.00,1.48,-0.53,-4.94,0.44
2021-04-13,924.46,945.30,945.30,917.59,248236,313972327.00,2.99,2.15,19.94,0.79
2021-04-14,940.06,933.47,940.06,928.96,143574,180450338.00,1.17,-1.25,-11.83,0.45
2021-04-15,931.82,920.59,931.82,916.55,141454,172033599.00,1.64,-1.38,-12.88,0.45
2021-04-16,920.59,924.49,926.29,918.19,118914,152207051.00,0.88,0.42,3.90,0.38
2021-04-19,922.39,932.59,933.34,916.84,183851,228924954.00,1.78,0.88,8.10,0.58
2021-04-20,930.04,924.35,940.08,923.45,198251,247197044.00,1.78,-0.88,-8.24,0.63
2021-04-21,920.75,920.15,923.00,917.90,135655,164019516.00,0.55,-0.45,-4.20,0.43
2021-04-22,921.20,921.06,925.86,915.96,158208,194281964.00,1.08,0.10,0.91,0.50
2021-04-23,927.96,937.56,943.11,927.96,339379,411122116.00,1.64,1.79,16.50,1.08
2021-04-26,943.29,948.76,958.95,934.75,406801,502126818.00,2.58,1.19,11.20,1.29
2021-04-27,956.68,953.10,958.17,939.98,308563,393921289.00,1.92,0.46,4.34,0.98
2021-04-28,941.28,915.98,941.28,911.07,384352,465187453.00,3.17,-3.89,-37.12,1.22
2021-04-29,912.94,909.69,914.05,905.02,216633,261614501.00,0.99,-0.69,-6.29,0.69
2021-04-30,910.90,914.52,919.45,908.96,180780,226798490.00,1.15,0.53,4.83,0.57
2021-05-06,913.62,989.99,994.21,913.62,1024574,1306414368.00,8.81,8.25,75.47,3.25
2021-05-07,987.79,999.17,1018.89,976.60,865816,1110971936.00,4.27,0.93,9.18,2.74
2021-05-10,988.75,1024.44,1034.71,978.96,767269,991230640.00,5.58,2.53,25.27,2.43
2021-05-11,1005.52,1024.64,1050.97,1005.52,638358,892354608.00,4.44,0.02,0.20,2.02
2021-05-12,1014.13,1081.51,1102.31,1014.13,1208051,1703503456.00,8.61,5.55,56.87,3.83
2021-05-13,1056.34,1037.07,1058.99,1022.37,843300,1154989152.00,3.39,-4.11,-44.44,2.67
2021-05-14,1028.06,1024.88,1034.50,1011.68,551535,731794896.00,2.20,-1.18,-12.19,1.75
2021-05-17,1018.68,1032.40,1035.11,1008.92,491587,650283306.00,2.56,0.73,7.52,1.56
2021-05-18,1030.56,1041.73,1052.51,1009.22,549287,711178060.00,4.19,0.90,9.33,1.74
2021-05-19,1031.96,1019.01,1038.65,1017.84,362606,480160569.00,2.00,-2.18,-22.72,1.15
2021-05-20,1002.80,1017.80,1022.78,999.82,375312,478440949.00,2.25,-0.12,-1.21,1.19
2021-05-21,1015.10,1007.54,1038.73,1006.01,358902,465739932.00,3.21,-1.01,-10.26,1.14
2021-05-24,1025.01,984.13,1028.35,979.24,545969,676912226.00,4.87,-2.32,-23.41,1.73
2021-05-25,976.99,983.71,983.85,967.12,380585,496402129.00,1.70,-0.04,-0.42,1.21
2021-05-26,979.85,990.05,994.13,976.03,315077,403831565.00,1.84,0.64,6.34,1.00
2021-05-27,987.16,976.94,989.16,974.30,329272,433835894.00,1.50,-1.32,-13.11,1.04
2021-05-28,980.44,967.88,984.29,965.73,310278,382786467.00,1.90,-0.93,-9.06,0.98
2021-05-31,966.68,980.04,985.52,960.45,340278,419946858.00,2.59,1.26,12.16,1.08
2021-06-01,979.60,988.97,996.99,974.32,365737,463479845.00,2.31,0.91,8.93,1.16
2021-06-02,989.29,977.53,992.46,974.76,302815,384549244.00,1.79,-1.16,-11.44,0.96
2021-06-03,974.71,971.15,977.53,967.84,236248,301440696.00,0.99,-0.65,-6.38,0.75
2021-06-04,975.68,974.69,989.50,973.30,316023,408614219.00,1.67,0.36,3.54,1.00
2021-06-07,968.97,950.27,968.97,948.00,403454,512497302.00,2.15,-2.51,-24.42,1.28
2021-06-08,951.53,954.36,961.92,949.01,226732,286361960.00,1.36,0.43,4.09,0.72
2021-06-09,954.05,949.00,957.52,945.22,189177,231653200.00,1.29,-0.56,-5.36,0.60
2021-06-10,946.47,949.23,949.68,939.97,202561,249744171.00,1.02,0.02,0.23,0.64
2021-06-11,947.67,947.54,957.91,945.54,212104,263832690.00,1.30,-0.18,-1.69,0.67
2021-06-15,941.86,934.73,941.89,933.42,171104,212181212.00,0.89,-1.35,-12.81,0.54
2021-06-16,936.96,933.06,946.95,931.24,194105,242651239.00,1.68,-0.18,-1.67,0.62
2021-06-17,929.28,922.89,934.55,920.62,183038,220372421.00,1.49,-1.09,-10.17,0.58
2021-06-18,918.70,934.79,934.79,911.45,192862,231715852.00,2.53,1.29,11.90,0.61
2021-06-21,935.50,942.06,948.69,935.50,182776,231543873.00,1.41,0.78,7.27,0.58
2021-06-22,957.30,970.35,988.38,957.30,476300,616997392.00,3.30,3.00,28.29,1.51
2021-06-23,966.02,977.70,978.14,956.99,354983,446965531.00,2.18,0.76,7.35,1.12
2021-06-24,973.30,963.15,974.78,958.69,216522,272604788.00,1.65,-1.49,-14.55,0.69
2021-06-25,962.52,950.44,962.52,941.82,282016,353409349.00,2.15,-1.32,-12.71,0.89
2021-06-28,955.70,951.79,962.94,950.31,245037,310945904.00,1.33,0.14,1.35,0.78
2021-06-29,955.65,948.97,958.71,945.81,216862,274285641.00,1.36,-0.30,-2.82,0.69
2021-06-30,951.31,937.68,951.31,932.01,252107,308290844.00,2.03,-1.19,-11.29,0.80
2021-07-01,944.39,930.23,948.24,930.23,211799,264878227.00,1.92,-0.79,-7.45,0.67
2021-07-02,926.86,935.36,955.55,926.86,297144,366166736.00,3.08,0.55,5.13,0.94
2021-07-05,934.83,944.74,951.72,923.29,290634,355025796.00,3.04,1.00,9.38,0.92
2021-07-06,943.01,960.00,965.47,937.17,398067,511002080.00,3.00,1.62,15.26,1.26
2021-07-07,950.20,949.32,960.76,941.75,284400,361680580.00,1.98,-1.11,-10.68,0.90
2021-07-08,945.76,938.19,948.69,935.90,252356,313439105.00,1.35,-1.17,-11.13,0.80
2021-07-09,931.68,927.15,934.42,922.56,241066,288816138.00,1.26,-1.18,-11.04,0.76
2021-07-12,945.39,940.50,958.44,938.94,345649,441665174.00,2.10,1.44,13.35,1.10
2021-07-13,929.44,932.70,942.78,922.89,317603,401590124.00,2.11,-0.83,-7.80,1.01
2021-07-14,930.94,918.26,930.94,915.97,264350,330089767.00,1.61,-1.55,-14.44,0.84
2021-07-15,916.92,903.69,916.92,896.58,271301,326943335.00,2.22,-1.59,-14.57,0.86
2021-07-16,903.20,902.96,906.92,898.38,169426,203961097.00,0.95,-0.08,-0.73,0.54
2021-07-19,915.71,940.94,946.16,907.30,495771,605042064.00,4.30,4.21,37.98,1.57
2021-07-20,932.49,918.94,932.49,917.41,258650,307848524.00,1.60,-2.34,-22.00,0.82
2021-07-21,936.89,940.07,949.37,934.28,419573,505759562.00,1.64,2.30,21.13,1.33
2021-07-22,934.81,935.43,941.10,930.48,283879,341679246.00,1.13,-0.49,-4.64,0.90
2021-07-23,936.38,939.71,943.84,925.19,343622,423764678.00,1.99,0.46,4.28,1.09
2021-07-26,943.14,965.97,972.46,929.98,750177,962770464.00,4.52,2.79,26.26,2.38
2021-07-27,956.50,958.60,977.48,943.02,587576,733480448.00,3.57,-0.76,-7.37,1.86
2021-07-28,955.86,914.91,962.02,914.91,411686,508394623.00,4.91,-4.56,-43.69,1.30
2021-07-29,921.65,946.60,956.45,912.64,451604,563625293.00,4.79,3.46,31.69,1.43
2021-07-30,935.66,953.17,961.55,933.19,434848,538409275.00,3.00,0.69,6.57,1.38
2021-08-02,942.06,977.00,986.83,939.33,628396,825677488.00,4.98,2.50,23.83,1.99
2021-08-03,969.16,993.11,1003.91,969.16,671614,902040320.00,3.56,1.65,16.11,2.13
2021-08-04,987.52,984.97,989.48,979.75,387784,511993689.00,0.98,-0.82,-8.14,1.23
2021-08-05,980.54,1007.60,1012.67,974.83,774187,1034509744.00,3.84,2.30,22.63,2.45
2021-08-06,996.16,983.21,997.97,977.11,492580,658234203.00,2.07,-2.42,-24.39,1.56
2021-08-09,976.79,979.20,997.01,976.79,401136,545762313.00,2.06,-0.41,-4.01,1.27
2021-08-10,976.51,973.59,983.33,964.64,432739,564270211.00,1.91,-0.57,-5.61,1.37
2021-08-11,968.90,975.93,975.93,960.75,380179,490387922.00,1.56,0.24,2.34,1.20
2021-08-12,973.52,963.29,983.07,962.53,380176,497567072.00,2.10,-1.30,-12.64,1.20
2021-08-13,965.38,981.98,981.98,954.08,546129,706973360.00,2.90,1.94,18.69,1.73
2021-08-16,980.68,977.37,1002.34,969.76,643294,822251056.00,3.32,-0.47,-4.61,2.04
2021-08-17,970.51,943.23,970.51,941.38,476607,609458011.00,2.98,-3.49,-34.14,1.51
2021-08-18,934.68,937.81,940.86,928.18,298689,370626185.00,1.34,-0.57,-5.42,0.95
2021-08-19,936.32,932.96,938.25,928.18,194110,240733333.00,1.07,-0.52,-4.85,0.62
2021-08-20,929.09,929.18,933.88,919.97,250055,309123122.00,1.49,-0.41,-3.78,0.79
2021-08-23,927.18,933.31,936.12,926.69,217453,269333485.00,1.01,0.44,4.13,0.69
2021-08-24,931.43,933.56,936.65,925.62,205913,256868033.00,1.18,0.03,0.25,0.65
2021-08-25,937.08,934.97,938.66,930.71,227483,291285346.00,0.85,0.15,1.41,0.72
2021-08-26,933.19,914.96,933.19,914.52,296452,354425808.00,2.00,-2.14,-20.01,0.94
2021-08-27,917.31,921.89,923.23,913.56,186172,231846034.00,1.06,0.76,6.93,0.59
2021-08-30,924.11,928.50,931.05,920.11,276263,346869828.00,1.19,0.72,6.61,0.88
2021-08-31,921.65,916.35,924.34,911.98,245408,304834326.00,1.33,-1.31,-12.15,0.78
2021-09-01,914.90,926.47,926.47,912.52,252109,311829701.00,1.52,1.10,10.12,0.80
2021-09-02,927.73,925.94,928.05,919.14,214044,270953326.00,0.96,-0.06,-0.53,0.68
2021-09-03,923.46,943.04,950.23,923.01,438959,571998776.00,2.94,1.85,17.10,1.39
2021-09-06,948.71,942.27,948.71,933.50,263736,339610814.00,1.61,-0.08,-0.77,0.84
2021-09-07,938.27,942.54,943.49,935.07,252157,317148099.00,0.89,0.03,0.27,0.80
2021-09-08,943.49,967.83,967.83,941.33,589129,758219568.00,2.81,2.68,25.29,1.87
2021-09-09,967.83,962.16,982.66,959.69,497626,638293376.00,2.37,-0.59,-5.67,1.58
2021-09-10,953.89,957.08,968.15,949.93,333159,435701287.00,1.89,-0.53,-5.08,1.06
2021-09-13,955.10,959.66,959.66,949.99,265098,350202093.00,1.01,0.27,2.58,0.84
2021-09-14,960.47,940.40,971.54,938.78,386668,506622543.00,3.41,-2.01,-19.26,1.23
2021-09-15,933.82,941.65,948.09,933.82,236775,307672781.00,1.52,0.13,1.25,0.75
2021-09-16,945.80,966.75,973.82,945.41,602530,799345632.00,3.02,2.67,25.10,1.91
2021-09-17,961.67,951.90,961.67,941.96,322239,413052191.00,2.04,-1.54,-14.85,1.02
2021-09-22,940.38,941.74,942.81,934.81,215140,271448471.00,0.84,-1.07,-10.16,0.68
2021-09-23,942.68,974.54,974.86,942.68,554539,719789728.00,3.42,3.48,32.80,1.76
2021-09-24,974.86,964.26,978.24,960.69,405658,543268744.00,1.80,-1.05,-10.28,1.29
2021-09-27,955.81,944.50,957.65,935.73,415043,522525799.00,2.27,-2.05,-19.76,1.32
2021-09-28,949.28,949.01,956.07,940.53,308536,421583890.00,1.65,0.48,4.51,0.98
2021-09-29,949.63,938.10,961.63,936.25,351526,474071564.00,2.67,-1.15,-10.91,1.11
2021-09-30,935.49,935.64,941.17,930.42,283155,375541873.00,1.15,-0.26,-2.46,0.90
2021-10-08,940.40,1006.77,1021.84,940.40,1252669,1674751584.00,8.70,7.60,71.13,3.97
2021-10-11,998.89,1015.80,1026.39,996.28,873109,1199646448.00,2.99,0.90,9.03,2.77
2021-10-12,1005.70,1014.15,1031.69,1001.19,638936,861559840.00,3.00,-0.16,-1.65,2.02
2021-10-13,1010.46,990.12,1012.54,968.48,552031,735005280.00,4.34,-2.37,-24.03,1.75
2021-10-14,985.17,989.72,997.28,974.64,342566,454047935.00,2.29,-0.04,-0.40,1.09
2021-10-15,988.73,955.92,1021.37,952.72,691206,906276752.00,6.94,-3.42,-33.80,2.19
2021-10-18,942.50,980.19,981.55,930.68,543903,709855680.00,5.32,2.54,24.27,1.72
2021-10-19,968.82,993.50,994.64,962.63,541505,718776800.00,3.27,1.36,13.31,1.72
2021-10-20,983.38,967.86,988.66,966.65,374262,502336804.00,2.22,-2.58,-25.64,1.19
2021-10-21,966.97,964.73,981.21,960.66,388832,504119770.00,2.12,-0.32,-3.13,1.23
2021-10-22,960.24,942.56,970.03,941.47,345130,440886072.00,2.96,-2.30,-22.17,1.09
2021-10-25,950.90,954.00,966.97,946.43,366690,463841546.00,2.18,1.21,11.44,1.16
2021-10-26,950.86,960.29,985.06,950.86,432826,541609617.00,3.58,0.66,6.29,1.37
2021-10-27,958.88,970.35,976.81,942.79,571142,701359680.00,3.54,1.05,10.06,1.81
2021-10-28,956.33,924.03,957.30,915.44,599658,757419856.00,4.31,-4.77,-46.32,1.90
2021-10-29,922.33,932.54,936.82,917.71,405823,490630957.00,2.07,0.92,8.51,1.29
2021-11-01,930.10,945.84,958.56,929.34,481875,589504901.00,3.13,1.43,13.30,1.53
2021-11-02,951.98,1011.57,1027.77,951.98,1227881,1598841776.00,8.01,6.95,65.73,3.89
2021-11-03,984.94,999.70,1017.55,984.94,825198,1084579312.00,3.22,-1.17,-11.87,2.61
2021-11-04,993.73,1016.65,1019.86,993.73,659387,881041664.00,2.61,1.70,16.95,2.09
2021-11-05,1008.97,990.42,1020.34,990.07,580954,753760720.00,2.98,-2.58,-26.23,1.84
2021-11-08,986.48,995.68,1008.64,983.48,372917,479422380.00,2.54,0.53,5.26,1.18
2021-11-09,993.55,1026.35,1037.37,990.36,742985,990757552.00,4.72,3.08,30.67,2.35
2021-11-10,1024.50,1020.31,1040.22,1006.87,484061,644960784.00,3.25,-0.59,-6.04,1.53
2021-11-11,1014.92,1022.16,1033.01,1014.92,443417,583643759.00,1.77,0.18,1.85,1.41
2021-11-12,1023.33,1043.94,1057.49,1022.57,557534,759652576.00,3.42,2.13,21.78,1.77
2021-11-15,1043.98,1004.49,1051.79,996.16,656001,862074320.00,5.33,-3.78,-39.45,2.08
2021-11-16,1004.74,995.72,1017.30,993.53,377928,489729030.00,2.37,-0.87,-8.77,1.20
2021-11-17,993.28,992.11,995.24,978.12,311096,405750648.00,1.72,-0.36,-3.61,0.99
2021-11-18,992.79,979.31,999.61,978.13,307187,399180929.00,2.17,-1.29,-12.80,0.97
2021-11-19,981.78,987.18,988.36,972.82,255020,325889325.00,1.59,0.80,7.87,0.81
2021-11-22,986.84,996.79,997.55,982.86,306061,393338220.00,1.49,0.97,9.61,0.97
2021-11-23,992.18,976.56,995.76,973.87,358052,461557896.00,2.20,-2.03,-20.23,1.13
2021-11-24,974.47,960.19,974.47,953.22,380306,477670575.00,2.18,-1.68,-16.37,1.21
2021-11-25,959.77,967.76,967.76,956.58,229428,287257050.00,1.16,0.79,7.57,0.73
2021-11-26,961.96,958.40,966.44,955.86,201339,255769546.00,1.09,-0.97,-9.36,0.64
2021-11-29,952.29,972.05,974.48,950.82,268717,339150145.00,2.47,1.42,13.65,0.85
2021-11-30,971.09,980.79,983.07,966.89,305093,393337109.00,1.66,0.90,8.74,0.97
2021-12-01,972.12,987.89,991.40,972.12,308329,393583823.00,1.97,0.72,7.10,0.98
2021-12-02,988.23,982.03,990.70,979.84,219859,283497709.00,1.10,-0.59,-5.86,0.70
2021-12-03,979.96,985.21,992.41,979.96,213049,276095547.00,1.27,0.32,3.18,0.68
2021-12-06,982.46,967.75,982.46,966.59,257242,322735151.00,1.61,-1.77,-17.46,0.82
2021-12-07,970.10,972.42,981.43,967.34,207216,262750807.00,1.46,0.48,4.67,0.66
2021-12-08,975.75,982.08,983.60,971.24,247360,316541547.00,1.27,0.99,9.66,0.78
2021-12-09,983.94,994.92,998.85,981.74,351512,459013741.00,1.74,1.31,12.84,1.11
2021-12-10,991.75,1007.32,1020.53,991.75,419886,553597274.00,2.89,1.25,12.40,1.33
2021-12-13,1007.94,1002.43,1016.19,999.40,304714,400051650.00,1.67,-0.49,-4.89,0.97
2021-12-14,1001.47,1003.46,1006.08,990.66,247559,319870658.00,1.54,0.10,1.03,0.78
2021-12-15,1001.95,988.82,1001.95,986.89,245776,318613110.00,1.50,-1.46,-14.64,0.78
2021-12-16,986.48,999.90,1003.34,985.10,292597,379196922.00,1.84,1.12,11.08,0.93
2021-12-17,996.67,992.75,1005.20,991.44,318029,418676952.00,1.38,-0.72,-7.15,1.01
2021-12-20,989.99,1000.82,1018.87,989.99,485518,638493648.00,2.91,0.81,8.07,1.54
2021-12-21,996.62,989.92,996.62,973.25,378109,481743985.00,2.34,-1.09,-10.90,1.20
2021-12-22,988.56,1004.48,1012.59,988.56,440804,568797282.00,2.43,1.47,14.56,1.40
2021-12-23,1003.72,1011.22,1018.44,1003.72,364033,479860820.00,1.47,0.67,6.74,1.15
2021-12-24,1011.63,1021.68,1023.24,1010.31,434681,585335936.00,1.28,1.03,10.46,1.38
2021-12-27,1037.38,1005.97,1045.18,1005.63,608876,827592816.00,3.87,-1.54,-15.71,1.93
2021-12-28,1007.10,1003.08,1019.45,999.03,426842,574291058.00,2.03,-0.29,-2.89,1.35
2021-12-29,1000.19,977.75,1001.71,977.75,392989,509188689.00,2.39,-2.53,-25.33,1.25
2021-12-30,979.19,986.43,989.12,979.19,248702,321487956.00,1.02,0.89,8.68,0.79
2021-12-31,986.08,993.15,994.06,981.39,221037,293473557.00,1.28,0.68,6.72,0.70