2020-12-15,7.94,9.69,9.69,7.94,3938,4115606.00,26.96,49.31,3.20,0.79
2020-12-16,10.74,10.74,10.74,10.74,2155,2482744.00,0.00,10.84,1.05,0.43
2020-12-17,11.89,11.89,11.89,11.89,1987,2516896.00,0.00,10.71,1.15,0.40
2020-12-18,13.16,13.16,13.16,13.16,5355,7465023.00,0.00,10.68,1.27,1.07
2020-12-21,14.55,14.55,14.55,14.55,6308,9670057.00,0.00,10.56,1.39,1.26
2020-12-22,13.62,13.02,14.38,13.02,269389,381283024.00,9.35,-10.52,-1.53,53.88
2020-12-23,12.52,12.38,12.97,11.85,184686,244124119.00,8.60,-4.92,-0.64,36.94
2020-12-24,12.38,12.25,12.58,11.61,126866,163841030.00,7.84,-1.05,-0.13,25.37
2020-12-25,12.02,12.33,12.90,11.72,147222,194987678.00,9.63,0.65,0.08,29.44
2020-12-28,11.87,11.22,12.10,11.05,123982,152363296.00,8.52,-9.00,-1.11,24.80
2020-12-29,10.94,10.91,11.34,10.76,70176,82785762.00,5.17,-2.76,-0.31,14.04
2020-12-30,10.96,12.08,12.08,10.79,79482,97597636.00,11.82,10.72,1.17,15.90
2020-12-31,12.02,11.87,12.41,11.58,124749,159540150.00,6.87,-1.74,-0.21,24.95