2026-01-05,6.55,6.51,6.57,6.46,189011,123340496.00,1.68,-0.76,-0.05,4.12
2026-01-06,6.50,6.50,6.59,6.43,198726,129354498.00,2.46,-0.15,-0.01,4.34
2026-01-07,6.50,6.54,6.64,6.39,278108,181102353.00,3.85,0.62,0.04,6.07
2026-01-08,6.50,6.58,6.60,6.45,196259,128262199.00,2.29,0.61,0.04,4.28
2026-01-09,6.57,6.52,6.60,6.47,182855,119290763.00,1.98,-0.91,-0.06,3.99
2026-01-12,6.52,6.49,6.56,6.46,223278,145400729.00,1.53,-0.46,-0.03,4.87
2026-01-13,6.47,6.36,6.52,6.33,267636,172144018.00,2.93,-2.00,-0.13,5.84
2026-01-14,6.38,6.35,6.41,6.24,246546,156043790.00,2.67,-0.16,-0.01,5.38
2026-01-15,6.33,6.32,6.40,6.27,137648,87117775.00,2.05,-0.47,-0.03,3.00
2026-01-16,6.32,6.24,6.37,6.23,153011,96068898.00,2.22,-1.27,-0.08,3.34
2026-01-19,6.26,6.40,6.44,6.22,194445,124025214.00,3.53,2.56,0.16,4.24
2026-01-20,6.48,6.41,6.48,6.35,149993,96253225.00,2.03,0.16,0.01,3.27
2026-01-21,6.47,6.37,6.47,6.29,118473,75317756.00,2.81,-0.62,-0.04,2.59
2026-01-22,6.39,6.57,6.59,6.36,215073,139712053.00,3.61,3.14,0.20,4.69
2026-01-23,6.59,6.61,6.62,6.44,161513,105944102.00,2.74,0.61,0.04,3.52
2026-01-26,6.57,6.42,6.64,6.38,154188,99939263.00,3.93,-2.87,-0.19,3.36
2026-01-27,6.37,6.40,6.40,6.12,137484,86582784.00,4.36,-0.31,-0.02,3.00
2026-01-28,6.35,6.41,6.48,6.30,106186,68139727.00,2.81,0.16,0.01,2.32
2026-01-29,6.37,6.36,6.45,6.31,127069,81130173.00,2.18,-0.78,-0.05,2.77
2026-01-30,6.31,6.30,6.43,6.21,141436,89220603.00,3.46,-0.94,-0.06,3.09
2026-02-02,6.31,6.14,6.34,6.13,106989,66591660.00,3.33,-2.54,-0.16,2.33
2026-02-03,6.17,6.25,6.25,6.14,73412,45621591.00,1.79,1.79,0.11,1.60
2026-02-04,6.30,6.40,6.44,6.23,107003,68156395.00,3.36,2.40,0.15,2.34
2026-02-05,6.43,6.47,6.60,6.40,186197,121530125.00,3.13,1.09,0.07,4.06
2026-02-06,6.41,6.28,6.41,6.21,166570,104809083.00,3.09,-2.94,-0.19,3.63
2026-02-09,6.35,6.41,6.44,6.31,128277,82151100.00,2.07,2.07,0.13,2.80
2026-02-10,6.46,6.43,6.46,6.33,92462,59267093.00,2.03,0.31,0.02,2.02
2026-02-11,6.43,6.40,6.51,6.40,93568,60331617.00,1.71,-0.47,-0.03,2.04
2026-02-12,6.41,6.18,6.42,6.18,149619,93492053.00,3.75,-3.44,-0.22,3.27
2026-02-13,6.22,6.22,6.28,6.17,92426,57509402.00,1.78,0.65,0.04,2.02
2026-02-24,6.22,6.39,6.40,6.22,127700,81090589.00,2.89,2.73,0.17,2.79
2026-02-25,6.39,6.47,6.69,6.36,147578,96300475.00,5.16,1.25,0.08,3.22
2026-02-26,6.51,6.40,6.53,6.37,101492,65215478.00,2.47,-1.08,-0.07,2.21
2026-02-27,6.39,6.52,6.54,6.35,110312,71141351.00,2.97,1.88,0.12,2.41
2026-03-02,6.49,6.39,6.50,6.29,110478,70633776.00,3.22,-1.99,-0.13,2.41
2026-03-03,6.40,6.29,6.49,6.27,143714,91721126.00,3.44,-1.56,-0.10,3.14
2026-03-04,6.21,6.29,6.33,6.13,105516,65901843.00,3.18,0.00,0.00,2.30
2026-03-05,6.35,6.19,6.39,6.15,115879,72494928.00,3.82,-1.59,-0.10,2.53
2026-03-06,6.14,6.37,6.39,6.13,124048,78210747.00,4.20,2.91,0.18,2.71
2026-03-09,6.31,6.18,6.37,6.08,140173,86593703.00,4.55,-2.98,-0.19,3.06
2026-03-10,6.23,6.14,6.23,6.12,101534,62509289.00,1.78,-0.65,-0.04,2.22
2026-03-11,6.18,6.12,6.20,6.07,90293,55223682.00,2.12,-0.33,-0.02,1.97
2026-03-12,6.09,6.02,6.13,6.02,88960,53920649.00,1.80,-1.63,-0.10,1.94
2026-03-13,6.03,6.10,6.23,6.03,122317,75160739.00,3.32,1.33,0.08,2.67
2026-03-16,6.07,5.99,6.18,5.94,131927,79370987.00,3.93,-1.80,-0.11,2.88
2026-03-17,6.01,5.97,6.16,5.96,109946,66631477.00,3.34,-0.33,-0.02,2.40
2026-03-18,5.97,5.97,5.99,5.85,79241,46803767.00,2.35,0.00,0.00,1.73
2026-03-19,5.90,5.78,5.96,5.77,84159,49173797.00,3.18,-3.18,-0.19,1.84
2026-03-20,5.86,5.68,5.86,5.66,94219,54078873.00,3.46,-1.73,-0.10,2.06
2026-03-23,5.62,5.44,5.67,5.37,110024,60624231.00,5.28,-4.23,-0.24,2.40
2026-03-24,5.54,5.70,5.70,5.44,115737,64574506.00,4.78,4.78,0.26,2.53
2026-03-25,5.72,6.27,6.27,5.67,264148,159640330.00,10.53,10.00,0.57,5.76
2026-03-26,6.10,5.97,6.27,5.94,271521,164360893.00,5.26,-4.78,-0.30,5.93
2026-03-27,5.91,6.05,6.09,5.89,149561,90229647.00,3.35,1.34,0.08,3.26
2026-03-30,5.99,6.37,6.39,5.95,371326,232608760.00,7.27,5.29,0.32,8.10
2026-03-31,6.27,6.40,6.58,6.27,380683,245357653.00,4.87,0.47,0.03,8.31
2026-04-01,6.40,6.11,6.53,6.08,254060,157173559.00,7.03,-4.53,-0.29,5.54
2026-04-02,6.15,6.10,6.33,6.08,176259,108967204.00,4.09,-0.16,-0.01,3.85
2026-04-03,6.07,5.83,6.20,5.79,159183,93538075.00,6.72,-4.43,-0.27,3.47
2026-04-07,5.87,5.93,6.01,5.84,128977,76640311.00,2.92,1.72,0.10,2.81
2026-04-08,6.06,6.08,6.10,6.00,107975,65459230.00,1.69,2.53,0.15,2.36
2026-04-09,6.06,5.83,6.06,5.82,117357,69010284.00,3.95,-4.11,-0.25,2.56
2026-04-10,5.89,5.80,5.90,5.76,92289,53904028.00,2.40,-0.51,-0.03,2.01
2026-04-13,5.99,5.81,6.00,5.74,149509,87408745.00,4.48,0.17,0.01,3.26
2026-04-14,5.90,5.70,5.90,5.56,152584,86410667.00,5.85,-1.89,-0.11,3.33
2026-04-15,5.70,5.62,5.70,5.59,85794,48323744.00,1.93,-1.40,-0.08,1.87
2026-04-16,5.60,5.67,5.68,5.55,76446,43035810.00,2.31,0.89,0.05,1.67
2026-04-17,5.67,5.59,5.67,5.55,81406,45504525.00,2.12,-1.41,-0.08,1.78
2026-04-20,5.60,5.67,5.69,5.58,69457,39240419.00,1.97,1.43,0.08,1.52
2026-04-21,5.69,5.62,5.69,5.56,53819,30140403.00,2.29,-0.88,-0.05,1.17
2026-04-22,5.62,5.58,5.62,5.56,46021,25678937.00,1.07,-0.71,-0.04,1.00
2026-04-23,5.58,5.46,5.58,5.39,82921,45221528.00,3.41,-2.15,-0.12,1.81
2026-04-24,5.45,5.50,5.53,5.40,66351,36252536.00,2.38,0.73,0.04,1.45
2026-04-27,5.46,5.56,5.58,5.29,101931,55314405.00,5.27,1.09,0.06,2.22
2026-04-28,5.54,5.56,5.62,5.46,85593,47320159.00,2.88,0.00,0.00,1.87
2026-04-29,5.48,5.61,5.65,5.48,70467,39526301.00,3.06,0.90,0.05,1.54
2026-04-30,5.64,5.66,5.67,5.56,61452,34627785.00,1.96,0.89,0.05,1.34