MjAwMi0wMS0wNCw0Ljg1LDQuNzQsNC44NSw0Ljc0LDEwMTMsOTI5NDcxLjAwLDIuMjYsLTIuNDcsLTAuMTIsMC4xMA==
2002-01-07,4.65,4.71,4.74,4.65,949,852698.00,1.90,-0.63,-0.03,0.09
2002-01-08,4.68,4.65,4.80,4.64,1051,945843.00,3.40,-1.27,-0.06,0.10
2002-01-09,4.63,4.50,4.63,4.48,2519,2191320.00,3.23,-3.23,-0.15,0.24
2002-01-10,4.53,4.61,4.70,4.35,3033,2590681.00,7.78,2.44,0.11,0.29
2002-01-11,4.61,4.40,4.61,4.39,1475,1270035.00,4.77,-4.56,-0.21,0.14
2002-01-14,4.33,4.23,4.38,4.22,3168,2594683.00,3.64,-3.86,-0.17,0.30
2002-01-15,4.18,4.18,4.30,4.14,3430,2760714.00,3.78,-1.18,-0.05,0.33
2002-01-16,4.17,4.24,4.27,4.11,2559,2063980.00,3.83,1.44,0.06,0.24
2002-01-17,4.25,3.82,4.25,3.82,4454,3384134.00,10.14,-9.91,-0.42,0.42
2002-01-18,3.77,3.74,3.90,3.66,5735,4187370.00,6.28,-2.09,-0.08,0.55
2002-01-21,3.74,3.53,3.74,3.52,4569,3198164.00,5.88,-5.61,-0.21,0.44
2002-01-22,3.47,3.48,3.69,3.43,4687,3209437.00,7.37,-1.42,-0.05,0.45
2002-01-23,3.48,3.83,3.83,3.46,5943,4153331.00,10.63,10.06,0.35,0.57
2002-01-24,3.80,3.89,4.01,3.69,10666,7970314.00,8.36,1.57,0.06,1.02
2002-01-25,3.85,3.84,3.92,3.79,5139,3802968.00,3.34,-1.29,-0.05,0.49
2002-01-28,3.84,3.53,3.84,3.51,5318,3763386.00,8.59,-8.07,-0.31,0.51
2002-01-29,3.48,3.65,3.69,3.47,6494,4494468.00,6.23,3.40,0.12,0.62
2002-01-30,3.65,3.67,3.74,3.59,3781,2669637.00,4.11,0.55,0.02,0.36
2002-01-31,3.89,3.98,4.02,3.69,11562,8712350.00,8.99,8.45,0.31,1.10
2002-02-01,4.06,4.39,4.39,4.06,24203,20153002.00,8.29,10.30,0.41,2.31
2002-02-04,4.43,4.44,4.44,4.27,31536,26383390.00,3.87,1.14,0.05,3.00
2002-02-05,4.43,4.40,4.47,4.35,12370,10441070.00,2.70,-0.90,-0.04,1.18
2002-02-06,4.37,4.20,4.42,4.17,11866,9730182.00,5.68,-4.55,-0.20,1.13
2002-02-07,4.20,4.32,4.36,4.14,8733,7211025.00,5.24,2.86,0.12,0.83
2002-02-08,4.38,4.28,4.43,4.27,6982,5818749.00,3.70,-0.93,-0.04,0.66
2002-02-25,4.38,4.35,4.44,4.31,4310,3605967.00,3.04,1.64,0.07,0.41
2002-02-26,4.33,4.38,4.39,4.23,4158,3418347.00,3.68,0.69,0.03,0.40
2002-02-27,4.38,4.39,4.42,4.33,6430,5387436.00,2.05,0.23,0.01,0.61
2002-02-28,4.36,4.28,4.40,4.26,4738,3934421.00,3.19,-2.51,-0.11,0.45
2002-03-01,4.27,4.20,4.27,4.19,4120,3342344.00,1.87,-1.87,-0.08,0.39
2002-03-04,4.17,4.28,4.29,4.15,3463,2810229.00,3.33,1.90,0.08,0.33
2002-03-05,4.30,4.38,4.42,4.30,6582,5528971.00,2.80,2.34,0.10,0.63
2002-03-06,4.42,4.41,4.57,4.38,18066,15536339.00,4.34,0.68,0.03,1.72
2002-03-07,4.40,4.60,4.62,4.38,16266,14142131.00,5.44,4.31,0.19,1.55
2002-03-08,4.67,4.75,4.77,4.55,19709,17479649.00,4.78,3.26,0.15,1.88
2002-03-11,4.76,4.78,4.80,4.59,17073,15418384.00,4.42,0.63,0.03,1.63
2002-03-12,4.76,4.63,4.77,4.62,17505,15714976.00,3.14,-3.14,-0.15,1.67
2002-03-13,4.59,4.57,4.70,4.55,10346,9161666.00,3.24,-1.30,-0.06,0.99
2002-03-14,4.56,4.79,4.83,4.54,11290,10029800.00,6.35,4.81,0.22,1.08
2002-03-15,4.80,4.60,4.82,4.59,11214,10126153.00,4.80,-3.97,-0.19,1.07
2002-03-18,4.64,4.55,4.75,4.53,8851,7792859.00,4.78,-1.09,-0.05,0.84
2002-03-19,4.55,4.82,4.84,4.55,23020,20888554.00,6.37,5.93,0.27,2.19
2002-03-20,4.83,4.86,4.92,4.76,22549,20960825.00,3.32,0.83,0.04,2.15
2002-03-21,4.89,4.79,4.91,4.77,9678,8925263.00,2.88,-1.44,-0.07,0.92
2002-03-22,4.77,4.73,4.82,4.69,7771,7053170.00,2.71,-1.25,-0.06,0.74
2002-03-25,4.73,4.75,4.79,4.70,3117,2832713.00,1.90,0.42,0.02,0.30
2002-03-26,4.75,4.64,4.75,4.60,5791,5165482.00,3.16,-2.32,-0.11,0.55
2002-03-27,4.62,4.65,4.67,4.58,4328,3833052.00,1.94,0.22,0.01,0.41
2002-03-28,4.65,4.63,4.70,4.60,3282,2923840.00,2.15,-0.43,-0.02,0.31
2002-03-29,4.60,4.40,4.60,4.38,8621,7408741.00,4.75,-4.97,-0.23,0.82
2002-04-01,4.39,4.46,4.47,4.36,4249,3593036.00,2.50,1.36,0.06,0.40
2002-04-02,4.60,4.47,4.60,4.44,7517,6502005.00,3.59,0.22,0.01,0.72
2002-04-03,4.46,4.43,4.52,4.41,3302,2823062.00,2.46,-0.89,-0.04,0.31
2002-04-04,4.43,4.59,4.60,4.37,5045,4357185.00,5.19,3.61,0.16,0.48
2002-04-05,4.68,4.58,4.68,4.54,4210,3711620.00,3.05,-0.22,-0.01,0.40
2002-04-08,4.58,4.58,4.63,4.54,2199,1926969.00,1.97,0.00,0.00,0.21
2002-04-09,4.59,4.71,4.72,4.59,7019,6299296.00,2.84,2.84,0.13,0.67
2002-04-10,4.71,4.75,4.77,4.71,6923,6279759.00,1.27,0.85,0.04,0.66
2002-04-11,4.74,4.63,4.77,4.62,4830,4329434.00,3.16,-2.53,-0.12,0.46
2002-04-12,4.63,4.76,4.83,4.63,15043,13753841.00,4.32,2.81,0.13,1.43
2002-04-15,4.84,4.81,4.90,4.77,13622,12552495.00,2.73,1.05,0.05,1.30
2002-04-16,4.81,4.75,4.88,4.74,10643,9764689.00,2.91,-1.25,-0.06,1.01
2002-04-17,4.75,4.76,4.80,4.72,5938,5410464.00,1.68,0.21,0.01,0.57
2002-04-18,4.76,4.66,4.78,4.65,6375,5771433.00,2.73,-2.10,-0.10,0.61
2002-04-19,4.65,4.72,4.73,4.58,6447,5716441.00,3.22,1.29,0.06,0.61
2002-04-22,4.70,4.69,4.76,4.65,4196,3781029.00,2.33,-0.64,-0.03,0.40
2002-04-23,4.69,4.67,4.75,4.65,2699,2431906.00,2.13,-0.43,-0.02,0.26
2002-04-24,4.64,4.61,4.72,4.59,2894,2572932.00,2.78,-1.28,-0.06,0.28
2002-04-25,4.67,4.68,4.68,4.59,2852,2535385.00,1.95,1.52,0.07,0.27
2002-04-26,4.74,4.79,4.80,4.71,5575,5090498.00,1.92,2.35,0.11,0.53
2002-04-29,4.81,4.82,4.85,4.76,8210,7576040.00,1.88,0.63,0.03,0.78
2002-04-30,4.83,4.80,4.84,4.76,7354,6768472.00,1.66,-0.41,-0.02,0.70
2002-05-08,4.77,4.73,4.81,4.72,3047,2769816.00,1.88,-1.46,-0.07,0.29
2002-05-10,4.75,4.88,4.89,4.72,21265,19696410.00,3.59,3.17,0.15,2.03
2002-05-13,4.85,4.83,4.88,4.80,9416,8730180.00,1.64,-1.02,-0.05,0.90
2002-05-14,4.84,4.85,4.88,4.80,7435,6904760.00,1.66,0.41,0.02,0.71
2002-05-15,4.85,4.72,4.86,4.71,6947,6338043.00,3.09,-2.68,-0.13,0.66
2002-05-16,4.70,4.47,4.70,4.45,9539,8350444.00,5.30,-5.30,-0.25,0.91
2002-05-17,4.47,4.53,4.56,4.42,9476,8158507.00,3.13,1.34,0.06,0.90
2002-05-20,4.53,4.39,4.53,4.34,4311,3637567.00,4.19,-3.09,-0.14,0.41
2002-05-21,4.54,4.58,4.65,4.48,7654,6718125.00,3.87,4.33,0.19,0.73
2002-05-22,4.58,4.56,4.64,4.55,3857,3387857.00,1.97,-0.44,-0.02,0.37
2002-05-23,4.56,4.64,4.68,4.56,3668,3266757.00,2.63,1.75,0.08,0.35
2002-05-24,4.62,4.68,4.70,4.53,4913,4334814.00,3.66,0.86,0.04,0.47
2002-05-27,4.71,4.80,4.81,4.71,6303,5744965.00,2.14,2.56,0.12,0.60
2002-05-28,4.81,4.74,4.83,4.73,4430,4063870.00,2.08,-1.25,-0.06,0.42
2002-05-29,4.71,4.55,4.74,4.54,4874,4322442.00,4.22,-4.01,-0.19,0.46
2002-05-30,4.55,4.59,4.61,4.49,3536,3077234.00,2.64,0.88,0.04,0.34
2002-05-31,4.57,4.55,4.62,4.54,1773,1556771.00,1.74,-0.87,-0.04,0.17
2002-06-03,4.48,4.44,4.49,4.40,2170,1850456.00,1.98,-2.42,-0.11,0.21
2002-06-04,4.48,4.46,4.53,4.38,2088,1778004.00,3.38,0.45,0.02,0.20
2002-06-05,4.45,4.28,4.46,4.27,2742,2281631.00,4.26,-4.04,-0.18,0.26
2002-06-06,4.26,4.49,4.58,4.23,5354,4504549.00,8.18,4.91,0.21,0.51
2002-06-07,4.48,4.54,4.64,4.43,6350,5533093.00,4.68,1.11,0.05,0.60
2002-06-10,4.46,4.48,4.54,4.46,2517,2165325.00,1.76,-1.32,-0.06,0.24
2002-06-11,4.48,4.52,4.55,4.48,1091,946616.00,1.56,0.89,0.04,0.10
2002-06-12,4.54,4.50,4.54,4.47,1671,1437392.00,1.55,-0.44,-0.02,0.16
2002-06-13,4.50,4.43,4.53,4.43,2283,1949134.00,2.22,-1.56,-0.07,0.22
2002-06-14,4.39,4.31,4.39,4.30,2380,1973587.00,2.03,-2.71,-0.12,0.23
2002-06-17,4.28,4.31,4.34,4.25,1167,960785.00,2.09,0.00,0.00,0.11
2002-06-18,4.34,4.42,4.45,4.34,1819,1533570.00,2.55,2.55,0.11,0.17
2002-06-19,4.39,4.35,4.44,4.33,997,833871.00,2.49,-1.58,-0.07,0.09
2002-06-20,4.39,4.32,4.42,4.32,1454,1213733.00,2.30,-0.69,-0.03,0.14
2002-06-21,4.32,4.50,4.52,4.32,5179,4422377.00,4.63,4.17,0.18,0.49
2002-06-24,4.95,4.95,4.95,4.72,51411,48256885.00,5.11,10.00,0.45,4.90
2002-06-25,4.95,4.86,5.13,4.82,45546,43147118.00,6.26,-1.82,-0.09,4.34
2002-06-26,4.81,4.94,5.02,4.71,16227,15261340.00,6.38,1.65,0.08,1.55
2002-06-27,4.94,4.87,4.97,4.85,5463,5116000.00,2.43,-1.42,-0.07,0.52
2002-06-28,4.92,4.83,4.95,4.79,8618,7975442.00,3.29,-0.82,-0.04,0.82
2002-07-01,4.82,4.76,4.86,4.75,5809,5325842.00,2.28,-1.45,-0.07,0.55
2002-07-02,4.74,4.86,4.87,4.72,4206,3846791.00,3.15,2.10,0.10,0.40
2002-07-03,4.86,4.86,4.88,4.82,3490,3234449.00,1.23,0.00,0.00,0.33
2002-07-04,4.79,4.78,4.85,4.76,4127,3774254.00,1.85,-1.65,-0.08,0.39
2002-07-05,4.76,4.80,4.81,4.74,2274,2076875.00,1.46,0.42,0.02,0.22
2002-07-08,4.80,4.86,4.86,4.78,3668,3369890.00,1.67,1.25,0.06,0.35
2002-07-09,4.84,4.79,4.86,4.78,2594,2384114.00,1.65,-1.44,-0.07,0.25
2002-07-10,4.66,4.63,4.76,4.60,6877,6115557.00,3.34,-3.34,-0.16,0.65
2002-07-11,4.61,4.64,4.71,4.60,4325,3847405.00,2.38,0.22,0.01,0.41
2002-07-12,4.63,4.69,4.70,4.61,2532,2261631.00,1.94,1.08,0.05,0.24
2002-07-15,4.69,4.73,4.75,4.66,3294,2964239.00,1.92,0.85,0.04,0.31
2002-07-16,4.76,4.82,4.92,4.76,22682,21098177.00,3.38,1.90,0.09,2.16
2002-07-17,4.84,4.85,4.87,4.79,6011,5536040.00,1.66,0.62,0.03,0.57
2002-07-18,4.85,4.83,4.87,4.81,4499,4155345.00,1.24,-0.41,-0.02,0.43
2002-07-19,4.81,4.77,4.81,4.74,5118,4666166.00,1.45,-1.24,-0.06,0.49
2002-07-22,4.79,4.70,4.79,4.69,4229,3806720.00,2.10,-1.47,-0.07,0.40
2002-07-23,4.38,4.50,4.63,4.38,7221,6239211.00,5.32,-4.26,-0.20,0.69
2002-07-24,4.49,4.45,4.53,4.45,3437,2941456.00,1.78,-1.11,-0.05,0.33
2002-07-25,4.50,4.51,4.54,4.45,3490,2994557.00,2.02,1.35,0.06,0.33
2002-07-26,4.53,4.49,4.54,4.45,1567,1345073.00,2.00,-0.44,-0.02,0.15
2002-07-29,4.50,4.54,4.54,4.45,1608,1378682.00,2.00,1.11,0.05,0.15
2002-07-30,4.54,4.48,4.54,4.46,2029,1738217.00,1.76,-1.32,-0.06,0.19
2002-07-31,4.47,4.37,4.48,4.35,5648,4740102.00,2.90,-2.46,-0.11,0.54
2002-08-01,4.38,4.39,4.44,4.35,1984,1663064.00,2.06,0.46,0.02,0.19
2002-08-02,4.39,4.39,4.42,4.37,1467,1232109.00,1.14,0.00,0.00,0.14
2002-08-05,4.40,4.42,4.42,4.37,1202,1009000.00,1.14,0.68,0.03,0.11
2002-08-06,4.43,4.44,4.46,4.40,3921,3321812.00,1.36,0.45,0.02,0.37
2002-08-07,4.42,4.48,4.48,4.42,1318,1122665.00,1.35,0.90,0.04,0.13
2002-08-08,4.48,4.41,4.49,4.39,1958,1661219.00,2.23,-1.56,-0.07,0.19
2002-08-09,4.39,4.40,4.42,4.36,1495,1251619.00,1.36,-0.23,-0.01,0.14
2002-08-12,4.37,4.35,4.39,4.35,1197,998252.00,0.91,-1.14,-0.05,0.11
2002-08-13,4.32,4.36,4.42,4.32,632,527066.00,2.30,0.23,0.01,0.06
2002-08-14,4.36,4.37,4.40,4.36,1020,853065.00,0.92,0.23,0.01,0.10
2002-08-15,4.40,4.37,4.40,4.36,684,572242.00,0.92,0.00,0.00,0.07
2002-08-16,4.35,4.40,4.44,4.32,1241,1037144.00,2.75,0.69,0.03,0.12
2002-08-19,4.37,4.35,4.41,4.34,1450,1211185.00,1.59,-1.14,-0.05,0.14
2002-08-20,4.34,4.41,4.44,4.34,1770,1491300.00,2.30,1.38,0.06,0.17
2002-08-21,4.41,4.43,4.49,4.41,2306,1962547.00,1.81,0.45,0.02,0.22
2002-08-22,4.44,4.46,4.49,4.42,3355,2859892.00,1.58,0.68,0.03,0.32
2002-08-23,4.45,4.45,4.49,4.44,1531,1304962.00,1.12,-0.22,-0.01,0.15
2002-08-26,4.45,4.39,4.45,4.39,1866,1574352.00,1.35,-1.35,-0.06,0.18
2002-08-27,4.40,4.40,4.45,4.37,2290,1927050.00,1.82,0.23,0.01,0.22
2002-08-28,4.40,4.42,4.44,4.39,1171,989000.00,1.14,0.45,0.02,0.11
2002-08-29,4.47,4.41,4.47,4.39,914,771844.00,1.81,-0.23,-0.01,0.09
2002-08-30,4.41,4.40,4.42,4.39,1462,1230073.00,0.68,-0.23,-0.01,0.14
2002-09-02,4.40,4.40,4.42,4.39,1139,957120.00,0.68,0.00,0.00,0.11
2002-09-03,4.41,4.41,4.43,4.39,1125,947917.00,0.91,0.23,0.01,0.11
2002-09-04,4.41,4.48,4.49,4.39,2030,1720856.00,2.27,1.59,0.07,0.19
2002-09-05,4.45,4.39,4.45,4.39,1844,1551965.00,1.34,-2.01,-0.09,0.18
2002-09-06,4.38,4.34,4.39,4.33,3944,3277075.00,1.37,-1.14,-0.05,0.38
2002-09-09,4.34,4.28,4.34,4.28,1458,1197407.00,1.38,-1.38,-0.06,0.14
2002-09-10,4.28,4.29,4.31,4.28,1353,1109252.00,0.70,0.23,0.01,0.13
2002-09-11,4.29,4.21,4.29,4.13,4979,3989158.00,3.73,-1.86,-0.08,0.47
2002-09-12,4.19,4.23,4.24,4.19,1126,908619.00,1.19,0.48,0.02,0.11
2002-09-13,4.23,4.18,4.23,4.16,2102,1681549.00,1.65,-1.18,-0.05,0.20
2002-09-16,4.16,4.07,4.16,4.07,3596,2817486.00,2.15,-2.63,-0.11,0.34
2002-09-17,4.12,4.09,4.17,4.05,1743,1365909.00,2.95,0.49,0.02,0.17
2002-09-18,4.09,4.08,4.12,4.05,609,476792.00,1.71,-0.24,-0.01,0.06
2002-09-19,4.07,4.20,4.23,4.07,1874,1485936.00,3.92,2.94,0.12,0.18
2002-09-20,4.18,4.17,4.20,4.14,1205,962641.00,1.43,-0.71,-0.03,0.11
2002-09-23,4.08,4.14,4.18,4.07,684,542085.00,2.64,-0.72,-0.03,0.07
2002-09-24,4.14,4.08,4.14,4.07,1918,1505466.00,1.69,-1.45,-0.06,0.18
2002-09-25,4.07,4.08,4.13,4.07,2103,1641645.00,1.47,0.00,0.00,0.20
2002-09-26,4.08,4.09,4.11,4.08,1047,818582.00,0.74,0.25,0.01,0.10
2002-09-27,4.07,4.03,4.12,4.00,2389,1861127.00,2.93,-1.47,-0.06,0.23
2002-10-08,3.98,4.04,4.06,3.98,827,635750.00,1.99,0.25,0.01,0.08
2002-10-09,4.02,4.01,4.05,4.00,1531,1178319.00,1.24,-0.74,-0.03,0.15
2002-10-10,4.02,3.95,4.07,3.93,1579,1198741.00,3.49,-1.50,-0.06,0.15
2002-10-11,4.01,4.02,4.03,3.93,3937,3008304.00,2.53,1.77,0.07,0.37
2002-10-14,4.04,4.18,4.21,4.03,18154,14401012.00,4.48,3.98,0.16,1.73
2002-10-15,4.18,4.15,4.19,4.10,5099,4041918.00,2.15,-0.72,-0.03,0.49
2002-10-16,4.16,4.18,4.21,4.13,5020,4012439.00,1.93,0.72,0.03,0.48
2002-10-17,4.18,4.10,4.18,4.07,3329,2612474.00,2.63,-1.91,-0.08,0.32
2002-10-18,4.08,4.06,4.12,4.00,3143,2429022.00,2.93,-0.98,-0.04,0.30
2002-10-21,4.02,4.09,4.10,4.02,1249,967703.00,1.97,0.74,0.03,0.12
2002-10-22,4.09,4.18,4.21,4.07,4851,3862074.00,3.42,2.20,0.09,0.46
2002-10-23,4.19,4.21,4.23,4.12,3964,3163340.00,2.63,0.72,0.03,0.38
2002-10-24,4.18,4.15,4.21,4.13,1859,1482515.00,1.90,-1.43,-0.06,0.18
2002-10-25,4.15,4.03,4.17,4.02,2665,2087000.00,3.61,-2.89,-0.12,0.25
2002-10-28,3.98,3.98,4.17,3.92,3366,2575310.00,6.20,-1.24,-0.05,0.32
2002-10-29,4.05,3.99,4.05,3.90,1599,1204313.00,3.77,0.25,0.01,0.15
2002-10-30,4.00,3.97,4.01,3.93,1155,875814.00,2.01,-0.50,-0.02,0.11
2002-10-31,4.01,3.97,4.01,3.95,914,696650.00,1.51,0.00,0.00,0.09
2002-11-01,3.97,3.97,4.01,3.91,1282,969292.00,2.52,0.00,0.00,0.12
2002-11-04,4.02,4.04,4.05,3.98,1266,972080.00,1.76,1.76,0.07,0.12
2002-11-05,4.07,4.13,4.16,4.05,2714,2135172.00,2.72,2.23,0.09,0.26
2002-11-06,4.17,4.10,4.17,4.09,1779,1400316.00,1.94,-0.73,-0.03,0.17
2002-11-07,4.10,4.08,4.12,4.05,1653,1290606.00,1.71,-0.49,-0.02,0.16
2002-11-08,4.12,3.93,4.17,3.93,2332,1795024.00,5.88,-3.68,-0.15,0.22
2002-11-11,3.93,3.90,3.98,3.88,1641,1235182.00,2.54,-0.76,-0.03,0.16
2002-11-12,3.92,3.74,3.92,3.73,3766,2725397.00,4.87,-4.10,-0.16,0.36
2002-11-13,3.74,3.77,3.78,3.65,2651,1882630.00,3.48,0.80,0.03,0.25
2002-11-14,3.77,3.64,3.77,3.63,1687,1191516.00,3.71,-3.45,-0.13,0.16
2002-11-15,3.61,3.66,3.70,3.61,2090,1466467.00,2.47,0.55,0.02,0.20
2002-11-18,3.65,3.60,3.67,3.59,1066,737704.00,2.19,-1.64,-0.06,0.10
2002-11-19,3.60,3.66,3.67,3.56,1230,851265.00,3.06,1.67,0.06,0.12
2002-11-20,3.63,3.55,3.63,3.54,1586,1081581.00,2.46,-3.01,-0.11,0.15
2002-11-21,3.50,3.47,3.55,3.46,2288,1532657.00,2.54,-2.25,-0.08,0.22
2002-11-22,3.44,3.52,3.56,3.44,2083,1404887.00,3.46,1.44,0.05,0.20
2002-11-25,3.47,3.53,3.55,3.47,836,565280.00,2.27,0.28,0.01,0.08
2002-11-26,3.53,3.37,3.57,3.36,1816,1210846.00,5.95,-4.53,-0.16,0.17
2002-11-27,3.36,3.38,3.44,3.31,2645,1701010.00,3.86,0.30,0.01,0.25
2002-11-28,3.38,3.49,3.50,3.36,2103,1387218.00,4.14,3.25,0.11,0.20
2002-11-29,3.52,3.54,3.60,3.47,5517,3755676.00,3.72,1.43,0.05,0.53
2002-12-02,3.49,3.37,3.54,3.37,1638,1085208.00,4.80,-4.80,-0.17,0.16
2002-12-03,3.37,3.42,3.44,3.37,1467,958070.00,2.08,1.48,0.05,0.14
2002-12-04,3.42,3.45,3.52,3.38,4079,2704307.00,4.09,0.88,0.03,0.39
2002-12-05,3.39,3.37,3.46,3.34,2230,1447883.00,3.48,-2.32,-0.08,0.21
2002-12-06,3.37,3.39,3.42,3.34,1878,1214476.00,2.37,0.59,0.02,0.18
2002-12-09,3.40,3.36,3.42,3.31,1143,737759.00,3.24,-0.88,-0.03,0.11
2002-12-10,3.39,3.34,3.39,3.32,1095,704083.00,2.08,-0.60,-0.02,0.10
2002-12-11,3.29,3.22,3.30,3.18,3304,2054249.00,3.59,-3.59,-0.12,0.31
2002-12-12,3.22,3.26,3.34,3.22,3497,2215669.00,3.73,1.24,0.04,0.33
2002-12-13,3.23,3.33,3.36,3.20,2023,1276766.00,4.91,2.15,0.07,0.19
2002-12-16,3.29,3.37,3.38,3.29,3012,1938694.00,2.70,1.20,0.04,0.29
2002-12-17,3.34,3.38,3.41,3.34,3494,2266972.00,2.08,0.30,0.01,0.33
2002-12-18,3.40,3.35,3.45,3.35,3137,2052232.00,2.96,-0.89,-0.03,0.30
2002-12-19,3.36,3.37,3.39,3.34,1836,1182831.00,1.49,0.60,0.02,0.17
2002-12-20,3.42,3.42,3.43,3.34,3529,2299410.00,2.67,1.48,0.05,0.34
2002-12-23,3.44,3.45,3.49,3.41,4645,3075288.00,2.34,0.88,0.03,0.44
2002-12-24,3.43,3.50,3.51,3.42,4095,2721254.00,2.61,1.45,0.05,0.39
2002-12-25,3.52,3.45,3.52,3.44,2215,1471473.00,2.29,-1.43,-0.05,0.21
2002-12-26,3.45,3.27,3.45,3.25,3618,2319155.00,5.80,-5.22,-0.18,0.34
2002-12-27,3.26,3.25,3.31,3.23,3251,2034969.00,2.45,-0.61,-0.02,0.31
2002-12-30,3.25,3.21,3.29,3.19,2263,1401796.00,3.08,-1.23,-0.04,0.22
2002-12-31,3.18,3.18,3.25,3.18,1823,1121487.00,2.18,-0.93,-0.03,0.17