2024-01-02,9.09,8.92,9.10,8.80,200815,178811469.00,3.30,-1.87,-0.17,3.62
2024-01-03,8.87,9.40,9.40,8.69,462173,423447117.00,7.96,5.38,0.48,8.33
2024-01-04,9.20,9.18,9.28,8.98,274975,249782070.00,3.19,-2.34,-0.22,4.96
2024-01-05,9.23,8.66,9.36,8.60,238173,211725804.00,8.28,-5.66,-0.52,4.29
2024-01-08,8.55,8.42,8.80,8.41,163592,140606419.00,4.50,-2.77,-0.24,2.95
2024-01-09,8.44,8.52,8.79,8.32,162573,138896238.00,5.58,1.19,0.10,2.93
2024-01-10,8.45,8.09,8.45,8.05,183386,150191361.00,4.69,-5.05,-0.43,3.30
2024-01-11,8.00,8.39,8.44,7.80,199539,162759424.00,7.91,3.71,0.30,3.60
2024-01-12,8.29,7.75,8.30,7.72,233342,186587859.00,6.91,-7.63,-0.64,4.21
2024-01-15,7.74,7.83,7.99,7.61,119960,93887859.00,4.90,1.03,0.08,2.16
2024-01-16,7.81,7.49,7.86,7.32,203401,152405339.00,6.90,-4.34,-0.34,3.67
2024-01-17,7.44,7.28,7.54,7.18,94521,70071380.00,4.81,-2.80,-0.21,1.70
2024-01-18,7.17,7.18,7.36,6.86,186792,131198553.00,6.87,-1.37,-0.10,3.37
2024-01-19,7.16,6.93,7.16,6.90,116621,81773579.00,3.62,-3.48,-0.25,2.10
2024-01-22,6.90,6.52,6.98,6.41,164007,109640266.00,8.23,-5.92,-0.41,2.96
2024-01-23,6.45,6.41,6.56,6.29,168268,107532993.00,4.14,-1.69,-0.11,3.03