2003-01-02,3.00,2.96,3.03,2.96,4330,2685716.00,2.33,-1.66,-0.05,0.48
2003-01-03,2.96,2.97,2.97,2.95,2420,1489728.00,0.68,0.34,0.01,0.27
2003-01-06,2.96,3.00,3.00,2.96,2093,1303348.00,1.35,1.01,0.03,0.23
2003-01-07,3.00,2.98,3.01,2.97,2511,1576289.00,1.33,-0.67,-0.02,0.28
2003-01-08,2.99,3.04,3.04,2.98,4355,2772458.00,2.01,2.01,0.06,0.48
2003-01-09,3.05,3.08,3.10,3.03,10483,6840281.00,2.30,1.32,0.04,1.16
2003-01-10,3.08,3.05,3.10,3.05,6485,4255107.00,1.62,-0.97,-0.03,0.72
2003-01-13,3.04,3.05,3.07,3.04,2987,1941962.00,0.98,0.00,0.00,0.33
2003-01-14,3.06,3.14,3.17,3.05,13473,9125549.00,3.93,2.95,0.09,1.50
2003-01-15,3.15,3.13,3.19,3.12,14260,9814498.00,2.23,-0.32,-0.01,1.58
2003-01-16,3.13,3.18,3.19,3.13,10171,7022938.00,1.92,1.60,0.05,1.13
2003-01-17,3.18,3.16,3.20,3.14,8804,6108511.00,1.89,-0.63,-0.02,0.98
2003-01-20,3.15,3.15,3.17,3.12,5879,4012346.00,1.58,-0.32,-0.01,0.65
2003-01-21,3.15,3.13,3.16,3.11,9388,6376008.00,1.59,-0.63,-0.02,1.04
2003-01-22,3.14,3.20,3.21,3.12,28256,19718486.00,2.88,2.24,0.07,3.14
2003-01-23,3.19,3.20,3.21,3.16,14837,10380165.00,1.56,0.00,0.00,1.65
2003-01-24,3.20,3.24,3.24,3.15,25668,18184312.00,2.81,1.25,0.04,2.85
2003-01-27,3.24,3.26,3.27,3.22,19198,13882904.00,1.54,0.62,0.02,2.13
2003-01-28,3.25,3.26,3.26,3.23,10286,7421912.00,0.92,0.00,0.00,1.14
2003-01-29,3.25,3.23,3.26,3.23,8552,6163262.00,0.92,-0.92,-0.03,0.95
2003-02-10,3.21,3.17,3.22,3.17,8507,5951920.00,1.55,-1.86,-0.06,0.95
2003-02-11,3.19,3.21,3.21,3.17,4284,3004566.00,1.26,1.26,0.04,0.48
2003-02-12,3.21,3.24,3.24,3.19,6051,4310356.00,1.56,0.93,0.03,0.67
2003-02-13,3.24,3.22,3.27,3.22,9889,7140403.00,1.54,-0.62,-0.02,1.10
2003-02-14,3.22,3.22,3.23,3.21,6298,4492259.00,0.62,0.00,0.00,0.70
2003-02-17,3.22,3.21,3.25,3.21,6744,4822491.00,1.24,-0.31,-0.01,0.75
2003-02-18,3.21,3.22,3.22,3.20,4550,3222537.00,0.62,0.31,0.01,0.51
2003-02-19,3.23,3.26,3.26,3.21,9239,6643203.00,1.55,1.24,0.04,1.03
2003-02-20,3.26,3.25,3.26,3.24,6678,4838952.00,0.61,-0.31,-0.01,0.74
2003-02-21,3.23,3.18,3.25,3.18,8328,5876609.00,2.15,-2.15,-0.07,0.93
2003-02-24,3.18,3.19,3.20,3.17,4169,2918764.00,0.94,0.31,0.01,0.46
2003-02-25,3.19,3.24,3.24,3.19,6695,4779077.00,1.57,1.57,0.05,0.74
2003-02-26,3.26,3.26,3.31,3.25,19776,14496590.00,1.85,0.62,0.02,2.20
2003-02-27,3.27,3.24,3.27,3.23,6093,4404587.00,1.23,-0.61,-0.02,0.68
2003-02-28,3.24,3.23,3.24,3.21,6050,4325346.00,0.93,-0.31,-0.01,0.67
2003-03-03,3.23,3.26,3.26,3.23,4637,3348216.00,0.93,0.93,0.03,0.52
2003-03-04,3.26,3.24,3.26,3.23,4009,2892952.00,0.92,-0.61,-0.02,0.45
2003-03-05,3.24,3.23,3.25,3.21,4289,3057336.00,1.23,-0.31,-0.01,0.48
2003-03-06,3.23,3.19,3.23,3.18,4669,3287881.00,1.55,-1.24,-0.04,0.52
2003-03-07,3.18,3.18,3.20,3.18,2957,2067603.00,0.63,-0.31,-0.01,0.33
2003-03-10,3.19,3.13,3.19,3.13,5055,3474697.00,1.89,-1.57,-0.05,0.56
2003-03-11,3.13,3.13,3.15,3.12,3733,2539272.00,0.96,0.00,0.00,0.41
2003-03-12,3.13,3.14,3.14,3.12,3373,2286459.00,0.64,0.32,0.01,0.37
2003-03-13,3.14,3.12,3.14,3.12,2520,1705200.00,0.64,-0.64,-0.02,0.28
2003-03-14,3.12,3.12,3.13,3.11,2206,1489314.00,0.64,0.00,0.00,0.25
2003-03-17,3.12,3.09,3.12,3.08,3278,2179549.00,1.28,-0.96,-0.03,0.36
2003-03-18,3.11,3.06,3.12,3.05,3043,2020401.00,2.27,-0.97,-0.03,0.34
2003-03-19,3.06,3.08,3.10,3.05,2995,1965783.00,1.63,0.65,0.02,0.33
2003-03-20,3.09,3.08,3.09,3.07,1770,1165264.00,0.65,0.00,0.00,0.20
2003-03-21,3.08,3.10,3.10,3.07,2123,1402498.00,0.97,0.65,0.02,0.24
2003-03-24,3.10,3.10,3.10,3.08,1415,942313.00,0.65,0.00,0.00,0.16
2003-03-25,3.07,3.05,3.09,3.05,4006,2613976.00,1.29,-1.61,-0.05,0.45
2003-03-26,3.05,3.02,3.06,3.02,3123,2014204.00,1.31,-0.98,-0.03,0.35
2003-03-27,3.02,3.10,3.12,3.02,6096,3998114.00,3.31,2.65,0.08,0.68
2003-03-28,3.10,3.09,3.11,3.08,4192,2789095.00,0.97,-0.32,-0.01,0.47
2003-03-31,3.09,3.11,3.11,3.08,3456,2297860.00,0.97,0.65,0.02,0.38
2003-04-01,3.11,3.12,3.12,3.09,4650,3112321.00,0.96,0.32,0.01,0.52
2003-04-02,3.11,3.11,3.13,3.10,2749,1851145.00,0.96,-0.32,-0.01,0.31
2003-04-03,3.11,3.09,3.11,3.08,3494,2318578.00,0.96,-0.64,-0.02,0.39
2003-04-04,3.08,3.12,3.13,3.06,5972,3970389.00,2.27,0.97,0.03,0.66
2003-04-07,3.11,3.08,3.11,3.08,4566,3020088.00,0.96,-1.28,-0.04,0.51
2003-04-08,3.08,3.05,3.08,3.04,4895,3183205.00,1.30,-0.97,-0.03,0.54
2003-04-09,3.05,3.05,3.06,2.97,12920,8178513.00,2.95,0.00,0.00,1.44
2003-04-10,3.02,3.08,3.08,3.02,14600,9429442.00,1.97,0.98,0.03,1.62
2003-04-11,3.08,3.14,3.15,3.07,20734,13901252.00,2.60,1.95,0.06,2.30
2003-04-14,3.14,3.21,3.22,3.14,27600,19293541.00,2.55,2.23,0.07,3.07
2003-04-15,3.22,3.21,3.23,3.16,15582,10917405.00,2.18,0.00,0.00,1.73
2003-04-16,3.21,3.14,3.21,3.13,20761,14359175.00,2.49,-2.18,-0.07,2.31
2003-04-17,3.13,3.14,3.16,3.12,8810,6008844.00,1.27,0.00,0.00,0.98
2003-04-18,3.15,3.17,3.19,3.14,9751,6757315.00,1.59,0.96,0.03,1.08
2003-04-21,3.17,3.13,3.17,3.08,13067,8777267.00,2.84,-1.26,-0.04,1.45
2003-04-22,3.11,3.12,3.12,3.11,4005,2692459.00,0.32,-0.32,-0.01,0.44
2003-04-23,3.11,3.07,3.12,3.07,7054,4688941.00,1.60,-1.60,-0.05,0.78
2003-04-24,3.07,3.02,3.08,3.00,7242,4675220.00,2.61,-1.63,-0.05,0.80
2003-04-28,2.99,3.02,3.02,2.96,7928,4941134.00,1.99,0.00,0.00,0.88
2003-04-29,3.01,2.97,3.01,2.97,4725,2946407.00,1.32,-1.66,-0.05,0.53
2003-04-30,2.97,3.04,3.04,2.97,8975,5652681.00,2.36,2.36,0.07,1.00
2003-05-12,3.03,3.00,3.03,2.99,3426,2160072.00,1.32,-1.32,-0.04,0.38
2003-05-13,2.99,2.90,3.00,2.87,7731,4640197.00,4.33,-3.33,-0.10,0.86
2003-05-14,2.89,2.96,2.96,2.88,5423,3276307.00,2.76,2.07,0.06,0.60
2003-05-15,2.97,3.00,3.04,2.93,6652,4130303.00,3.72,1.35,0.04,0.74
2003-05-16,3.00,3.02,3.04,2.99,5342,3391121.00,1.67,0.67,0.02,0.59
2003-05-19,3.04,3.03,3.04,3.00,4545,2903677.00,1.32,0.33,0.01,0.50
2003-05-20,3.03,3.01,3.03,2.99,3894,2452989.00,1.32,-0.66,-0.02,0.43
2003-05-21,2.99,3.04,3.05,2.99,7897,5075204.00,1.99,1.00,0.03,0.88
2003-05-22,3.07,3.09,3.11,3.07,30769,20414894.00,1.32,1.64,0.05,3.42
2003-05-23,3.09,3.09,3.12,3.07,14243,9494676.00,1.62,0.00,0.00,1.58
2003-05-26,3.09,3.08,3.12,3.06,7906,5215475.00,1.94,-0.32,-0.01,0.88
2003-05-27,3.09,3.11,3.11,3.08,7964,5312047.00,0.97,0.97,0.03,0.88
2003-05-28,3.11,3.10,3.14,3.09,10890,7367750.00,1.61,-0.32,-0.01,1.21
2003-05-29,3.09,3.09,3.10,3.06,7516,4953370.00,1.29,-0.32,-0.01,0.84
2003-05-30,3.08,3.09,3.10,3.08,8315,5506842.00,0.65,0.00,0.00,0.92
2003-06-02,3.09,3.07,3.10,3.05,5895,3861218.00,1.62,-0.65,-0.02,0.65
2003-06-03,3.08,3.13,3.15,3.08,24371,16478712.00,2.28,1.95,0.06,2.71
2003-06-04,3.13,3.12,3.13,3.09,8772,5883174.00,1.28,-0.32,-0.01,0.97
2003-06-05,3.11,3.09,3.15,3.08,9424,6383925.00,2.24,-0.96,-0.03,1.05
2003-06-06,3.08,3.05,3.10,3.05,7476,4894986.00,1.62,-1.29,-0.04,0.83
2003-06-09,3.05,3.01,3.05,3.00,5853,3725660.00,1.64,-1.31,-0.04,0.65
2003-06-10,3.01,3.01,3.03,2.98,4122,2608058.00,1.66,0.00,0.00,0.46
2003-06-11,3.01,3.04,3.04,3.01,4870,3120335.00,1.00,1.00,0.03,0.54
2003-06-12,3.05,3.02,3.05,3.01,3225,2058120.00,1.32,-0.66,-0.02,0.36
2003-06-13,3.05,3.04,3.05,3.03,3618,2326452.00,0.66,0.66,0.02,0.40
2003-06-16,3.04,3.05,3.05,3.03,2049,1322111.00,0.66,0.33,0.01,0.23
2003-06-17,3.05,3.04,3.05,3.03,2038,1311722.00,0.66,-0.33,-0.01,0.23
2003-06-18,3.03,3.03,3.05,3.01,1562,1006166.00,1.32,-0.33,-0.01,0.17
2003-06-19,3.03,3.00,3.04,2.99,2871,1813872.00,1.65,-0.99,-0.03,0.32
2003-06-20,3.00,3.01,3.03,3.00,1523,964335.00,1.00,0.33,0.01,0.17
2003-06-23,3.00,2.98,3.00,2.98,2044,1277434.00,0.66,-1.00,-0.03,0.23
2003-06-24,2.98,2.98,2.99,2.96,1747,1084216.00,1.01,0.00,0.00,0.19
2003-06-25,2.98,2.96,2.99,2.96,2199,1361139.00,1.01,-0.67,-0.02,0.24
2003-06-26,2.95,2.97,2.99,2.94,2692,1654816.00,1.69,0.34,0.01,0.30
2003-06-27,3.00,2.95,3.00,2.95,1837,1134129.00,1.68,-0.67,-0.02,0.20
2003-06-30,2.95,2.99,3.01,2.94,3186,1951349.00,2.37,1.36,0.04,0.35
2003-07-01,2.99,2.95,2.99,2.95,1998,1229093.00,1.34,-1.34,-0.04,0.22
2003-07-02,2.97,2.97,2.97,2.95,1963,1201349.00,0.68,0.68,0.02,0.22
2003-07-03,2.97,2.96,2.97,2.96,1250,770466.00,0.34,-0.34,-0.01,0.14
2003-07-04,2.96,2.96,2.97,2.94,2887,1765393.00,1.01,0.00,0.00,0.32
2003-07-07,2.95,2.95,2.96,2.94,1200,731228.00,0.68,-0.34,-0.01,0.13
2003-07-08,2.95,2.97,2.97,2.95,1497,918625.00,0.68,0.68,0.02,0.17
2003-07-09,2.95,2.96,2.96,2.95,1226,751996.00,0.34,-0.34,-0.01,0.14
2003-07-10,2.96,2.98,2.98,2.93,4246,2609070.00,1.69,0.68,0.02,0.47
2003-07-11,2.97,2.96,2.98,2.96,2316,1430858.00,0.67,-0.67,-0.02,0.26
2003-07-14,2.96,2.96,2.97,2.95,1362,838600.00,0.68,0.00,0.00,0.15
2003-07-15,2.95,2.95,2.97,2.93,2073,1265011.00,1.35,-0.34,-0.01,0.23
2003-07-16,2.96,2.94,2.96,2.93,1658,1008255.00,1.02,-0.34,-0.01,0.18
2003-07-17,2.95,2.95,2.95,2.93,3749,2281283.00,0.68,0.34,0.01,0.42
2003-07-21,2.90,2.89,2.91,2.89,4928,2910429.00,0.68,-2.03,-0.06,0.55
2003-07-22,2.90,2.91,2.93,2.88,1950,1153515.00,1.73,0.69,0.02,0.22
2003-07-23,2.92,2.91,2.92,2.90,1513,898269.00,0.69,0.00,0.00,0.17
2003-07-24,2.92,2.91,2.93,2.90,2052,1225332.00,1.03,0.00,0.00,0.23
2003-07-25,2.91,2.88,2.92,2.88,2228,1313960.00,1.37,-1.03,-0.03,0.25
2003-07-28,2.90,2.87,2.90,2.87,1401,815888.00,1.04,-0.35,-0.01,0.16
2003-07-29,2.87,2.89,2.89,2.87,1436,837242.00,0.70,0.70,0.02,0.16
2003-07-30,2.88,2.89,2.89,2.87,919,537302.00,0.69,0.00,0.00,0.10
2003-07-31,2.88,2.88,2.89,2.87,1173,686573.00,0.69,-0.35,-0.01,0.13
2003-08-01,2.88,2.89,2.90,2.87,1359,795403.00,1.04,0.35,0.01,0.15
2003-08-04,2.88,2.90,2.91,2.88,1337,788834.00,1.04,0.35,0.01,0.15
2003-08-05,2.90,2.92,2.92,2.90,2305,1373836.00,0.69,0.69,0.02,0.26
2003-08-06,2.92,2.92,2.93,2.91,2119,1270819.00,0.68,0.00,0.00,0.24
2003-08-07,2.92,2.91,2.93,2.90,869,518976.00,1.03,-0.34,-0.01,0.10
2003-08-08,2.91,2.91,2.92,2.88,2451,1444075.00,1.37,0.00,0.00,0.27
2003-08-11,2.87,2.90,2.90,2.87,820,482329.00,1.03,-0.34,-0.01,0.09
2003-08-12,2.90,2.90,2.91,2.88,937,553397.00,1.03,0.00,0.00,0.10
2003-08-13,2.90,2.89,2.91,2.88,978,573235.00,1.03,-0.34,-0.01,0.11
2003-08-14,2.90,2.88,2.90,2.87,1468,858993.00,1.04,-0.35,-0.01,0.16
2003-08-15,2.87,2.86,2.90,2.86,1699,988212.00,1.39,-0.69,-0.02,0.19
2003-08-18,2.86,2.87,2.87,2.86,1278,738126.00,0.35,0.35,0.01,0.14
2003-08-19,2.87,2.87,2.89,2.87,682,397930.00,0.70,0.00,0.00,0.08
2003-08-20,2.90,2.87,2.90,2.86,799,466262.00,1.39,0.00,0.00,0.09
2003-08-21,2.88,2.92,2.94,2.88,9174,5517450.00,2.09,1.74,0.05,1.02
2003-08-22,2.91,2.91,2.93,2.90,2572,1537113.00,1.03,-0.34,-0.01,0.29
2003-08-25,2.91,2.87,2.91,2.87,1980,1157550.00,1.37,-1.37,-0.04,0.22
2003-08-26,2.87,2.88,2.89,2.86,1400,814919.00,1.05,0.35,0.01,0.16
2003-08-27,2.87,2.88,2.89,2.86,1587,922071.00,1.04,0.00,0.00,0.18
2003-08-28,2.88,2.87,2.88,2.86,1198,694175.00,0.69,-0.35,-0.01,0.13
2003-08-29,2.86,2.85,2.87,2.83,1655,944327.00,1.39,-0.70,-0.02,0.18
2003-09-01,2.84,2.89,2.89,2.83,3142,1808427.00,2.11,1.40,0.04,0.35
2003-09-02,2.88,2.87,2.90,2.86,2580,1505558.00,1.38,-0.69,-0.02,0.29
2003-09-03,2.88,2.90,2.90,2.86,2345,1372353.00,1.39,1.05,0.03,0.26
2003-09-04,2.91,2.92,2.93,2.90,7298,4362059.00,1.03,0.69,0.02,0.81
2003-09-05,2.92,2.90,2.92,2.88,2949,1741139.00,1.37,-0.68,-0.02,0.33
2003-09-08,2.76,2.95,3.00,2.76,14838,9079190.00,8.28,1.72,0.05,1.65
2003-09-09,2.95,2.91,2.95,2.91,5386,3242770.00,1.36,-1.36,-0.04,0.60
2003-09-10,2.92,2.93,2.94,2.91,2579,1554993.00,1.03,0.69,0.02,0.29
2003-09-11,2.93,2.96,2.97,2.92,4665,2847621.00,1.71,1.02,0.03,0.52
2003-09-12,2.95,2.94,2.95,2.92,3530,2137226.00,1.01,-0.68,-0.02,0.39
2003-09-15,2.93,2.90,2.94,2.90,3081,1844004.00,1.36,-1.36,-0.04,0.34
2003-09-16,2.89,2.93,2.93,2.88,2416,1440047.00,1.72,1.03,0.03,0.27
2003-09-17,2.92,2.92,2.93,2.91,2533,1515943.00,0.68,-0.34,-0.01,0.28
2003-09-18,2.92,2.94,2.95,2.90,3462,2089012.00,1.71,0.68,0.02,0.38
2003-09-19,2.95,2.97,3.00,2.95,14062,8737467.00,1.70,1.02,0.03,1.56
2003-09-22,2.99,2.98,3.00,2.96,5640,3515345.00,1.35,0.34,0.01,0.63
2003-09-23,2.97,2.99,2.99,2.97,2986,1861033.00,0.67,0.34,0.01,0.33
2003-09-24,2.99,2.99,2.99,2.97,3905,2441234.00,0.67,0.00,0.00,0.43
2003-09-25,2.98,2.94,2.99,2.94,3466,2129326.00,1.67,-1.67,-0.05,0.39
2003-09-26,2.93,2.95,2.95,2.93,1815,1103332.00,0.68,0.34,0.01,0.20
2003-09-30,2.95,2.89,2.95,2.83,4184,2448562.00,4.07,-2.03,-0.06,0.46
2003-10-08,2.90,2.90,2.90,2.87,1726,1007920.00,1.04,0.35,0.01,0.19
2003-10-09,2.90,2.90,2.90,2.87,1770,1039258.00,1.03,0.00,0.00,0.20
2003-10-10,2.90,2.95,2.95,2.89,3196,1920877.00,2.07,1.72,0.05,0.36
2003-10-13,2.94,2.94,2.96,2.92,2122,1286304.00,1.36,-0.34,-0.01,0.24
2003-10-14,2.94,2.93,2.94,2.92,1800,1081340.00,0.68,-0.34,-0.01,0.20
2003-10-15,2.93,2.93,2.95,2.91,2167,1310616.00,1.37,0.00,0.00,0.24
2003-10-16,2.93,2.90,2.93,2.90,1555,927568.00,1.02,-1.02,-0.03,0.17
2003-10-17,2.90,2.88,2.90,2.87,1623,954442.00,1.03,-0.69,-0.02,0.18
2003-10-20,2.88,2.86,2.88,2.86,1566,904694.00,0.69,-0.69,-0.02,0.17
2003-10-21,2.87,2.88,2.88,2.86,1001,580474.00,0.70,0.70,0.02,0.11
2003-10-22,2.88,2.92,2.93,2.88,2443,1450412.00,1.74,1.39,0.04,0.27
2003-10-23,2.92,2.93,2.95,2.91,5868,3539352.00,1.37,0.34,0.01,0.65
2003-10-24,2.93,2.91,2.93,2.88,2110,1256213.00,1.71,-0.68,-0.02,0.23
2003-10-27,2.92,2.90,2.92,2.86,3720,2160688.00,2.06,-0.34,-0.01,0.41
2003-10-28,2.89,2.87,2.90,2.85,1996,1152156.00,1.72,-1.03,-0.03,0.22
2003-10-29,2.87,2.88,2.90,2.78,4496,2523560.00,4.18,0.35,0.01,0.50
2003-10-30,2.84,2.84,2.84,2.81,1274,717935.00,1.04,-1.39,-0.04,0.14
2003-10-31,2.83,2.83,2.86,2.80,2190,1238799.00,2.11,-0.35,-0.01,0.24
2003-11-03,2.80,2.81,2.82,2.77,1596,885148.00,1.77,-0.71,-0.02,0.18
2003-11-04,2.81,2.82,2.84,2.79,3314,1866651.00,1.78,0.36,0.01,0.37
2003-11-05,2.82,2.77,2.82,2.76,3147,1730764.00,2.13,-1.77,-0.05,0.35
2003-11-06,2.76,2.66,2.76,2.66,7296,3735468.00,3.61,-3.97,-0.11,0.81
2003-11-07,2.66,2.64,2.66,2.63,3299,1631142.00,1.13,-0.75,-0.02,0.37
2003-11-10,2.64,2.67,2.67,2.64,1525,755653.00,1.14,1.14,0.03,0.17
2003-11-11,2.67,2.65,2.67,2.64,1096,546763.00,1.12,-0.75,-0.02,0.12
2003-11-12,2.65,2.66,2.67,2.64,1649,825152.00,1.13,0.38,0.01,0.18
2003-11-13,2.60,2.68,2.70,2.60,6005,3034523.00,3.76,0.75,0.02,0.67
2003-11-14,2.65,2.69,2.71,2.65,6313,3232690.00,2.24,0.37,0.01,0.70
2003-11-17,2.69,2.69,2.70,2.68,2532,1298246.00,0.74,0.00,0.00,0.28
2003-11-18,2.69,2.66,2.70,2.66,864,435534.00,1.49,-1.12,-0.03,0.10
2003-11-19,2.66,2.67,2.68,2.64,2816,1413348.00,1.50,0.38,0.01,0.31
2003-11-20,2.67,2.72,2.74,2.66,5412,2804640.00,3.00,1.87,0.05,0.60
2003-11-21,2.72,2.69,2.73,2.69,3814,1980113.00,1.47,-1.10,-0.03,0.42
2003-11-24,2.68,2.73,2.74,2.68,3394,1770834.00,2.23,1.49,0.04,0.38
2003-11-25,2.73,2.73,2.78,2.72,9363,5005990.00,2.20,0.00,0.00,1.04
2003-11-26,2.73,2.75,2.76,2.72,5604,2981507.00,1.47,0.73,0.02,0.62
2003-11-27,2.75,2.72,2.76,2.72,3382,1784290.00,1.45,-1.09,-0.03,0.38
2003-11-28,2.72,2.73,2.77,2.72,4481,2388796.00,1.84,0.37,0.01,0.50
2003-12-01,2.73,2.79,2.79,2.73,8623,4697376.00,2.20,2.20,0.06,0.96
2003-12-02,2.81,2.81,2.83,2.80,22228,12437603.00,1.08,0.72,0.02,2.47
2003-12-03,2.81,2.81,2.82,2.78,7794,4323298.00,1.42,0.00,0.00,0.87
2003-12-04,2.80,2.82,2.82,2.79,6313,3500075.00,1.07,0.36,0.01,0.70
2003-12-05,2.84,2.85,2.89,2.84,14871,8553420.00,1.77,1.06,0.03,1.65
2003-12-08,2.85,2.87,2.91,2.84,18640,10857400.00,2.46,0.70,0.02,2.07
2003-12-09,2.87,2.85,2.87,2.83,6580,3758980.00,1.39,-0.70,-0.02,0.73
2003-12-10,2.84,2.88,2.88,2.84,7709,4467542.00,1.40,1.05,0.03,0.86
2003-12-11,2.88,2.86,2.88,2.85,5324,3074057.00,1.04,-0.69,-0.02,0.59
2003-12-12,2.85,2.86,2.86,2.82,5077,2890698.00,1.40,0.00,0.00,0.56
2003-12-15,2.85,2.83,2.85,2.83,2296,1304912.00,0.70,-1.05,-0.03,0.26
2003-12-16,2.83,2.81,2.83,2.79,5189,2873319.00,1.41,-0.71,-0.02,0.58
2003-12-17,2.83,2.78,2.83,2.78,3803,2109225.00,1.78,-1.07,-0.03,0.42
2003-12-18,2.78,2.74,2.78,2.73,5383,2893479.00,1.80,-1.44,-0.04,0.60
2003-12-19,2.74,2.71,2.76,2.69,7566,3953849.00,2.55,-1.09,-0.03,0.84
2003-12-22,2.70,2.76,2.78,2.68,7706,4067401.00,3.69,1.85,0.05,0.86
2003-12-23,2.76,2.76,2.78,2.74,6352,3441072.00,1.45,0.00,0.00,0.71
2003-12-24,2.76,2.74,2.76,2.73,5725,3048043.00,1.09,-0.72,-0.02,0.64
2003-12-25,2.74,2.82,2.82,2.74,13405,7371019.00,2.92,2.92,0.08,1.49
2003-12-26,2.83,2.80,2.83,2.79,5002,2785922.00,1.42,-0.71,-0.02,0.56
2003-12-29,2.79,2.80,2.84,2.79,6055,3393081.00,1.79,0.00,0.00,0.67
2003-12-30,2.82,2.83,2.83,2.80,4383,2458672.00,1.07,1.07,0.03,0.49
2003-12-31,2.83,2.86,2.89,2.83,15463,8966895.00,2.12,1.06,0.03,1.72