2026-01-05,74.50,76.65,76.98,74.50,72214,546635172.00,3.35,3.67,2.71,3.77
2026-01-06,76.13,77.83,78.55,75.31,80725,620608512.00,4.23,1.54,1.18,4.22
2026-01-07,77.91,81.53,87.00,77.91,170582,1424559169.00,11.68,4.75,3.70,8.91
2026-01-08,80.04,78.26,81.20,77.41,104506,820225098.00,4.65,-4.01,-3.27,5.46
2026-01-09,77.41,77.81,80.30,77.08,88879,700288512.00,4.11,-0.58,-0.45,4.64
2026-01-12,77.30,77.05,77.41,73.58,109634,824915729.00,4.92,-0.98,-0.76,5.73
2026-01-13,77.05,73.39,77.26,72.80,82978,618081327.00,5.79,-4.75,-3.66,4.33
2026-01-14,74.00,74.72,75.30,72.54,70120,519330666.00,3.76,1.81,1.33,3.66
2026-01-15,73.86,74.20,74.70,71.54,69736,509811438.00,4.23,-0.70,-0.52,3.64
2026-01-16,75.00,75.95,76.61,73.50,82339,618762315.00,4.19,2.36,1.75,4.30
2026-01-19,74.54,75.14,76.36,74.15,54799,412396247.00,2.91,-1.07,-0.81,2.86
2026-01-20,75.29,72.03,76.55,71.50,58496,427103810.00,6.72,-4.14,-3.11,3.06
2026-01-21,71.02,73.58,74.00,71.01,48080,352245090.00,4.15,2.15,1.55,2.51
2026-01-22,74.55,74.80,75.55,72.58,59554,441489420.00,4.04,1.66,1.22,3.11
2026-01-23,74.00,72.07,75.21,71.52,57429,416576466.00,4.93,-3.65,-2.73,3.00
2026-01-26,71.51,70.70,72.56,70.28,39783,282938646.00,3.16,-1.90,-1.37,2.08
2026-01-27,70.51,71.41,71.55,67.70,51033,355670712.00,5.45,1.00,0.71,2.67
2026-01-28,71.48,75.00,77.00,71.47,116328,876571977.00,7.74,5.03,3.59,6.08
2026-01-29,74.00,72.60,76.00,72.20,57408,424711757.00,5.07,-3.20,-2.40,3.00
2026-01-30,72.00,74.25,75.60,70.35,57757,424173787.00,7.23,2.27,1.65,3.02
2026-02-02,73.52,71.55,75.89,71.40,41162,301316630.00,6.05,-3.64,-2.70,2.15
2026-02-03,73.00,74.18,74.50,70.80,57179,417060326.00,5.17,3.68,2.63,2.99
2026-02-04,73.39,73.60,74.86,71.01,50056,362605354.00,5.19,-0.78,-0.58,2.61
2026-02-05,72.60,73.16,77.50,71.64,83095,617102744.00,7.96,-0.60,-0.44,4.34
2026-02-06,72.04,77.30,82.08,70.53,172306,1335866642.00,15.79,5.66,4.14,9.00
2026-02-09,79.00,77.55,80.00,75.10,106574,823305477.00,6.34,0.32,0.25,5.57
2026-02-10,76.70,85.70,88.86,76.70,193416,1608649448.00,15.68,10.51,8.15,10.10
2026-02-11,84.85,86.39,89.80,83.74,128772,1117951635.00,7.07,0.81,0.69,6.73
2026-02-12,85.45,82.30,85.45,80.38,126204,1040091618.00,5.87,-4.73,-4.09,6.59
2026-02-13,81.29,82.42,85.82,80.50,84491,700782252.00,6.46,0.15,0.12,4.41
2026-02-24,83.67,81.67,84.91,81.35,74300,617564547.00,4.32,-0.91,-0.75,3.88
2026-02-25,82.50,91.00,91.50,81.60,152838,1322307790.00,12.12,11.42,9.33,7.98
2026-02-26,96.00,95.00,99.50,92.03,180609,1716911684.00,8.21,4.40,4.00,9.43
2026-02-27,93.07,99.70,101.68,91.50,153015,1500496384.00,10.72,4.95,4.70,7.99
2026-03-02,103.03,109.78,116.00,103.03,173293,1901159222.00,13.01,10.11,10.08,9.05
2026-03-03,108.50,103.29,109.00,100.00,155706,1613658325.00,8.20,-5.91,-6.49,8.13
2026-03-04,101.84,108.60,112.00,101.84,131922,1430154945.00,9.84,5.14,5.31,6.89
2026-03-05,110.00,108.05,113.50,105.88,131213,1435470711.00,7.02,-0.51,-0.55,6.85
2026-03-06,106.11,108.21,114.63,106.11,103546,1135832175.00,7.89,0.15,0.16,5.41
2026-03-09,102.00,101.90,104.82,94.00,125422,1237436739.00,10.00,-5.83,-6.31,6.55
2026-03-10,104.81,106.50,107.90,99.41,103182,1083371629.00,8.33,4.51,4.60,5.39
2026-03-11,104.90,109.19,110.99,104.88,102636,1111928869.00,5.74,2.53,2.69,5.36
2026-03-12,108.78,101.30,109.19,98.01,109829,1111452985.00,10.24,-7.23,-7.89,5.74
2026-03-13,100.00,97.20,100.78,96.81,66107,648976298.00,3.92,-4.05,-4.10,3.45
2026-03-16,97.26,99.10,101.85,96.60,85245,844687322.00,5.40,1.95,1.90,4.45
2026-03-17,96.90,87.31,97.80,87.25,118272,1063961406.00,10.65,-11.90,-11.79,6.18
2026-03-18,87.49,88.35,89.29,85.41,84053,732278920.00,4.44,1.19,1.04,4.39
2026-03-19,86.87,84.58,88.50,84.04,58840,504104975.00,5.05,-4.27,-3.77,3.07
2026-03-20,85.51,83.26,88.58,83.26,75506,651402016.00,6.29,-1.56,-1.32,3.94
2026-03-23,80.13,81.63,85.81,78.00,94368,773251419.00,9.38,-1.96,-1.63,4.93
2026-03-24,82.50,83.39,84.16,80.33,69805,572052808.00,4.69,2.16,1.76,3.65
2026-03-25,85.06,86.15,89.90,84.94,86866,757925343.00,5.95,3.31,2.76,4.54
2026-03-26,85.17,84.25,87.95,84.18,58142,498325609.00,4.38,-2.21,-1.90,3.04
2026-03-27,82.79,83.66,86.37,81.63,58090,488627377.00,5.63,-0.70,-0.59,3.03
2026-03-30,82.16,82.46,83.29,79.30,62998,511568856.00,4.77,-1.43,-1.20,3.29
2026-03-31,81.99,80.33,83.27,79.95,45121,366803420.00,4.03,-2.58,-2.13,2.36
2026-04-01,83.19,85.59,86.00,82.12,85996,726116569.00,4.83,6.55,5.26,4.49
2026-04-02,84.84,83.01,86.60,81.68,53421,446728142.00,5.75,-3.01,-2.58,2.79
2026-04-03,83.70,85.20,86.55,83.16,83071,708381784.00,4.08,2.64,2.19,4.34
2026-04-07,85.19,87.40,90.80,84.62,93891,820652412.00,7.25,2.58,2.20,4.90
2026-04-08,91.90,91.65,92.00,87.51,119427,1082209038.00,5.14,4.86,4.25,6.24
2026-04-09,89.84,94.23,96.66,89.81,115890,1094121098.00,7.47,2.82,2.58,6.05
2026-04-10,94.53,97.62,100.36,94.00,118158,1149005760.00,6.75,3.60,3.39,6.17
2026-04-13,96.55,96.08,97.64,94.88,86725,833527507.00,2.83,-1.58,-1.54,4.53
2026-04-14,97.80,96.32,99.94,93.30,113449,1093116502.00,6.91,0.25,0.24,5.93
2026-04-15,97.58,98.06,100.00,95.95,112451,1105260748.00,4.20,1.81,1.74,5.87
2026-04-16,97.74,97.92,100.88,97.06,93258,922355333.00,3.90,-0.14,-0.14,4.87
2026-04-17,97.00,98.31,99.58,96.06,75651,741934221.00,3.59,0.40,0.39,3.95
2026-04-20,98.85,97.81,99.50,96.20,71093,694763073.00,3.36,-0.51,-0.50,3.71
2026-04-21,96.17,98.50,99.79,95.20,70807,693594911.00,4.69,0.71,0.69,3.70
2026-04-22,97.89,99.93,101.93,96.87,74817,745543192.00,5.14,1.45,1.43,3.91
2026-04-23,99.47,97.58,101.70,95.05,79050,772528976.00,6.65,-2.35,-2.35,4.13
2026-04-24,96.75,94.42,97.80,93.21,64330,613444560.00,4.70,-3.24,-3.16,3.36
2026-04-27,94.43,95.38,97.36,94.42,47079,451352864.00,3.11,1.02,0.96,2.46
2026-04-28,94.99,97.00,99.15,92.69,74956,723812104.00,6.77,1.70,1.62,3.92
2026-04-29,98.70,102.88,107.33,97.00,136650,1416753856.00,10.65,6.06,5.88,7.14
2026-04-30,105.24,108.10,111.90,103.56,115033,1243613282.17,8.11,5.07,5.22,6.01