2000-01-04,3.29,3.39,3.41,3.28,1193,1029000.00,3.95,3.04,0.10,0.20
2000-01-05,3.38,3.48,3.62,3.38,4442,3989000.00,7.08,2.65,0.09,0.76
2000-01-06,3.48,3.75,3.78,3.45,10644,9807000.00,9.48,7.76,0.27,1.81
2000-01-07,3.84,3.78,3.94,3.67,14599,13763000.00,7.20,0.80,0.03,2.49
2000-01-10,3.84,3.81,3.94,3.73,14087,13365000.00,5.56,0.79,0.03,2.40
2000-01-11,3.81,3.48,3.81,3.48,6958,6347000.00,8.66,-8.66,-0.33,1.19
2000-01-12,3.45,3.37,3.55,3.31,4245,3698000.00,6.90,-3.16,-0.11,0.72
2000-01-13,3.35,3.35,3.43,3.33,1947,1682000.00,2.97,-0.59,-0.02,0.33
2000-01-14,3.35,3.29,3.37,3.28,1961,1682000.00,2.69,-1.79,-0.06,0.33
2000-01-17,3.29,3.34,3.39,3.27,2294,1960000.00,3.65,1.52,0.05,0.39
2000-01-18,3.35,3.43,3.50,3.35,2329,2044000.00,4.49,2.69,0.09,0.40
2000-01-19,3.40,3.39,3.46,3.34,1352,1179000.00,3.50,-1.17,-0.04,0.23
2000-01-20,3.39,3.40,3.46,3.33,3855,3329000.00,3.83,0.29,0.01,0.66
2000-01-21,3.44,3.25,3.44,3.24,5984,5108000.00,5.88,-4.41,-0.15,1.02
2000-01-24,3.25,3.24,3.34,3.14,12254,10267000.00,6.15,-0.31,-0.01,2.09
2000-01-25,3.25,3.48,3.66,3.24,16313,14366000.00,12.96,7.41,0.24,2.78
2000-01-26,3.50,3.37,3.54,3.34,4187,3644000.00,5.75,-3.16,-0.11,0.71
2000-01-27,3.38,3.33,3.45,3.29,5460,4686000.00,4.75,-1.19,-0.04,0.93
2000-01-28,3.34,3.37,3.37,3.25,6078,5182000.00,3.60,1.20,0.04,1.04
2000-02-14,3.51,3.84,3.84,3.51,17613,16339000.00,9.79,13.95,0.47,3.00
2000-02-15,3.89,3.70,4.04,3.69,24077,23042000.00,9.11,-3.65,-0.14,4.10
2000-02-16,3.67,3.62,3.67,3.50,13450,12165000.00,4.59,-2.16,-0.08,2.29
2000-02-17,3.66,3.59,3.94,3.49,17796,16283000.00,12.43,-0.83,-0.03,3.03
2000-02-18,3.60,3.84,3.94,3.60,21064,19849000.00,9.47,6.96,0.25,3.59
2000-02-21,3.92,4.25,4.32,3.89,48280,48723000.00,11.20,10.68,0.41,8.23
2000-02-22,4.39,3.98,4.65,3.92,53714,56094000.00,17.18,-6.35,-0.27,9.15
2000-02-23,3.88,3.72,3.89,3.69,16757,15786000.00,5.03,-6.53,-0.26,2.85
2000-02-24,3.67,4.00,4.02,3.67,14909,14347000.00,9.41,7.53,0.28,2.54
2000-02-25,4.02,4.05,4.22,3.97,27069,27073000.00,6.25,1.25,0.05,4.61
2000-02-28,4.20,4.28,4.33,4.12,28304,28936000.00,5.19,5.68,0.23,4.82
2000-02-29,4.34,4.17,4.39,4.06,19041,19260000.00,7.71,-2.57,-0.11,3.24
2000-03-01,4.23,4.47,4.60,4.12,46713,49258000.00,11.51,7.19,0.30,7.96
2000-03-02,4.56,4.62,4.62,4.41,41113,44117000.00,4.70,3.36,0.15,7.00
2000-03-03,4.81,5.10,5.22,4.81,108381,126354000.00,8.87,10.39,0.48,18.47
2000-03-06,5.23,4.89,5.54,4.87,95307,115038000.00,13.14,-4.12,-0.21,16.24
2000-03-07,4.77,4.84,4.94,4.67,34778,38843000.00,5.52,-1.02,-0.05,5.93
2000-03-08,4.87,5.03,5.06,4.87,23286,26746000.00,3.93,3.93,0.19,3.97
2000-03-09,5.02,4.87,5.03,4.81,15839,18002000.00,4.37,-3.18,-0.16,2.70
2000-03-10,4.84,4.53,4.84,4.47,23934,26284000.00,7.60,-6.98,-0.34,4.08
2000-03-13,4.45,4.54,4.62,4.37,12798,13670000.00,5.52,0.22,0.01,2.18
2000-03-14,4.40,4.39,4.49,4.15,17980,18702000.00,7.49,-3.30,-0.15,3.06
2000-03-15,4.39,4.50,4.62,4.39,10419,11199000.00,5.24,2.51,0.11,1.78
2000-03-16,4.45,4.22,4.45,4.17,12035,12418000.00,6.22,-6.22,-0.28,2.05
2000-03-17,4.28,4.38,4.41,4.25,7952,8284000.00,3.79,3.79,0.16,1.35
2000-03-20,4.37,4.55,4.61,4.25,12864,13759000.00,8.22,3.88,0.17,2.19
2000-03-21,4.60,4.50,4.60,4.39,7568,8050000.00,4.62,-1.10,-0.05,1.29
2000-03-22,4.47,4.58,4.59,4.40,9724,10356000.00,4.22,1.78,0.08,1.66
2000-03-23,4.58,4.85,4.87,4.45,24443,27096000.00,9.17,5.90,0.27,4.16
2000-03-24,5.01,4.90,5.37,4.89,55547,65531000.00,9.90,1.03,0.05,9.46
2000-03-27,4.72,5.03,5.03,4.72,23058,26256000.00,6.33,2.65,0.13,3.93
2000-03-28,5.06,4.92,5.12,4.87,16806,19285000.00,4.97,-2.19,-0.11,2.86
2000-03-29,4.92,4.81,4.95,4.67,12939,14492000.00,5.69,-2.24,-0.11,2.20
2000-03-30,4.81,4.84,4.87,4.75,10960,12331000.00,2.49,0.62,0.03,1.87
2000-03-31,4.81,5.00,5.06,4.78,23890,27584000.00,5.79,3.31,0.16,4.07
2000-04-03,5.23,5.64,5.64,5.23,51330,65152000.00,8.20,12.80,0.64,8.75
2000-04-04,5.78,5.41,5.85,5.39,86162,109223000.00,8.16,-4.08,-0.23,14.68
2000-04-05,5.39,6.06,6.07,5.31,74700,95004000.00,14.05,12.01,0.65,12.73
2000-04-06,5.72,5.98,6.31,5.70,68047,91040000.00,10.07,-1.32,-0.08,11.59
2000-04-07,5.89,5.75,6.10,5.67,62048,81479000.00,7.19,-3.85,-0.23,10.57
2000-04-10,5.73,5.67,5.78,5.45,24040,30655000.00,5.74,-1.39,-0.08,4.10
2000-04-11,5.67,5.59,5.73,5.55,15942,20206000.00,3.17,-1.41,-0.08,2.72
2000-04-12,5.60,5.74,5.86,5.56,22140,28540000.00,5.37,2.68,0.15,3.77
2000-04-13,5.84,5.77,5.87,5.70,18508,24085000.00,2.96,0.52,0.03,3.15
2000-04-14,5.78,5.60,5.80,5.56,17175,21776000.00,4.16,-2.95,-0.17,2.93
2000-04-17,5.55,5.28,5.55,5.23,22336,27185000.00,5.71,-5.71,-0.32,3.81
2000-04-18,5.28,5.44,5.53,5.24,10652,13083000.00,5.49,3.03,0.16,1.81
2000-04-19,5.44,5.43,5.50,5.38,7141,8820000.00,2.21,-0.18,-0.01,1.22
2000-04-20,5.45,5.53,5.58,5.37,10309,12782000.00,3.87,1.84,0.10,1.76
2000-04-21,5.53,5.42,5.53,5.40,2995,3732909.00,2.35,-1.99,-0.11,0.51
2000-04-25,5.39,5.19,5.39,5.10,7926,9471000.00,5.35,-4.24,-0.23,1.35
2000-04-26,5.22,5.15,5.25,5.12,7845,9335000.00,2.50,-0.77,-0.04,1.34
2000-04-27,5.15,5.07,5.17,5.05,7940,9314000.00,2.33,-1.55,-0.08,1.35
2000-04-28,5.06,5.15,5.16,5.06,6135,7225000.00,1.97,1.58,0.08,1.05
2000-05-08,5.17,5.10,5.22,5.06,4722,5559000.00,3.11,-0.97,-0.05,0.80
2000-05-09,5.10,4.84,5.10,4.82,7001,8007000.00,5.49,-5.10,-0.26,1.19
2000-05-10,4.78,4.68,4.80,4.67,7516,8303000.00,2.69,-3.31,-0.16,1.28
2000-05-11,4.67,4.50,4.78,4.49,5516,6017000.00,6.20,-3.85,-0.18,0.94
2000-05-12,4.53,4.41,4.62,4.39,5178,5510000.00,5.11,-2.00,-0.09,0.88
2000-05-15,4.42,4.34,4.45,4.31,4042,4219000.00,3.17,-1.59,-0.07,0.69
2000-05-16,4.37,4.57,4.59,4.37,3976,4257000.00,5.07,5.30,0.23,0.68
2000-05-17,4.56,4.48,4.56,4.46,2246,2404000.00,2.19,-1.97,-0.09,0.38
2000-05-18,4.50,4.64,4.66,4.45,3540,3810000.00,4.69,3.57,0.16,0.60
2000-05-19,4.63,4.76,4.77,4.59,5771,6367000.00,3.88,2.59,0.12,0.98
2000-05-22,4.79,4.89,4.95,4.73,7773,8776000.00,4.62,2.73,0.13,1.32
2000-05-23,4.89,4.82,4.93,4.74,5864,6615000.00,3.89,-1.43,-0.07,1.00
2000-05-24,4.78,4.86,4.89,4.78,7050,7972000.00,2.28,0.83,0.04,1.20
2000-05-25,4.85,4.99,5.02,4.85,7220,8315000.00,3.50,2.67,0.13,1.23
2000-05-26,5.04,4.93,5.04,4.89,6007,6895000.00,3.01,-1.20,-0.06,1.02
2000-05-29,4.93,5.09,5.12,4.84,9882,11405000.00,5.68,3.25,0.16,1.68
2000-05-30,5.12,4.88,5.13,4.87,6278,7247000.00,5.11,-4.13,-0.21,1.07
2000-05-31,4.84,4.90,4.98,4.75,5256,5957000.00,4.71,0.41,0.02,0.90
2000-06-01,4.92,5.02,5.05,4.90,6551,7553000.00,3.06,2.45,0.12,1.12
2000-06-02,5.02,5.27,5.28,4.96,17213,20461000.00,6.37,4.98,0.25,2.93
2000-06-05,5.31,5.05,5.37,5.03,11229,13404000.00,6.45,-4.17,-0.22,1.91
2000-06-06,5.05,5.12,5.14,4.95,7136,8316000.00,3.76,1.39,0.07,1.22
2000-06-07,5.17,5.12,5.28,5.06,6086,7205000.00,4.30,0.00,0.00,1.04
2000-06-08,5.12,5.00,5.13,4.97,5673,6578000.00,3.13,-2.34,-0.12,0.97
2000-06-09,5.00,4.84,5.08,4.82,6282,7182000.00,5.20,-3.20,-0.16,1.07
2000-06-12,4.78,4.84,4.88,4.64,4580,5104000.00,4.96,0.00,0.00,0.78
2000-06-13,4.85,4.95,4.95,4.85,4022,4589000.00,2.07,2.27,0.11,0.69
2000-06-14,4.95,4.89,4.99,4.88,4351,4988000.00,2.22,-1.21,-0.06,0.74
2000-06-15,4.89,4.93,4.93,4.81,3841,4358000.00,2.45,0.82,0.04,0.65
2000-06-16,4.95,5.11,5.23,4.90,12691,14912000.00,6.69,3.65,0.18,2.16
2000-06-19,5.12,5.15,5.23,5.12,11754,14011000.00,2.15,0.78,0.04,2.00
2000-06-20,5.19,4.89,5.20,4.89,6750,7787000.00,6.02,-5.05,-0.26,1.15
2000-06-21,4.89,4.98,5.00,4.89,2362,2719000.00,2.25,1.84,0.09,0.40
2000-06-22,4.98,5.06,5.09,4.95,3669,4265000.00,2.81,1.61,0.08,0.63
2000-06-23,5.12,5.05,5.12,5.02,4712,5516000.00,1.98,-0.20,-0.01,0.80
2000-06-26,5.05,5.12,5.15,5.05,7467,8792000.00,1.98,1.39,0.07,1.27
2000-06-27,5.13,5.27,5.40,5.09,22276,27017000.00,6.05,2.93,0.15,3.80
2000-06-28,5.31,5.18,5.33,5.14,8057,9632000.00,3.61,-1.71,-0.09,1.37
2000-06-29,5.17,5.12,5.20,5.05,5940,6977000.00,2.90,-1.16,-0.06,1.01
2000-06-30,5.14,5.00,5.16,5.00,5575,6517000.00,3.13,-2.34,-0.12,0.95
2000-07-03,5.00,4.88,5.00,4.84,4808,5479000.00,3.20,-2.40,-0.12,0.82
2000-07-04,4.84,4.94,4.94,4.81,2749,3125000.00,2.66,1.23,0.06,0.47
2000-07-05,4.95,4.96,4.97,4.92,2240,2576000.00,1.01,0.40,0.02,0.38
2000-07-06,4.96,4.92,4.96,4.87,2179,2485000.00,1.81,-0.81,-0.04,0.37
2000-07-07,4.88,5.00,5.12,4.88,2842,3295000.00,4.88,1.63,0.08,0.48
2000-07-10,5.00,5.01,5.05,4.92,4528,5213000.00,2.60,0.20,0.01,0.77
2000-07-11,5.05,5.17,5.22,5.05,9549,11335000.00,3.39,3.19,0.16,1.63
2000-07-12,5.21,5.17,5.22,5.10,6070,7210000.00,2.32,0.00,0.00,1.03
2000-07-13,5.20,5.03,5.22,5.03,5464,6448983.00,3.68,-2.71,-0.14,0.93
2000-07-14,5.06,5.32,5.39,5.04,28269,34251000.00,6.96,5.77,0.29,4.82
2000-07-17,5.39,5.23,5.48,5.23,18733,22931000.00,4.70,-1.69,-0.09,3.19
2000-07-18,5.24,5.19,5.31,5.16,6475,7759000.00,2.87,-0.76,-0.04,1.10
2000-07-19,5.20,5.23,5.28,5.19,4740,5682000.00,1.73,0.77,0.04,0.81
2000-07-20,5.25,5.14,5.27,5.10,3840,4570000.00,3.25,-1.72,-0.09,0.65
2000-07-21,5.14,5.15,5.22,5.12,2763,3281000.00,1.95,0.19,0.01,0.47
2000-07-24,5.17,5.23,5.24,5.12,4037,4803000.00,2.33,1.55,0.08,0.69
2000-07-25,5.23,5.28,5.34,5.23,4349,5257000.00,2.10,0.96,0.05,0.74
2000-07-26,5.28,5.31,5.34,5.23,5787,7006000.00,2.08,0.57,0.03,0.99
2000-07-27,5.34,5.19,5.37,5.17,6064,7316000.00,3.77,-2.26,-0.12,1.03
2000-07-28,5.20,5.19,5.23,5.14,4157,4952000.00,1.73,0.00,0.00,0.71
2000-07-31,5.20,5.17,5.20,5.08,5029,5947000.00,2.31,-0.39,-0.02,0.86
2000-08-01,5.14,5.20,5.23,5.14,3521,4205000.00,1.74,0.58,0.03,0.60
2000-08-02,5.23,5.17,5.23,5.15,2790,3323000.00,1.54,-0.58,-0.03,0.48
2000-08-03,5.28,5.32,5.42,5.24,8475,10354000.00,3.48,2.90,0.15,1.44
2000-08-04,5.34,5.22,5.37,5.18,5807,6991000.00,3.57,-1.88,-0.10,0.99
2000-08-07,5.22,5.45,5.47,5.20,18028,22212000.00,5.17,4.41,0.23,3.07
2000-08-08,5.48,5.48,5.53,5.38,10751,13339000.00,2.75,0.55,0.03,1.83
2000-08-09,5.50,5.58,5.67,5.48,26943,34180000.00,3.47,1.82,0.10,4.59
2000-08-10,5.59,5.56,5.63,5.48,11448,14362000.00,2.69,-0.36,-0.02,1.95
2000-08-11,5.57,5.46,5.61,5.45,10536,13236000.00,2.88,-1.80,-0.10,1.80
2000-08-14,5.50,5.65,5.67,5.50,13835,17579000.00,3.11,3.48,0.19,2.36
2000-08-15,5.67,5.61,5.72,5.58,7647,9737000.00,2.48,-0.71,-0.04,1.30
2000-08-16,5.63,5.64,5.66,5.53,8249,10416000.00,2.32,0.53,0.03,1.41
2000-08-17,5.65,5.69,5.75,5.62,12504,16067000.00,2.30,0.89,0.05,2.13
2000-08-18,5.73,5.78,5.83,5.69,16988,22092000.00,2.46,1.58,0.09,2.89
2000-08-21,5.95,6.04,6.25,5.95,40702,55289000.00,5.19,4.50,0.26,6.93
2000-08-22,6.06,5.79,6.12,5.78,17249,23021000.00,5.63,-4.14,-0.25,2.94
2000-08-23,5.75,5.68,5.79,5.37,30117,38192000.00,7.25,-1.90,-0.11,5.13
2000-08-24,5.66,5.64,5.72,5.55,10676,13576000.00,2.99,-0.70,-0.04,1.82
2000-08-25,5.67,5.68,5.72,5.56,7597,9673000.00,2.84,0.71,0.04,1.29
2000-08-28,5.77,5.88,5.89,5.67,10327,13374000.00,3.87,3.52,0.20,1.76
2000-08-29,5.91,5.88,5.92,5.78,7796,10229000.00,2.38,0.00,0.00,1.33
2000-08-30,5.89,5.65,5.89,5.64,8498,10961000.00,4.25,-3.91,-0.23,1.45
2000-08-31,5.59,5.37,5.59,5.37,10739,13396000.00,3.89,-4.96,-0.28,1.83
2000-09-01,5.28,5.32,5.44,5.23,6987,8548000.00,3.91,-0.93,-0.05,1.19
2000-09-04,5.28,5.36,5.39,5.24,4469,5410000.00,2.82,0.75,0.04,0.76
2000-09-05,5.40,5.17,5.42,5.17,4400,5361000.00,4.66,-3.54,-0.19,0.75
2000-09-06,5.12,5.14,5.18,5.05,5845,6907000.00,2.51,-0.58,-0.03,1.00
2000-09-07,5.23,5.38,5.48,5.23,13292,16319000.00,4.86,4.67,0.24,2.26
2000-09-08,5.40,5.37,5.43,5.28,4728,5790000.00,2.79,-0.19,-0.01,0.81
2000-09-11,5.34,5.37,5.41,5.33,2671,3269000.00,1.49,0.00,0.00,0.46
2000-09-12,5.39,5.42,5.42,5.35,3129,3849000.00,1.30,0.93,0.05,0.53
2000-09-13,5.42,5.49,5.63,5.39,9890,12425000.00,4.43,1.29,0.07,1.68
2000-09-14,5.49,5.33,5.49,5.32,3499,4294000.00,3.10,-2.91,-0.16,0.60
2000-09-15,5.34,5.29,5.34,5.23,2659,3217000.00,2.06,-0.75,-0.04,0.45
2000-09-18,5.30,5.17,5.34,5.15,2543,3055000.00,3.59,-2.27,-0.12,0.43
2000-09-19,5.19,5.10,5.25,5.07,4130,4907000.00,3.48,-1.35,-0.07,0.70
2000-09-20,5.12,5.19,5.20,5.07,2167,2565000.00,2.55,1.76,0.09,0.37
2000-09-21,5.23,5.09,5.23,5.09,1687,1997000.00,2.70,-1.93,-0.10,0.29
2000-09-22,5.08,4.95,5.08,4.95,2646,3070000.00,2.55,-2.75,-0.14,0.45
2000-09-25,4.95,4.81,5.00,4.78,2397,2729000.00,4.44,-2.83,-0.14,0.41
2000-09-26,4.78,4.85,4.87,4.78,1282,1447000.00,1.87,0.83,0.04,0.22
2000-09-27,4.85,4.90,4.92,4.85,1898,2163000.00,1.44,1.03,0.05,0.32
2000-09-28,4.90,4.79,4.93,4.78,1884,2126000.00,3.06,-2.24,-0.11,0.32
2000-09-29,4.80,4.86,4.94,4.73,2229,2515000.00,4.38,1.46,0.07,0.38
2000-10-09,4.89,5.06,5.06,4.86,1644,1887000.00,4.12,4.12,0.20,0.28
2000-10-10,5.12,5.23,5.25,5.07,4713,5608000.00,3.56,3.36,0.17,0.80
2000-10-11,5.23,5.09,5.23,5.09,2637,3127000.00,2.68,-2.68,-0.14,0.45
2000-10-12,5.12,5.28,5.33,5.12,5707,6903000.00,4.13,3.73,0.19,0.97
2000-10-13,5.28,5.20,5.35,5.18,3602,4342000.00,3.22,-1.52,-0.08,0.61
2000-10-16,5.20,5.09,5.22,5.08,1961,2318000.00,2.69,-2.12,-0.11,0.33
2000-10-17,5.10,5.25,5.27,5.09,1999,2389000.00,3.54,3.14,0.16,0.34
2000-10-18,5.25,5.35,5.42,5.25,6350,7768000.00,3.24,1.90,0.10,1.08
2000-10-19,5.39,5.30,5.39,5.28,2876,3495000.00,2.06,-0.93,-0.05,0.49
2000-10-20,5.30,5.38,5.39,5.30,5360,6546000.00,1.70,1.51,0.08,0.91
2000-10-23,5.48,5.49,5.67,5.44,14098,17805000.00,4.28,2.04,0.11,2.40
2000-10-24,5.46,5.48,5.50,5.43,3773,4683000.00,1.28,-0.18,-0.01,0.64
2000-10-25,5.50,5.51,5.61,5.49,4937,6206000.00,2.19,0.55,0.03,0.84
2000-10-26,5.50,5.35,5.50,5.35,3414,4206000.00,2.72,-2.90,-0.16,0.58
2000-10-27,5.35,5.38,5.43,5.34,2330,2860000.00,1.68,0.56,0.03,0.40
2000-10-30,5.38,5.48,5.50,5.38,3922,4869000.00,2.23,1.86,0.10,0.67
2000-10-31,5.50,5.30,5.50,5.28,2681,3296000.00,4.01,-3.28,-0.18,0.46
2000-11-01,5.29,5.35,5.37,5.29,2442,2977000.00,1.51,0.94,0.05,0.42
2000-11-02,5.30,5.36,5.48,5.30,3033,3735000.00,3.36,0.19,0.01,0.52
2000-11-03,5.36,5.47,5.49,5.34,4019,4963000.00,2.80,2.05,0.11,0.68
2000-11-06,5.47,5.59,5.60,5.42,7461,9353000.00,3.29,2.19,0.12,1.27
2000-11-07,5.59,5.53,5.59,5.51,2990,3754000.00,1.43,-1.07,-0.06,0.51
2000-11-08,5.54,5.60,5.64,5.52,6662,8435000.00,2.17,1.27,0.07,1.14
2000-11-09,5.62,5.57,5.66,5.52,4825,6098000.00,2.50,-0.54,-0.03,0.82
2000-11-10,5.58,5.54,5.62,5.52,6525,8214000.00,1.80,-0.54,-0.03,1.11
2000-11-13,5.56,5.61,5.65,5.54,6552,8302000.00,1.99,1.26,0.07,1.12
2000-11-14,5.62,5.72,5.75,5.55,12429,15894000.00,3.57,1.96,0.11,2.12
2000-11-15,5.73,5.67,5.75,5.62,6266,8018000.00,2.27,-0.87,-0.05,1.07
2000-11-16,5.67,5.72,5.75,5.64,8202,10543000.00,1.94,0.88,0.05,1.40
2000-11-17,5.72,5.73,5.87,5.67,13665,17742000.00,3.50,0.17,0.01,2.33
2000-11-20,5.74,5.83,5.84,5.65,7274,9411000.00,3.32,1.75,0.10,1.24
2000-11-21,5.83,5.70,5.89,5.69,6855,8933000.00,3.43,-2.23,-0.13,1.17
2000-11-22,5.69,5.74,5.77,5.64,6466,8303000.00,2.28,0.70,0.04,1.10
2000-11-23,5.78,5.73,5.84,5.67,8602,11143000.00,2.96,-0.17,-0.01,1.47
2000-11-24,5.75,5.62,5.88,5.62,16026,20754000.00,4.54,-1.92,-0.11,2.73
2000-11-27,5.60,5.84,5.84,5.56,10356,13340000.00,4.98,3.91,0.22,1.76
2000-11-28,5.90,5.95,6.12,5.90,26318,35234000.00,3.77,1.88,0.11,4.48
2000-11-29,5.94,6.17,6.17,5.84,29286,39388000.00,5.55,3.70,0.22,4.99
2000-11-30,6.17,6.10,6.22,6.06,16350,22317000.00,2.59,-1.13,-0.07,2.79
2000-12-01,6.14,6.25,6.26,6.06,18953,25928000.00,3.28,2.46,0.15,3.23
2000-12-04,6.33,6.36,6.49,6.27,31406,44278000.00,3.52,1.76,0.11,5.35
2000-12-05,6.37,6.29,6.39,6.23,11177,15547000.00,2.52,-1.10,-0.07,1.90
2000-12-06,6.24,6.02,6.28,5.99,15186,20622000.00,4.61,-4.29,-0.27,2.59
2000-12-07,5.95,5.98,6.04,5.87,11694,15540000.00,2.82,-0.66,-0.04,1.99
2000-12-08,5.97,6.01,6.12,5.94,6909,9300000.00,3.01,0.50,0.03,1.18
2000-12-11,6.02,5.77,6.06,5.75,11650,15365000.00,5.16,-3.99,-0.24,1.98
2000-12-12,5.77,5.88,5.88,5.70,5883,7659000.00,3.12,1.91,0.11,1.00
2000-12-13,5.92,5.88,5.92,5.84,3505,4624000.00,1.36,0.00,0.00,0.60
2000-12-14,5.88,5.77,5.89,5.75,4631,6045000.00,2.38,-1.87,-0.11,0.79
2000-12-15,5.77,5.73,5.81,5.73,4359,5648000.00,1.39,-0.69,-0.04,0.74
2000-12-18,5.77,5.89,5.90,5.70,3329,4331000.00,3.49,2.79,0.16,0.57
2000-12-19,5.89,5.83,6.00,5.83,7548,9995000.00,2.89,-1.02,-0.06,1.29
2000-12-20,5.85,5.89,5.92,5.79,5607,7357000.00,2.23,1.03,0.06,0.96
2000-12-21,5.89,6.00,6.06,5.89,6102,8159000.00,2.89,1.87,0.11,1.04
2000-12-22,6.00,5.93,6.06,5.89,5135,6837000.00,2.83,-1.17,-0.07,0.87
2000-12-25,5.94,6.08,6.10,5.94,5309,7151000.00,2.70,2.53,0.15,0.90
2000-12-26,6.09,6.08,6.17,6.02,5643,7661000.00,2.47,0.00,0.00,0.96
2000-12-27,6.09,5.88,6.10,5.87,9019,11998000.00,3.78,-3.29,-0.20,1.54
2000-12-28,5.85,5.89,5.92,5.83,4542,5986000.00,1.53,0.17,0.01,0.77
2000-12-29,5.89,6.02,6.06,5.89,6285,8446000.00,2.89,2.21,0.13,1.07