2009-01-05,1.61,1.67,1.67,1.59,84475,52875547.00,5.10,6.37,0.10,2.28
2009-01-06,1.67,1.78,1.80,1.64,105735,68804547.00,9.58,6.59,0.11,2.85
2009-01-07,1.79,1.79,1.83,1.74,110695,73543844.00,5.06,0.56,0.01,2.99
2009-01-08,1.73,1.70,1.76,1.67,94631,61338814.00,5.03,-5.03,-0.09,2.55
2009-01-09,1.71,1.78,1.79,1.70,83139,54634741.00,5.29,4.71,0.08,2.24
2009-01-12,1.76,1.88,1.96,1.75,179730,123729869.00,11.80,5.62,0.10,4.85
2009-01-13,1.83,1.78,1.87,1.77,77441,52154246.00,5.32,-5.32,-0.10,2.09
2009-01-14,1.77,1.92,1.92,1.76,84890,58020205.00,8.99,7.87,0.14,2.29
2009-01-15,1.90,1.93,1.98,1.87,117171,82108321.00,5.73,0.52,0.01,3.16
2009-01-16,1.95,1.98,2.05,1.95,125977,90950422.00,5.18,2.59,0.05,3.40
2009-01-19,2.04,2.02,2.06,1.97,100099,72279196.00,4.55,2.02,0.04,2.70
2009-01-20,2.02,2.00,2.04,1.92,118826,84874439.00,5.94,-0.99,-0.02,3.21
2009-01-21,1.96,2.03,2.04,1.93,86468,62249590.00,5.50,1.50,0.03,2.33
2009-01-22,2.04,2.11,2.11,2.00,126413,92812281.00,5.42,3.94,0.08,3.41
2009-01-23,2.08,2.06,2.14,2.05,99571,73875355.00,4.27,-2.37,-0.05,2.69
2009-02-02,2.08,2.17,2.18,2.07,126546,95358537.00,5.34,5.34,0.11,3.42
2009-02-03,2.16,2.46,2.47,2.16,342916,278566758.00,14.29,13.36,0.29,9.26
2009-02-04,2.48,2.79,2.79,2.45,353835,310896088.00,13.82,13.41,0.33,9.55
2009-02-05,2.79,2.66,2.82,2.61,268815,240615235.00,7.53,-4.66,-0.13,7.26
2009-02-06,2.65,2.79,2.83,2.65,177726,161263589.00,6.77,4.89,0.13,4.80
2009-02-09,2.84,2.89,2.95,2.75,218103,203388873.00,7.17,3.58,0.10,5.89
2009-02-10,2.85,2.94,2.96,2.74,153961,142916249.00,7.61,1.73,0.05,4.16
2009-02-11,2.84,2.98,3.15,2.81,214863,207952819.00,11.56,1.36,0.04,5.80
2009-02-12,2.99,2.92,3.04,2.73,178038,167519423.00,10.40,-2.01,-0.06,4.81
2009-02-13,2.90,3.20,3.21,2.88,266342,264748828.00,11.30,9.59,0.28,7.19
2009-02-16,3.29,3.22,3.38,3.11,190189,195228736.00,8.44,0.63,0.02,5.13
2009-02-17,3.22,3.00,3.25,2.98,175729,175304073.00,8.39,-6.83,-0.22,4.74
2009-02-18,2.91,2.73,2.95,2.72,222313,205774701.00,7.67,-9.00,-0.27,6.00
2009-02-19,2.79,2.77,2.82,2.67,147385,133784716.00,5.49,1.47,0.04,3.98
2009-02-20,2.79,2.89,2.91,2.77,156396,145480900.00,5.05,4.33,0.12,4.22
2009-02-23,2.88,3.02,3.05,2.79,183703,174522899.00,9.00,4.50,0.13,4.96
2009-02-24,2.95,2.72,3.00,2.71,233046,216529705.00,9.60,-9.93,-0.30,6.29
2009-02-25,2.75,2.66,2.79,2.50,243630,214305524.00,10.66,-2.21,-0.06,6.58
2009-02-26,2.65,2.45,2.73,2.40,147886,128322421.00,12.41,-7.89,-0.21,3.99
2009-02-27,2.40,2.31,2.47,2.27,116386,94257389.00,8.16,-5.71,-0.14,3.14
2009-03-02,2.27,2.38,2.39,2.27,102007,82373867.00,5.19,3.03,0.07,2.75
2009-03-03,2.30,2.55,2.63,2.23,120536,98249381.00,16.81,7.14,0.17,3.25
2009-03-04,2.51,2.72,2.75,2.50,238523,208861520.00,9.80,6.67,0.17,6.44
2009-03-05,2.73,2.70,2.81,2.61,197207,177198198.00,7.35,-0.74,-0.02,5.32
2009-03-06,2.63,2.67,2.74,2.60,127145,112530031.00,5.19,-1.11,-0.03,3.43
2009-03-09,2.67,2.42,2.70,2.42,129851,111522725.00,10.49,-9.36,-0.25,3.51
2009-03-10,2.38,2.50,2.50,2.36,84569,70069792.00,5.79,3.31,0.08,2.28
2009-03-11,2.58,2.45,2.59,2.44,92287,78589198.00,6.00,-2.00,-0.05,2.49
2009-03-12,2.44,2.48,2.48,2.36,64372,53084382.00,4.90,1.22,0.03,1.74
2009-03-13,2.50,2.43,2.53,2.42,57297,48069182.00,4.44,-2.02,-0.05,1.55
2009-03-16,2.42,2.47,2.48,2.40,56200,46566814.00,3.29,1.65,0.04,1.52
2009-03-17,2.49,2.62,2.64,2.47,151082,131151873.00,6.88,6.07,0.15,4.08
2009-03-18,2.65,2.65,2.74,2.63,156616,139414580.00,4.20,1.15,0.03,4.23
2009-03-19,2.66,2.81,2.82,2.66,166417,151483156.00,6.04,6.04,0.16,4.49
2009-03-20,2.82,2.75,2.83,2.70,199787,181288429.00,4.63,-2.14,-0.06,5.39
2009-03-23,2.76,2.90,2.92,2.73,202264,189744220.00,6.91,5.45,0.15,5.46
2009-03-24,2.94,2.88,2.96,2.84,152385,144015582.00,4.14,-0.69,-0.02,4.11
2009-03-25,2.86,2.70,2.86,2.70,158148,144816113.00,5.56,-6.25,-0.18,4.27
2009-03-26,2.70,2.86,2.88,2.66,134680,122807456.00,8.15,5.93,0.16,3.64
2009-03-27,2.90,3.07,3.11,2.86,346485,337991798.00,8.74,7.34,0.21,9.35
2009-03-30,3.08,2.98,3.15,2.97,260475,258201383.00,5.86,-2.93,-0.09,7.03
2009-03-31,2.87,2.98,3.01,2.84,149882,142226530.00,5.70,0.00,0.00,4.05
2009-04-01,3.02,3.13,3.13,2.99,242959,240493538.00,4.70,5.03,0.15,6.56
2009-04-02,3.15,3.25,3.43,3.14,355358,372385003.00,9.27,3.83,0.12,9.59
2009-04-03,3.30,3.16,3.31,3.13,188967,193102197.00,5.54,-2.77,-0.09,5.10
2009-04-07,3.16,3.15,3.23,3.07,118833,119839598.00,5.06,-0.32,-0.01,3.21
2009-04-08,3.11,2.94,3.15,2.92,136483,134671996.00,7.30,-6.67,-0.21,3.68
2009-04-09,2.94,3.03,3.04,2.90,99704,95614524.00,4.76,3.06,0.09,2.69
2009-04-10,3.06,3.15,3.18,3.02,134181,134278023.00,5.28,3.96,0.12,3.62
2009-04-13,3.18,3.21,3.22,3.10,202940,205511549.00,3.81,1.90,0.06,5.48
2009-04-14,3.21,3.25,3.33,3.19,175899,182583576.00,4.36,1.25,0.04,4.75
2009-04-15,3.27,3.22,3.27,3.11,169095,172165767.00,4.92,-0.92,-0.03,4.57
2009-04-16,3.23,3.60,3.62,3.23,327510,350250162.00,12.11,11.80,0.38,8.84
2009-04-17,3.49,3.40,3.56,3.34,232373,251968688.00,6.11,-5.56,-0.20,6.27
2009-04-20,3.25,3.53,3.55,3.20,291064,310692792.00,10.29,3.82,0.13,7.86
2009-04-21,3.43,3.43,3.55,3.35,166410,180396562.00,5.67,-2.83,-0.10,4.49
2009-04-22,3.48,3.56,3.86,3.48,424498,485817746.00,11.08,3.79,0.13,11.46
2009-04-23,3.45,3.77,3.80,3.39,327549,368378092.00,11.52,5.90,0.21,8.84
2009-04-24,3.76,3.60,3.76,3.60,157233,179215628.00,4.24,-4.51,-0.17,4.24
2009-04-27,3.63,3.19,3.65,3.18,140278,148003567.00,13.06,-11.39,-0.41,3.79
2009-04-28,3.15,3.18,3.27,3.12,99356,101214777.00,4.70,-0.31,-0.01,2.68
2009-04-29,3.19,3.27,3.31,3.15,98386,101382964.00,5.03,2.83,0.09,2.66
2009-04-30,3.28,3.25,3.33,3.21,97232,100971397.00,3.67,-0.61,-0.02,2.62
2009-05-04,3.23,3.39,3.44,3.23,96563,102898511.00,6.46,4.31,0.14,2.61
2009-05-05,3.44,3.47,3.49,3.40,156475,169598475.00,2.65,2.36,0.08,4.22
2009-05-06,3.43,3.47,3.55,3.39,164878,179317113.00,4.61,0.00,0.00,4.45
2009-05-07,3.47,3.33,3.52,3.27,134018,142746849.00,7.20,-4.03,-0.14,3.62
2009-05-08,3.32,3.29,3.32,3.15,178587,183781992.00,5.11,-1.20,-0.04,4.82
2009-05-11,3.28,3.07,3.29,3.06,137276,139432424.00,6.99,-6.69,-0.22,3.71
2009-05-12,3.08,3.21,3.21,3.07,90525,90840650.00,4.56,4.56,0.14,2.44
2009-05-13,3.22,3.26,3.27,3.15,78280,80396455.00,3.74,1.56,0.05,2.11
2009-05-14,3.21,3.23,3.26,3.19,54846,56396214.00,2.15,-0.92,-0.03,1.48
2009-05-15,3.26,3.19,3.28,3.13,118770,121050562.00,4.64,-1.24,-0.04,3.21
2009-05-18,3.18,3.18,3.19,3.10,96417,97048680.00,2.82,-0.31,-0.01,2.60
2009-05-19,3.22,3.25,3.28,3.18,118296,121964775.00,3.14,2.20,0.07,3.19
2009-05-20,3.24,3.18,3.26,3.17,97784,100225547.00,2.77,-2.15,-0.07,2.64
2009-05-21,3.15,3.09,3.21,3.08,112023,112154149.00,4.09,-2.83,-0.09,3.02
2009-05-22,3.04,3.05,3.11,3.01,79280,78046369.00,3.24,-1.29,-0.04,2.14
2009-05-25,2.98,3.00,3.03,2.88,94378,90219333.00,4.92,-1.64,-0.05,2.55
2009-05-26,3.04,3.06,3.15,3.03,71558,71155321.00,4.00,2.00,0.06,1.93
2009-05-27,3.10,3.10,3.11,3.04,47392,46920147.00,2.29,1.31,0.04,1.28
2009-06-01,3.13,3.14,3.20,3.13,105540,106762933.00,2.26,1.29,0.04,2.85
2009-06-02,3.16,3.19,3.21,3.12,102800,104191632.00,2.87,1.59,0.05,2.78
2009-06-03,3.18,3.25,3.26,3.14,130450,133662503.00,3.76,1.88,0.06,3.52
2009-06-04,3.23,3.23,3.29,3.16,100306,103311238.00,4.00,-0.62,-0.02,2.71
2009-06-05,3.26,3.35,3.41,3.19,231274,243560760.00,6.81,3.72,0.12,6.24
2009-06-08,3.35,3.49,3.54,3.35,345115,376214694.00,5.67,4.18,0.14,9.32
2009-06-09,3.48,3.52,3.54,3.37,193813,210757967.00,4.87,0.86,0.03,5.23
2009-06-10,3.52,3.52,3.63,3.47,189188,210114819.00,4.55,0.00,0.00,5.11
2009-06-11,3.48,3.45,3.60,3.42,159549,175189735.00,5.11,-1.99,-0.07,4.31
2009-06-12,3.44,3.35,3.49,3.33,101491,108340619.00,4.64,-2.90,-0.10,2.74
2009-06-15,3.33,3.45,3.46,3.30,86838,92698137.00,4.78,2.99,0.10,2.34
2009-06-16,3.42,3.42,3.55,3.36,122588,133136230.00,5.51,-0.87,-0.03,3.31
2009-06-17,3.39,3.43,3.44,3.32,74125,79098137.00,3.51,0.29,0.01,2.00
2009-06-18,3.44,3.35,3.44,3.30,128312,136178898.00,4.08,-2.33,-0.08,3.46
2009-06-19,3.35,3.38,3.40,3.32,94498,100241411.00,2.39,0.90,0.03,2.55
2009-06-23,3.34,3.38,3.42,3.29,100115,105948480.00,3.85,0.00,0.00,2.70
2009-06-24,3.37,3.51,3.53,3.33,249179,270661666.00,5.92,3.85,0.13,6.73
2009-06-25,3.53,3.51,3.54,3.47,134848,148066089.00,1.99,0.00,0.00,3.64
2009-06-26,3.51,3.48,3.52,3.44,93048,101572977.00,2.28,-0.85,-0.03,2.51
2009-06-29,3.48,3.47,3.54,3.43,74823,81719263.00,3.16,-0.29,-0.01,2.02
2009-06-30,3.47,3.41,3.50,3.35,85400,91430124.00,4.32,-1.73,-0.06,2.31
2009-07-01,3.39,3.50,3.59,3.36,138447,151363247.00,6.74,2.64,0.09,3.74
2009-07-02,3.56,3.51,3.61,3.45,182032,201293653.00,4.57,0.29,0.01,4.91
2009-07-03,3.50,3.47,3.53,3.40,167045,181298573.00,3.70,-1.14,-0.04,4.51
2009-07-06,3.46,3.62,3.63,3.44,283651,313819098.00,5.48,4.32,0.15,7.66
2009-07-07,3.65,3.79,3.98,3.61,355923,415337685.00,10.22,4.70,0.17,9.61
2009-07-08,3.76,3.74,3.80,3.65,173892,199839451.00,3.96,-1.32,-0.05,4.69
2009-07-09,3.71,3.79,3.81,3.68,134999,156592986.00,3.48,1.34,0.05,3.64
2009-07-10,3.81,3.81,3.91,3.79,157549,187364487.00,3.17,0.53,0.02,4.25
2009-07-13,3.77,3.73,3.82,3.69,102268,118682039.00,3.41,-2.10,-0.08,2.76
2009-07-14,3.75,3.88,3.89,3.75,117452,139034072.00,3.75,4.02,0.15,3.17
2009-07-15,3.88,4.03,4.08,3.87,185273,227159255.00,5.41,3.87,0.15,5.00
2009-07-16,4.05,3.93,4.06,3.90,124436,150594423.00,3.97,-2.48,-0.10,3.36
2009-07-17,3.91,3.92,3.99,3.83,90590,108621642.00,4.07,-0.25,-0.01,2.45
2009-07-20,3.94,4.08,4.10,3.91,188993,231636207.00,4.85,4.08,0.16,5.10
2009-07-21,4.08,3.92,4.14,3.91,139489,171930712.00,5.64,-3.92,-0.16,3.77
2009-07-22,3.92,4.06,4.11,3.92,125228,154216072.00,4.85,3.57,0.14,3.38
2009-07-23,4.08,4.25,4.29,4.08,143477,182437588.00,5.17,4.68,0.19,3.87
2009-07-24,4.36,4.50,4.61,4.30,260807,350606114.00,7.29,5.88,0.25,7.04
2009-07-27,4.50,4.50,4.58,4.39,125776,169036088.00,4.22,0.00,0.00,3.40
2009-07-28,4.53,4.76,4.79,4.44,167692,233081824.00,7.78,5.78,0.26,4.53
2009-07-29,4.77,4.31,4.77,4.20,182064,243730009.00,11.97,-9.45,-0.45,4.92
2009-07-30,4.34,4.46,4.51,4.21,128789,170447369.00,6.96,3.48,0.15,3.48
2009-07-31,4.46,4.64,4.69,4.38,117441,159783849.00,6.95,4.04,0.18,3.17
2009-08-03,4.65,5.15,5.19,4.62,229157,338716605.00,12.28,10.99,0.51,6.19
2009-08-04,5.28,5.08,5.41,4.94,284409,430915585.00,9.13,-1.36,-0.07,7.68
2009-08-05,5.02,4.93,5.20,4.90,166628,246166423.00,5.91,-2.95,-0.15,4.50
2009-08-06,4.91,4.75,4.94,4.66,143663,203311209.00,5.68,-3.65,-0.18,3.88
2009-08-07,4.74,4.55,4.88,4.48,150063,208392189.00,8.42,-4.21,-0.20,4.05
2009-08-10,4.65,4.72,4.79,4.55,126192,175101923.00,5.27,3.74,0.17,3.41
2009-08-11,4.76,4.93,4.99,4.68,111793,160137956.00,6.57,4.45,0.21,3.02
2009-08-12,4.93,4.46,4.94,4.45,96353,132855625.00,9.94,-9.53,-0.47,2.60
2009-08-13,4.53,4.46,4.53,4.32,65648,86576414.00,4.71,0.00,0.00,1.77
2009-08-14,4.46,4.30,4.49,4.29,82264,107470046.00,4.48,-3.59,-0.16,2.22
2009-08-17,4.18,3.89,4.24,3.85,92805,112740637.00,9.07,-9.53,-0.41,2.51
2009-08-18,3.88,4.04,4.05,3.82,80158,96267749.00,5.91,3.86,0.15,2.16
2009-08-19,4.03,3.72,4.03,3.67,76536,90078666.00,8.91,-7.92,-0.32,2.07
2009-08-20,3.74,3.93,4.02,3.67,94068,111278106.00,9.41,5.65,0.21,2.54
2009-08-21,3.91,4.00,4.04,3.89,90535,109863627.00,3.82,1.78,0.07,2.44
2009-08-24,4.01,4.15,4.19,4.00,92365,114884539.00,4.75,3.75,0.15,2.49
2009-08-25,4.13,3.88,4.13,3.77,85154,101707882.00,8.67,-6.51,-0.27,2.30
2009-08-26,3.85,4.10,4.14,3.82,82538,101620633.00,8.25,5.67,0.22,2.23
2009-08-27,4.05,4.29,4.32,4.01,109589,139001662.00,7.56,4.63,0.19,2.96
2009-08-28,4.23,4.05,4.29,4.01,57779,71867291.00,6.53,-5.59,-0.24,1.56
2009-08-31,4.00,3.72,4.00,3.69,65485,76241010.00,7.65,-8.15,-0.33,1.77
2009-09-01,3.67,3.73,3.85,3.67,31489,36386215.00,4.84,0.27,0.01,0.85
2009-09-02,3.72,3.78,3.83,3.69,23510,27166178.00,3.75,1.34,0.05,0.63
2009-09-03,3.77,4.03,4.08,3.75,59277,71136071.00,8.73,6.61,0.25,1.60
2009-09-04,4.00,4.08,4.13,3.93,71727,87883911.00,4.96,1.24,0.05,1.94
2009-09-07,4.09,4.02,4.19,4.00,73076,90571286.00,4.66,-1.47,-0.06,1.97
2009-09-08,3.98,4.09,4.11,3.89,73733,89600021.00,5.47,1.74,0.07,1.99
2009-09-09,4.09,4.17,4.22,4.08,89373,112144847.00,3.42,1.96,0.08,2.41
2009-09-10,4.17,4.03,4.20,4.02,94816,118325123.00,4.32,-3.36,-0.14,2.56
2009-09-11,4.02,4.17,4.22,4.01,66930,83809858.00,5.21,3.47,0.14,1.81
2009-09-14,4.18,4.48,4.59,4.15,162292,214311255.00,10.55,7.43,0.31,4.38
2009-09-15,4.48,4.44,4.53,4.37,86702,115321302.00,3.57,-0.89,-0.04,2.34
2009-09-16,4.45,4.54,4.64,4.45,167194,226732739.00,4.28,2.25,0.10,4.51
2009-09-17,4.50,4.72,4.79,4.50,122545,170120198.00,6.39,3.96,0.18,3.31
2009-09-18,4.64,4.37,4.64,4.36,220925,295215699.00,5.93,-7.42,-0.35,5.96
2009-09-21,4.36,4.33,4.49,4.22,106276,138288967.00,6.18,-0.92,-0.04,2.87
2009-09-28,4.13,3.94,4.15,3.92,73509,90611743.00,5.31,-9.01,-0.39,1.56
2009-09-29,3.93,3.93,4.00,3.81,44728,53731217.00,4.82,-0.25,-0.01,0.95
2009-09-30,3.96,3.95,4.05,3.92,32514,39419717.00,3.31,0.51,0.02,0.69
2009-10-09,4.05,4.18,4.18,4.02,84690,105315993.00,4.05,5.82,0.23,1.80
2009-10-12,4.25,4.19,4.27,4.17,92355,117274209.00,2.39,0.24,0.01,1.96
2009-10-13,4.20,4.13,4.21,4.07,150891,188276563.00,3.34,-1.43,-0.06,3.21
2009-10-14,4.15,4.14,4.22,4.09,170230,213265495.00,3.15,0.24,0.01,3.62
2009-10-15,4.16,4.30,4.31,4.15,189247,242126091.00,3.86,3.86,0.16,4.02
2009-10-16,4.33,4.26,4.33,4.17,107744,137391934.00,3.72,-0.93,-0.04,2.29
2009-10-19,4.27,4.35,4.37,4.22,145152,188698428.00,3.52,2.11,0.09,3.09
2009-10-20,4.43,4.37,4.43,4.31,197672,259042981.00,2.76,0.46,0.02,4.20
2009-10-21,4.38,4.42,4.46,4.32,186613,245801496.00,3.20,1.14,0.05,3.97
2009-10-22,4.43,4.33,4.46,4.29,155994,203997567.00,3.85,-2.04,-0.09,3.32
2009-10-23,4.33,4.42,4.43,4.33,184415,242696681.00,2.31,2.08,0.09,3.92
2009-10-26,4.45,4.28,4.45,4.23,250533,324636820.00,4.98,-3.17,-0.14,5.33
2009-10-27,4.26,4.09,4.27,4.08,160458,202479094.00,4.44,-4.44,-0.19,3.41
2009-10-28,4.10,4.17,4.18,4.08,81838,102288586.00,2.44,1.96,0.08,1.74
2009-10-29,4.10,4.06,4.12,4.04,72801,89935259.00,1.92,-2.64,-0.11,1.55
2009-10-30,4.11,4.14,4.19,4.11,87967,110277341.00,1.97,1.97,0.08,1.87
2009-11-02,4.05,4.20,4.21,3.98,116427,145890199.00,5.56,1.45,0.06,2.47
2009-11-03,4.21,4.35,4.37,4.17,285220,368718557.00,4.76,3.57,0.15,6.06
2009-11-04,4.38,4.38,4.43,4.29,234797,307024046.00,3.22,0.69,0.03,4.99
2009-11-05,4.39,4.43,4.46,4.35,200016,264277312.00,2.51,1.14,0.05,4.25
2009-11-06,4.47,4.42,4.52,4.42,192435,256306368.00,2.26,-0.23,-0.01,4.09
2009-11-09,4.39,4.39,4.42,4.31,168394,219798851.00,2.49,-0.68,-0.03,3.58
2009-11-10,4.41,4.36,4.42,4.35,140176,184008834.00,1.59,-0.68,-0.03,2.98
2009-11-11,4.35,4.38,4.38,4.27,175217,227152852.00,2.52,0.46,0.02,3.72
2009-11-12,4.37,4.48,4.56,4.36,265149,353219001.00,4.57,2.28,0.10,5.64
2009-11-13,4.45,4.65,4.69,4.43,342264,466842677.00,5.80,3.79,0.17,7.28
2009-11-16,4.76,4.82,4.90,4.70,377063,536611921.00,4.30,3.66,0.17,7.63
2009-11-17,4.83,4.78,4.83,4.72,207257,292571910.00,2.28,-0.83,-0.04,4.19
2009-11-18,4.81,4.85,4.88,4.75,206405,293597044.00,2.72,1.46,0.07,4.17
2009-11-19,4.81,4.90,4.92,4.78,198492,284103144.00,2.89,1.03,0.05,4.01
2009-11-20,4.85,4.83,4.88,4.79,171824,245418433.00,1.84,-1.43,-0.07,3.48
2009-11-23,4.83,4.96,4.98,4.81,236375,341641294.00,3.52,2.69,0.13,4.78
2009-11-24,5.00,4.58,5.02,4.58,284592,404316799.00,8.87,-7.66,-0.38,5.76
2009-11-25,4.61,4.81,4.83,4.58,166478,231570154.00,5.46,5.02,0.23,3.37
2009-11-26,4.78,4.50,4.87,4.47,217139,300851099.00,8.32,-6.44,-0.31,4.39
2009-11-27,4.48,4.42,4.55,4.37,151791,201583580.00,4.00,-1.78,-0.08,3.07
2009-11-30,4.49,4.61,4.65,4.46,180778,245418862.00,4.30,4.30,0.19,3.66
2009-12-01,4.60,4.82,4.85,4.56,287307,403183028.00,6.29,4.56,0.21,5.81
2009-12-02,4.88,4.85,5.02,4.82,319377,461905911.00,4.15,0.62,0.03,6.46
2009-12-03,4.83,4.90,4.90,4.76,177016,252555336.00,2.89,1.03,0.05,3.58
2009-12-04,4.91,4.76,4.98,4.61,231093,328111594.00,7.55,-2.86,-0.14,4.67
2009-12-07,4.77,5.04,5.04,4.77,267124,388296290.00,5.67,5.88,0.28,5.40
2009-12-08,5.04,4.96,5.04,4.90,199173,290603685.00,2.78,-1.59,-0.08,4.03
2009-12-09,4.88,4.79,4.90,4.77,133378,190176398.00,2.62,-3.43,-0.17,2.70
2009-12-10,4.84,4.84,4.86,4.75,107634,152874742.00,2.30,1.04,0.05,2.18
2009-12-14,4.81,4.78,4.81,4.62,116283,162264126.00,3.93,-1.24,-0.06,2.35
2009-12-15,4.78,4.79,4.88,4.71,119207,168997909.00,3.56,0.21,0.01,2.41
2009-12-16,4.80,4.71,4.83,4.68,102495,144202095.00,3.13,-1.67,-0.08,2.07
2009-12-17,4.72,4.56,4.75,4.48,124295,170291766.00,5.73,-3.18,-0.15,2.51
2009-12-18,4.52,4.43,4.61,4.39,114490,154017342.00,4.82,-2.85,-0.13,2.32
2009-12-21,4.42,4.50,4.51,4.42,71927,96064643.00,2.03,1.58,0.07,1.45
2009-12-22,4.50,4.33,4.51,4.32,74752,98583851.00,4.22,-3.78,-0.17,1.51
2009-12-23,4.36,4.45,4.47,4.34,63281,83371178.00,3.00,2.77,0.12,1.28
2009-12-24,4.46,4.60,4.63,4.42,112198,152001883.00,4.72,3.37,0.15,2.27
2009-12-25,4.60,4.60,4.65,4.57,115127,157796197.00,1.74,0.00,0.00,2.33
2009-12-28,4.62,4.71,4.74,4.60,112542,156494671.00,3.04,2.39,0.11,2.28
2009-12-29,4.69,4.70,4.75,4.61,86995,120709114.00,2.97,-0.21,-0.01,1.76
2009-12-30,4.68,4.66,4.74,4.62,187839,260250166.00,2.55,-0.85,-0.04,3.80
2009-12-31,4.67,4.78,4.81,4.63,162294,227256714.00,3.86,2.58,0.12,3.28