MjAyMy0wMS0wMyw3LjUxLDcuNDQsNy41Miw3LjM1LDcxODczLDUzMjQ2MTM0LjY2LDIuMjYsLTAuOTMsLTAuMDcsMS43Mw==
2023-01-04,7.43,7.47,7.51,7.39,61383,45782229.80,1.61,0.40,0.03,1.47
2023-01-05,7.54,7.40,7.55,7.35,81420,60345047.30,2.68,-0.94,-0.07,1.96
2023-01-06,7.35,7.41,7.46,7.32,97608,71930028.52,1.89,0.14,0.01,2.35
2023-01-09,7.43,7.47,7.50,7.39,72049,53646849.07,1.48,0.81,0.06,1.73
2023-01-10,7.46,7.41,7.49,7.34,53013,39319932.60,2.01,-0.80,-0.06,1.27
2023-01-11,7.40,7.30,7.41,7.28,47590,34940978.20,1.75,-1.48,-0.11,1.14
2023-01-12,7.30,7.27,7.32,7.22,33654,24457419.60,1.37,-0.41,-0.03,0.81
2023-01-13,7.27,7.34,7.35,7.25,33758,24701886.33,1.38,0.96,0.07,0.81
2023-01-16,7.33,7.56,7.65,7.31,114140,85562074.95,4.63,3.00,0.22,2.74
2023-01-17,7.57,7.46,7.63,7.42,47292,35436072.20,2.78,-1.32,-0.10,1.14
2023-01-18,7.48,7.62,7.73,7.43,103738,78737559.52,4.02,2.14,0.16,2.49
2023-01-19,7.58,7.67,7.72,7.54,73232,55860167.14,2.36,0.66,0.05,1.76
2023-01-20,7.70,7.66,7.72,7.63,53029,40664515.90,1.17,-0.13,-0.01,1.27
2023-01-30,7.72,7.74,7.78,7.67,72501,55973010.86,1.44,1.04,0.08,1.74
2023-01-31,7.71,7.77,7.84,7.71,69537,54013812.80,1.68,0.39,0.03,1.67
2023-02-01,7.77,7.80,7.82,7.73,86024,66917183.72,1.16,0.39,0.03,2.07
2023-02-02,7.80,7.89,7.89,7.76,87467,68528332.63,1.67,1.15,0.09,2.10
2023-02-03,7.88,7.83,7.90,7.70,68680,53708516.94,2.53,-0.76,-0.06,1.65
2023-02-06,7.81,7.79,7.86,7.73,32297,25109779.82,1.66,-0.51,-0.04,0.78
2023-02-07,7.79,7.82,7.82,7.72,43245,33608406.90,1.28,0.39,0.03,1.04
2023-02-08,7.80,7.69,7.80,7.69,42290,32728701.48,1.41,-1.66,-0.13,1.02
2023-02-09,7.73,7.77,7.78,7.67,44093,34085100.90,1.43,1.04,0.08,1.06
2023-02-10,7.81,7.94,7.96,7.76,99885,78849470.98,2.57,2.19,0.17,2.40
2023-02-13,7.98,7.95,8.09,7.90,80852,64431919.84,2.39,0.13,0.01,1.94
2023-02-14,8.02,7.85,8.05,7.84,79928,63066710.40,2.64,-1.26,-0.10,1.92
2023-02-15,7.86,7.76,7.88,7.74,47063,36629175.00,1.78,-1.15,-0.09,1.13
2023-02-16,7.76,7.62,7.84,7.56,69756,53937405.60,3.61,-1.80,-0.14,1.68
2023-02-17,7.65,7.75,7.83,7.62,60233,46677402.50,2.76,1.71,0.13,1.45
2023-02-20,7.79,7.83,7.84,7.67,48209,37382247.00,2.19,1.03,0.08,1.16
2023-02-21,7.85,7.84,7.87,7.78,46160,36138894.10,1.15,0.13,0.01,1.11
2023-02-22,7.83,8.00,8.00,7.78,68010,53764888.47,2.81,2.04,0.16,1.63
2023-02-23,8.30,8.80,8.80,8.13,388096,336058900.10,8.38,10.00,0.80,9.32
2023-02-24,8.59,8.37,8.67,8.36,576123,486999418.75,3.52,-4.89,-0.43,13.84
2023-02-27,8.35,8.23,8.41,8.23,243515,201984863.09,2.15,-1.67,-0.14,5.85
2023-02-28,8.23,8.29,8.31,8.15,219962,181028513.14,1.94,0.73,0.06,5.28
2023-03-01,8.25,8.29,8.30,8.18,162499,133924524.34,1.45,0.00,0.00,3.90
2023-03-02,8.29,8.22,8.29,8.20,127707,105066746.89,1.09,-0.84,-0.07,3.07
2023-03-03,8.22,8.31,8.34,8.11,194936,160723304.89,2.80,1.09,0.09,4.68
2023-03-06,8.27,8.46,8.48,8.21,252984,211974594.03,3.25,1.81,0.15,6.08
2023-03-07,8.37,8.16,8.40,8.12,197019,162619801.08,3.31,-3.55,-0.30,4.73
2023-03-08,8.09,8.18,8.19,8.03,100038,81302868.08,1.96,0.25,0.02,2.40
2023-03-09,8.13,8.04,8.18,8.03,101495,81989134.30,1.83,-1.71,-0.14,2.44
2023-03-10,8.01,7.95,8.09,7.91,103116,82351520.20,2.24,-1.12,-0.09,2.48
2023-03-13,7.91,8.02,8.03,7.82,82522,65420783.20,2.64,0.88,0.07,1.98
2023-03-14,7.98,7.90,8.06,7.85,73298,58224979.00,2.62,-1.50,-0.12,1.76
2023-03-15,7.92,7.97,8.02,7.90,55557,44257607.50,1.52,0.89,0.07,1.33
2023-03-16,7.96,7.91,8.11,7.90,114384,91831709.00,2.63,-0.75,-0.06,2.75
2023-03-17,7.94,8.00,8.06,7.91,81441,65035293.95,1.90,1.14,0.09,1.96
2023-03-20,7.98,7.87,8.00,7.82,76949,60671449.25,2.25,-1.63,-0.13,1.85
2023-03-21,7.88,7.96,7.96,7.85,47700,37728403.92,1.40,1.14,0.09,1.15
2023-03-22,7.98,7.96,8.01,7.89,53534,42548214.01,1.51,0.00,0.00,1.29
2023-03-23,7.93,7.91,7.94,7.84,55927,44078745.14,1.26,-0.63,-0.05,1.34
2023-03-24,7.96,7.86,7.96,7.84,52735,41547183.94,1.52,-0.63,-0.05,1.27
2023-03-27,7.85,7.77,7.88,7.68,84606,65709476.00,2.54,-1.15,-0.09,2.03
2023-03-28,7.81,7.85,7.85,7.72,58126,45399189.80,1.67,1.03,0.08,1.40
2023-03-29,7.83,7.67,7.84,7.64,71565,55154991.20,2.55,-2.29,-0.18,1.72
2023-03-30,7.67,7.69,7.70,7.58,50514,38552577.80,1.56,0.26,0.02,1.21
2023-03-31,7.70,7.79,7.81,7.69,49507,38470954.50,1.56,1.30,0.10,1.19
2023-04-03,7.77,7.80,7.85,7.77,48927,38177490.08,1.03,0.13,0.01,1.18
2023-04-04,7.78,7.78,7.88,7.73,55361,43149955.40,1.92,-0.26,-0.02,1.33
2023-04-06,7.81,7.71,7.82,7.71,42643,33044131.60,1.41,-0.90,-0.07,1.02
2023-04-07,7.71,7.83,7.85,7.70,62689,48954098.90,1.95,1.56,0.12,1.51
2023-04-10,7.81,7.68,7.82,7.67,51599,39860142.80,1.92,-1.92,-0.15,1.24
2023-04-11,7.67,7.69,7.70,7.61,40871,31276342.55,1.17,0.13,0.01,0.98
2023-04-12,7.65,7.67,7.70,7.63,42154,32328621.75,0.91,-0.26,-0.02,1.01
2023-04-13,7.65,7.56,7.67,7.53,61499,46649579.50,1.83,-1.43,-0.11,1.48
2023-04-14,7.59,7.52,7.60,7.50,41846,31493678.40,1.32,-0.53,-0.04,1.01
2023-04-17,7.53,7.59,7.59,7.50,38286,28906598.10,1.20,0.93,0.07,0.92
2023-04-18,7.55,7.60,7.60,7.52,29835,22581666.00,1.05,0.13,0.01,0.72
2023-04-19,7.60,7.61,7.64,7.53,43550,33038878.20,1.45,0.13,0.01,1.05
2023-04-20,7.58,7.63,7.67,7.56,55599,42350267.20,1.45,0.26,0.02,1.34
2023-04-21,7.62,7.75,7.79,7.61,110325,85318134.71,2.36,1.57,0.12,2.65
2023-04-24,7.75,7.65,7.76,7.51,74438,56592378.59,3.23,-1.29,-0.10,1.79
2023-04-25,7.67,7.44,7.71,7.36,72166,54328822.10,4.58,-2.75,-0.21,1.73
2023-04-26,7.38,7.52,7.58,7.26,52529,39191997.30,4.30,1.08,0.08,1.26
2023-04-27,7.54,7.44,7.54,7.43,31954,23879708.27,1.46,-1.06,-0.08,0.77
2023-04-28,7.47,7.59,7.61,7.47,41093,31012706.70,1.88,2.02,0.15,0.99
2023-05-04,7.58,7.70,7.70,7.52,46175,35350242.50,2.37,1.45,0.11,1.11
2023-05-05,7.69,7.65,7.70,7.55,44740,34057641.08,1.95,-0.65,-0.05,1.07
2023-05-08,7.65,7.71,7.72,7.63,52500,40327341.15,1.18,0.78,0.06,1.26
2023-05-09,7.70,7.75,7.84,7.67,72986,56674601.90,2.20,0.52,0.04,1.75
2023-05-10,7.74,7.69,7.80,7.64,48785,37596028.57,2.06,-0.77,-0.06,1.17
2023-05-11,7.70,7.73,7.77,7.64,40062,30844303.74,1.69,0.52,0.04,0.96
2023-05-12,7.74,7.68,7.78,7.68,39953,30839929.70,1.29,-0.65,-0.05,0.96
2023-05-15,7.70,7.69,7.72,7.54,47807,36530956.69,2.34,0.13,0.01,1.15
2023-05-16,7.68,7.67,7.74,7.63,36462,27981453.60,1.43,-0.26,-0.02,0.88
2023-05-17,7.74,7.66,7.74,7.57,26051,19888378.41,2.22,-0.13,-0.01,0.63
2023-05-18,7.66,7.54,7.67,7.54,41016,31113029.68,1.70,-1.57,-0.12,0.99
2023-05-19,7.52,7.55,7.64,7.43,39429,29662845.10,2.79,0.13,0.01,0.95
2023-05-22,7.53,7.71,7.72,7.53,54078,41380914.68,2.52,2.12,0.16,1.30
2023-05-23,7.73,7.64,7.76,7.63,38204,29321713.05,1.69,-0.91,-0.07,0.92
2023-05-24,7.61,7.46,7.63,7.46,38758,29210427.98,2.23,-2.36,-0.18,0.93
2023-05-25,7.44,7.41,7.50,7.37,32249,23925819.60,1.74,-0.67,-0.05,0.77
2023-05-26,7.55,7.40,7.55,7.38,30778,22849127.30,2.29,-0.13,-0.01,0.74
2023-05-29,7.38,7.41,7.48,7.38,29600,21972077.78,1.35,0.14,0.01,0.71
2023-05-30,7.41,7.43,7.43,7.29,35088,25817777.38,1.89,0.27,0.02,0.84
2023-05-31,7.41,7.46,7.48,7.38,35997,26810012.10,1.35,0.40,0.03,0.86
2023-06-01,7.46,7.47,7.49,7.41,23892,17800259.60,1.07,0.13,0.01,0.57
2023-06-02,7.45,7.52,7.53,7.45,28809,21603789.51,1.07,0.67,0.05,0.69
2023-06-05,7.55,7.47,7.56,7.44,23160,17346160.95,1.60,-0.66,-0.05,0.56
2023-06-06,7.47,7.42,7.49,7.41,27735,20647080.81,1.07,-0.67,-0.05,0.67
2023-06-07,7.45,7.42,7.46,7.39,15383,11413472.70,0.94,0.00,0.00,0.37
2023-06-08,7.40,7.53,7.56,7.40,38188,28660722.40,2.16,1.48,0.11,0.92
2023-06-09,7.55,7.52,7.55,7.49,23058,17335196.30,0.80,-0.13,-0.01,0.55
2023-06-12,7.51,7.57,7.58,7.51,27626,20853305.86,0.93,0.66,0.05,0.66
2023-06-13,7.57,7.59,7.61,7.52,31970,24204568.39,1.19,0.26,0.02,0.77
2023-06-14,7.61,7.68,7.71,7.57,51971,39853182.40,1.84,1.19,0.09,1.25
2023-06-15,7.69,7.83,7.97,7.61,133858,104669972.89,4.69,1.95,0.15,3.22
2023-06-16,7.81,7.77,7.87,7.75,58831,45808955.50,1.53,-0.77,-0.06,1.41