MjAwNi0wMS0wNCwxLjQ1LDEuNDcsMS40OCwxLjQ0LDU3NzAsMTU2MzkwMi4wMCwyLjc2LDEuMzgsMC4wMiwwLjQw
2006-01-05,1.51,1.48,1.51,1.47,7719,2115998.00,2.72,0.68,0.01,0.53
2006-01-06,1.48,1.52,1.52,1.47,15592,4331414.00,3.38,2.70,0.04,1.07
2006-01-09,1.52,1.55,1.58,1.50,22483,6395112.00,5.26,1.97,0.03,1.54
2006-01-10,1.52,1.54,1.55,1.51,7849,2219556.00,2.58,-0.65,-0.01,0.54
2006-01-11,1.52,1.50,1.55,1.50,7908,2215503.00,3.25,-2.60,-0.04,0.54
2006-01-12,1.50,1.54,1.54,1.50,9496,2670910.00,2.67,2.67,0.04,0.65
2006-01-13,1.54,1.53,1.55,1.51,11227,3167328.00,2.60,-0.65,-0.01,0.77
2006-01-16,1.53,1.55,1.56,1.52,15186,4331719.00,2.61,1.31,0.02,1.04
2006-01-17,1.52,1.54,1.55,1.51,7575,2141814.00,2.58,-0.65,-0.01,0.52
2006-01-18,1.52,1.57,1.57,1.52,18899,5424803.00,3.25,1.95,0.03,1.30
2006-01-19,1.56,1.57,1.61,1.55,21090,6157595.00,3.82,0.00,0.00,1.45
2006-01-20,1.57,1.57,1.58,1.56,11950,3465348.00,1.27,0.00,0.00,0.82
2006-01-23,1.57,1.56,1.57,1.55,11223,3241043.00,1.27,-0.64,-0.01,0.77
2006-01-24,1.56,1.56,1.59,1.55,12482,3625507.00,2.56,0.00,0.00,0.86
2006-01-25,1.55,1.56,1.62,1.54,14360,4187596.00,5.13,0.00,0.00,0.99
2006-02-06,1.57,1.62,1.63,1.57,27223,8059532.00,3.85,3.85,0.06,1.87
2006-02-07,1.62,1.59,1.64,1.57,19996,5939615.00,4.32,-1.85,-0.03,1.37
2006-02-08,1.59,1.65,1.67,1.59,32572,9908414.00,5.03,3.77,0.06,2.24
2006-02-09,1.65,1.59,1.65,1.59,13392,4010227.00,3.64,-3.64,-0.06,0.92
2006-02-10,1.60,1.63,1.63,1.59,12727,3789285.00,2.52,2.52,0.04,0.87
2006-02-13,1.62,1.62,1.62,1.59,8445,2498970.00,1.84,-0.61,-0.01,0.58
2006-02-15,1.64,1.63,1.65,1.60,14654,4420391.00,3.09,0.62,0.01,1.01
2006-02-16,1.64,1.56,1.64,1.55,17917,5222874.00,5.52,-4.29,-0.07,1.23
2006-02-17,1.56,1.56,1.57,1.54,7921,2274499.00,1.92,0.00,0.00,0.54
2006-02-20,1.57,1.54,1.58,1.54,10539,3050968.00,2.56,-1.28,-0.02,0.72
2006-02-21,1.55,1.61,1.62,1.54,18202,5307117.00,5.19,4.55,0.07,1.25
2006-02-22,1.61,1.68,1.70,1.59,77174,23603836.00,6.83,4.35,0.07,5.30
2006-02-23,1.67,1.71,1.72,1.65,86715,27083912.00,4.17,1.79,0.03,5.96
2006-02-24,1.71,1.70,1.72,1.69,26505,8342619.00,1.75,-0.58,-0.01,1.82
2006-02-27,1.71,1.68,1.71,1.65,18581,5760629.00,3.53,-1.18,-0.02,1.28
2006-02-28,1.66,1.68,1.69,1.64,12304,3774095.00,2.98,0.00,0.00,0.85
2006-03-01,1.68,1.67,1.68,1.64,12196,3747220.00,2.38,-0.60,-0.01,0.84
2006-03-02,1.66,1.61,1.68,1.60,16741,5066156.00,4.79,-3.59,-0.06,1.15
2006-03-03,1.60,1.61,1.64,1.57,12464,3697644.00,4.35,0.00,0.00,0.86
2006-03-06,1.60,1.62,1.64,1.59,19841,5937053.00,3.11,0.62,0.01,1.36
2006-03-07,1.63,1.56,1.63,1.56,12762,3766875.00,4.32,-3.70,-0.06,0.88
2006-03-08,1.60,1.57,1.60,1.52,7318,2119444.00,5.13,0.64,0.01,0.50
2006-03-09,1.56,1.60,1.61,1.56,8400,2474503.00,3.18,1.91,0.03,0.58
2006-03-10,1.60,1.59,1.61,1.57,5615,1651963.00,2.50,-0.63,-0.01,0.39
2006-03-13,1.59,1.59,1.61,1.58,4689,1384520.00,1.89,0.00,0.00,0.32
2006-03-14,1.59,1.59,1.60,1.57,7536,2204325.00,1.89,0.00,0.00,0.52
2006-03-15,1.57,1.59,1.62,1.57,17873,5271779.00,3.14,0.00,0.00,1.23
2006-03-16,1.59,1.67,1.69,1.58,41150,12522070.00,6.92,5.03,0.08,2.83
2006-03-17,1.66,1.61,1.66,1.61,29110,8782251.00,2.99,-3.59,-0.06,2.00
2006-03-20,1.62,1.65,1.65,1.60,13242,4002434.00,3.11,2.48,0.04,0.91
2006-03-21,1.64,1.67,1.70,1.63,26277,8122403.00,4.24,1.21,0.02,1.80
2006-03-22,1.66,1.71,1.71,1.66,30777,9665208.00,2.99,2.40,0.04,2.11
2006-03-23,1.72,1.74,1.81,1.70,54259,17636955.00,6.43,1.75,0.03,3.73
2006-03-24,1.76,1.78,1.84,1.75,97182,32242539.00,5.17,2.30,0.04,6.68
2006-03-27,1.80,1.96,1.96,1.80,138458,48964029.00,8.99,10.11,0.18,9.51
2006-03-28,1.97,1.91,1.99,1.87,94116,33376856.00,6.12,-2.55,-0.05,6.46
2006-03-29,1.88,1.89,1.96,1.86,56834,20094775.00,5.24,-1.05,-0.02,3.90
2006-03-30,1.88,1.82,1.92,1.81,43035,14861368.00,5.82,-3.70,-0.07,2.96
2006-03-31,1.80,1.93,1.96,1.80,48598,16917805.00,8.79,6.04,0.11,3.34
2006-04-03,1.94,2.04,2.05,1.91,79070,29079902.00,7.25,5.70,0.11,5.43
2006-04-04,2.04,2.02,2.07,1.96,54189,20154904.00,5.39,-0.98,-0.02,3.72
2006-04-05,2.00,2.02,2.04,1.98,33423,12409485.00,2.97,0.00,0.00,2.30
2006-04-06,2.02,1.96,2.03,1.95,40120,14746615.00,3.96,-2.97,-0.06,2.76
2006-04-10,1.96,2.05,2.08,1.95,40156,15112345.00,6.63,4.59,0.09,2.76
2006-04-11,2.05,2.02,2.10,1.97,41410,15506750.00,6.34,-1.46,-0.03,2.84
2006-04-12,2.02,2.02,2.08,2.00,33071,12473795.00,3.96,0.00,0.00,2.27
2006-04-13,2.01,1.89,2.08,1.89,43741,16142492.00,9.41,-6.44,-0.13,3.00
2006-04-14,1.89,1.96,1.97,1.89,25094,8966009.00,4.23,3.70,0.07,1.72
2006-04-17,1.94,1.95,1.97,1.92,26933,9686718.00,2.55,-0.51,-0.01,1.85
2006-04-18,1.95,1.96,1.96,1.92,19452,6982838.00,2.05,0.51,0.01,1.34
2006-04-19,1.95,2.00,2.01,1.94,31680,11590011.00,3.57,2.04,0.04,2.18
2006-04-20,1.99,1.96,2.02,1.94,26080,9525609.00,4.00,-2.00,-0.04,1.79
2006-04-21,1.95,1.91,1.96,1.87,31055,10928976.00,4.59,-2.55,-0.05,2.13
2006-04-24,1.91,1.84,1.92,1.76,30551,10388612.00,8.38,-3.66,-0.07,2.10
2006-04-25,1.83,1.86,1.89,1.77,25051,8531773.00,6.52,1.09,0.02,1.72
2006-04-26,1.86,2.04,2.04,1.86,52636,19136763.00,9.68,9.68,0.18,3.62
2006-04-27,2.08,2.05,2.10,2.00,55821,21242917.00,4.90,0.49,0.01,3.83
2006-04-28,2.00,2.24,2.26,1.96,97045,39149976.00,14.63,9.27,0.19,6.67
2006-05-08,2.23,2.23,2.31,2.15,72176,29882982.00,7.14,-0.45,-0.01,4.96
2006-05-09,2.23,2.29,2.38,2.23,60840,25725093.00,6.73,2.69,0.06,4.18
2006-05-10,2.29,2.28,2.35,2.21,56400,23830121.00,6.11,-0.44,-0.01,3.87
2006-05-11,2.26,2.41,2.51,2.26,113354,50848088.00,10.96,5.70,0.13,7.79
2006-05-12,2.38,2.60,2.64,2.35,77263,36473908.00,12.03,7.88,0.19,5.31
2006-05-15,2.62,2.68,2.68,2.47,111021,53227956.00,8.08,3.08,0.08,7.63
2006-05-16,2.66,2.44,2.66,2.44,64763,30604691.00,8.21,-8.96,-0.24,4.45
2006-05-17,2.44,2.46,2.53,2.39,40793,18506734.00,5.74,0.82,0.02,2.80
2006-05-18,2.43,2.52,2.57,2.38,37228,17217399.00,7.72,2.44,0.06,2.56
2006-05-19,2.52,2.64,2.69,2.49,50150,24401749.00,7.94,4.76,0.12,3.44
2006-05-22,2.65,2.71,2.91,2.64,90962,46582208.00,10.23,2.65,0.07,6.25
2006-05-23,2.70,2.54,2.70,2.53,61381,29341918.00,6.27,-6.27,-0.17,4.22
2006-05-24,2.46,2.49,2.59,2.44,33693,15594454.00,5.91,-1.97,-0.05,2.31
2006-05-25,2.49,2.56,2.57,2.46,21942,10270203.00,4.42,2.81,0.07,1.51
2006-05-26,2.57,2.68,2.71,2.57,50670,24941733.00,5.47,4.69,0.12,3.48
2006-05-29,2.68,2.68,2.73,2.62,39969,19809534.00,4.10,0.00,0.00,2.75
2006-05-30,2.67,2.76,2.78,2.64,53155,26628039.00,5.22,2.99,0.08,3.65
2006-05-31,2.76,2.89,2.92,2.71,86173,45308627.00,7.61,4.71,0.13,5.92
2006-06-01,2.89,3.00,3.01,2.86,80831,44253962.00,5.19,3.81,0.11,5.55
2006-06-02,3.01,2.97,3.08,2.94,56076,31048077.00,4.67,-1.00,-0.03,3.85
2006-06-05,2.96,2.91,2.97,2.79,44335,23547625.00,6.06,-2.02,-0.06,3.05
2006-06-06,2.90,2.91,3.01,2.84,37192,20160052.00,5.84,0.00,0.00,2.55
2006-06-07,2.91,2.62,2.91,2.62,48521,24551939.00,9.97,-9.97,-0.29,3.33
2006-06-08,2.58,2.74,2.81,2.57,89271,44831651.00,9.16,4.58,0.12,6.13
2006-06-09,2.74,2.64,2.94,2.64,80528,41749897.00,10.95,-3.65,-0.10,5.53
2006-06-12,2.59,2.62,2.69,2.53,43379,20749856.00,6.06,-0.76,-0.02,2.98
2006-06-13,2.59,2.56,2.63,2.55,22572,10784560.00,3.05,-2.29,-0.06,1.55
2006-06-14,2.55,2.46,2.59,2.38,30361,13860081.00,8.20,-3.91,-0.10,2.09
2006-06-15,2.44,2.43,2.49,2.42,17941,8139883.00,2.85,-1.22,-0.03,1.23
2006-06-16,2.43,2.50,2.51,2.43,18926,8691010.00,3.29,2.88,0.07,1.30
2006-06-19,2.49,2.58,2.58,2.48,26730,12570676.00,4.00,3.20,0.08,1.84
2006-06-20,2.58,2.74,2.78,2.55,62587,31132814.00,8.91,6.20,0.16,4.30
2006-06-21,2.73,2.65,2.76,2.62,35641,17634618.00,5.11,-3.28,-0.09,2.45
2006-06-22,2.64,2.67,2.70,2.64,30377,15040695.00,2.26,0.75,0.02,2.09
2006-06-23,2.68,2.69,2.72,2.63,32097,15947353.00,3.37,0.75,0.02,2.20
2006-07-11,2.96,2.96,2.96,2.96,4323,2368949.00,0.00,10.04,0.27,0.30
2006-07-12,3.26,3.26,3.26,3.26,10824,6526987.00,0.00,10.14,0.30,0.74
2006-07-13,3.41,3.44,3.58,3.10,280559,173820710.00,14.72,5.52,0.18,19.27
2006-07-14,3.38,3.25,3.46,3.23,86431,53328183.00,6.69,-5.52,-0.19,5.94
2006-07-17,3.24,3.27,3.33,3.17,54527,32770968.00,4.92,0.62,0.02,3.75
2006-07-18,3.28,3.37,3.43,3.22,80644,49884965.00,6.42,3.06,0.10,5.54
2006-07-19,3.35,3.23,3.35,3.20,50509,30441292.00,4.45,-4.15,-0.14,3.47
2006-07-20,3.24,3.30,3.32,3.24,40613,24700354.00,2.48,2.17,0.07,2.79
2006-07-21,3.30,3.29,3.32,3.25,34085,20759275.00,2.12,-0.30,-0.01,2.34
2006-07-24,3.23,3.31,3.31,3.17,36611,22009027.00,4.26,0.61,0.02,2.51
2006-07-25,3.34,3.44,3.50,3.32,80115,50987201.00,5.44,3.93,0.13,5.50
2006-07-26,3.42,3.44,3.47,3.40,46248,29404775.00,2.03,0.00,0.00,3.18
2006-07-27,3.43,3.46,3.56,3.43,66084,42687158.00,3.78,0.58,0.02,4.54
2006-07-28,3.46,3.46,3.50,3.36,81834,52093245.00,4.05,0.00,0.00,5.62
2006-08-25,3.40,3.49,3.57,3.33,221025,76328006.00,6.94,0.87,0.03,8.21
2006-08-28,3.44,3.62,3.67,3.42,209317,74782292.00,7.16,3.72,0.13,7.77
2006-08-29,3.62,3.54,3.68,3.53,185903,67059544.00,4.14,-2.21,-0.08,6.90
2006-08-30,3.51,3.62,3.64,3.51,109384,39329457.00,3.67,2.26,0.08,4.06
2006-08-31,3.60,3.82,3.84,3.55,247219,90910325.00,8.01,5.52,0.20,9.18
2006-09-01,3.76,3.72,3.89,3.70,242693,91823026.00,4.97,-2.62,-0.10,9.01
2006-09-04,3.69,3.84,3.87,3.68,133438,50741260.00,5.11,3.23,0.12,4.95
2006-09-05,3.86,3.76,3.88,3.72,83543,31590046.00,4.17,-2.08,-0.08,3.10
2006-09-06,3.79,3.78,3.80,3.63,91737,34080430.00,4.52,0.53,0.02,3.41
2006-09-07,3.75,3.70,3.79,3.60,71383,26162708.00,5.03,-2.12,-0.08,2.65
2006-09-08,3.71,3.69,3.74,3.66,70383,26135748.00,2.16,-0.27,-0.01,2.61
2006-09-11,3.73,3.74,3.81,3.64,71188,26559815.00,4.61,1.36,0.05,2.64
2006-09-12,3.75,3.70,3.76,3.67,51098,18905243.00,2.41,-1.07,-0.04,1.90
2006-09-13,3.70,3.61,3.71,3.61,75503,27598928.00,2.70,-2.43,-0.09,2.80
2006-09-14,3.60,3.66,3.67,3.60,51168,18613041.00,1.94,1.39,0.05,1.90
2006-09-15,3.66,3.73,3.74,3.62,82159,30301273.00,3.28,1.91,0.07,3.05
2006-09-18,3.76,3.83,3.86,3.69,184252,69515502.00,4.56,2.68,0.10,6.84
2006-09-19,3.81,3.76,3.81,3.74,68505,25854181.00,1.83,-1.83,-0.07,2.54
2006-09-20,3.73,3.71,3.74,3.67,60508,22421478.00,1.86,-1.33,-0.05,2.25
2006-09-21,3.70,3.69,3.75,3.67,46634,17246432.00,2.16,-0.54,-0.02,1.73
2006-09-22,3.71,3.70,3.84,3.64,102993,38447679.00,5.42,0.27,0.01,3.82
2006-09-25,3.70,3.75,3.78,3.69,77649,28998772.00,2.43,1.35,0.05,2.88
2006-09-26,3.72,3.64,3.72,3.62,51065,18669396.00,2.67,-2.93,-0.11,1.90
2006-09-27,3.65,3.69,3.71,3.60,57459,20986756.00,3.02,1.37,0.05,2.13
2006-09-28,3.69,3.66,3.70,3.64,40618,14866519.00,1.63,-0.81,-0.03,1.51
2006-09-29,3.67,3.65,3.68,3.64,46012,16820824.00,1.09,-0.27,-0.01,1.71
2006-10-09,3.66,3.75,3.79,3.64,93496,34757199.00,4.11,2.74,0.10,3.47
2006-10-10,3.76,3.73,3.76,3.67,67725,25034919.00,2.40,-0.53,-0.02,2.51
2006-10-11,3.73,3.84,3.87,3.72,173590,65871550.00,4.02,2.95,0.11,6.45
2006-10-12,3.84,3.84,3.94,3.79,174647,67616966.00,3.91,0.00,0.00,6.48
2006-10-13,3.86,4.06,4.21,3.85,300681,122726444.00,9.38,5.73,0.22,11.16
2006-10-16,4.09,4.12,4.18,4.00,160701,65478647.00,4.43,1.48,0.06,5.97
2006-10-17,4.09,4.05,4.18,4.03,97349,39810322.00,3.64,-1.70,-0.07,3.61
2006-10-18,4.01,4.04,4.08,3.97,73552,29497651.00,2.72,-0.25,-0.01,2.73
2006-10-19,4.03,3.95,4.03,3.93,81375,32308447.00,2.48,-2.23,-0.09,3.02
2006-10-23,3.95,3.69,3.95,3.65,104237,39472124.00,7.59,-6.58,-0.26,3.87
2006-10-24,3.69,3.76,3.81,3.67,58727,21885557.00,3.79,1.90,0.07,2.18
2006-10-25,3.80,3.73,3.83,3.67,52467,19662532.00,4.26,-0.80,-0.03,1.95
2006-10-26,3.71,3.67,3.74,3.66,50580,18692344.00,2.14,-1.61,-0.06,1.88
2006-10-27,3.67,3.54,3.73,3.52,54601,19639979.00,5.72,-3.54,-0.13,2.03
2006-10-30,3.54,3.38,3.54,3.19,94261,31411535.00,9.89,-4.52,-0.16,3.50
2006-10-31,3.33,3.38,3.42,3.28,59349,19859955.00,4.14,0.00,0.00,2.20
2006-11-01,3.38,3.41,3.45,3.33,41670,14215837.00,3.55,0.89,0.03,1.55
2006-11-02,3.42,3.37,3.44,3.27,54050,17958705.00,4.99,-1.17,-0.04,2.01
2006-11-03,3.34,3.37,3.37,3.30,32531,10859284.00,2.08,0.00,0.00,1.21
2006-11-06,3.33,3.31,3.37,3.30,37306,12393170.00,2.08,-1.78,-0.06,1.39
2006-11-07,3.31,3.26,3.31,3.19,46764,15127100.00,3.63,-1.51,-0.05,1.74
2006-11-08,3.22,3.24,3.25,3.20,22750,7337433.00,1.53,-0.61,-0.02,0.84
2006-11-09,3.20,3.28,3.33,3.20,31023,10180468.00,4.01,1.23,0.04,1.15
2006-11-10,3.28,3.22,3.34,3.20,35146,11449877.00,4.27,-1.83,-0.06,1.30
2006-11-13,3.20,2.95,3.20,2.91,59900,18138371.00,9.01,-8.39,-0.27,2.22
2006-11-14,2.95,2.91,3.01,2.81,38582,11164837.00,6.78,-1.36,-0.04,1.43
2006-11-15,2.93,3.05,3.08,2.91,47631,14358512.00,5.84,4.81,0.14,1.77
2006-11-16,3.06,3.06,3.13,2.97,61504,18746829.00,5.25,0.33,0.01,2.28
2006-11-17,3.05,3.02,3.07,2.99,28406,8591229.00,2.61,-1.31,-0.04,1.05
2006-11-20,3.02,3.03,3.04,2.92,43882,13009171.00,3.97,0.33,0.01,1.63
2006-11-21,3.00,2.99,3.03,2.93,32555,9667226.00,3.30,-1.32,-0.04,1.21
2006-11-22,2.96,3.06,3.07,2.94,51379,15497080.00,4.35,2.34,0.07,1.91
2006-11-23,3.06,3.07,3.14,3.00,46763,14363575.00,4.58,0.33,0.01,1.74
2006-11-24,3.05,3.22,3.24,3.02,91952,28797173.00,7.17,4.89,0.15,3.41
2006-11-27,3.21,3.22,3.25,3.17,59112,18931084.00,2.48,0.00,0.00,2.19
2006-11-28,3.19,3.27,3.33,3.18,71022,23285144.00,4.66,1.55,0.05,2.64
2006-11-29,3.24,3.24,3.29,3.16,46748,15150907.00,3.98,-0.92,-0.03,1.74
2006-11-30,3.25,3.27,3.30,3.24,52534,17151386.00,1.85,0.93,0.03,1.95
2006-12-01,3.27,3.23,3.34,3.21,59774,19540961.00,3.98,-1.22,-0.04,2.22
2006-12-04,3.24,3.35,3.35,3.20,102809,33816621.00,4.64,3.72,0.12,3.82
2006-12-05,3.35,3.48,3.49,3.31,121778,41722030.00,5.37,3.88,0.13,4.52
2006-12-06,3.55,3.69,3.72,3.32,251402,89460661.00,11.49,6.03,0.21,9.33
2006-12-07,3.80,3.80,4.00,3.79,424243,163811950.00,5.69,2.98,0.11,15.75
2006-12-08,3.75,3.43,3.75,3.42,118950,42537190.00,8.68,-9.74,-0.37,4.42
2006-12-11,3.39,3.54,3.55,3.33,71299,24551243.00,6.41,3.21,0.11,2.65
2006-12-12,3.54,3.44,3.54,3.38,56219,19448990.00,4.52,-2.82,-0.10,2.09
2006-12-13,3.43,3.44,3.46,3.37,32534,11082817.00,2.62,0.00,0.00,1.21
2006-12-14,3.41,3.48,3.54,3.41,37153,12938761.00,3.78,1.16,0.04,1.38
2006-12-15,3.47,3.59,3.73,3.46,70121,25405263.00,7.76,3.16,0.11,2.60
2006-12-18,3.62,3.66,3.72,3.60,58620,21382535.00,3.34,1.95,0.07,2.18
2006-12-19,3.68,3.61,3.68,3.51,62462,22285982.00,4.64,-1.37,-0.05,2.32
2006-12-20,3.57,3.70,3.71,3.50,91673,33303198.00,5.82,2.49,0.09,3.40
2006-12-21,3.71,3.65,3.77,3.50,98741,36648716.00,7.30,-1.35,-0.05,3.67
2006-12-22,3.62,3.65,3.71,3.56,51188,18579161.00,4.11,0.00,0.00,1.90
2006-12-25,3.65,3.58,3.68,3.54,58125,21018895.00,3.84,-1.92,-0.07,2.16
2006-12-26,3.58,3.44,3.59,3.41,48273,16856868.00,5.03,-3.91,-0.14,1.79
2006-12-27,3.44,3.44,3.44,3.36,55142,18742930.00,2.33,0.00,0.00,2.05
2006-12-28,3.44,3.28,3.44,3.26,69834,23174139.00,5.23,-4.65,-0.16,2.59
2006-12-29,3.30,3.31,3.37,3.30,60046,19985215.00,2.13,0.91,0.03,2.23