2016-01-04,3110.81,2842.19,3124.33,2840.36,658385,1019438969.00,9.10,-8.89,-277.46,0.71
2016-01-05,2673.25,2906.95,2906.95,2673.25,1177377,1348711242.00,8.22,2.28,64.76,1.27
2016-01-06,2901.48,3043.17,3043.83,2893.48,1169919,1483107909.00,5.17,4.69,136.22,1.26
2016-01-07,2982.40,2742.97,2982.40,2742.35,255510,295123351.00,7.89,-9.86,-300.20,0.27
2016-01-08,2810.96,2796.72,2857.28,2602.23,1180881,1338228871.00,9.30,1.96,53.75,1.27
2016-01-11,2703.18,2541.77,2725.96,2541.77,817059,932671624.00,6.59,-9.12,-254.95,0.88
2016-01-12,2523.56,2482.19,2562.80,2416.37,563023,645719000.00,5.76,-2.34,-59.58,0.61
2016-01-13,2493.33,2371.25,2546.27,2371.25,546664,582683175.00,7.05,-4.47,-110.94,0.59
2016-01-14,2274.86,2419.96,2432.11,2269.63,633481,625060894.00,6.85,2.05,48.71,0.68
2016-01-15,2392.87,2247.57,2418.84,2242.22,610266,571850204.00,7.30,-7.12,-172.39,0.66
2016-01-18,2196.07,2280.21,2322.54,2185.67,544352,542928625.00,6.09,1.45,32.64,0.59
2016-01-19,2282.30,2419.38,2431.81,2260.98,646743,674159772.00,7.49,6.10,139.17,0.70
2016-01-20,2409.32,2400.98,2472.59,2389.14,612171,753514696.00,3.45,-0.76,-18.40,0.66
2016-01-21,2352.42,2279.13,2431.12,2279.13,577776,592408432.00,6.33,-5.08,-121.85,0.62
2016-01-22,2309.35,2351.80,2364.12,2263.51,489627,507874125.00,4.41,3.19,72.67,0.53
2016-01-25,2383.56,2428.41,2436.75,2382.23,449682,597171004.00,2.32,3.26,76.61,0.48
2016-01-26,2407.09,2251.24,2423.42,2233.27,529040,601679754.00,7.83,-7.30,-177.17,0.57
2016-01-27,2271.76,2228.99,2275.05,2097.15,438206,461458317.00,7.90,-0.99,-22.25,0.47
2016-01-28,2202.70,2123.99,2259.05,2123.99,350361,369822638.00,6.06,-4.71,-105.00,0.38
2016-01-29,2126.09,2210.49,2240.10,2113.46,423230,410205109.00,5.96,4.07,86.50,0.45
2016-02-01,2205.52,2140.77,2226.27,2110.57,349574,332659152.00,5.23,-3.15,-69.72,0.38
2016-02-02,2153.35,2215.15,2222.89,2150.82,302473,319276263.00,3.37,3.47,74.38,0.33
2016-02-03,2187.37,2227.97,2235.26,2175.11,323544,318122121.00,2.72,0.58,12.82,0.35
2016-02-04,2238.92,2260.31,2282.55,2238.92,384056,408270451.00,1.96,1.45,32.34,0.41
2016-02-05,2268.34,2248.58,2290.91,2243.78,382246,398131746.00,2.09,-0.52,-11.73,0.41
2016-02-15,2162.99,2259.87,2265.34,2162.99,278258,342847172.00,4.55,0.50,11.29,0.30
2016-02-16,2276.14,2381.89,2396.32,2276.14,491261,574521310.00,5.32,5.40,122.02,0.53
2016-02-17,2382.23,2440.29,2443.75,2364.12,610129,748183807.00,3.34,2.45,58.40,0.66
2016-02-18,2459.68,2404.27,2459.68,2401.51,495666,624504953.00,2.38,-1.48,-36.02,0.53
2016-02-19,2400.97,2419.64,2452.17,2400.32,408429,468995764.00,2.16,0.64,15.37,0.44
2016-02-22,2558.74,2495.22,2558.74,2484.65,846668,949294513.00,3.06,3.12,75.58,0.91
2016-02-23,2478.54,2499.70,2505.49,2452.23,565830,703730533.00,2.13,0.18,4.48,0.61
2016-02-24,2469.13,2482.07,2508.09,2413.96,422911,549041124.00,3.77,-0.71,-17.63,0.45
2016-02-25,2466.38,2239.50,2467.87,2234.97,606403,651053309.00,9.38,-9.77,-242.57,0.65
2016-02-26,2287.10,2239.07,2287.10,2179.59,525524,532908412.00,4.80,-0.02,-0.43,0.56
2016-02-29,2228.04,2116.75,2228.04,2062.90,566254,552154293.00,7.38,-5.46,-122.32,0.61
2016-03-01,2114.63,2157.08,2177.70,2089.12,486040,499993072.00,4.18,1.91,40.33,0.52
2016-03-02,2163.70,2281.35,2288.67,2163.70,726814,707900798.00,5.79,5.76,124.27,0.78
2016-03-03,2279.59,2270.37,2305.93,2263.38,651237,666781201.00,1.87,-0.48,-10.98,0.70
2016-03-04,2270.13,2177.24,2280.62,2143.04,566262,576936421.00,6.06,-4.10,-93.13,0.61
2016-03-07,2289.08,2272.27,2339.66,2253.56,1140039,1000671992.00,3.95,4.36,95.03,1.23
2016-03-08,2243.68,2269.51,2269.51,2154.36,725941,685058369.00,5.07,-0.12,-2.76,0.78
2016-03-09,2206.64,2194.29,2229.06,2178.80,458694,465038568.00,2.21,-3.31,-75.22,0.49
2016-03-10,2201.98,2174.36,2236.91,2167.03,467829,512850316.00,3.18,-0.91,-19.93,0.50
2016-03-11,2158.55,2154.00,2172.38,2131.87,337640,350863787.00,1.86,-0.94,-20.36,0.36
2016-03-14,2183.97,2231.21,2260.31,2183.97,506919,533146774.00,3.54,3.58,77.21,0.54
2016-03-15,2234.52,2221.60,2260.01,2210.73,337400,391245463.00,2.21,-0.43,-9.61,0.36
2016-03-16,2250.44,2189.30,2250.44,2173.56,365681,401712240.00,3.46,-1.45,-32.30,0.39
2016-03-17,2198.88,2260.06,2268.62,2198.88,477116,502427531.00,3.19,3.23,70.76,0.51
2016-03-18,2271.94,2343.63,2355.33,2271.94,702695,734572937.00,3.69,3.70,83.57,0.76
2016-03-21,2370.58,2391.73,2395.42,2346.15,787276,866440341.00,2.10,2.05,48.10,0.85
2016-03-22,2384.04,2427.40,2458.53,2351.18,781034,910207448.00,4.49,1.49,35.67,0.84
2016-03-23,2408.42,2466.84,2468.15,2406.24,780606,864483729.00,2.55,1.62,39.44,0.84
2016-03-24,2435.64,2417.43,2476.19,2408.88,614281,825816854.00,2.73,-2.00,-49.41,0.66
2016-03-25,2409.88,2422.66,2437.73,2389.41,405789,510216960.00,2.00,0.22,5.23,0.44
2016-03-28,2431.23,2454.60,2470.13,2431.20,758976,840884524.00,1.61,1.32,31.94,0.82
2016-03-29,2444.29,2394.17,2449.47,2372.61,733389,795836726.00,3.13,-2.46,-60.43,0.79
2016-03-30,2408.18,2474.88,2478.85,2408.18,736723,870092410.00,2.95,3.37,80.71,0.79
2016-03-31,2489.97,2487.83,2520.59,2471.35,632340,880178408.00,1.99,0.52,12.95,0.68
2016-04-01,2473.46,2496.70,2498.27,2441.22,544193,802498860.00,2.29,0.36,8.87,0.58
2016-04-05,2502.02,2608.08,2611.49,2487.34,1074291,1238203916.00,4.97,4.46,111.38,1.15
2016-04-06,2593.17,2644.47,2644.47,2584.95,1114894,1227999722.00,2.28,1.40,36.39,1.20
2016-04-07,2637.99,2617.92,2658.64,2587.60,810215,1046687101.00,2.69,-1.00,-26.55,0.87
2016-04-08,2589.24,2653.71,2661.97,2588.67,1223947,1475663617.00,2.80,1.37,35.79,1.32
2016-04-11,2676.61,2678.91,2696.54,2650.00,921911,1246079546.00,1.75,0.95,25.20,0.99
2016-04-12,2681.85,2606.38,2681.85,2590.88,627566,922798303.00,3.40,-2.71,-72.53,0.67
2016-04-13,2621.95,2677.94,2694.27,2621.95,1448634,1500685968.00,2.77,2.75,71.56,1.56
2016-04-14,2689.29,2710.60,2710.60,2671.17,397376,520229049.00,1.47,1.22,32.66,0.43
2016-04-15,2707.37,2721.38,2733.37,2697.07,439363,560982296.00,1.34,0.40,10.78,0.47
2016-04-18,2707.74,2654.13,2707.74,2625.33,525262,573743369.00,3.03,-2.47,-67.25,0.56
2016-04-19,2663.16,2642.22,2669.65,2620.75,379713,418281368.00,1.84,-0.45,-11.91,0.41
2016-04-20,2647.83,2545.02,2682.16,2488.49,688035,914120633.00,7.33,-3.68,-97.20,0.74
2016-04-21,2523.86,2544.84,2601.74,2519.22,468849,659148244.00,3.24,-0.01,-0.18,0.50
2016-04-22,2519.78,2544.89,2562.86,2494.79,414752,528186637.00,2.67,0.00,0.05,0.45
2016-04-25,2542.69,2498.37,2542.69,2483.25,287726,372449224.00,2.34,-1.83,-46.52,0.31
2016-04-26,2477.53,2509.33,2509.51,2455.60,1034583,1124457423.00,2.16,0.44,10.96,1.11
2016-04-27,2512.22,2488.94,2512.22,2475.42,1129990,1205502234.00,1.47,-0.81,-20.39,1.21
2016-04-28,2480.45,2453.51,2484.10,2410.85,814715,836317144.00,2.94,-1.42,-35.43,0.88
2016-04-29,2450.02,2455.69,2468.95,2440.32,479916,517013582.00,1.17,0.09,2.18,0.52
2016-05-03,2463.74,2529.77,2530.81,2442.99,613982,723104969.00,3.58,3.02,74.08,0.66
2016-05-04,2519.93,2528.01,2548.65,2515.80,766165,873804551.00,1.30,-0.07,-1.76,0.82
2016-05-05,2525.09,2553.52,2553.52,2508.90,710744,841543082.00,1.77,1.01,25.51,0.76
2016-05-06,2563.51,2469.69,2574.53,2451.82,687473,917608318.00,4.81,-3.28,-83.83,0.74
2016-05-09,2444.66,2348.41,2444.66,2323.19,594947,608890582.00,4.92,-4.91,-121.28,0.64
2016-05-10,2345.08,2395.91,2410.28,2345.08,789323,845658573.00,2.78,2.02,47.50,0.85
2016-05-11,2398.60,2379.27,2407.71,2351.98,1214638,1188887217.00,2.33,-0.69,-16.64,1.31
2016-05-12,2351.05,2346.26,2351.05,2280.53,1093399,1070580846.00,2.96,-1.39,-33.01,1.18
2016-05-13,2335.48,2332.55,2356.71,2313.80,876955,848590526.00,1.83,-0.58,-13.71,0.94
2016-05-16,2327.37,2371.79,2373.23,2307.94,1236431,1248513033.00,2.80,1.68,39.24,1.33
2016-05-17,2374.06,2343.49,2379.62,2332.20,1134742,1092993279.00,2.00,-1.19,-28.30,1.22
2016-05-18,2305.83,2241.18,2313.57,2212.50,1062527,958245336.00,4.31,-4.37,-102.31,1.14
2016-05-19,2252.06,2217.90,2280.85,2216.91,925680,839406399.00,2.85,-1.04,-23.28,0.99
2016-05-20,2196.47,2225.02,2225.02,2165.63,875056,728810205.00,2.68,0.32,7.12,0.94
2016-05-23,2229.60,2275.53,2277.88,2229.60,783637,667316324.00,2.17,2.27,50.51,0.84
2016-05-24,2266.69,2220.76,2266.69,2202.66,584446,487761092.00,2.81,-2.41,-54.77,0.63
2016-05-25,2234.23,2213.06,2256.35,2196.07,512358,439299432.00,2.71,-0.35,-7.70,0.55
2016-05-26,2210.40,2204.75,2221.49,2149.68,491509,400876314.00,3.24,-0.38,-8.31,0.53
2016-05-27,2205.91,2188.74,2207.64,2186.09,412496,330933309.00,0.98,-0.73,-16.01,0.44
2016-05-30,2173.68,2154.05,2182.86,2140.61,359945,288187855.00,1.93,-1.58,-34.69,0.39
2016-05-31,2161.54,2240.14,2241.91,2161.54,743838,609835372.00,3.73,4.00,86.09,0.80
2016-06-01,2247.95,2256.06,2283.99,2237.98,726668,617122306.00,2.05,0.71,15.92,0.78
2016-06-02,2258.62,2284.86,2284.86,2247.93,595505,507843835.00,1.64,1.28,28.80,0.64
2016-06-03,2279.70,2283.75,2296.28,2266.93,561520,472709416.00,1.28,-0.05,-1.11,0.60
2016-06-06,2291.72,2276.41,2299.81,2265.88,437227,374547375.00,1.49,-0.32,-7.34,0.47
2016-06-07,2274.30,2260.21,2274.30,2237.96,472934,400388150.00,1.60,-0.71,-16.20,0.51
2016-06-08,2258.61,2231.79,2258.61,2216.54,524679,417134269.00,1.86,-1.26,-28.42,0.56
2016-06-13,2211.25,2137.82,2226.50,2137.82,568351,445559640.00,3.97,-4.21,-93.97,0.61
2016-06-14,2123.08,2135.30,2142.18,2107.90,415410,318157888.00,1.60,-0.12,-2.52,0.45
2016-06-15,2109.27,2184.72,2200.02,2100.85,491184,366645595.00,4.64,2.31,49.42,0.53
2016-06-16,2187.15,2177.62,2200.59,2169.75,462994,357318483.00,1.41,-0.32,-7.10,0.50
2016-06-17,2174.95,2178.79,2205.68,2167.09,433204,337186712.00,1.77,0.05,1.17,0.47
2016-06-20,2181.18,2172.92,2187.91,2149.26,334391,255972928.00,1.77,-0.27,-5.87,0.36
2016-06-21,2187.24,2188.58,2200.00,2161.92,685836,475655982.00,1.75,0.72,15.66,0.74
2016-06-22,2182.19,2224.60,2224.60,2172.62,666267,499733833.00,2.38,1.65,36.02,0.72
2016-06-23,2213.48,2202.14,2228.70,2188.25,449537,349888279.00,1.82,-1.01,-22.46,0.48
2016-06-24,2199.97,2200.24,2236.89,2122.86,719059,545095332.00,5.18,-0.09,-1.90,0.77
2016-06-27,2186.29,2241.10,2244.13,2182.30,557226,453224425.00,2.81,1.86,40.86,0.60
2016-06-28,2235.44,2250.77,2256.10,2219.43,518267,418037442.00,1.64,0.43,9.67,0.56
2016-06-29,2249.51,2259.28,2268.35,2244.37,619654,502099408.00,1.07,0.38,8.51,0.67
2016-06-30,2258.55,2272.12,2272.63,2244.59,644530,504550018.00,1.24,0.57,12.84,0.69
2016-07-01,2274.75,2259.02,2278.39,2251.81,456585,364535821.00,1.17,-0.58,-13.10,0.49
2016-07-04,2251.56,2303.41,2307.80,2242.42,673061,528532197.00,2.89,1.97,44.39,0.72
2016-07-05,2303.84,2347.93,2347.93,2292.06,799657,676380098.00,2.43,1.93,44.52,0.86
2016-07-06,2346.02,2433.12,2438.06,2334.61,1513967,1271007646.00,4.41,3.63,85.19,1.63
2016-07-07,2417.34,2411.47,2423.67,2386.36,901724,760916747.00,1.53,-0.89,-21.65,0.97
2016-07-08,2409.03,2383.85,2410.77,2379.88,681130,559825440.00,1.28,-1.15,-27.62,0.73
2016-07-11,2389.38,2368.74,2395.15,2362.94,642097,545744631.00,1.35,-0.63,-15.11,0.69
2016-07-12,2367.61,2392.19,2392.19,2340.54,707995,577722599.00,2.18,0.99,23.45,0.76
2016-07-13,2393.39,2419.30,2433.41,2393.39,863350,702475081.00,1.67,1.13,27.11,0.93
2016-07-14,2418.48,2402.49,2428.78,2382.19,520986,443868669.00,1.93,-0.69,-16.81,0.56
2016-07-15,2397.00,2388.88,2405.57,2373.72,368819,306618861.00,1.33,-0.57,-13.61,0.40
2016-07-18,2389.68,2376.44,2389.68,2361.38,345996,295486183.00,1.18,-0.52,-12.44,0.37
2016-07-19,2371.99,2388.27,2388.27,2360.40,333370,269438246.00,1.17,0.50,11.83,0.36
2016-07-20,2390.46,2385.39,2403.63,2383.22,316388,274200080.00,0.85,-0.12,-2.88,0.34
2016-07-21,2395.76,2383.91,2412.97,2381.70,639259,520771871.00,1.31,-0.06,-1.48,0.69
2016-07-22,2375.88,2359.53,2381.13,2355.10,474673,384540448.00,1.09,-1.02,-24.38,0.51
2016-07-25,2352.03,2348.14,2366.55,2337.77,383346,311222275.00,1.22,-0.48,-11.39,0.41
2016-07-26,2351.00,2381.12,2381.12,2347.95,370400,321116846.00,1.41,1.40,32.98,0.40
2016-07-27,2381.83,2251.64,2392.83,2235.65,799240,636534407.00,6.60,-5.44,-129.48,0.86
2016-07-28,2249.92,2243.19,2272.82,2216.96,486694,361539409.00,2.48,-0.38,-8.45,0.52
2016-07-29,2243.55,2234.86,2249.88,2221.40,312548,231249091.00,1.27,-0.37,-8.33,0.34
2016-08-01,2231.10,2202.66,2231.10,2171.03,411741,296114225.00,2.69,-1.44,-32.20,0.44
2016-08-02,2202.54,2227.49,2227.49,2201.45,259225,194201998.00,1.18,1.13,24.83,0.28
2016-08-03,2221.09,2232.04,2235.13,2211.28,238014,176362026.00,1.07,0.20,4.55,0.26
2016-08-04,2232.13,2278.39,2289.36,2225.54,438874,320109447.00,2.86,2.08,46.35,0.47
2016-08-05,2266.73,2261.66,2281.57,2261.66,416498,318497416.00,0.87,-0.73,-16.73,0.45
2016-08-08,2257.17,2294.39,2295.31,2247.30,345324,272132430.00,2.12,1.45,32.73,0.37
2016-08-09,2288.92,2314.87,2317.45,2284.81,392480,313398225.00,1.42,0.89,20.48,0.42
2016-08-10,2326.04,2344.67,2359.63,2326.04,438744,814205630.00,1.45,1.29,29.80,0.47
2016-08-11,2352.66,2332.70,2370.95,2332.70,648344,1439788412.00,1.63,-0.51,-11.97,0.70
2016-08-12,2317.35,2358.85,2364.56,2317.35,530118,1180735127.00,2.02,1.12,26.15,0.57
2016-08-15,2360.43,2412.67,2416.73,2353.62,832740,1370913230.00,2.68,2.28,53.82,0.90
2016-08-16,2408.15,2404.78,2432.43,2404.01,634593,1119219706.00,1.18,-0.33,-7.89,0.68
2016-08-17,2401.23,2424.48,2433.56,2385.07,614403,1156684551.00,2.02,0.82,19.70,0.66
2016-08-18,2435.63,2423.35,2456.32,2417.89,629113,1349964372.00,1.59,-0.05,-1.13,0.68
2016-08-19,2413.87,2428.12,2437.34,2411.57,593634,1025908683.00,1.06,0.20,4.77,0.64
2016-08-22,2420.88,2445.08,2490.38,2420.88,1296598,1459809519.00,2.86,0.70,16.96,1.39
2016-08-23,2446.18,2475.95,2483.81,2440.11,1394465,1446426329.00,1.79,1.26,30.87,1.50
2016-08-24,2474.07,2470.30,2497.33,2458.22,1363007,1435478571.00,1.58,-0.23,-5.65,1.47
2016-08-25,2449.32,2427.00,2449.32,2389.43,886738,989335504.00,2.42,-1.75,-43.30,0.95
2016-08-26,2429.34,2428.18,2448.15,2413.16,892535,943811481.00,1.44,0.05,1.18,0.96
2016-08-29,2434.33,2458.71,2476.01,2420.83,1028754,1041227395.00,2.27,1.26,30.53,1.11
2016-08-30,2461.31,2442.35,2471.42,2434.27,666608,717598544.00,1.51,-0.67,-16.36,0.72
2016-08-31,2444.76,2455.62,2460.57,2410.20,639274,836861043.00,2.06,0.54,13.27,0.69
2016-09-01,2448.86,2412.56,2471.51,2411.06,650519,803296972.00,2.46,-1.75,-43.06,0.70
2016-09-02,2411.85,2400.29,2427.23,2393.01,769452,816807773.00,1.42,-0.51,-12.27,0.83
2016-09-05,2403.75,2393.19,2431.28,2389.22,583822,665384771.00,1.75,-0.30,-7.10,0.63
2016-09-06,2384.67,2413.98,2413.98,2360.93,685318,790501334.00,2.22,0.87,20.79,0.74
2016-09-07,2413.43,2415.93,2444.48,2403.97,925498,954313426.00,1.68,0.08,1.95,0.99
2016-09-08,2425.60,2426.89,2449.55,2411.52,820439,794167228.00,1.57,0.45,10.96,0.88
2016-09-09,2423.37,2475.29,2491.21,2422.65,1526185,1281126397.00,2.83,1.99,48.40,1.64
2016-09-12,2421.29,2451.86,2497.77,2412.46,1583448,1498650619.00,3.45,-0.95,-23.43,1.70
2016-09-13,2454.41,2531.76,2531.78,2454.41,1933529,1724318411.00,3.16,3.26,79.90,2.08
2016-09-14,2504.36,2477.58,2504.36,2465.02,1301321,1200002822.00,1.55,-2.14,-54.18,1.40
2016-09-19,2539.02,2577.24,2615.98,2516.64,2469091,2206989526.00,4.01,4.02,99.66,2.65
2016-09-20,2550.67,2636.96,2642.54,2538.56,2693015,2394044248.00,4.03,2.32,59.72,2.89
2016-09-21,2651.55,2598.97,2660.26,2594.69,1696900,1628933122.00,2.49,-1.44,-37.99,1.82
2016-09-22,2611.73,2629.84,2647.07,2572.43,1790718,1713443675.00,2.87,1.19,30.87,1.92
2016-09-23,2621.73,2567.99,2621.73,2567.99,1410404,1393525530.00,2.04,-2.35,-61.85,1.52
2016-09-26,2550.74,2448.59,2558.91,2445.74,1329602,1282573838.00,4.41,-4.65,-119.40,1.43
2016-09-27,2439.19,2471.80,2471.80,2419.76,974177,953986996.00,2.13,0.95,23.21,1.05
2016-09-28,2463.00,2445.52,2474.40,2444.51,673676,680122605.00,1.21,-1.06,-26.28,0.72
2016-09-29,2455.94,2461.72,2474.14,2455.94,625420,619983371.00,0.74,0.66,16.20,0.67
2016-09-30,2460.73,2463.64,2474.01,2451.91,617508,534080534.00,0.90,0.08,1.92,0.66
2016-10-10,2486.58,2536.47,2537.42,2473.94,1009382,935563787.00,2.58,2.96,72.83,1.08
2016-10-11,2533.66,2560.12,2566.30,2530.26,1128620,1045461679.00,1.42,0.93,23.65,1.21
2016-10-12,2551.41,2563.23,2573.07,2544.24,863676,918316706.00,1.13,0.12,3.11,0.93
2016-10-13,2570.26,2629.85,2630.34,2567.25,1278780,1418375558.00,2.46,2.60,66.62,1.37
2016-10-14,2618.42,2618.48,2637.84,2590.94,984437,1296245420.00,1.78,-0.43,-11.37,1.06
2016-10-17,2609.56,2567.46,2609.79,2555.76,1094756,1033975126.00,2.06,-1.95,-51.02,1.18
2016-10-18,2566.15,2634.53,2636.10,2566.15,1029235,1300143041.00,2.72,2.61,67.07,1.11
2016-10-19,2639.16,2604.44,2639.16,2594.64,1070407,1328445069.00,1.69,-1.14,-30.09,1.15
2016-10-20,2595.41,2622.26,2624.78,2577.29,753854,1004382778.00,1.82,0.68,17.82,0.81
2016-10-21,2611.56,2576.86,2617.29,2557.73,914446,1112880079.00,2.27,-1.73,-45.40,0.98
2016-10-24,2578.49,2598.66,2609.92,2574.19,943423,978938081.00,1.39,0.85,21.80,1.01
2016-10-25,2603.89,2619.16,2619.16,2584.66,770999,867295304.00,1.33,0.79,20.50,0.83
2016-10-26,2610.27,2575.41,2610.27,2570.82,717545,852696532.00,1.51,-1.67,-43.75,0.77
2016-10-27,2572.50,2573.32,2578.77,2559.82,569320,707514623.00,0.74,-0.08,-2.09,0.61
2016-10-28,2574.70,2554.48,2581.38,2547.59,611706,747629029.00,1.31,-0.73,-18.84,0.66
2016-10-31,2556.32,2531.51,2556.32,2506.76,743795,757018880.00,1.94,-0.90,-22.97,0.80
2016-11-01,2535.27,2559.67,2566.02,2534.68,622947,689701004.00,1.24,1.11,28.16,0.67
2016-11-02,2555.79,2543.72,2577.62,2539.76,844800,973779199.00,1.48,-0.62,-15.95,0.91
2016-11-03,2530.17,2545.86,2571.03,2521.15,663131,788982229.00,1.96,0.08,2.14,0.71
2016-11-04,2542.26,2553.77,2567.88,2542.26,569504,778997279.00,1.01,0.31,7.91,0.61
2016-11-07,2556.41,2536.60,2565.60,2529.91,501950,629789862.00,1.40,-0.67,-17.17,0.54
2016-11-08,2548.82,2554.01,2555.33,2536.90,484708,570930904.00,0.73,0.69,17.41,0.52
2016-11-09,2558.29,2519.97,2571.99,2490.66,731590,1007846291.00,3.18,-1.33,-34.04,0.79
2016-11-10,2536.17,2576.32,2581.12,2536.17,735974,907631379.00,1.78,2.24,56.35,0.79
2016-11-11,2584.95,2610.50,2627.28,2579.68,1133483,1209029911.00,1.85,1.33,34.18,1.22
2016-11-14,2610.00,2629.50,2629.50,2608.74,940867,1060686397.00,0.80,0.73,19.00,1.01
2016-11-15,2629.66,2623.55,2634.35,2607.34,660585,722136152.00,1.03,-0.23,-5.95,0.71
2016-11-16,2620.27,2614.11,2630.74,2613.15,589851,652263451.00,0.67,-0.36,-9.44,0.63
2016-11-17,2616.44,2604.33,2616.44,2578.96,888377,816198213.00,1.43,-0.37,-9.78,0.95
2016-11-18,2604.76,2608.83,2621.25,2601.97,674882,754871249.00,0.74,0.17,4.50,0.73
2016-11-21,2637.28,2664.27,2666.98,2633.97,1014007,1133682003.00,1.27,2.13,55.44,1.09
2016-11-22,2659.58,2697.29,2697.29,2657.92,846988,1095273064.00,1.48,1.24,33.02,0.91
2016-11-23,2686.80,2657.96,2708.38,2646.54,743964,956269703.00,2.29,-1.46,-39.33,0.80
2016-11-24,2652.61,2616.07,2662.16,2604.50,681903,816859331.00,2.17,-1.58,-41.89,0.73
2016-11-25,2620.74,2637.11,2645.64,2561.22,806863,900405552.00,3.23,0.80,21.04,0.87
2016-11-28,2640.55,2620.42,2648.19,2617.93,697984,712361225.00,1.15,-0.63,-16.69,0.75
2016-11-29,2615.34,2593.98,2633.83,2593.98,718105,723972616.00,1.52,-1.01,-26.44,0.77
2016-11-30,2600.13,2609.03,2633.02,2598.28,948442,1150871780.00,1.34,0.58,15.05,1.02
2016-12-01,2602.99,2673.95,2673.95,2600.78,1493837,1519648670.00,2.80,2.49,64.92,1.61
2016-12-02,2668.88,2580.54,2668.88,2580.54,1082778,1194080573.00,3.30,-3.49,-93.41,1.16
2016-12-05,2547.44,2538.09,2572.95,2535.82,784143,770601548.00,1.44,-1.65,-42.45,0.84
2016-12-06,2542.49,2545.49,2560.85,2532.80,535400,569279806.00,1.11,0.29,7.40,0.58
2016-12-07,2542.72,2606.89,2610.63,2540.36,1127301,1144025869.00,2.76,2.41,61.40,1.21
2016-12-08,2598.66,2570.52,2607.69,2568.51,757780,796783422.00,1.50,-1.40,-36.37,0.81
2016-12-09,2564.11,2554.57,2591.67,2548.33,638680,722492986.00,1.69,-0.62,-15.95,0.69
2016-12-12,2554.43,2393.25,2559.20,2390.27,873397,871923523.00,6.61,-6.31,-161.32,0.94
2016-12-13,2388.23,2390.66,2411.84,2356.58,731243,745948321.00,2.31,-0.11,-2.59,0.79
2016-12-14,2388.67,2368.78,2399.20,2358.11,501217,497000353.00,1.72,-0.92,-21.88,0.54
2016-12-15,2361.08,2383.68,2407.69,2358.32,431297,416718182.00,2.08,0.63,14.90,0.46
2016-12-16,2387.42,2410.19,2412.97,2387.42,334426,352967896.00,1.07,1.11,26.51,0.36
2016-12-19,2412.69,2395.68,2412.69,2390.00,316017,310324626.00,0.94,-0.60,-14.51,0.34
2016-12-20,2392.29,2400.50,2403.46,2387.07,264493,257573944.00,0.68,0.20,4.82,0.28
2016-12-21,2403.92,2419.92,2423.72,2403.92,295282,292293276.00,0.82,0.81,19.42,0.32
2016-12-22,2452.27,2472.70,2476.19,2451.63,485832,526436821.00,1.01,2.18,52.78,0.52
2016-12-23,2469.35,2422.50,2475.31,2417.92,485427,562170574.00,2.32,-2.03,-50.20,0.52
2016-12-26,2412.88,2428.35,2430.44,2375.35,365912,392481283.00,2.27,0.24,5.85,0.39
2016-12-27,2426.57,2438.82,2459.04,2426.57,262678,341417121.00,1.34,0.43,10.47,0.28
2016-12-28,2469.35,2434.09,2471.76,2431.92,639812,1242698119.00,1.63,-0.19,-4.73,0.69
2016-12-29,2407.76,2399.22,2426.48,2394.03,530391,823485852.00,1.33,-1.43,-34.87,0.57
2016-12-30,2396.08,2394.16,2411.02,2389.15,400569,588295114.00,0.91,-0.21,-5.06,0.43