2002-01-04,5.23,5.18,5.23,5.00,64,108257.70,4.44,0.00,0.00,0.00
2002-01-07,5.15,5.07,5.17,4.95,266,446303.31,4.25,-2.12,-0.11,0.00
2002-01-08,5.05,5.10,5.20,4.87,259,436204.69,6.51,0.59,0.03,0.00
2002-01-09,5.07,5.02,5.11,4.92,234,385088.31,3.73,-1.57,-0.08,0.00
2002-01-10,5.05,4.99,5.05,4.87,215,351751.88,3.59,-0.60,-0.03,0.00
2002-01-11,4.99,4.91,5.08,4.91,468,764949.81,3.41,-1.60,-0.08,0.00
2002-01-14,4.91,4.79,4.91,4.64,321,508570.94,5.50,-2.44,-0.12,0.00
2002-01-15,4.77,4.73,4.77,4.62,73,113885.11,3.13,-1.25,-0.06,0.00
2002-01-16,4.56,4.52,4.65,4.47,135,205296.00,3.81,-4.44,-0.21,0.00
2002-01-17,4.48,4.27,4.51,4.27,45,65325.38,5.31,-5.53,-0.25,0.00
2002-01-18,4.03,4.03,4.12,4.03,550,751788.81,2.11,-5.62,-0.24,0.00
2002-01-21,3.87,3.81,3.87,3.81,105,136224.00,1.49,-5.46,-0.22,0.00
2002-01-22,3.59,3.60,3.68,3.59,189,234062.78,2.36,-5.51,-0.21,0.00
2002-01-23,3.42,3.75,3.75,3.39,146,181369.36,10.00,4.17,0.15,0.00
2002-01-24,3.75,3.80,3.81,3.65,156,199498.30,4.27,1.33,0.05,0.00
2002-01-25,3.85,3.82,3.92,3.78,44,57728.00,3.68,0.53,0.02,0.00
2002-01-28,3.62,3.61,3.80,3.61,220,272657.00,4.97,-5.50,-0.21,0.00
2002-01-29,3.73,3.70,3.73,3.48,95,119211.10,6.93,2.49,0.09,0.00
2002-01-30,3.58,3.72,3.77,3.58,28,35045.00,5.14,0.54,0.02,0.00
2002-01-31,3.74,3.94,3.94,3.73,246,326117.00,5.65,5.91,0.22,0.00
2002-02-01,4.01,4.08,4.13,3.96,188,257182.20,4.31,3.55,0.14,0.00
2002-02-04,3.89,4.21,4.28,3.86,325,462237.97,10.29,3.19,0.13,0.00
2002-02-05,4.28,4.32,4.32,4.19,35,50228.00,3.09,2.61,0.11,0.00
2002-02-06,4.31,4.16,4.34,4.15,89,126490.00,4.40,-3.70,-0.16,0.00
2002-02-07,4.02,4.25,4.33,4.02,111,159783.88,7.45,2.16,0.09,0.00
2002-02-08,4.19,4.27,4.32,4.14,339,479721.59,4.24,0.47,0.02,0.00
2002-02-25,4.30,4.21,4.44,4.18,122,173747.00,6.09,-1.41,-0.06,0.00
2002-02-26,4.23,4.22,4.30,4.18,129,183022.00,2.85,0.24,0.01,0.00
2002-02-27,4.24,4.20,4.28,4.10,263,371846.00,4.27,-0.47,-0.02,0.00
2002-02-28,4.21,4.44,4.44,4.21,1231,1822873.62,5.48,5.71,0.24,0.00
2002-03-01,4.50,4.42,4.64,4.19,715,1048614.62,10.14,-0.45,-0.02,0.00
2002-03-04,4.17,4.67,4.67,4.17,1874,2832653.75,11.31,5.66,0.25,0.00
2002-03-05,4.73,4.93,4.93,4.67,1044,1682075.38,5.57,5.57,0.26,0.00
2002-03-06,5.17,5.20,5.20,5.07,4063,6951435.00,2.64,5.48,0.27,0.00
2002-03-07,5.48,5.49,5.49,4.98,2871,5090147.50,9.81,5.58,0.29,0.00
2002-03-08,5.49,5.33,5.52,5.24,2593,4563827.00,5.10,-2.91,-0.16,0.00
2002-03-11,5.38,5.40,5.43,5.15,1588,2799600.75,5.25,1.31,0.07,0.00
2002-03-12,5.26,5.33,5.45,5.26,1211,2142343.50,3.52,-1.30,-0.07,0.00
2002-03-13,5.08,5.15,5.37,5.08,672,1142499.00,5.44,-3.38,-0.18,0.00
2002-03-14,5.23,5.30,5.34,5.02,331,576503.31,6.21,2.91,0.15,0.00
2002-03-15,5.30,5.25,5.36,5.22,1023,1790853.12,2.64,-0.94,-0.05,0.00
2002-03-18,5.31,5.26,5.34,5.15,998,1715551.00,3.62,0.19,0.01,0.00
2002-03-19,5.17,5.32,5.34,5.17,1306,2276083.00,3.23,1.14,0.06,0.00
2002-03-20,5.38,5.42,5.45,5.17,622,1095010.00,5.26,1.88,0.10,0.00
2002-03-21,5.48,5.64,5.64,5.42,877,1598149.12,4.06,4.06,0.22,0.00
2002-03-22,5.49,5.77,5.77,5.38,2006,3662789.25,6.91,2.30,0.13,0.00
2002-03-25,5.65,5.76,5.81,5.60,994,1864613.12,3.64,-0.17,-0.01,0.00
2002-03-27,5.75,5.55,5.78,5.45,1197,2181168.50,5.73,-3.65,-0.21,0.00
2002-03-28,5.39,5.48,5.49,5.17,1074,1910154.00,5.77,-1.26,-0.07,0.00
2002-03-29,5.32,5.21,5.32,5.21,1003,1739051.00,2.01,-4.93,-0.27,0.00
2002-04-01,5.15,5.33,5.38,4.99,311,532838.06,7.49,2.30,0.12,0.00
2002-04-02,5.37,5.12,5.38,5.05,347,590592.12,6.19,-3.94,-0.21,0.00
2002-04-03,4.99,5.20,5.27,4.99,439,750055.50,5.47,1.56,0.08,0.00
2002-04-04,5.25,5.19,5.25,5.08,357,610802.75,3.27,-0.19,-0.01,0.00
2002-04-05,5.19,5.35,5.43,5.10,498,871012.25,6.36,3.08,0.16,0.00
2002-04-08,5.38,5.36,5.38,5.15,162,279245.00,4.30,0.19,0.01,0.00
2002-04-09,5.35,5.42,5.43,5.20,642,1135273.75,4.29,1.12,0.06,0.00
2002-04-10,5.49,5.43,5.49,5.32,154,272462.50,3.14,0.18,0.01,0.00
2002-04-11,5.33,5.32,5.44,5.32,447,795889.94,2.21,-2.03,-0.11,0.00
2002-04-12,5.32,5.27,5.32,5.26,137,238315.00,1.13,-0.94,-0.05,0.00
2002-04-15,5.38,5.25,5.42,5.25,74,129638.00,3.23,-0.38,-0.02,0.00
2002-04-16,5.16,5.32,5.32,5.16,18,31016.00,3.05,1.33,0.07,0.00
2002-04-17,5.40,5.31,5.40,5.16,28,48647.00,4.51,-0.19,-0.01,0.00
2002-04-18,5.27,5.31,5.40,5.18,42,72497.00,4.14,0.00,0.00,0.00
2002-04-19,5.28,5.24,5.28,5.15,171,294118.09,2.45,-1.32,-0.07,0.00
2002-04-22,5.15,5.09,5.23,5.06,72,123327.80,3.24,-2.86,-0.15,0.00
2002-04-23,5.16,5.25,5.30,5.16,54,93079.00,2.75,3.14,0.16,0.00
2002-04-24,5.28,5.36,5.42,5.14,156,272205.69,5.33,2.10,0.11,0.00
2002-04-26,5.16,5.32,5.37,5.16,132,230360.09,3.92,-0.75,-0.04,0.00
2002-04-29,5.39,5.55,5.58,5.32,309,551873.62,4.89,4.32,0.23,0.00
2002-04-30,5.56,5.55,5.56,5.46,205,371260.59,1.80,0.00,0.00,0.00
2002-05-08,5.42,5.38,5.48,5.28,498,877868.62,3.60,-3.06,-0.17,0.00
2002-05-09,5.38,5.32,5.38,5.30,158,278654.50,1.49,-1.12,-0.06,0.00
2002-05-10,5.42,5.31,5.42,5.17,102,176702.00,4.70,-0.19,-0.01,0.00
2002-05-13,5.20,5.31,5.35,5.20,883,1527598.12,2.82,0.00,0.00,0.00
2002-05-14,5.22,5.24,5.35,5.22,104,180204.91,2.45,-1.32,-0.07,0.00
2002-05-15,5.31,5.28,5.31,5.17,117,201837.59,2.67,0.76,0.04,0.00
2002-05-16,5.31,5.11,5.32,5.10,546,950993.25,4.17,-3.22,-0.17,0.00
2002-05-17,5.22,5.19,5.22,4.99,26,44445.53,4.50,1.57,0.08,0.00
2002-05-20,5.02,5.06,5.19,5.02,360,602565.00,3.28,-2.50,-0.13,0.00
2002-05-21,5.21,5.44,5.47,5.18,1048,1860741.38,5.73,7.51,0.38,0.00
2002-05-22,5.45,5.41,5.45,5.27,98,172058.45,3.31,-0.55,-0.03,0.00
2002-05-23,5.40,5.38,5.40,5.31,85,150788.80,1.66,-0.55,-0.03,0.00
2002-05-24,5.22,5.30,5.32,5.22,187,323555.31,1.86,-1.49,-0.08,0.00
2002-05-27,4.82,5.28,5.35,4.82,251,432083.47,10.00,-0.38,-0.02,0.00
2002-05-28,5.42,5.24,5.42,5.18,101,176049.69,4.55,-0.76,-0.04,0.00
2002-05-29,5.18,5.26,5.26,5.16,40,68295.00,1.91,0.38,0.02,0.00
2002-05-30,5.08,5.21,5.27,4.99,84,142887.70,5.32,-0.95,-0.05,0.00
2002-05-31,5.09,5.12,5.21,5.09,36,61096.41,2.30,-1.73,-0.09,0.00
2002-06-03,5.02,5.02,5.13,5.02,40,66937.00,2.15,-1.95,-0.10,0.00
2002-06-04,5.11,4.98,5.11,4.98,14,23253.00,2.59,-0.80,-0.04,0.00
2002-06-05,4.93,4.95,5.07,4.82,91,147655.00,5.02,-0.60,-0.03,0.00
2002-06-06,4.82,5.12,5.13,4.82,42,68905.00,6.26,3.43,0.17,0.00
2002-06-07,4.88,5.11,5.17,4.88,78,130690.91,5.66,-0.20,-0.01,0.00
2002-06-10,5.13,5.06,5.13,4.96,4,6740.42,3.33,-0.98,-0.05,0.00
2002-06-11,5.06,5.13,5.14,5.06,36,60587.00,1.58,1.38,0.07,0.00
2002-06-12,5.13,5.32,5.68,5.13,224,392814.88,10.72,3.70,0.19,0.00
2002-06-13,5.19,5.20,5.38,5.16,98,167571.05,4.14,-2.26,-0.12,0.00
2002-06-14,5.19,5.10,5.28,5.09,123,210118.00,3.65,-1.92,-0.10,0.00
2002-06-17,5.20,5.19,5.20,4.95,32,54600.00,4.90,1.76,0.09,0.00
2002-06-18,5.09,5.28,5.28,5.09,132,225347.47,3.66,1.73,0.09,0.00
2002-06-19,5.26,5.10,5.26,5.10,70,120567.20,3.03,-3.41,-0.18,0.00
2002-06-20,5.05,5.15,5.20,5.05,68,115198.00,2.94,0.98,0.05,0.00
2002-06-21,5.18,5.29,5.38,5.00,2472,4282212.50,7.38,2.72,0.14,0.00
2002-06-24,5.87,5.80,5.87,5.48,2423,4512925.00,7.37,9.64,0.51,0.00
2002-06-25,5.82,5.44,5.82,5.43,1000,1820832.50,6.72,-6.21,-0.36,0.00
2002-06-26,5.24,5.22,5.45,5.16,573,990291.38,5.33,-4.04,-0.22,0.00
2002-06-27,5.37,5.27,5.37,5.16,128,221287.41,4.02,0.96,0.05,0.00
2002-06-28,4.98,5.18,5.28,4.98,261,445938.66,5.69,-1.71,-0.09,0.00
2002-07-01,5.24,5.17,5.26,5.14,77,132453.00,2.32,-0.19,-0.01,0.00
2002-07-02,5.24,5.19,5.24,5.12,128,218927.59,2.32,0.39,0.02,0.00
2002-07-03,5.48,5.22,5.48,5.12,374,642799.38,6.94,0.58,0.03,0.00
2002-07-04,5.24,5.25,5.34,5.18,342,592834.62,3.07,0.57,0.03,0.00
2002-07-05,5.25,5.22,5.25,5.15,87,148356.00,1.90,-0.57,-0.03,0.00
2002-07-08,5.14,5.28,5.30,5.12,56,96991.00,3.45,1.15,0.06,0.00
2002-07-09,5.22,5.19,5.29,5.18,117,201711.80,2.08,-1.70,-0.09,0.00
2002-07-10,5.16,5.13,5.24,5.02,162,275696.62,4.24,-1.16,-0.06,0.00
2002-07-11,5.05,5.25,5.28,5.05,1913,3291641.75,4.48,2.34,0.12,0.00
2002-07-12,5.25,5.26,5.27,5.25,780,1350968.75,0.38,0.19,0.01,0.00
2002-07-15,5.16,5.24,5.24,5.15,42,72865.00,1.71,-0.38,-0.02,0.00
2002-07-16,5.25,5.16,5.25,5.16,14,24134.00,1.72,-1.53,-0.08,0.00
2002-07-17,5.15,5.15,5.15,5.12,106,179565.00,0.58,-0.19,-0.01,0.00
2002-07-18,5.15,5.21,5.23,5.15,60,102525.00,1.55,1.17,0.06,0.00
2002-07-19,5.15,5.22,5.22,5.15,16,27884.40,1.34,0.19,0.01,0.00
2002-07-22,5.15,5.21,5.23,5.12,671,1144564.00,2.11,-0.19,-0.01,0.00
2002-07-23,5.18,5.22,5.23,4.82,1804,2959033.00,7.87,0.19,0.01,0.00
2002-07-24,5.08,5.08,5.15,5.05,117,196963.48,1.92,-2.68,-0.14,0.00
2002-07-26,5.02,5.15,5.21,4.98,269,450579.12,4.53,1.38,0.07,0.00
2002-07-29,5.00,5.03,5.15,4.82,176,291742.41,6.41,-2.33,-0.12,0.00
2002-07-30,5.11,5.08,5.11,5.02,122,206382.16,1.79,0.99,0.05,0.00
2002-07-31,4.98,5.09,5.10,4.98,932,1559735.25,2.36,0.20,0.01,0.00
2002-08-01,4.92,5.05,5.07,4.92,353,585484.06,2.95,-0.79,-0.04,0.00
2002-08-02,5.00,5.06,5.07,4.99,517,860788.56,1.58,0.20,0.01,0.00
2002-08-05,5.05,4.98,5.08,4.93,1904,3146497.00,2.96,-1.58,-0.08,0.00
2002-08-06,4.98,5.15,5.20,4.97,1795,3009700.50,4.62,3.41,0.17,0.00
2002-08-07,5.05,5.12,5.15,5.04,808,1362987.00,2.14,-0.58,-0.03,0.00
2002-08-08,5.12,5.30,5.36,5.10,2182,3711333.25,5.08,3.52,0.18,0.00
2002-08-09,5.24,5.71,5.87,5.21,1809,3311778.75,12.45,7.74,0.41,0.00
2002-08-12,5.72,6.08,6.13,5.68,6403,12510739.00,7.88,6.48,0.37,0.00
2002-08-13,6.15,6.08,6.18,6.01,5099,10070142.00,2.80,0.00,0.00,0.00
2002-08-14,6.11,5.88,6.11,5.80,3896,7499016.50,5.10,-3.29,-0.20,0.00
2002-08-15,5.78,5.68,5.80,5.55,3180,5888070.50,4.25,-3.40,-0.20,0.00
2002-08-16,5.64,5.70,5.85,5.57,3092,5787812.50,4.93,0.35,0.02,0.00
2002-08-19,5.68,5.57,5.68,5.49,2951,5361192.50,3.33,-2.28,-0.13,0.00
2002-08-20,5.52,5.57,5.64,5.48,2997,5460181.00,2.87,0.00,0.00,0.00
2002-08-21,5.50,5.60,5.60,5.50,2197,4005803.50,1.80,0.54,0.03,0.00
2002-08-22,5.56,5.90,5.95,5.56,3723,6985712.00,6.96,5.36,0.30,0.00
2002-08-23,5.90,5.93,6.02,5.77,2310,4445260.00,4.24,0.51,0.03,0.00
2002-08-26,5.95,5.88,6.08,5.87,2219,4316184.00,3.54,-0.84,-0.05,0.00
2002-08-27,5.87,5.78,5.87,5.68,2677,5047783.50,3.23,-1.70,-0.10,0.00
2002-08-28,5.73,5.68,5.80,5.68,1060,1994399.00,2.08,-1.73,-0.10,0.00
2002-08-29,5.59,5.60,5.74,5.57,1195,2195133.00,2.99,-1.41,-0.08,0.00
2002-08-30,5.50,5.62,5.65,5.50,871,1586804.38,2.68,0.36,0.02,0.00
2002-09-02,5.63,5.69,5.80,5.63,1028,1907723.25,3.02,1.25,0.07,0.00
2002-09-03,5.69,5.60,5.71,5.59,800,1479141.38,2.11,-1.58,-0.09,0.00
2002-09-04,5.74,5.66,5.74,5.61,824,1524417.12,2.32,1.07,0.06,0.00
2002-09-05,5.57,5.54,5.70,5.52,978,1791978.00,3.18,-2.12,-0.12,0.00
2002-09-06,5.52,5.53,5.63,5.52,891,1627789.75,1.99,-0.18,-0.01,0.00
2002-09-09,5.45,5.38,5.47,5.32,1165,2071981.00,2.71,-2.71,-0.15,0.00
2002-09-10,5.31,5.23,5.32,5.22,469,815570.69,1.86,-2.79,-0.15,0.00
2002-09-11,5.22,5.21,5.28,5.16,309,529378.00,2.29,-0.38,-0.02,0.00
2002-09-12,5.19,5.31,5.32,5.19,474,825561.50,2.50,1.92,0.10,0.00
2002-09-13,5.26,5.31,5.32,5.26,435,755234.00,1.13,0.00,0.00,0.00
2002-09-16,5.32,5.28,5.32,5.17,370,638430.38,2.82,-0.56,-0.03,0.00
2002-09-17,5.28,5.21,5.28,5.19,336,578198.50,1.70,-1.33,-0.07,0.00
2002-09-18,5.23,5.20,5.24,5.07,353,600541.44,3.26,-0.19,-0.01,0.00
2002-09-19,5.26,5.24,5.26,5.17,855,1466026.38,1.73,0.77,0.04,0.00
2002-09-20,5.28,5.29,5.30,5.18,984,1705262.00,2.29,0.95,0.05,0.00
2002-09-23,5.19,5.30,5.31,5.19,1711,2959618.00,2.27,0.19,0.01,0.00
2002-09-24,5.26,5.27,5.32,5.23,1402,2440327.25,1.70,-0.57,-0.03,0.00
2002-09-25,5.23,5.20,5.25,5.19,670,1151794.75,1.14,-1.33,-0.07,0.00
2002-09-26,5.19,5.04,5.19,5.02,613,1034810.00,3.27,-3.08,-0.16,0.00
2002-09-27,5.05,5.06,5.11,4.98,379,631564.00,2.58,0.40,0.02,0.00
2002-10-08,4.98,5.00,5.14,4.98,194,324544.75,3.16,-1.19,-0.06,0.00
2002-10-09,4.91,4.98,5.03,4.89,305,503322.91,2.80,-0.40,-0.02,0.00
2002-10-10,4.92,5.03,5.07,4.92,1464,2413335.00,3.01,1.00,0.05,0.00
2002-10-11,5.02,5.05,5.06,4.98,1399,2325480.25,1.59,0.40,0.02,0.00
2002-10-14,4.98,5.05,5.06,4.98,484,803886.00,1.58,0.00,0.00,0.00
2002-10-15,4.97,4.99,5.05,4.95,368,608760.50,1.98,-1.19,-0.06,0.00
2002-10-16,4.99,4.97,5.02,4.92,355,587035.56,2.00,-0.40,-0.02,0.00
2002-10-17,5.05,4.98,5.07,4.93,1522,2511050.75,2.82,0.20,0.01,0.00
2002-10-18,4.92,5.00,5.01,4.86,1680,2762501.50,3.01,0.40,0.02,0.00
2002-10-21,4.95,5.00,5.00,4.91,1230,2020876.50,1.80,0.00,0.00,0.00
2002-10-22,4.92,5.01,5.02,4.88,281,460357.50,2.80,0.20,0.01,0.00
2002-10-23,5.15,5.18,5.34,5.15,1517,2615998.00,3.79,3.39,0.17,0.00
2002-10-24,5.05,5.05,5.25,5.02,1096,1845688.00,4.44,-2.51,-0.13,0.00
2002-10-25,5.12,5.06,5.18,5.05,298,501219.00,2.57,0.20,0.01,0.00
2002-10-28,5.00,4.93,5.02,4.87,144,237992.50,2.96,-2.57,-0.13,0.00
2002-10-29,4.92,4.98,5.02,4.86,271,441172.00,3.25,1.01,0.05,0.00
2002-10-30,4.98,4.95,5.13,4.91,230,379603.06,4.42,-0.60,-0.03,0.00
2002-10-31,4.89,5.10,5.25,4.89,1789,2971552.50,7.27,3.03,0.15,0.00
2002-11-01,4.99,5.02,5.08,4.99,1009,1674903.00,1.76,-1.57,-0.08,0.00
2002-11-04,5.07,5.06,5.07,4.97,207,342523.53,1.99,0.80,0.04,0.00
2002-11-05,5.06,5.16,5.17,4.92,446,748821.75,4.94,1.98,0.10,0.00
2002-11-06,5.12,5.13,5.14,5.04,1550,2600452.50,1.94,-0.58,-0.03,0.00
2002-11-07,5.06,5.11,5.12,5.06,1545,2604149.75,1.17,-0.39,-0.02,0.00
2002-11-08,5.32,5.11,5.32,4.99,658,1128065.62,6.46,0.00,0.00,0.00
2002-11-11,4.94,5.10,5.12,4.94,1600,2682461.25,3.52,-0.20,-0.01,0.00
2002-11-12,5.20,5.02,5.21,5.00,1572,2623208.50,4.12,-1.57,-0.08,0.00
2002-11-13,5.10,5.03,5.10,4.75,1601,2622404.00,6.97,0.20,0.01,0.00
2002-11-14,4.95,4.92,4.96,4.88,2091,3422610.50,1.59,-2.19,-0.11,0.00
2002-11-15,4.87,4.93,4.95,4.83,2339,3812024.75,2.44,0.20,0.01,0.00
2002-11-18,4.88,4.76,4.90,4.66,1060,1690666.62,4.87,-3.45,-0.17,0.00
2002-11-19,4.68,4.81,4.81,4.59,1205,1879277.88,4.62,1.05,0.05,0.00
2002-11-20,4.75,4.68,4.75,4.59,309,486415.03,3.33,-2.70,-0.13,0.00
2002-11-21,4.64,4.58,4.67,4.53,404,625522.00,2.99,-2.14,-0.10,0.00
2002-11-22,4.55,4.64,4.65,4.42,730,1117812.25,5.02,1.31,0.06,0.00
2002-11-25,4.58,4.75,4.93,4.52,1582,2468893.75,8.84,2.37,0.11,0.00
2002-11-26,4.70,4.68,4.76,4.68,932,1465636.00,1.68,-1.47,-0.07,0.00
2002-11-27,4.64,4.63,4.74,4.60,1714,2671590.75,2.99,-1.07,-0.05,0.00
2002-11-28,4.63,4.73,4.74,4.58,2392,3713506.50,3.46,2.16,0.10,0.00
2002-11-29,4.62,4.81,4.86,4.62,3065,4858194.00,5.07,1.69,0.08,0.00
2002-12-02,4.78,4.71,4.78,4.71,1082,1707651.00,1.46,-2.08,-0.10,0.00
2002-12-03,4.69,4.68,4.70,4.65,1768,2755856.00,1.06,-0.64,-0.03,0.00
2002-12-04,4.66,4.81,4.82,4.66,3566,5617257.00,3.42,2.78,0.13,0.00
2002-12-05,4.78,4.92,4.92,4.76,7632,12276174.00,3.33,2.29,0.11,0.00
2002-12-06,4.87,4.91,5.01,4.86,5807,9537392.00,3.05,-0.20,-0.01,0.00
2002-12-09,4.88,4.82,4.93,4.78,1132,1830787.00,3.05,-1.83,-0.09,0.00
2002-12-10,4.77,4.87,4.88,4.76,6542,10429055.00,2.49,1.04,0.05,0.00
2002-12-11,4.80,4.86,4.89,4.80,2754,4431334.00,1.85,-0.21,-0.01,0.00
2002-12-12,4.86,4.82,4.88,4.82,1504,2426666.00,1.23,-0.82,-0.04,0.00
2002-12-13,4.78,4.72,4.86,4.67,1530,2417558.00,3.94,-2.07,-0.10,0.00
2002-12-16,4.66,4.71,4.75,4.65,1434,2251146.50,2.12,-0.21,-0.01,0.00
2002-12-17,4.68,4.73,4.76,4.65,1741,2720373.75,2.34,0.42,0.02,0.00
2002-12-18,4.68,4.78,4.78,4.68,1768,2787986.00,2.11,1.06,0.05,0.00
2002-12-19,4.72,4.80,4.83,4.72,1522,2411402.75,2.30,0.42,0.02,0.00
2002-12-20,4.75,4.85,4.87,4.75,1542,2475808.50,2.50,1.04,0.05,0.00
2002-12-23,4.82,4.84,4.98,4.82,1526,2464755.25,3.30,-0.21,-0.01,0.00
2002-12-24,4.82,4.78,4.82,4.78,1905,3038538.75,0.83,-1.24,-0.06,0.00
2002-12-25,4.75,4.76,4.78,4.67,2469,3904274.00,2.30,-0.42,-0.02,0.00
2002-12-26,4.73,4.69,4.73,4.69,1713,2688416.75,0.84,-1.47,-0.07,0.00
2002-12-27,4.64,4.78,4.84,4.64,2503,3936709.00,4.26,1.92,0.09,0.00
2002-12-30,4.77,4.80,4.87,4.72,2783,4412426.00,3.14,0.42,0.02,0.00
2002-12-31,4.78,4.72,4.81,4.72,1685,2678118.75,1.88,-1.67,-0.08,0.00