MjAyMi0wMS0wNCwxNi40MCwxNS4zOCwxNi43NiwxNS4yNiw0MjU1MzYsNjcxMzM4ODk2LjAwLDkuMzAsLTQuNjUsLTAuNzUsNC4yNw==
2022-01-05,15.19,14.32,15.43,14.10,422773,618080016.00,8.65,-6.89,-1.06,4.24
2022-01-06,14.10,14.37,14.45,14.03,198167,284288416.00,2.93,0.35,0.05,1.99
2022-01-07,14.20,13.80,14.45,13.78,278942,392656112.00,4.66,-3.97,-0.57,2.80
2022-01-10,13.70,13.57,13.87,13.42,245866,337327056.00,3.26,-1.67,-0.23,2.47
2022-01-11,13.57,13.71,13.83,13.53,195968,270062224.00,2.21,1.03,0.14,1.97
2022-01-12,13.89,14.03,14.17,13.74,191495,269945728.00,3.14,2.33,0.32,1.92
2022-01-13,14.18,13.79,14.26,13.71,165556,231637907.00,3.92,-1.71,-0.24,1.66
2022-01-14,13.73,14.02,14.18,13.71,186020,262471039.00,3.41,1.67,0.23,1.87
2022-01-17,14.00,14.31,14.45,13.80,199933,284262480.00,4.64,2.07,0.29,2.01
2022-01-18,14.35,14.23,14.87,14.16,226710,331196064.00,4.96,-0.56,-0.08,2.27
2022-01-19,13.93,13.85,14.15,13.64,176140,245675334.00,3.58,-2.67,-0.38,1.77
2022-01-20,13.93,13.34,13.93,13.29,203184,276151824.00,4.62,-3.68,-0.51,2.04
2022-01-21,13.29,13.32,13.50,13.12,164411,219946863.00,2.85,-0.15,-0.02,1.65
2022-01-24,13.43,13.57,13.89,13.16,178835,243485813.00,5.48,1.88,0.25,1.79
2022-01-25,13.49,13.29,13.70,13.26,185036,251263280.00,3.24,-2.06,-0.28,1.86
2022-01-26,13.24,13.79,13.86,13.24,202619,279172928.00,4.67,3.76,0.50,2.03
2022-01-27,13.72,13.37,13.86,13.33,167849,229011940.00,3.84,-3.05,-0.42,1.68
2022-01-28,13.35,13.20,13.58,12.52,260803,343999136.00,7.93,-1.27,-0.17,2.62
2022-02-07,13.40,13.03,13.72,12.87,186260,247979792.00,6.44,-1.29,-0.17,1.87
2022-02-08,13.05,12.58,13.09,12.40,196455,249849466.00,5.30,-3.45,-0.45,1.97
2022-02-09,12.60,13.04,13.17,12.49,296149,386302080.00,5.41,3.66,0.46,2.97
2022-02-10,13.11,12.27,13.19,12.16,338773,424351744.00,7.90,-5.90,-0.77,3.40
2022-02-11,12.22,12.23,12.41,12.03,181762,224383748.00,3.10,-0.33,-0.04,1.82
2022-02-14,12.12,11.93,12.33,11.88,141736,172674568.00,3.68,-2.45,-0.30,1.42
2022-02-15,12.03,12.56,12.65,11.95,223598,280284624.00,5.87,5.28,0.63,2.24
2022-02-16,12.62,13.30,13.60,12.50,286079,378188800.00,8.76,5.89,0.74,2.87
2022-02-17,13.30,13.40,13.56,13.01,217274,290951376.00,4.14,0.75,0.10,2.18
2022-02-18,13.39,13.63,13.68,13.20,160145,217729088.00,3.58,1.72,0.23,1.61
2022-02-21,13.58,13.55,13.84,13.41,123266,168250670.00,3.15,-0.59,-0.08,1.24
2022-02-22,13.42,13.26,13.51,13.09,136610,181893567.00,3.10,-2.14,-0.29,1.37
2022-02-23,13.33,13.96,14.02,13.33,227821,316737760.00,5.20,5.28,0.70,2.29
2022-02-24,13.92,13.55,14.05,13.19,224172,308411264.00,6.16,-2.94,-0.41,2.25
2022-02-25,13.69,13.61,13.89,13.53,143428,197850090.00,2.66,0.44,0.06,1.44
2022-02-28,13.68,13.71,13.75,13.35,117037,160302993.00,2.94,0.73,0.10,1.17
2022-03-01,13.72,13.88,14.30,13.72,188913,266409760.00,4.23,1.24,0.17,1.90
2022-03-02,13.95,13.90,13.96,13.64,108885,151329002.00,2.31,0.14,0.02,1.09
2022-03-03,13.89,13.36,13.94,13.28,197994,268179932.00,4.75,-3.88,-0.54,1.99
2022-03-04,13.20,12.65,13.37,12.60,247577,322747904.00,5.76,-5.31,-0.71,2.48
2022-03-07,12.90,12.67,12.90,12.38,146891,186083504.00,4.11,0.16,0.02,1.47
2022-03-08,12.67,11.83,12.78,11.67,318556,385623872.00,8.76,-6.63,-0.84,3.20
2022-03-09,11.80,11.54,11.97,11.03,219950,255937620.00,7.95,-2.45,-0.29,2.21
2022-03-10,11.88,12.19,12.47,11.88,262098,320670128.00,5.11,5.63,0.65,2.63
2022-03-11,12.08,12.01,12.12,11.61,180060,215750653.00,4.18,-1.48,-0.18,1.81
2022-03-14,11.80,11.66,11.93,11.61,158852,187976091.00,2.66,-2.91,-0.35,1.59
2022-03-15,11.49,10.99,11.71,10.99,187057,213893000.00,6.17,-5.75,-0.67,1.88
2022-03-16,11.20,11.73,11.77,10.82,217170,248507286.00,8.64,6.73,0.74,2.18
2022-03-17,11.87,11.65,12.03,11.63,185901,221864837.00,3.41,-0.68,-0.08,1.87
2022-03-18,11.54,11.54,11.75,11.44,129161,150824526.00,2.66,-0.94,-0.11,1.30
2022-03-21,11.57,11.73,11.98,11.52,129300,153407435.00,3.99,1.65,0.19,1.30
2022-03-22,11.73,11.52,11.75,11.42,119313,138753114.00,2.81,-1.79,-0.21,1.20
2022-03-23,11.64,11.98,11.98,11.52,181867,216992149.00,3.99,3.99,0.46,1.82
2022-03-24,11.89,11.65,11.89,11.51,151916,178337462.00,3.17,-2.75,-0.33,1.52
2022-03-25,11.67,11.35,11.80,11.30,131830,152954955.00,4.29,-2.58,-0.30,1.32
2022-03-28,11.23,11.17,11.40,10.99,145471,163855843.00,3.61,-1.59,-0.18,1.46
2022-03-29,11.36,11.23,11.38,11.08,106853,120988143.00,2.69,0.54,0.06,1.07
2022-03-30,11.25,11.59,11.61,11.25,132374,153147844.00,3.21,3.21,0.36,1.33
2022-03-31,11.47,11.46,11.74,11.41,110908,129070070.00,2.85,-1.12,-0.13,1.11
2022-04-01,11.40,11.29,11.41,11.25,83700,95553386.00,1.40,-1.48,-0.17,0.84
2022-04-06,11.20,11.00,11.25,10.90,142946,158446518.00,3.10,-2.57,-0.29,1.43
2022-04-07,10.82,10.50,10.92,10.47,170397,183155904.00,4.09,-4.55,-0.50,1.71
2022-04-08,10.63,10.28,10.65,10.24,157141,164847656.00,3.90,-2.10,-0.22,1.58
2022-04-11,10.21,9.85,10.38,9.80,175162,176261000.00,5.64,-4.18,-0.43,1.76
2022-04-12,9.86,9.99,10.00,9.71,155714,155697537.00,2.94,1.42,0.14,1.56
2022-04-13,9.94,9.63,9.96,9.60,145046,142312855.00,3.60,-3.60,-0.36,1.46
2022-04-14,9.74,9.68,9.84,9.50,145578,142438579.00,3.53,0.52,0.05,1.46
2022-04-15,9.66,9.38,9.66,9.25,198896,189363777.00,4.24,-3.10,-0.30,2.00
2022-04-18,9.33,9.64,9.70,9.21,173806,166988016.00,5.22,2.77,0.26,1.74
2022-04-19,9.67,9.59,9.87,9.49,126791,123719485.00,3.94,-0.52,-0.05,1.27
2022-04-20,9.62,9.30,9.69,9.17,147975,140372763.00,5.42,-3.02,-0.29,1.48
2022-04-21,9.18,8.85,9.32,8.80,161124,147379848.00,5.59,-4.84,-0.45,1.62
2022-04-22,8.82,8.63,8.97,8.55,171508,150976711.00,4.75,-2.49,-0.22,1.72
2022-04-25,8.50,7.76,8.54,7.76,311257,253011134.00,9.04,-10.08,-0.87,3.12
2022-04-26,7.64,7.20,7.74,7.15,282167,211420090.00,7.60,-7.22,-0.56,2.83
2022-04-27,7.09,7.85,7.90,7.09,303918,228815579.00,11.25,9.03,0.65,3.05
2022-04-28,7.75,7.82,8.10,7.72,222918,176511176.00,4.84,-0.38,-0.03,2.24
2022-04-29,7.89,8.29,8.31,7.88,216687,176008105.00,5.50,6.01,0.47,2.17
2022-05-05,8.20,8.57,8.77,8.13,234400,202003164.00,7.72,3.38,0.28,2.35
2022-05-06,8.29,8.39,8.51,8.28,149552,126395592.00,2.68,-2.10,-0.18,1.50
2022-05-09,8.18,8.43,8.59,8.18,120466,102432979.00,4.89,0.48,0.04,1.21
2022-05-10,8.28,8.72,8.73,8.28,168968,146410671.00,5.34,3.44,0.29,1.70
2022-05-11,8.70,8.86,9.16,8.70,217283,196828469.00,5.28,1.61,0.14,2.18
2022-05-12,8.80,8.81,8.98,8.67,148321,131455586.00,3.50,-0.56,-0.05,1.49
2022-05-13,8.86,8.79,8.93,8.69,143900,127212053.00,2.72,-0.23,-0.02,1.44
2022-05-16,8.85,8.79,9.02,8.73,137900,122821221.00,3.30,0.00,0.00,1.38
2022-05-17,8.75,9.00,9.01,8.66,167070,148734127.00,3.98,2.39,0.21,1.68
2022-05-18,9.00,9.07,9.22,8.94,140197,127738503.00,3.11,0.78,0.07,1.41
2022-05-19,8.93,9.28,9.43,8.90,214841,197828183.00,5.84,2.32,0.21,2.16
2022-05-20,9.37,9.83,9.90,9.28,341829,330847920.00,6.68,5.93,0.55,3.43
2022-05-23,9.90,9.94,10.00,9.70,279996,277352816.00,3.05,1.12,0.11,2.81
2022-05-24,9.92,9.49,10.16,9.49,293908,290794928.00,6.74,-4.53,-0.45,2.95
2022-05-25,9.56,9.65,9.69,9.32,196065,187675440.00,3.90,1.69,0.16,1.97
2022-05-26,9.75,9.55,9.78,9.29,183402,175657312.00,5.08,-1.04,-0.10,1.84
2022-05-27,9.63,9.36,9.69,9.24,150898,143388877.00,4.71,-1.99,-0.19,1.51
2022-05-30,9.39,9.47,9.49,9.18,165818,155652831.00,3.31,1.18,0.11,1.66
2022-05-31,9.49,9.73,9.75,9.19,231256,221027212.00,5.91,2.75,0.26,2.32
2022-06-01,9.60,9.60,9.82,9.54,157628,153025647.00,2.88,-1.34,-0.13,1.58
2022-06-02,9.56,9.96,9.98,9.52,307069,303995440.00,4.79,3.75,0.36,3.08
2022-06-06,10.00,10.13,10.24,9.83,332591,335818304.00,4.12,1.71,0.17,3.34
2022-06-07,10.14,10.11,10.29,9.97,238760,242665135.00,3.16,-0.20,-0.02,2.40
2022-06-08,10.09,9.98,10.16,9.70,302295,300740640.00,4.55,-1.29,-0.13,3.03
2022-06-09,9.88,9.62,9.96,9.57,178003,173940625.00,3.91,-3.61,-0.36,1.79
2022-06-10,9.61,10.59,10.59,9.58,409114,421969808.00,10.50,10.08,0.97,4.11
2022-06-13,10.93,10.63,11.11,10.41,684878,735871792.00,6.61,0.38,0.04,6.87
2022-06-14,10.55,10.62,10.64,10.25,426322,447538576.00,3.67,-0.09,-0.01,4.28
2022-06-15,10.69,10.95,11.35,10.64,702945,779931040.00,6.69,3.11,0.33,7.05
2022-06-16,10.90,11.01,11.08,10.80,444154,488017680.00,2.56,0.55,0.06,4.46
2022-06-17,11.07,11.61,11.72,10.96,702048,807209952.00,6.90,5.45,0.60,7.04
2022-06-20,11.76,11.83,12.17,11.70,666987,799176416.00,4.05,1.89,0.22,6.69
2022-06-21,11.72,11.50,11.92,11.28,448690,520512656.00,5.41,-2.79,-0.33,4.50
2022-06-22,11.45,11.26,11.74,11.26,376435,434225952.00,4.17,-2.09,-0.24,3.78
2022-06-23,11.33,12.14,12.17,11.28,567271,673785840.00,7.90,7.82,0.88,5.69
2022-06-24,12.05,12.35,12.69,11.99,509007,634591504.00,5.77,1.73,0.21,5.11
2022-06-27,12.63,12.92,13.09,12.37,570099,728313120.00,5.83,4.62,0.57,5.72
2022-06-28,12.82,13.18,13.42,12.63,528003,692732624.00,6.11,2.01,0.26,5.30
2022-06-29,12.93,11.86,12.97,11.86,818816,1008797744.00,8.42,-10.02,-1.32,8.22
2022-06-30,11.86,11.86,12.08,11.55,492917,585762224.00,4.47,0.00,0.00,4.95
2022-07-01,11.81,11.61,12.00,11.54,312918,368078688.00,3.88,-2.11,-0.25,3.14
2022-07-04,11.60,12.38,12.47,11.28,557949,672390448.00,10.25,6.63,0.77,5.60
2022-07-05,12.38,12.86,12.98,12.18,699109,885041936.00,6.46,3.88,0.48,7.02
2022-07-06,12.90,12.95,13.40,12.76,687489,901707600.00,4.98,0.70,0.09,6.90
2022-07-07,12.81,13.26,13.42,12.77,541619,718597696.00,5.02,2.39,0.31,5.43
2022-07-08,13.28,12.39,13.34,12.33,581562,738071904.00,7.62,-6.56,-0.87,5.84
2022-07-11,12.30,12.08,12.55,11.87,357615,434620224.00,5.49,-2.50,-0.31,3.59
2022-07-12,12.10,12.08,12.49,11.90,377539,461076234.00,4.88,0.00,0.00,3.79
2022-07-13,12.16,12.24,12.50,11.97,325497,402076170.00,4.39,1.32,0.16,3.27
2022-07-14,12.06,12.55,12.71,12.01,360046,450465050.00,5.72,2.53,0.31,3.61
2022-07-15,12.45,11.85,12.79,11.73,582279,702076412.00,8.45,-5.58,-0.70,5.84
2022-07-18,11.79,12.85,12.85,11.70,568980,704243826.00,9.70,8.44,1.00,5.71
2022-07-19,12.66,13.01,13.14,12.58,476209,616964846.00,4.36,1.25,0.16,4.78
2022-07-20,13.10,12.83,13.20,12.70,326417,421454486.00,3.84,-1.38,-0.18,3.28
2022-07-21,12.83,13.64,13.77,12.71,909103,1231637032.00,8.26,6.31,0.81,9.12
2022-07-22,13.55,13.71,14.09,13.46,644511,887889403.00,4.62,0.51,0.07,6.47
2022-07-25,13.60,13.32,14.35,13.10,592680,813567041.00,9.12,-2.84,-0.39,5.95
2022-07-26,13.34,13.33,13.61,13.02,334851,447779426.00,4.43,0.08,0.01,3.36
2022-07-27,13.22,13.97,14.13,13.09,495620,684170626.00,7.80,4.80,0.64,4.97
2022-07-28,14.00,14.57,14.63,13.97,650848,939905109.00,4.72,4.29,0.60,6.53
2022-07-29,14.45,14.00,14.52,13.95,461595,656395173.00,3.91,-3.91,-0.57,4.63
2022-08-01,13.95,14.30,14.35,13.69,386998,547347427.00,4.71,2.14,0.30,3.88
2022-08-02,13.87,13.57,13.95,13.27,408641,560367864.00,4.76,-5.10,-0.73,4.10
2022-08-03,13.65,13.27,14.10,13.13,431845,593716240.00,7.15,-2.21,-0.30,4.33
2022-08-04,13.40,13.15,13.46,12.65,391641,511672493.00,6.10,-0.90,-0.12,3.93
2022-08-05,13.26,14.15,14.16,13.06,463587,633521817.00,8.37,7.60,1.00,4.65
2022-08-08,14.03,14.11,14.22,13.80,314011,441128780.00,2.97,-0.28,-0.04,3.15
2022-08-09,14.02,14.56,14.92,14.00,452672,664065139.00,6.52,3.19,0.45,4.54
2022-08-10,14.62,14.28,14.73,14.15,297917,428976299.00,3.98,-1.92,-0.28,2.99
2022-08-11,14.33,14.19,14.41,13.95,284284,403912203.00,3.22,-0.63,-0.09,2.85
2022-08-12,14.20,14.12,14.45,13.98,224522,319896273.00,3.31,-0.49,-0.07,2.25
2022-08-15,14.40,15.03,15.40,14.39,636658,954698198.00,7.15,6.44,0.91,6.39
2022-08-16,15.09,15.12,15.15,14.74,293103,440094075.00,2.73,0.60,0.09,2.94
2022-08-17,15.07,15.18,15.85,14.95,455945,706452661.00,5.95,0.40,0.06,4.58
2022-08-18,15.10,15.61,15.70,15.06,344310,533629509.00,4.22,2.83,0.43,3.45
2022-08-19,15.45,14.58,15.54,14.43,536880,801864100.00,7.11,-6.60,-1.03,5.39
2022-08-22,14.58,14.57,14.75,14.16,351964,509529877.00,4.05,-0.07,-0.01,3.53
2022-08-23,14.54,14.78,14.94,14.46,247699,366479337.00,3.29,1.44,0.21,2.49
2022-08-24,14.78,13.31,14.82,13.30,572550,789199332.00,10.28,-9.95,-1.47,5.75
2022-08-25,13.33,13.44,13.73,13.21,266973,359716629.00,3.91,0.98,0.13,2.68
2022-08-26,13.50,13.33,13.95,13.25,270612,369239732.00,5.21,-0.82,-0.11,2.72
2022-08-29,13.05,13.54,13.77,12.94,222711,300781536.00,6.23,1.58,0.21,2.23
2022-08-30,13.55,12.92,13.55,12.80,316923,416106532.00,5.54,-4.58,-0.62,3.18
2022-08-31,12.93,11.89,12.94,11.75,523049,635419318.00,9.21,-7.97,-1.03,5.25
2022-09-01,11.84,11.66,12.08,11.63,262646,310862055.00,3.78,-1.93,-0.23,2.64
2022-09-02,11.74,11.80,11.98,11.60,241764,285802533.00,3.26,1.20,0.14,2.43
2022-09-05,11.75,11.88,12.12,11.67,224047,268626291.00,3.81,0.68,0.08,2.25
2022-09-06,11.94,12.29,12.32,11.75,274104,331610704.00,4.80,3.45,0.41,2.75
2022-09-07,12.15,12.50,12.56,12.13,263562,328139092.00,3.50,1.71,0.21,2.64
2022-09-08,12.45,12.32,12.76,12.31,204965,257250499.00,3.60,-1.44,-0.18,2.06
2022-09-09,12.39,12.36,12.42,11.96,175025,214600891.00,3.73,0.32,0.04,1.76
2022-09-13,12.36,12.35,12.50,12.13,123760,152906651.00,2.99,-0.08,-0.01,1.24
2022-09-14,12.13,12.07,12.31,12.02,137235,167005817.00,2.35,-2.27,-0.28,1.38
2022-09-15,12.14,11.60,12.17,11.30,316766,368010513.00,7.21,-3.89,-0.47,3.18
2022-09-16,11.55,11.36,11.69,11.35,161836,187180847.00,2.93,-2.07,-0.24,1.62
2022-09-19,11.30,11.19,11.67,11.11,165178,188656973.00,4.93,-1.50,-0.17,1.66
2022-09-20,11.32,11.54,11.70,11.31,177634,206355800.00,3.49,3.13,0.35,1.78
2022-09-21,11.59,11.61,11.69,11.37,133032,154453201.00,2.77,0.61,0.07,1.33
2022-09-22,11.54,11.68,11.79,11.46,134010,157108259.00,2.84,0.60,0.07,1.34
2022-09-23,11.66,11.35,11.77,11.15,147759,169443566.00,5.31,-2.83,-0.33,1.48
2022-09-26,11.21,11.37,11.49,11.12,123280,140474190.00,3.26,0.18,0.02,1.24
2022-09-27,11.42,11.40,11.57,11.12,164293,186347628.00,3.96,0.26,0.03,1.65
2022-09-28,11.37,10.83,11.39,10.81,158581,175225476.00,5.09,-5.00,-0.57,1.59
2022-09-29,10.87,10.99,11.07,10.85,133476,146932121.00,2.03,1.48,0.16,1.34
2022-09-30,10.87,10.53,11.04,10.52,125050,134564011.00,4.73,-4.19,-0.46,1.25
2022-10-10,10.60,10.24,10.65,10.19,135665,141632341.00,4.37,-2.75,-0.29,1.36
2022-10-11,10.27,10.42,10.50,10.23,110323,115109936.00,2.64,1.76,0.18,1.11
2022-10-12,10.42,10.90,10.94,10.16,173922,183809858.00,7.49,4.61,0.48,1.75
2022-10-13,10.83,11.07,11.28,10.77,194214,216769760.00,4.68,1.56,0.17,1.95
2022-10-14,11.17,11.47,11.56,11.06,197292,224094084.00,4.52,3.61,0.40,1.98
2022-10-17,11.38,11.81,11.81,11.33,220503,256750900.00,4.18,2.96,0.34,2.21
2022-10-18,12.00,11.98,12.27,11.73,438631,529515608.00,4.57,1.44,0.17,4.40
2022-10-19,11.92,12.29,12.63,11.87,399119,496233135.00,6.34,2.59,0.31,4.00
2022-10-20,12.30,12.42,12.67,11.99,296008,366674191.00,5.53,1.06,0.13,2.97
2022-10-21,12.38,12.44,12.69,12.31,212376,266118620.00,3.06,0.16,0.02,2.13
2022-10-24,12.49,12.49,12.79,12.35,295036,373080713.00,3.54,0.40,0.05,2.96
2022-10-25,12.47,12.59,12.70,11.96,309238,387163659.00,5.92,0.80,0.10,3.10
2022-10-26,12.59,13.15,13.19,12.37,439980,568947355.00,6.51,4.45,0.56,4.41
2022-10-27,13.05,12.87,13.23,12.81,339696,442386548.00,3.19,-2.13,-0.28,3.41
2022-10-28,12.78,12.28,13.02,12.17,363944,459570286.00,6.60,-4.58,-0.59,3.65
2022-10-31,12.23,12.29,12.63,12.11,270336,335838522.00,4.23,0.08,0.01,2.71
2022-11-01,12.25,12.66,12.72,12.20,294422,370752499.00,4.23,3.01,0.37,2.95
2022-11-02,12.59,12.20,12.68,12.14,483013,600670009.00,4.27,-3.63,-0.46,4.85
2022-11-03,12.04,12.32,12.51,11.96,358158,442583101.00,4.51,0.98,0.12,3.59
2022-11-04,12.35,12.58,12.61,12.27,367349,460100377.00,2.76,2.11,0.26,3.69
2022-11-07,12.62,12.59,12.83,12.46,354685,448967660.00,2.94,0.08,0.01,3.56
2022-11-08,12.62,12.37,12.67,12.23,245904,305288874.00,3.49,-1.75,-0.22,2.47
2022-11-09,12.35,12.20,12.37,12.12,186989,229465266.00,2.02,-1.37,-0.17,1.88
2022-11-10,12.09,11.69,12.18,11.65,320957,382717379.00,4.34,-4.18,-0.51,3.22
2022-11-11,11.94,11.87,12.27,11.86,298241,359996355.00,3.51,1.54,0.18,2.99
2022-11-14,11.87,11.48,11.95,11.40,258329,302611496.00,4.63,-3.29,-0.39,2.59
2022-11-15,11.44,12.25,12.30,11.38,404493,487062590.00,8.01,6.71,0.77,4.06
2022-11-16,12.17,11.95,12.27,11.90,248211,300733285.00,3.02,-2.45,-0.30,2.49
2022-11-17,11.94,11.81,11.99,11.57,238808,279984476.00,3.51,-1.17,-0.14,2.40
2022-11-18,11.81,11.56,11.87,11.55,191289,225113033.00,2.71,-2.12,-0.25,1.92
2022-11-21,11.49,11.72,11.80,11.41,142493,166760991.00,3.37,1.38,0.16,1.43
2022-11-22,11.64,11.49,11.73,11.40,174744,202703006.00,2.82,-1.96,-0.23,1.75
2022-11-23,11.46,11.56,11.63,11.15,169769,194365753.00,4.18,0.61,0.07,1.70
2022-11-24,11.56,11.56,11.80,11.47,162872,190058513.00,2.85,0.00,0.00,1.63
2022-11-25,11.48,11.16,11.55,11.14,202997,229627638.00,3.55,-3.46,-0.40,2.04
2022-11-28,10.95,11.10,11.17,10.90,121467,134929517.00,2.42,-0.54,-0.06,1.22
2022-11-29,11.12,11.27,11.31,11.07,129030,145311514.00,2.16,1.53,0.17,1.29
2022-11-30,11.26,11.22,11.35,11.17,110837,125258371.00,1.60,-0.44,-0.05,1.11
2022-12-01,11.33,11.31,11.47,11.30,139641,159588118.00,1.52,0.80,0.09,1.40
2022-12-02,11.28,11.27,11.44,11.23,132325,150411064.00,1.86,-0.35,-0.04,1.33
2022-12-05,11.30,11.42,11.42,11.26,152638,174098406.00,1.42,1.33,0.15,1.53
2022-12-06,11.41,11.34,11.44,11.19,148129,168498958.00,2.19,-0.70,-0.08,1.49
2022-12-07,11.27,11.18,11.40,11.13,149853,169478903.00,2.38,-1.41,-0.16,1.50
2022-12-08,11.11,11.04,11.26,11.00,122121,136158616.00,2.33,-1.25,-0.14,1.23
2022-12-09,11.00,10.85,11.13,10.83,197384,217265525.00,2.72,-1.72,-0.19,1.98
2022-12-12,10.76,10.95,11.03,10.71,144283,157989107.00,2.95,0.92,0.10,1.45
2022-12-13,10.93,10.85,11.09,10.85,108574,119528689.00,2.19,-0.91,-0.10,1.09
2022-12-14,11.00,10.96,11.14,10.93,149386,165865948.00,1.94,1.01,0.11,1.50
2022-12-15,10.91,11.17,11.19,10.87,143040,159556319.00,2.92,1.92,0.21,1.44
2022-12-16,11.11,10.94,11.17,10.88,125050,137945913.00,2.60,-2.06,-0.23,1.25
2022-12-19,10.96,10.64,11.02,10.57,118149,127531575.00,4.11,-2.74,-0.30,1.19
2022-12-20,10.65,10.70,10.86,10.62,94849,102112485.00,2.26,0.56,0.06,0.95
2022-12-21,10.64,10.51,10.69,10.39,94095,99506111.00,2.80,-1.78,-0.19,0.94
2022-12-22,10.56,10.07,10.59,10.00,171793,176527621.00,5.61,-4.19,-0.44,1.72
2022-12-23,10.00,10.03,10.15,9.93,120061,120906204.00,2.18,-0.40,-0.04,1.20
2022-12-26,10.03,10.40,10.40,10.00,128564,132946988.00,3.99,3.69,0.37,1.29
2022-12-27,10.36,10.79,10.81,10.36,163079,173885562.00,4.33,3.75,0.39,1.64
2022-12-28,10.75,10.64,10.80,10.55,95735,102566643.00,2.32,-1.39,-0.15,0.96
2022-12-29,10.56,10.49,10.74,10.45,94955,100912801.00,2.73,-1.41,-0.15,0.95
2022-12-30,10.55,10.49,10.70,10.40,102119,107877143.00,2.86,0.00,0.00,1.02