MTk5Ny0xMC0wNywxLjE2LDEuMTQsMS4xNywxLjEwLDE1Mzg3MSwxODI0OTIwMDAuMDAsOC44Niw0NC4zMCwwLjM1LDUxLjI5
1997-10-08,1.16,1.15,1.19,1.13,83449,102014000.00,5.26,0.88,0.01,27.82
1997-10-09,1.14,1.13,1.16,1.12,34810,42029000.00,3.48,-1.74,-0.02,11.60
1997-10-10,1.14,1.21,1.22,1.13,66627,83588000.00,7.96,7.08,0.08,22.21
1997-10-13,1.21,1.24,1.25,1.21,61573,80776000.00,3.31,2.48,0.03,20.52
1997-10-14,1.23,1.25,1.25,1.20,30844,40476000.00,4.03,0.81,0.01,10.28
1997-10-15,1.24,1.23,1.26,1.22,22321,29920000.00,3.20,-1.60,-0.02,7.44
1997-10-16,1.25,1.29,1.32,1.23,30528,42481000.00,7.32,4.88,0.06,10.18
1997-10-17,1.29,1.29,1.32,1.28,28108,39600000.00,3.10,0.00,0.00,9.37
1997-10-20,1.32,1.40,1.40,1.31,39092,58268000.00,6.98,8.53,0.11,13.03
1997-10-21,1.42,1.47,1.48,1.37,28186,44267000.00,7.86,5.00,0.07,9.40
1997-10-22,1.46,1.38,1.51,1.37,45448,71809000.00,9.52,-6.12,-0.09,15.15
1997-10-23,1.39,1.40,1.44,1.38,31545,48906000.00,4.35,1.45,0.02,10.52
1997-10-24,1.41,1.44,1.46,1.39,22397,35338000.00,5.00,2.86,0.04,7.47
1997-10-27,1.47,1.47,1.48,1.43,22352,35894000.00,3.47,2.08,0.03,7.45
1997-10-28,1.46,1.40,1.47,1.39,18765,29344000.00,5.44,-4.76,-0.07,6.26
1997-10-29,1.39,1.51,1.52,1.38,25001,40400000.00,10.00,7.86,0.11,8.33
1997-10-30,1.51,1.51,1.59,1.49,37934,65618000.00,6.62,0.00,0.00,12.64
1997-10-31,1.49,1.53,1.55,1.46,18072,29953000.00,5.96,1.32,0.02,6.02
1997-11-03,1.53,1.54,1.56,1.50,11453,19622000.00,3.92,0.65,0.01,3.82
1997-11-04,1.53,1.54,1.56,1.53,8275,14211000.00,1.95,0.00,0.00,2.76
1997-11-05,1.54,1.52,1.55,1.50,6701,11365553.00,3.25,-1.30,-0.02,2.23
1997-11-06,1.52,1.50,1.56,1.50,14001,23799000.00,3.95,-1.32,-0.02,4.67
1997-11-07,1.50,1.52,1.53,1.49,7242,12194000.00,2.67,1.33,0.02,2.41
1997-11-10,1.49,1.44,1.51,1.43,19820,32091000.00,5.26,-5.26,-0.08,6.61
1997-11-11,1.43,1.45,1.46,1.42,11692,18564000.00,2.78,0.69,0.01,3.90
1997-11-12,1.46,1.43,1.47,1.42,8796,13981000.00,3.45,-1.38,-0.02,2.93
1997-11-13,1.43,1.45,1.46,1.39,10721,16660000.00,4.90,1.40,0.02,3.57
1997-11-14,1.44,1.44,1.46,1.43,6621,10542000.00,2.07,-0.69,-0.01,2.21
1997-11-17,1.46,1.46,1.49,1.45,7756,12679000.00,2.78,1.39,0.02,2.59
1997-11-18,1.46,1.44,1.47,1.44,4633,7461000.00,2.05,-1.37,-0.02,1.54
1997-11-19,1.44,1.46,1.49,1.43,4052,6537000.00,4.17,1.39,0.02,1.35
1997-11-20,1.45,1.43,1.47,1.43,5938,9476000.00,2.74,-2.05,-0.03,1.98
1997-11-21,1.43,1.43,1.44,1.39,5888,9194000.00,3.50,0.00,0.00,1.96
1997-11-24,1.40,1.38,1.42,1.38,10259,15730000.00,2.80,-3.50,-0.05,3.42
1997-11-25,1.37,1.36,1.39,1.35,8288,12405000.00,2.90,-1.45,-0.02,2.76
1997-11-26,1.36,1.38,1.38,1.35,4373,6533000.00,2.21,1.47,0.02,1.46
1997-11-27,1.37,1.35,1.38,1.33,7440,10989000.00,3.62,-2.17,-0.03,2.48
1997-11-28,1.35,1.38,1.39,1.34,4156,6171000.00,3.70,2.22,0.03,1.39
1997-12-01,1.34,1.37,1.37,1.33,1916,2864000.00,2.90,-0.72,-0.01,0.64
1997-12-02,1.36,1.38,1.39,1.36,2588,3918000.00,2.19,0.73,0.01,0.86
1997-12-03,1.38,1.40,1.41,1.38,3308,5058000.00,2.17,1.45,0.02,1.10
1997-12-04,1.41,1.43,1.45,1.41,6682,10604000.00,2.86,2.14,0.03,2.23
1997-12-05,1.44,1.42,1.47,1.41,5042,8080000.00,4.20,-0.70,-0.01,1.68
1997-12-08,1.46,1.47,1.47,1.43,6984,11275000.00,2.82,3.52,0.05,2.33
1997-12-09,1.49,1.47,1.49,1.45,5133,8367000.00,2.72,0.00,0.00,1.71
1997-12-10,1.47,1.47,1.49,1.46,4169,6786000.00,2.04,0.00,0.00,1.39
1997-12-11,1.46,1.46,1.47,1.44,3802,6103000.00,2.04,-0.68,-0.01,1.27
1997-12-12,1.46,1.48,1.51,1.46,9600,15928000.00,3.42,1.37,0.02,3.20
1997-12-15,1.54,1.61,1.61,1.53,24153,43271000.00,5.41,8.78,0.13,8.05
1997-12-16,1.74,1.67,1.75,1.65,56989,109456000.00,6.21,3.73,0.06,19.00
1997-12-17,1.65,1.79,1.82,1.63,46096,90272000.00,11.38,7.19,0.12,15.37
1997-12-18,1.68,1.71,1.79,1.66,43621,86010000.00,7.26,-4.47,-0.08,14.54
1997-12-19,1.70,1.75,1.77,1.67,24088,46704000.00,5.85,2.34,0.04,8.03
1997-12-22,1.76,1.90,1.90,1.76,23698,50871000.00,8.00,8.57,0.15,7.90
1997-12-23,1.95,1.99,2.03,1.90,34080,77486000.00,6.84,4.74,0.09,11.36
1997-12-24,1.98,1.94,2.02,1.93,19198,43930000.00,4.52,-2.51,-0.05,6.40
1997-12-25,1.90,1.87,1.95,1.86,32944,71960000.00,4.64,-3.61,-0.07,10.98
1997-12-26,1.85,1.90,1.91,1.84,19822,42844000.00,3.74,1.60,0.03,6.61
1997-12-29,1.90,1.86,1.91,1.85,9694,20888000.00,3.16,-2.11,-0.04,3.23
1997-12-30,1.86,1.90,1.91,1.84,8085,17475000.00,3.76,2.15,0.04,2.70
1997-12-31,1.93,2.01,2.02,1.92,19594,45267000.00,5.26,5.79,0.11,6.53