2025-01-02,8.61,8.57,8.82,8.55,92471,83614973.00,3.13,-0.70,-0.06,1.91
2025-01-03,8.55,8.33,8.71,8.31,62897,55755225.00,4.67,-2.80,-0.24,1.30
2025-01-06,8.34,8.26,8.45,8.16,41080,35355696.00,3.48,-0.84,-0.07,0.85
2025-01-07,8.24,8.24,8.30,8.10,34797,29709816.00,2.42,-0.24,-0.02,0.72
2025-01-08,8.20,8.18,8.25,8.05,28669,24398794.00,2.43,-0.73,-0.06,0.59
2025-01-09,8.17,8.10,8.17,8.05,28402,23990140.00,1.47,-0.98,-0.08,0.59
2025-01-10,8.10,7.98,8.11,7.97,21755,18279259.00,1.73,-1.48,-0.12,0.45
2025-01-13,7.96,7.95,8.04,7.92,25632,21307303.00,1.50,-0.38,-0.03,0.53
2025-01-14,7.99,8.22,8.22,7.97,33202,28161032.00,3.14,3.40,0.27,0.69
2025-01-15,8.23,8.16,8.25,8.13,16900,14405844.00,1.46,-0.73,-0.06,0.35
2025-01-16,8.16,8.23,8.26,8.15,23655,20242183.00,1.35,0.86,0.07,0.49
2025-01-17,8.23,8.23,8.25,8.15,15063,12901391.00,1.22,0.00,0.00,0.31
2025-01-20,8.26,8.27,8.30,8.21,19499,16797688.00,1.09,0.49,0.04,0.40
2025-01-21,8.29,8.17,8.31,8.14,21917,18728674.00,2.06,-1.21,-0.10,0.45
2025-01-22,8.14,8.15,8.18,8.09,14845,12595325.00,1.10,-0.24,-0.02,0.31
2025-01-23,8.19,8.23,8.35,8.19,23946,20648719.00,1.96,0.98,0.08,0.50
2025-01-24,8.23,8.24,8.29,8.18,19640,16815308.00,1.34,0.12,0.01,0.41
2025-01-27,8.24,8.36,8.42,8.24,32648,28454113.00,2.18,1.46,0.12,0.68
2025-02-05,8.38,8.18,8.39,8.17,38041,32726694.00,2.63,-2.15,-0.18,0.79
2025-02-06,8.17,8.25,8.25,8.14,22901,19588810.00,1.34,0.86,0.07,0.47
2025-02-07,8.26,8.21,8.33,8.16,47182,40619743.00,2.06,-0.48,-0.04,0.98
2025-02-10,8.24,8.22,8.26,8.17,32496,27806305.00,1.10,0.12,0.01,0.67
2025-02-11,8.23,8.24,8.27,8.20,24314,20864963.00,0.85,0.24,0.02,0.50
2025-02-12,8.24,8.20,8.27,8.17,26503,22684088.00,1.21,-0.49,-0.04,0.55
2025-02-13,8.22,8.09,8.22,8.08,39010,33070269.00,1.71,-1.34,-0.11,0.81
2025-02-14,8.08,8.12,8.15,8.06,33250,28112757.00,1.11,0.37,0.03,0.69
2025-02-17,8.10,8.12,8.15,8.05,26954,22791407.00,1.23,0.00,0.00,0.56
2025-02-18,8.12,8.03,8.19,8.02,28759,24317756.00,2.09,-1.11,-0.09,0.60
2025-02-19,8.03,8.03,8.07,7.97,30590,25576604.00,1.25,0.00,0.00,0.63
2025-02-20,8.04,8.10,8.11,8.00,21556,18128901.00,1.37,0.87,0.07,0.45
2025-02-21,8.10,8.01,8.11,7.98,31349,26241860.00,1.60,-1.11,-0.09,0.65
2025-02-24,8.02,8.10,8.15,7.98,31648,26668949.00,2.12,1.12,0.09,0.66
2025-02-25,8.06,8.01,8.08,8.00,18413,15433141.00,0.99,-1.11,-0.09,0.38
2025-02-26,8.03,8.09,8.13,8.03,27441,23137169.00,1.25,1.00,0.08,0.57
2025-02-27,8.11,8.11,8.12,8.03,24828,20921967.00,1.11,0.25,0.02,0.51
2025-02-28,8.10,8.06,8.16,8.05,32349,27376393.00,1.36,-0.62,-0.05,0.67
2025-03-03,8.08,8.11,8.18,8.07,30757,26074167.00,1.36,0.62,0.05,0.64
2025-03-04,8.10,8.09,8.12,8.06,17740,14963656.00,0.74,-0.25,-0.02,0.37
2025-03-05,8.08,8.07,8.13,8.01,17665,14842668.00,1.48,-0.25,-0.02,0.37
2025-03-06,8.05,8.10,8.11,8.03,20940,17650339.00,0.99,0.37,0.03,0.43
2025-03-07,8.09,8.15,8.16,8.06,25798,21881471.00,1.23,0.62,0.05,0.53
2025-03-10,8.15,8.17,8.23,8.14,25582,21805699.00,1.10,0.25,0.02,0.53
2025-03-11,8.17,8.11,8.17,8.06,22256,18794307.00,1.35,-0.73,-0.06,0.46
2025-03-12,8.11,8.11,8.14,8.08,19583,16558381.00,0.74,0.00,0.00,0.40
2025-03-13,8.10,8.15,8.17,8.03,37743,31875611.00,1.73,0.49,0.04,0.78
2025-03-14,8.12,8.22,8.24,8.11,39715,33896625.00,1.60,0.86,0.07,0.82
2025-03-17,8.22,8.32,8.33,8.21,42721,36930790.00,1.46,1.22,0.10,0.88
2025-03-18,8.32,8.38,8.40,8.28,30476,26498831.00,1.44,0.72,0.06,0.63
2025-03-19,8.40,8.38,8.51,8.35,38292,33519679.00,1.91,0.00,0.00,0.79
2025-03-20,8.36,8.36,8.41,8.34,24739,21599862.00,0.84,-0.24,-0.02,0.51
2025-03-21,8.34,8.37,8.44,8.31,35089,30624283.00,1.56,0.12,0.01,0.72
2025-03-24,8.38,8.36,8.38,8.22,37786,32710773.00,1.91,-0.12,-0.01,0.78
2025-03-25,8.33,8.43,8.43,8.31,27982,24418531.00,1.44,0.84,0.07,0.58
2025-03-26,8.42,8.41,8.43,8.36,27110,23725523.00,0.83,-0.24,-0.02,0.56
2025-03-27,8.40,8.36,8.46,8.33,27025,23573843.00,1.55,-0.59,-0.05,0.56
2025-03-28,8.40,8.27,8.40,8.27,23957,20737757.00,1.56,-1.08,-0.09,0.49
2025-03-31,8.23,8.19,8.35,8.16,30635,26351061.00,2.30,-0.97,-0.08,0.63
2025-04-01,8.17,8.36,8.37,8.17,33976,29485297.00,2.44,2.08,0.17,0.70
2025-04-02,8.39,8.31,8.39,8.30,17279,14992945.00,1.08,-0.60,-0.05,0.36
2025-04-03,8.28,8.37,8.39,8.28,27795,24166811.00,1.32,0.72,0.06,0.57
2025-04-07,8.20,7.57,8.21,7.54,84286,69016238.00,8.00,-9.56,-0.80,1.74
2025-04-08,7.57,7.79,7.83,7.56,53632,43424233.00,3.57,2.91,0.22,1.11
2025-04-09,7.71,7.83,7.88,7.53,50774,40811952.00,4.49,0.51,0.04,1.05
2025-04-10,7.87,7.91,7.98,7.85,43601,36056444.00,1.66,1.02,0.08,0.90
2025-04-11,7.89,7.87,7.92,7.85,28410,23376516.00,0.88,-0.51,-0.04,0.59
2025-04-14,7.93,7.96,7.97,7.91,42569,35287683.00,0.76,1.14,0.09,0.88
2025-04-15,7.98,8.02,8.03,7.92,24146,20086318.00,1.38,0.75,0.06,0.50
2025-04-16,8.01,8.01,8.05,7.90,30241,25185542.00,1.87,-0.12,-0.01,0.62
2025-04-17,7.98,8.08,8.12,7.96,30259,25436222.00,2.00,0.87,0.07,0.62
2025-04-18,8.08,8.03,8.08,8.00,23963,20085227.00,0.99,-0.62,-0.05,0.49
2025-04-21,8.01,8.10,8.11,8.00,32251,27127508.00,1.37,0.87,0.07,0.66
2025-04-22,8.09,8.19,8.21,8.07,27023,23001410.00,1.73,1.11,0.09,0.56
2025-04-23,8.21,8.17,8.24,8.15,17492,14919445.00,1.10,-0.24,-0.02,0.36
2025-04-24,8.19,8.23,8.25,8.18,26737,22907415.00,0.86,0.73,0.06,0.55
2025-04-25,8.20,8.24,8.27,8.18,23596,20250939.00,1.09,0.12,0.01,0.49
2025-04-28,8.23,8.18,8.26,8.16,21165,18100311.00,1.21,-0.73,-0.06,0.44
2025-04-29,8.20,8.16,8.25,8.15,23453,20053064.00,1.22,-0.24,-0.02,0.48
2025-04-30,8.18,8.09,8.19,8.06,34733,29382457.00,1.59,-0.86,-0.07,0.72
2025-05-06,8.10,8.11,8.16,8.07,47007,39745105.00,1.11,0.25,0.02,0.97
2025-05-07,8.15,8.15,8.20,8.12,45078,38369587.00,0.99,0.49,0.04,0.93
2025-05-08,8.15,8.22,8.25,8.12,32131,27472057.00,1.60,0.86,0.07,0.66
2025-05-09,8.24,8.27,8.29,8.24,25702,22142452.00,0.61,0.61,0.05,0.53
2025-05-12,8.30,8.31,8.32,8.24,26125,22538571.00,0.97,0.48,0.04,0.54
2025-05-13,8.35,8.32,8.37,8.29,29198,25353788.00,0.96,0.12,0.01,0.60
2025-05-14,8.32,8.29,8.32,8.26,19193,16581605.00,0.72,-0.36,-0.03,0.40
2025-05-15,8.30,8.34,8.39,8.30,29435,25630061.00,1.09,0.60,0.05,0.61
2025-05-16,8.32,8.38,8.41,8.30,40476,35212784.00,1.32,0.48,0.04,0.83
2025-05-19,8.38,8.47,8.51,8.35,46271,40720877.00,1.91,1.07,0.09,0.95
2025-05-20,8.47,8.45,8.50,8.40,21903,19248089.00,1.18,-0.24,-0.02,0.45
2025-05-21,8.45,8.47,8.53,8.43,26855,23698615.00,1.18,0.24,0.02,0.55
2025-05-22,8.47,8.41,8.49,8.40,21028,18494935.00,1.06,-0.71,-0.06,0.43
2025-05-23,8.41,8.38,8.49,8.37,26507,23274661.00,1.43,-0.36,-0.03,0.55
2025-05-26,8.38,8.30,8.38,8.23,43274,37383554.00,1.79,-0.95,-0.08,0.89
2025-05-27,8.26,8.31,8.33,8.25,30595,26428801.00,0.96,0.12,0.01,0.63
2025-05-28,8.36,8.34,8.39,8.30,29387,24513830.00,1.08,0.36,0.03,0.61
2025-05-29,8.34,8.38,8.39,8.29,28339,23687481.00,1.20,0.48,0.04,0.58
2025-05-30,8.39,8.35,8.41,8.33,21628,18101299.00,0.95,-0.36,-0.03,0.45
2025-06-03,8.32,8.31,8.37,8.26,25816,21440655.00,1.32,-0.48,-0.04,0.53
2025-06-04,8.33,8.40,8.41,8.30,19553,16316726.00,1.32,1.08,0.09,0.40
2025-06-05,8.41,8.43,8.57,8.35,64649,54500783.00,2.62,0.36,0.03,1.33
2025-06-06,8.42,8.47,8.49,8.41,27220,22999062.00,0.95,0.47,0.04,0.56
2025-06-09,8.48,8.43,8.49,8.40,26091,21981524.00,1.06,-0.47,-0.04,0.54
2025-06-10,8.43,8.41,8.46,8.36,24399,20517553.00,1.19,-0.24,-0.02,0.50
2025-06-11,8.42,8.40,8.45,8.38,21440,18054992.00,0.83,-0.12,-0.01,0.44
2025-06-12,8.38,8.35,8.42,8.33,33112,27689899.00,1.07,-0.60,-0.05,0.68
2025-06-13,8.35,8.35,8.48,8.32,64488,54287405.00,1.92,0.00,0.00,1.33
2025-06-16,8.41,8.33,8.45,8.32,38271,32015709.00,1.56,-0.24,-0.02,0.79
2025-06-17,8.32,8.42,8.42,8.27,36489,30473428.00,1.80,1.08,0.09,0.75
2025-06-18,8.38,8.33,8.43,8.32,28054,23430900.00,1.31,-1.07,-0.09,0.58
2025-06-19,8.31,8.33,8.39,8.14,59471,49221495.00,3.00,0.00,0.00,1.23
2025-06-20,8.27,8.29,8.36,8.26,31610,26246660.00,1.20,-0.48,-0.04,0.65
2025-06-23,8.29,8.43,8.44,8.26,30689,25659553.00,2.17,1.69,0.14,0.63
2025-06-24,8.38,8.36,8.40,8.28,41342,34463961.00,1.42,-0.83,-0.07,0.85
2025-06-25,8.36,8.42,8.44,8.36,31847,26734951.00,0.96,0.72,0.06,0.66
2025-06-26,8.42,8.46,8.47,8.38,26487,22330094.00,1.07,0.48,0.04,0.55
2025-06-27,8.46,8.43,8.51,8.41,26777,22638715.00,1.18,-0.35,-0.03,0.55
2025-06-30,8.42,8.42,8.48,8.39,32923,27720296.00,1.07,-0.12,-0.01,0.68
2025-07-01,8.42,8.38,8.43,8.35,30405,25461986.00,0.95,-0.48,-0.04,0.63
2025-07-02,8.38,8.42,8.42,8.37,25442,21367282.00,0.60,0.48,0.04,0.52
2025-07-03,8.40,8.49,8.49,8.40,34421,29082554.00,1.07,0.83,0.07,0.71
2025-07-04,8.49,8.49,8.55,8.46,35277,30019547.00,1.06,0.00,0.00,0.73
2025-07-07,8.47,8.58,8.58,8.45,30425,25956145.00,1.53,1.06,0.09,0.63
2025-07-08,8.59,8.57,8.60,8.52,29730,25463532.00,0.93,-0.12,-0.01,0.61
2025-07-09,8.56,8.59,8.63,8.56,25167,21636802.00,0.82,0.23,0.02,0.52
2025-07-10,8.60,8.64,8.65,8.56,23811,20522632.00,1.05,0.58,0.05,0.49
2025-07-11,8.63,8.62,8.67,8.59,29276,25279527.00,0.93,-0.23,-0.02,0.60
2025-07-14,8.64,8.69,8.72,8.62,34974,30365665.00,1.16,0.81,0.07,0.72
2025-07-15,8.73,8.56,8.73,8.55,29147,25112073.00,2.07,-1.50,-0.13,0.60
2025-07-16,8.58,8.62,8.63,8.56,21937,18855941.00,0.82,0.70,0.06,0.45
2025-07-17,8.64,8.56,8.65,8.55,22726,19519331.00,1.16,-0.70,-0.06,0.47
2025-07-18,8.59,8.61,8.62,8.57,17794,15291439.00,0.58,0.58,0.05,0.37
2025-07-21,8.62,8.71,8.74,8.61,46375,40322761.00,1.51,1.16,0.10,0.96
2025-07-22,8.71,8.74,8.74,8.67,37938,33027168.00,0.80,0.34,0.03,0.78
2025-07-23,8.75,8.68,8.77,8.66,38457,33492118.00,1.26,-0.69,-0.06,0.79
2025-07-24,8.69,8.72,8.74,8.66,31810,27705766.00,0.92,0.46,0.04,0.66
2025-07-25,8.72,8.64,8.75,8.64,46702,40624236.00,1.26,-0.92,-0.08,0.96
2025-07-28,8.65,8.62,8.66,8.59,34467,29728641.00,0.81,-0.23,-0.02,0.71
2025-07-29,8.63,8.61,8.64,8.56,52421,45034569.00,0.93,-0.12,-0.01,1.08
2025-07-30,8.59,8.59,8.65,8.54,54266,46658608.00,1.28,-0.23,-0.02,1.12
2025-07-31,8.57,8.41,8.58,8.40,56219,47519431.00,2.10,-2.10,-0.18,1.16
2025-08-01,8.44,8.46,8.51,8.40,38161,32306475.00,1.31,0.59,0.05,0.79
2025-08-04,8.44,8.53,8.56,8.42,35528,30263849.00,1.65,0.83,0.07,0.73
2025-08-05,8.53,8.57,8.59,8.51,33273,28467373.00,0.94,0.47,0.04,0.69
2025-08-06,8.60,8.55,8.60,8.52,28531,24402571.00,0.93,-0.23,-0.02,0.59
2025-08-07,8.56,8.61,8.63,8.53,37116,31867054.00,1.17,0.70,0.06,0.76
2025-08-08,8.61,8.77,8.77,8.60,60633,52823532.00,1.97,1.86,0.16,1.25
2025-08-11,8.76,8.76,8.79,8.67,53898,46981650.00,1.37,-0.11,-0.01,1.11
2025-08-12,8.76,8.84,8.87,8.75,49624,43784535.00,1.37,0.91,0.08,1.02
2025-08-13,8.84,8.83,8.86,8.79,45524,40158374.00,0.79,-0.11,-0.01,0.94
2025-08-14,8.85,8.71,8.89,8.69,63357,55546944.00,2.27,-1.36,-0.12,1.31
2025-08-15,8.73,8.73,8.81,8.67,61694,53909242.00,1.61,0.23,0.02,1.27
2025-08-18,8.77,8.78,8.89,8.73,77621,68420042.00,1.83,0.57,0.05,1.60
2025-08-19,8.78,8.83,8.85,8.74,57480,50546583.00,1.25,0.57,0.05,1.18
2025-08-20,8.84,8.86,8.88,8.81,47585,42096899.00,0.79,0.34,0.03,0.98
2025-08-21,8.90,8.96,9.01,8.83,69115,61659988.00,2.03,1.13,0.10,1.42
2025-08-22,8.96,8.82,8.99,8.78,82664,72960581.00,2.34,-1.56,-0.14,1.70