2023-01-03,37.50,39.11,39.24,37.34,11749,68108768.00,5.07,4.27,1.60,2.49
2023-01-04,39.39,38.95,40.06,38.56,8168,48264640.00,3.84,-0.41,-0.16,1.73
2023-01-05,39.10,39.42,39.80,38.75,9071,53678857.00,2.70,1.21,0.47,1.92
2023-01-06,39.26,39.69,40.37,39.14,9078,54332788.00,3.12,0.68,0.27,1.92
2023-01-09,39.69,40.84,41.17,39.69,16366,99896202.00,3.73,2.90,1.15,3.46
2023-01-10,41.28,41.36,42.56,40.54,17856,111853658.00,4.95,1.27,0.52,3.78
2023-01-11,41.07,40.96,42.94,40.75,18614,117431127.00,5.29,-0.97,-0.40,3.94
2023-01-12,41.02,41.22,41.56,40.81,7814,48355418.00,1.83,0.63,0.26,1.65
2023-01-13,41.58,40.77,41.58,40.64,5980,36804181.00,2.28,-1.09,-0.45,1.27
2023-01-16,40.78,42.48,42.67,40.77,15317,96828337.00,4.66,4.19,1.71,3.24
2023-01-17,42.81,44.09,44.22,42.56,15240,99875096.00,3.91,3.79,1.61,3.23
2023-01-18,44.56,43.49,44.63,43.18,10501,68897966.00,3.29,-1.36,-0.60,2.22
2023-01-19,43.54,48.64,48.72,43.48,29993,209684915.00,12.05,11.84,5.15,6.35
2023-01-20,48.63,48.05,48.63,46.99,19154,137261156.00,3.37,-1.21,-0.59,4.05
2023-01-30,48.05,47.81,48.24,46.65,22096,157080661.00,3.31,-0.50,-0.24,4.68
2023-01-31,47.08,45.19,47.28,45.01,21608,148295274.00,4.75,-5.48,-2.62,4.57
2023-02-01,45.28,46.44,46.88,45.28,13769,95375637.00,3.54,2.77,1.25,2.91
2023-02-02,46.63,47.11,48.66,46.34,19108,136456330.00,5.00,1.44,0.67,4.04
2023-02-03,47.08,47.45,48.66,46.98,14471,103711126.00,3.57,0.72,0.34,3.06
2023-02-06,47.37,47.13,47.85,46.66,8297,58637231.00,2.51,-0.67,-0.32,1.76
2023-02-07,47.02,47.82,48.25,46.09,11628,82386447.00,4.58,1.46,0.69,2.46
2023-02-08,47.97,48.17,49.40,47.45,16936,123015127.00,4.08,0.73,0.35,3.59
2023-02-09,47.55,50.57,51.07,46.87,22399,165773880.00,8.72,4.98,2.40,4.74
2023-02-10,50.07,52.36,53.36,50.00,31882,250054791.00,6.64,3.54,1.79,6.75
2023-02-13,51.21,54.11,55.62,51.01,33313,268576087.00,8.80,3.34,1.75,7.05
2023-02-14,54.11,55.26,56.01,53.95,21824,180076913.00,3.81,2.13,1.15,4.62
2023-02-15,55.18,54.24,56.20,53.36,17199,141033508.00,5.14,-1.85,-1.02,3.64
2023-02-16,54.23,51.44,54.28,50.93,22181,174837276.00,6.18,-5.16,-2.80,4.70
2023-02-17,51.18,49.97,52.06,49.81,12401,94233132.00,4.37,-2.86,-1.47,2.63
2023-02-20,49.99,50.51,50.86,49.00,12881,96300164.00,3.72,1.08,0.54,2.73
2023-02-21,50.66,49.62,51.33,49.33,12167,91534064.00,3.96,-1.76,-0.89,2.58
2023-02-22,50.00,49.46,50.19,49.05,4302,31999520.00,2.30,-0.32,-0.16,0.91
2023-02-23,49.85,48.55,49.93,48.43,9286,68463399.00,3.03,-1.84,-0.91,1.97
2023-02-24,48.93,48.34,49.07,47.44,17465,126128532.00,3.36,-0.43,-0.21,3.70
2023-02-27,48.07,46.76,48.38,46.62,11392,80646262.00,3.64,-3.27,-1.58,2.41
2023-02-28,47.22,48.13,49.05,47.15,16326,118288864.00,4.06,2.93,1.37,3.46
2023-03-01,48.43,51.34,51.51,48.16,23809,179402185.00,6.96,6.67,3.21,5.04
2023-03-02,50.99,49.77,52.30,49.77,13191,100201643.00,4.93,-3.06,-1.57,2.79
2023-03-03,50.27,50.68,52.20,49.80,13997,106750799.00,4.82,1.83,0.91,2.96
2023-03-06,50.13,51.48,52.01,49.39,16767,127486352.00,5.17,1.58,0.80,3.55
2023-03-07,50.95,49.25,51.31,49.24,10577,79810174.00,4.02,-4.33,-2.23,2.24
2023-03-08,48.84,49.45,50.13,48.77,6160,45694942.00,2.76,0.41,0.20,1.30
2023-03-09,48.52,49.53,50.97,48.52,10496,78745946.00,4.95,0.16,0.08,2.22
2023-03-10,49.17,49.74,51.21,48.46,13697,102571759.00,5.55,0.42,0.21,2.90
2023-03-13,49.40,50.25,51.06,49.13,9608,72191053.00,3.88,1.03,0.51,2.03
2023-03-14,50.18,50.77,51.28,49.33,15820,119650747.00,3.88,1.03,0.52,3.35
2023-03-15,50.56,53.42,53.69,49.81,31054,242545782.00,7.64,5.22,2.65,6.57
2023-03-16,52.35,51.95,54.46,51.48,16177,128108132.00,5.58,-2.75,-1.47,3.42
2023-03-17,53.13,54.03,55.23,52.01,24070,195257950.00,6.20,4.00,2.08,5.10
2023-03-20,55.29,58.19,58.62,53.48,32877,280281986.00,9.51,7.70,4.16,6.96
2023-03-21,57.28,56.83,58.58,55.71,22314,191009971.00,4.93,-2.34,-1.36,4.72
2023-03-22,56.90,55.84,56.90,55.38,13477,112794771.00,2.67,-1.74,-0.99,2.85
2023-03-23,55.96,56.91,58.17,55.48,18369,157312438.00,4.82,1.92,1.07,3.89
2023-03-24,56.91,56.41,59.03,55.97,16265,140661255.00,5.38,-0.88,-0.50,3.44
2023-03-27,56.13,56.24,58.05,55.48,11826,100578587.00,4.56,-0.30,-0.17,2.50
2023-03-28,56.31,56.91,58.73,55.71,14743,126824983.00,5.37,1.19,0.67,3.12
2023-03-29,56.58,54.49,56.58,53.36,16300,133936230.00,5.66,-4.25,-2.42,3.45
2023-03-30,54.24,56.38,57.38,54.24,14326,119654346.00,5.76,3.47,1.89,3.03
2023-03-31,55.48,57.45,58.03,55.27,9122,77462385.00,4.90,1.90,1.07,1.93
2023-04-03,57.17,57.38,59.07,56.94,11103,96069117.00,3.71,-0.12,-0.07,2.35
2023-04-04,57.58,58.78,58.85,56.87,16797,146706927.00,3.45,2.44,1.40,3.56
2023-04-06,58.79,60.07,62.32,58.62,27840,252300089.00,6.29,2.19,1.29,5.89
2023-04-07,59.71,58.17,60.15,57.39,17308,151672022.00,4.59,-3.16,-1.90,3.66
2023-04-10,57.38,59.22,62.66,57.30,23579,212062343.00,9.21,1.81,1.05,4.99
2023-04-11,58.46,61.26,61.34,58.46,18488,166212674.00,4.86,3.44,2.04,3.91
2023-04-12,61.53,61.01,62.42,60.13,16906,155101984.00,3.74,-0.41,-0.25,3.58
2023-04-13,62.63,61.61,65.91,61.09,29177,279523840.00,7.90,0.98,0.60,6.18
2023-04-14,62.28,62.74,63.20,58.47,16033,147121968.00,7.68,1.83,1.13,3.39
2023-04-17,62.46,59.12,63.27,59.07,19956,180609663.00,6.69,-5.77,-3.62,4.22
2023-04-18,58.78,56.98,59.14,56.06,12904,110488515.00,5.21,-3.62,-2.14,2.73
2023-04-19,56.20,55.66,57.48,55.03,18439,154179313.00,4.30,-2.32,-1.32,3.90
2023-04-20,55.37,56.48,57.17,55.11,14690,123594160.00,3.70,1.47,0.82,3.11
2023-04-21,55.53,51.43,56.04,51.34,18296,145746500.00,8.32,-8.94,-5.05,3.87
2023-04-24,51.42,50.11,52.26,49.33,12255,92760508.00,5.70,-2.57,-1.32,2.59
2023-04-25,50.00,49.37,50.92,48.99,10282,76955658.00,3.85,-1.48,-0.74,2.18
2023-04-26,49.33,49.18,51.10,48.99,7391,55243836.00,4.27,-0.38,-0.19,1.56
2023-04-27,49.87,47.94,49.87,47.82,9127,66667085.00,4.17,-2.52,-1.24,1.93
2023-04-28,47.60,50.54,51.39,47.32,14575,107669267.00,8.49,5.42,2.60,3.09
2023-05-04,49.92,50.85,51.08,49.03,8784,65808264.00,4.06,0.61,0.31,1.86
2023-05-05,50.85,47.86,51.43,47.51,8506,62303457.00,7.71,-5.88,-2.99,1.80
2023-05-08,48.21,46.76,48.21,46.51,10242,72382320.00,3.55,-2.30,-1.10,2.17
2023-05-09,46.72,45.32,47.24,45.30,7949,54866470.00,4.15,-3.08,-1.44,1.68
2023-05-10,45.36,45.22,45.60,44.09,7303,49088838.00,3.33,-0.22,-0.10,1.55
2023-05-11,45.50,45.15,45.97,44.91,4468,30394621.00,2.34,-0.15,-0.07,0.95
2023-05-12,45.24,45.53,46.51,45.03,8668,59680755.00,3.28,0.84,0.38,1.83
2023-05-15,45.71,46.44,46.64,45.22,6678,46024081.00,3.12,2.00,0.91,1.41
2023-05-16,46.30,46.64,47.77,45.85,9194,64620159.00,4.13,0.43,0.20,1.95
2023-05-17,46.39,48.62,49.20,46.39,13585,98912956.00,6.02,4.25,1.98,2.87
2023-05-18,47.98,48.66,49.85,47.98,7464,54607940.00,3.85,0.08,0.04,1.58
2023-05-19,48.35,49.39,50.13,48.35,9575,71136587.00,3.66,1.50,0.73,2.02
2023-05-22,49.26,50.10,50.66,48.46,9204,68743601.00,4.45,1.44,0.71,1.94
2023-05-23,49.75,49.33,50.20,48.52,8856,65421747.00,3.35,-1.54,-0.77,1.87
2023-05-24,49.32,50.67,51.26,48.85,7238,54844030.00,4.89,2.72,1.34,1.53
2023-05-25,50.66,50.97,51.24,50.05,6774,51440182.00,2.35,0.59,0.30,1.43
2023-05-26,50.96,50.36,52.30,50.14,10202,78152212.00,4.24,-1.20,-0.61,2.15
2023-05-29,50.47,50.38,51.68,50.12,6261,47721258.00,3.10,0.04,0.02,1.32
2023-05-30,50.52,50.39,50.52,49.45,4748,35653403.00,2.12,0.02,0.01,1.00
2023-05-31,50.34,50.50,50.79,49.54,3851,28995655.00,2.48,0.22,0.11,0.81
2023-06-01,50.86,50.27,50.86,48.52,7589,56500514.00,4.63,-0.46,-0.23,1.60
2023-06-02,50.53,53.29,54.28,50.26,13258,104813486.00,8.00,6.01,3.02,2.80
2023-06-05,53.64,52.85,54.28,52.47,8484,67886112.00,3.40,-0.83,-0.44,1.79
2023-06-06,52.01,50.15,52.32,50.02,8323,63539404.00,4.35,-5.11,-2.70,1.76
2023-06-07,50.62,49.82,51.66,49.56,7139,36071200.00,4.19,-0.66,-0.33,1.01
2023-06-08,49.63,46.39,49.63,44.20,44579,206234970.00,10.90,-6.88,-3.43,6.32
2023-06-09,45.79,48.21,48.52,45.40,21845,101998874.00,6.73,3.92,1.82,3.10
2023-06-12,48.66,49.17,51.50,48.62,16634,82208342.00,5.97,1.99,0.96,2.36
2023-06-13,48.81,51.06,51.37,48.37,10911,54894373.00,6.10,3.84,1.89,1.55
2023-06-14,50.54,50.96,51.20,49.71,8107,40907822.00,2.92,-0.20,-0.10,1.15
2023-06-15,51.05,49.42,51.05,49.21,8783,43781233.00,3.61,-3.02,-1.54,1.24
2023-06-16,48.89,49.23,49.98,48.89,6968,34378487.00,2.21,-0.38,-0.19,0.99
2023-06-19,48.78,50.36,50.49,48.78,9331,46522576.00,3.47,2.30,1.13,1.32
2023-06-20,49.98,50.66,51.07,49.98,8357,42191575.00,2.16,0.60,0.30,1.18
2023-06-21,50.65,48.76,50.67,48.56,8896,43756434.00,4.17,-3.75,-1.90,1.26
2023-06-26,47.50,48.25,49.27,47.50,7710,37282857.00,3.63,-1.05,-0.51,1.09
2023-06-27,47.73,48.77,49.28,47.73,5382,26185296.00,3.21,1.08,0.52,0.76
2023-06-28,48.04,47.45,48.77,46.46,6980,33097245.00,4.74,-2.71,-1.32,0.98
2023-06-29,47.45,47.33,48.55,46.80,7863,37439618.00,3.69,-0.25,-0.12,1.11
2023-06-30,47.04,47.10,47.80,46.61,4534,21390961.00,2.51,-0.49,-0.23,0.64
2023-07-03,47.01,47.38,48.09,47.01,6346,30156017.00,2.29,0.59,0.28,0.89
2023-07-04,47.37,49.56,51.20,46.88,16431,80922974.00,9.12,4.60,2.18,2.31
2023-07-05,49.88,49.64,51.50,48.51,19125,96097549.00,6.03,0.16,0.08,2.69
2023-07-06,49.99,48.75,50.14,48.58,7815,38399672.00,3.14,-1.79,-0.89,1.10
2023-07-07,48.46,47.15,48.50,46.05,10161,47742846.00,5.03,-3.28,-1.60,1.43
2023-07-10,46.96,46.47,47.44,46.38,7071,33058614.00,2.25,-1.44,-0.68,0.99
2023-07-11,46.72,48.00,48.14,46.15,12872,61233814.00,4.28,3.29,1.53,1.81
2023-07-12,47.77,46.53,48.37,46.40,8692,41113917.00,4.10,-3.06,-1.47,1.22
2023-07-13,47.06,48.67,48.80,46.50,11567,55601848.00,4.94,4.60,2.14,1.63
2023-07-14,48.98,49.50,50.20,48.98,14341,71186332.00,2.51,1.71,0.83,2.02
2023-07-17,49.47,48.42,50.28,48.00,14983,73078748.00,4.61,-2.18,-1.08,2.11
2023-07-18,48.48,48.51,50.18,48.30,11599,57051751.00,3.88,0.19,0.09,1.63
2023-07-19,48.30,47.50,48.90,47.18,6564,31318703.00,3.55,-2.08,-1.01,0.92
2023-07-20,47.87,45.53,47.88,45.51,12735,58812250.00,4.99,-4.15,-1.97,1.79
2023-07-21,45.53,45.28,46.00,44.42,5283,24003770.00,3.47,-0.55,-0.25,0.74
2023-07-24,45.10,43.46,45.29,43.44,10775,47729395.00,4.09,-4.02,-1.82,1.52
2023-07-25,44.06,44.40,45.10,43.41,9452,41751280.00,3.89,2.16,0.94,1.33
2023-07-26,44.39,43.29,44.50,43.05,9051,39381890.00,3.27,-2.50,-1.11,1.27
2023-07-27,43.00,41.53,43.59,41.39,11930,50086452.00,5.08,-4.07,-1.76,1.68
2023-07-28,41.42,41.91,41.94,40.53,9952,41105116.00,3.40,0.92,0.38,1.40
2023-07-31,41.66,42.11,42.45,41.65,14135,59361220.00,1.91,0.48,0.20,1.99
2023-08-01,42.01,43.25,43.31,42.00,11011,47123478.00,3.11,2.71,1.14,1.55
2023-08-02,42.91,42.40,43.35,42.31,6811,29090527.00,2.40,-1.97,-0.85,0.96
2023-08-03,42.28,42.35,43.00,41.81,9519,40226562.00,2.81,-0.12,-0.05,1.34
2023-08-04,42.70,42.35,43.05,41.68,8117,34512846.00,3.23,0.00,0.00,1.14
2023-08-07,42.20,42.01,42.73,41.75,8670,36464925.00,2.31,-0.80,-0.34,1.22
2023-08-08,42.01,41.38,42.54,41.02,11627,48391744.00,3.62,-1.50,-0.63,1.64
2023-08-09,41.19,40.58,41.45,40.40,8333,34025411.00,2.54,-1.93,-0.80,1.17
2023-08-10,40.67,41.47,41.85,40.51,10204,42224343.00,3.30,2.19,0.89,1.43
2023-08-11,41.38,42.43,43.08,41.35,23712,100508750.00,4.17,2.31,0.96,3.33
2023-08-14,42.90,42.70,42.90,40.59,17500,73100284.00,5.44,0.64,0.27,2.46
2023-08-15,42.78,41.70,42.78,41.39,11603,48392679.00,3.26,-2.34,-1.00,1.63
2023-08-16,41.53,40.80,41.99,40.70,7562,31139552.00,3.09,-2.16,-0.90,1.06
2023-08-17,40.78,40.20,41.17,40.10,9745,39421107.00,2.62,-1.47,-0.60,1.37
2023-08-18,40.50,40.96,43.62,40.33,26176,109966619.00,8.18,1.89,0.76,3.68
2023-08-21,40.22,42.40,43.50,39.70,29534,123117238.00,9.28,3.52,1.44,4.15
2023-08-22,42.90,43.55,44.16,41.80,24638,106291727.00,5.57,2.71,1.15,3.46
2023-08-23,43.35,43.25,45.00,42.66,25054,110341783.00,5.37,-0.69,-0.30,3.52
2023-08-24,43.67,44.68,46.51,43.01,22713,101139662.00,8.09,3.31,1.43,3.19
2023-08-25,44.28,43.22,44.28,41.31,20569,87844480.00,6.65,-3.27,-1.46,2.89
2023-08-28,46.20,44.59,46.30,43.58,23651,106152035.00,6.29,3.17,1.37,3.33
2023-08-29,42.92,47.23,49.50,42.50,52855,242468187.00,15.70,5.92,2.64,7.43
2023-08-30,48.01,49.50,50.20,48.01,49855,244573797.00,4.64,4.81,2.27,7.01
2023-08-31,48.55,47.00,49.44,46.80,36955,177206689.00,5.33,-5.05,-2.50,5.20
2023-09-01,47.40,46.46,48.30,45.95,17760,83305929.00,5.00,-1.15,-0.54,2.50
2023-09-04,46.92,49.10,49.48,46.51,27912,133334490.00,6.39,5.68,2.64,3.93
2023-09-05,49.05,48.00,50.99,47.51,38105,187858147.00,7.09,-2.24,-1.10,5.36
2023-09-06,47.38,48.42,49.07,47.08,23429,112826788.00,4.15,0.88,0.42,3.29
2023-09-07,47.96,46.24,48.01,46.00,22783,106387785.00,4.15,-4.50,-2.18,3.20
2023-09-08,46.00,47.47,48.16,46.00,17792,84013143.00,4.67,2.66,1.23,2.50
2023-09-11,47.50,47.52,49.50,47.40,24177,116961497.00,4.42,0.11,0.05,3.40
2023-09-12,47.41,46.85,47.98,46.31,12069,56596779.00,3.51,-1.41,-0.67,1.70
2023-09-13,47.22,45.84,48.32,45.80,16426,77257486.00,5.38,-2.16,-1.01,2.31