2026-01-05,43.00,45.10,45.83,43.00,65343,292857577.00,6.64,5.89,2.51,4.89
2026-01-06,45.10,47.01,48.06,45.10,79941,372249665.00,6.56,4.24,1.91,5.98
2026-01-07,47.11,49.24,50.83,46.72,109010,531258499.00,8.74,4.74,2.23,8.15
2026-01-08,48.80,48.57,49.48,48.05,53240,258622012.00,2.90,-1.36,-0.67,3.98
2026-01-09,48.33,48.76,49.20,47.61,63616,307273185.00,3.27,0.39,0.19,4.76
2026-01-12,48.80,51.68,51.75,48.16,87334,439669982.00,7.36,5.99,2.92,6.53
2026-01-13,51.61,47.44,51.65,47.20,89521,435127127.00,8.61,-8.20,-4.24,6.70
2026-01-14,47.44,49.33,50.49,47.44,95069,469449150.00,6.43,3.98,1.89,7.11
2026-01-15,49.40,49.85,50.29,48.10,70247,346066620.00,4.44,1.05,0.52,5.25
2026-01-16,50.58,50.66,51.50,49.98,67232,341317759.00,3.05,1.62,0.81,5.03
2026-01-19,49.55,49.58,51.29,49.45,53752,268924173.00,3.63,-2.13,-1.08,4.02
2026-01-20,49.50,49.51,50.75,48.79,53650,266162955.00,3.95,-0.14,-0.07,4.01
2026-01-21,48.88,51.70,52.48,48.78,85122,436327624.00,7.47,4.42,2.19,6.37
2026-01-22,52.70,51.44,52.72,50.03,63424,324281787.00,5.20,-0.50,-0.26,4.74
2026-01-23,51.00,52.08,52.38,50.51,52676,272478736.00,3.64,1.24,0.64,3.94
2026-01-26,51.45,50.32,52.33,49.56,61613,312599079.00,5.32,-3.38,-1.76,4.61
2026-01-27,49.92,53.87,54.70,49.92,129666,685837678.00,9.50,7.05,3.55,9.70
2026-01-28,54.66,56.54,57.92,53.88,129239,720737212.00,7.50,4.96,2.67,9.67
2026-01-29,56.23,52.94,56.90,52.73,102135,555904609.00,7.38,-6.37,-3.60,7.64
2026-01-30,52.48,50.97,53.18,50.58,85197,441522953.00,4.91,-3.72,-1.97,6.37
2026-02-02,50.60,51.73,53.79,49.00,106661,548908936.00,9.40,1.49,0.76,7.98
2026-02-03,52.68,54.18,54.35,51.50,77111,407683098.00,5.51,4.74,2.45,5.77
2026-02-04,52.95,53.72,54.17,51.30,64601,340850834.00,5.30,-0.85,-0.46,4.83
2026-02-05,52.53,54.50,55.09,52.53,76146,413193412.00,4.77,1.45,0.78,5.70
2026-02-06,53.64,52.08,54.88,51.90,72671,387340587.00,5.47,-4.44,-2.42,5.44
2026-02-09,52.60,52.39,52.95,50.01,69669,359243849.00,5.65,0.60,0.31,5.21
2026-02-10,52.38,51.14,52.38,50.85,36492,187773940.00,2.92,-2.39,-1.25,2.73
2026-02-11,51.17,51.34,52.10,50.98,33428,172220889.00,2.19,0.39,0.20,2.50
2026-02-12,51.40,51.02,52.13,50.87,31206,160474752.00,2.45,-0.62,-0.32,2.33
2026-02-13,50.85,50.80,52.39,50.48,40957,211254236.00,3.74,-0.43,-0.22,3.06
2026-02-24,51.80,51.54,53.79,50.83,77045,403723224.00,5.83,1.46,0.74,5.76
2026-02-25,51.52,54.55,55.04,50.90,73703,390205135.00,8.03,5.84,3.01,5.51
2026-02-26,53.79,53.06,53.82,51.58,77542,406124142.00,4.11,-2.73,-1.49,5.80
2026-02-27,53.29,52.89,53.46,51.97,47241,249232550.00,2.81,-0.32,-0.17,3.53
2026-03-02,51.08,51.26,52.34,50.20,68871,352186159.00,4.05,-3.08,-1.63,5.15
2026-03-03,51.02,48.86,53.31,48.52,80271,407308999.00,9.34,-4.68,-2.40,6.00
2026-03-04,48.08,48.30,49.60,47.16,41968,204107744.00,4.99,-1.15,-0.56,3.14
2026-03-05,49.80,50.45,51.47,49.03,54256,274608011.00,5.05,4.45,2.15,4.06
2026-03-06,50.09,53.80,55.04,50.09,99999,533841625.00,9.81,6.64,3.35,7.48
2026-03-09,52.73,53.72,53.86,51.30,63448,332778493.00,4.76,-0.15,-0.08,4.75
2026-03-10,54.56,54.23,56.80,52.00,179077,978845163.00,8.94,0.95,0.51,13.39
2026-03-11,53.80,53.66,54.27,52.75,86821,463942442.00,2.80,-1.05,-0.57,6.49
2026-03-12,54.12,55.15,56.45,54.12,90229,499465599.00,4.34,2.78,1.49,6.75
2026-03-13,55.15,54.40,55.55,54.05,42501,232410739.00,2.72,-1.36,-0.75,3.18
2026-03-16,55.59,55.90,57.30,53.71,94917,528643458.00,6.60,2.76,1.50,7.10
2026-03-17,55.50,54.80,57.44,54.68,66030,368361950.00,4.94,-1.97,-1.10,4.94
2026-03-18,56.16,56.81,57.08,53.90,59651,330850111.00,5.80,3.67,2.01,4.46
2026-03-19,56.00,55.90,58.14,55.76,66974,379461567.00,4.19,-1.60,-0.91,5.01
2026-03-20,56.02,53.65,57.50,53.64,63677,351700212.00,6.91,-4.03,-2.25,4.76
2026-03-23,51.73,49.46,52.68,48.96,59125,301120538.00,6.93,-7.81,-4.19,4.42
2026-03-24,50.74,52.77,52.98,50.14,59886,309274564.00,5.74,6.69,3.31,4.48
2026-03-25,52.99,54.72,54.95,52.64,49867,268851632.00,4.38,3.70,1.95,3.73
2026-03-26,54.30,51.98,54.79,51.67,48572,257623934.00,5.70,-5.01,-2.74,3.63
2026-03-27,50.98,54.24,55.37,49.68,74119,391134478.00,10.95,4.35,2.26,5.54