2024-01-02,28.42,28.91,29.04,28.42,14243,41007804.00,2.18,1.72,0.49,3.34
2024-01-03,28.91,28.38,28.91,28.08,11220,31765755.00,2.87,-1.83,-0.53,2.63
2024-01-04,28.39,28.56,28.60,28.05,8963,25404935.00,1.94,0.63,0.18,2.10
2024-01-05,28.56,28.02,28.85,27.91,7188,20283990.00,3.29,-1.89,-0.54,1.68
2024-01-08,27.91,27.50,28.27,27.50,7608,21095924.00,2.75,-1.86,-0.52,1.78
2024-01-09,27.82,28.27,28.82,27.51,15932,45249985.00,4.76,2.80,0.77,3.73
2024-01-10,28.27,27.36,28.46,27.36,12049,33453901.00,3.89,-3.22,-0.91,2.82
2024-01-11,27.30,27.77,27.96,26.87,9689,26733102.00,3.98,1.50,0.41,2.27
2024-01-12,27.72,27.13,28.19,27.05,9272,25499038.00,4.11,-2.30,-0.64,2.17
2024-01-15,27.28,26.87,27.28,26.77,7977,21494218.00,1.88,-0.96,-0.26,1.87
2024-01-16,26.93,26.69,27.38,26.33,11136,29740100.00,3.91,-0.67,-0.18,2.61
2024-01-17,26.60,25.80,26.77,25.78,6782,17772521.00,3.71,-3.33,-0.89,1.59
2024-01-18,25.78,25.52,26.05,24.47,15774,39559788.00,6.12,-1.09,-0.28,3.70
2024-01-19,25.40,24.75,25.53,24.75,12013,30060668.00,3.06,-3.02,-0.77,2.81
2024-01-22,24.91,23.15,25.18,22.91,14686,35257972.00,9.17,-6.46,-1.60,3.44
2024-01-23,23.19,22.55,23.30,22.20,17495,39337084.00,4.75,-2.59,-0.60,4.10
2024-01-24,22.78,22.78,23.09,21.96,15469,34891144.00,5.01,1.02,0.23,3.62
2024-01-25,22.89,24.14,24.20,22.58,11499,27027206.00,7.11,5.97,1.36,2.69
2024-01-26,24.32,24.06,24.68,24.06,8934,21729806.00,2.57,-0.33,-0.08,2.09
2024-01-29,24.43,23.00,24.43,22.90,13671,31868207.00,6.36,-4.41,-1.06,3.20
2024-01-30,23.18,22.08,23.20,22.01,11570,26095219.00,5.17,-4.00,-0.92,2.71
2024-01-31,22.08,20.85,22.08,20.21,20334,42557439.00,8.47,-5.57,-1.23,4.76
2024-02-01,20.80,20.30,20.80,19.12,27498,54930741.00,8.06,-2.64,-0.55,6.44
2024-02-02,20.38,18.41,20.60,17.80,22889,43539084.00,13.79,-9.31,-1.89,5.36
2024-02-05,18.39,15.41,18.39,14.73,37504,58968631.00,19.88,-16.30,-3.00,8.79
2024-02-06,14.35,14.99,15.75,13.25,37026,52563031.00,16.22,-2.73,-0.42,8.68
2024-02-07,15.04,13.50,15.50,12.73,41294,57552711.00,18.48,-9.94,-1.49,9.68
2024-02-08,13.21,15.22,15.28,12.91,27723,39138386.00,17.56,12.74,1.72,6.50
2024-02-19,15.38,15.92,16.66,15.21,21235,33671905.00,9.53,4.60,0.70,4.97
2024-02-20,16.14,16.87,16.99,15.69,22946,37528210.00,8.17,5.97,0.95,5.37
2024-02-21,16.79,17.80,18.58,16.46,25253,45238331.00,12.57,5.51,0.93,5.91
2024-02-22,17.61,19.79,20.00,17.60,30469,56476793.00,13.48,11.18,1.99,7.13
2024-02-23,19.60,20.68,22.30,18.75,42795,87655382.00,17.94,4.50,0.89,10.01
2024-02-26,21.11,22.26,23.66,20.40,46775,101367367.00,15.76,7.64,1.58,10.94
2024-02-27,21.18,22.12,22.46,21.02,36241,78722093.00,6.47,-0.63,-0.14,8.48
2024-02-28,22.00,19.53,22.58,19.40,43353,91322727.00,14.38,-11.71,-2.59,10.14
2024-02-29,19.63,20.34,20.57,19.01,26174,52237558.00,7.99,4.15,0.81,6.12
2024-03-01,20.25,20.53,20.80,20.10,18198,37193372.00,3.44,0.93,0.19,4.26
2024-03-04,20.54,20.23,20.84,19.57,15520,31192762.00,6.19,-1.46,-0.30,3.63
2024-03-05,20.00,19.60,20.15,19.42,14393,28380474.00,3.61,-3.11,-0.63,3.37
2024-03-06,19.33,23.52,23.52,19.33,60011,139633700.00,21.38,20.00,3.92,14.04
2024-03-07,25.98,28.22,28.22,25.98,132030,366121223.00,9.52,19.98,4.70,30.89
2024-03-08,25.52,24.81,26.39,24.28,104284,260536637.00,7.48,-12.08,-3.41,24.40
2024-03-11,24.08,24.44,24.50,23.50,68085,162650171.00,4.03,-1.49,-0.37,15.93
2024-03-12,24.06,25.49,25.60,23.81,78162,192071155.00,7.32,4.30,1.05,18.29
2024-03-13,25.01,24.72,25.11,24.18,45953,113042336.00,3.65,-3.02,-0.77,10.75
2024-03-14,24.68,25.71,28.50,24.27,64041,167475247.00,17.11,4.00,0.99,14.98
2024-03-15,25.17,26.37,27.48,24.74,62446,163845095.00,10.66,2.57,0.66,14.61
2024-03-18,25.85,26.56,26.83,25.56,47892,125495758.00,4.82,0.72,0.19,11.21
2024-03-19,26.27,25.64,26.61,25.63,38164,99336991.00,3.69,-3.46,-0.92,8.93
2024-03-20,25.60,25.44,25.82,24.80,29780,74884523.00,3.98,-0.78,-0.20,6.97
2024-03-21,25.20,25.45,25.79,25.16,23270,59077337.00,2.48,0.04,0.01,5.44
2024-03-22,25.50,24.94,25.50,24.34,24258,60413187.00,4.56,-2.00,-0.51,5.68
2024-03-25,24.65,23.90,25.19,23.66,16419,40269638.00,6.13,-4.17,-1.04,3.84
2024-03-26,23.85,23.34,23.94,22.80,16575,38727321.00,4.77,-2.34,-0.56,3.88
2024-03-27,23.34,23.13,24.20,22.80,17646,41401089.00,6.00,-0.90,-0.21,4.13
2024-03-28,22.88,23.96,23.99,22.88,17637,41694509.00,4.80,3.59,0.83,4.13
2024-03-29,23.73,24.15,24.17,23.21,16228,38631142.00,4.01,0.79,0.19,3.80
2024-04-01,24.00,24.40,24.47,23.81,13047,31654154.00,2.73,1.04,0.25,3.05
2024-04-02,24.44,24.22,24.64,24.01,12064,29340715.00,2.58,-0.74,-0.18,2.82
2024-04-03,24.05,23.37,24.16,23.05,10157,23821064.00,4.58,-3.51,-0.85,2.38
2024-04-08,23.20,22.07,23.35,22.02,11665,26216407.00,5.69,-5.56,-1.30,2.73
2024-04-09,22.08,22.62,22.93,22.08,9183,20654650.00,3.85,2.49,0.55,2.15
2024-04-10,22.71,22.00,22.94,21.69,9575,21221813.00,5.53,-2.74,-0.62,2.24
2024-04-11,22.08,22.23,22.80,21.63,10364,23212176.00,5.32,1.05,0.23,2.42
2024-04-12,22.31,22.27,23.46,22.17,11965,27231881.00,5.80,0.18,0.04,2.80
2024-04-15,22.20,19.44,22.29,19.21,23581,47816133.00,13.83,-12.71,-2.83,5.52
2024-04-16,19.38,16.74,19.38,16.60,19838,34320967.00,14.30,-13.89,-2.70,4.64
2024-04-17,17.00,19.14,19.66,17.00,26465,49573650.00,15.89,14.34,2.40,6.19
2024-04-18,18.97,19.76,19.80,18.23,20813,39883599.00,8.20,3.24,0.62,4.87
2024-04-19,19.76,19.84,19.98,19.23,13478,26370748.00,3.80,0.40,0.08,3.15
2024-04-22,21.46,23.81,23.81,21.11,33977,78580552.00,13.61,20.01,3.97,7.95
2024-04-23,23.26,25.09,26.12,22.85,59124,146207282.88,13.73,5.38,1.28,13.83