2009-01-05,7.65,7.95,7.95,7.65,48109,38055184.00,3.99,5.86,0.44,2.44
2009-01-06,7.97,8.32,8.38,7.83,67738,56066736.00,6.92,4.65,0.37,3.44
2009-01-07,8.37,8.30,8.69,8.23,76049,65312972.00,5.53,-0.24,-0.02,3.86
2009-01-08,8.05,8.30,8.39,7.96,69588,57909424.00,5.18,0.00,0.00,3.53
2009-01-09,8.28,8.46,8.55,8.20,62957,53404108.00,4.22,1.93,0.16,3.20
2009-01-12,8.40,8.37,8.58,8.25,67502,57477360.00,3.90,-1.06,-0.09,3.43
2009-01-13,8.26,7.96,8.26,7.92,50368,41221748.00,4.06,-4.90,-0.41,2.56
2009-01-14,8.00,8.43,8.51,8.00,56658,47283928.00,6.41,5.90,0.47,2.88
2009-01-15,8.33,8.49,8.67,8.25,84930,72907184.00,4.98,0.71,0.06,4.31
2009-01-16,8.56,8.60,8.88,8.51,94710,83712112.00,4.36,1.30,0.11,4.81
2009-01-19,8.68,8.75,9.00,8.60,82972,73937408.00,4.65,1.74,0.15,4.21
2009-01-20,8.70,8.62,8.79,8.45,49097,42575212.00,3.89,-1.49,-0.13,2.49
2009-01-21,8.48,8.60,8.79,8.40,56326,49246976.00,4.52,-0.23,-0.02,2.86
2009-01-22,8.61,8.65,8.75,8.47,58162,50727684.00,3.26,0.58,0.05,2.95
2009-01-23,8.67,8.56,8.79,8.53,56463,49240848.00,3.01,-1.04,-0.09,2.87
2009-02-02,8.56,8.64,8.67,8.40,49193,42535156.00,3.15,0.93,0.08,2.50
2009-02-03,8.66,9.05,9.10,8.58,116174,104589400.00,6.02,4.75,0.41,5.90
2009-02-04,9.13,9.34,9.36,9.02,133636,124989440.00,3.76,3.20,0.29,6.79
2009-02-05,9.42,9.32,9.80,9.10,172543,166256144.00,7.49,-0.21,-0.02,8.76
2009-02-06,9.35,10.05,10.16,9.31,232046,228355472.00,9.12,7.83,0.73,11.78
2009-02-09,10.22,10.72,10.95,9.99,258276,270748448.00,9.55,6.67,0.67,11.91
2009-02-10,10.59,11.06,11.24,10.31,189816,208413968.00,8.68,3.17,0.34,8.75
2009-02-11,10.80,10.87,11.56,10.61,204828,230331024.00,8.59,-1.72,-0.19,9.44
2009-02-12,10.95,11.01,11.15,10.10,158902,170777408.00,9.66,1.29,0.14,7.33
2009-02-13,11.00,12.12,12.12,10.95,276988,325717280.00,10.63,10.08,1.11,12.77
2009-02-16,12.50,12.13,12.68,11.70,273827,335767616.00,8.09,0.08,0.01,12.62
2009-02-17,11.98,11.47,12.05,11.46,153069,180715632.00,4.86,-5.44,-0.66,7.06
2009-02-18,11.11,10.61,11.44,10.55,128657,142767504.00,7.76,-7.50,-0.86,5.93
2009-02-19,10.88,11.00,11.06,10.61,96975,106356912.00,4.24,3.68,0.39,4.47
2009-02-20,10.96,11.31,11.40,10.76,88653,99293952.00,5.82,2.82,0.31,4.09
2009-02-23,11.53,12.05,12.25,11.53,167222,201964448.00,6.37,6.54,0.74,7.71
2009-02-24,11.89,11.30,12.40,11.29,175366,209308800.00,9.21,-6.22,-0.75,8.08
2009-02-25,11.25,11.03,11.62,10.56,126099,139763920.00,9.38,-2.39,-0.27,5.81
2009-02-26,10.98,9.92,11.05,9.92,106690,112640120.00,10.24,-10.06,-1.11,4.92
2009-02-27,9.70,9.37,9.86,9.21,84608,81333064.00,6.55,-5.54,-0.55,3.90
2009-03-02,9.30,9.80,9.90,9.23,63446,61981244.00,7.15,4.59,0.43,2.92
2009-03-03,9.55,9.63,9.89,9.40,54144,52983304.00,5.00,-1.73,-0.17,2.50
2009-03-04,9.67,10.40,10.43,9.67,92087,94557784.00,7.89,8.00,0.77,4.25
2009-03-05,10.57,10.48,10.80,10.08,118393,125334728.00,6.92,0.77,0.08,5.46
2009-03-06,10.29,10.58,10.84,10.20,86776,93015744.00,6.11,0.95,0.10,4.00
2009-03-09,10.61,10.03,10.97,9.90,80703,85613448.00,10.11,-5.20,-0.55,3.72
2009-03-10,9.80,10.27,10.28,9.72,49336,49759916.00,5.58,2.39,0.24,2.27
2009-03-11,10.46,10.20,10.70,10.15,60066,63197068.00,5.36,-0.68,-0.07,2.77
2009-03-12,10.22,10.38,10.57,9.77,56307,57637172.00,7.84,1.76,0.18,2.60
2009-03-13,10.50,10.16,10.53,10.16,42804,44501764.00,3.56,-2.12,-0.22,1.97
2009-03-16,10.10,10.27,10.33,9.92,33396,34316340.00,4.04,1.08,0.11,1.54
2009-03-17,10.33,11.31,11.31,10.26,188317,208307168.00,10.22,10.13,1.04,8.68
2009-03-18,11.50,11.34,11.84,11.26,215295,249683856.00,5.13,0.27,0.03,9.93
2009-03-19,11.38,11.57,11.68,11.32,121393,141011872.00,3.17,2.03,0.23,5.60
2009-03-20,11.58,11.75,11.88,11.19,155633,180658064.00,5.96,1.56,0.18,7.17
2009-03-23,11.82,12.19,12.65,11.82,196453,242903856.00,7.06,3.74,0.44,9.06
2009-03-24,12.32,12.16,12.63,11.96,158485,196655776.00,5.50,-0.25,-0.03,7.31
2009-03-25,12.05,11.65,12.30,11.65,139187,167716624.00,5.35,-4.19,-0.51,6.42
2009-03-26,11.46,12.10,12.18,11.40,128417,152165792.00,6.70,3.86,0.45,5.92
2009-03-27,12.14,12.21,12.47,11.93,136990,168159904.00,4.46,0.91,0.11,6.32
2009-03-30,12.10,11.82,12.20,11.80,83961,101068128.00,3.28,-3.19,-0.39,3.87
2009-03-31,11.55,12.02,12.02,11.40,79064,93333712.00,5.25,1.69,0.20,3.64
2009-04-01,12.10,12.35,12.65,12.02,146483,181627040.00,5.24,2.75,0.33,6.75
2009-04-02,12.51,12.31,12.59,12.19,140783,176084000.00,3.24,-0.32,-0.04,6.49
2009-04-03,12.50,12.72,13.16,12.31,238592,306912256.00,6.90,3.33,0.41,11.00
2009-04-07,12.65,12.45,12.82,12.23,128818,162159536.00,4.64,-2.12,-0.27,5.94
2009-04-08,12.40,11.70,12.58,11.68,117633,143156896.00,7.23,-6.02,-0.75,5.42
2009-04-09,11.69,11.90,11.90,11.37,89345,105379384.00,4.53,1.71,0.20,4.12
2009-04-10,12.08,12.28,12.31,11.81,111577,135972880.00,4.20,3.19,0.38,5.14
2009-04-13,12.40,12.35,12.49,12.25,122978,153101888.00,1.95,0.57,0.07,5.67
2009-04-14,12.36,12.70,12.91,12.21,157206,201000032.00,5.67,2.83,0.35,7.25
2009-04-15,12.65,12.55,12.65,12.18,129766,162528848.00,3.70,-1.18,-0.15,5.98
2009-04-16,12.58,13.00,13.18,12.22,196436,252654688.00,7.65,3.59,0.45,9.06
2009-04-17,12.61,12.26,12.70,12.21,175507,220054752.00,3.77,-5.69,-0.74,8.09
2009-04-20,12.20,12.29,12.37,11.92,121156,148478128.00,3.67,0.24,0.03,5.59
2009-04-21,12.13,11.94,12.15,11.70,109959,132680272.00,3.66,-2.85,-0.35,5.07
2009-04-22,12.00,11.41,12.23,11.40,91490,109345984.00,6.95,-4.44,-0.53,4.22
2009-04-23,11.40,11.57,11.63,11.10,63132,72213392.00,4.65,1.40,0.16,2.91
2009-04-24,11.58,11.24,11.65,11.20,48584,55614044.00,3.89,-2.85,-0.33,2.24
2009-04-27,11.10,10.11,11.10,10.11,107084,112672464.00,8.81,-10.05,-1.13,4.94
2009-04-28,9.95,10.27,10.28,9.90,54477,55580096.00,3.76,1.58,0.16,2.51
2009-04-29,10.20,10.57,10.68,10.15,62708,66415288.00,5.16,2.92,0.30,2.89
2009-04-30,10.62,10.57,10.92,10.54,64838,70284224.00,3.60,0.00,0.00,2.99
2009-05-04,10.67,11.01,11.13,10.50,72050,79186480.00,5.96,4.16,0.44,3.32
2009-05-05,11.11,11.05,11.25,10.97,65951,73831776.00,2.54,0.36,0.04,3.04
2009-05-06,11.10,11.18,11.23,10.96,69571,78048120.00,2.44,1.18,0.13,3.21
2009-05-07,11.29,10.82,11.30,10.70,86040,94917544.00,5.37,-3.22,-0.36,3.97
2009-05-08,10.79,11.67,11.85,10.61,151348,173044736.00,11.46,7.86,0.85,6.98
2009-05-11,11.70,11.28,12.26,11.28,185731,222582432.00,8.40,-3.34,-0.39,8.56
2009-05-12,10.90,11.62,11.64,10.90,86982,98562488.00,6.56,3.01,0.34,4.01
2009-05-13,11.70,11.52,11.83,11.42,75948,88619152.00,3.53,-0.86,-0.10,3.50
2009-05-14,11.36,11.35,11.58,11.07,71488,81351648.00,4.43,-1.48,-0.17,3.30
2009-05-15,11.40,11.25,11.55,11.21,61210,70234536.00,3.00,-0.88,-0.10,2.82
2009-05-18,11.15,11.06,11.20,10.90,53043,59002396.00,2.67,-1.69,-0.19,2.45
2009-05-19,11.20,11.19,11.48,11.08,58113,66184916.00,3.62,1.18,0.13,2.68
2009-05-20,11.22,11.62,11.90,11.09,131421,152998592.00,7.24,3.84,0.43,6.06
2009-05-21,11.50,11.26,11.90,11.20,110642,129062072.00,6.02,-3.10,-0.36,5.10
2009-05-22,11.30,11.40,11.48,11.11,43390,49435340.00,3.29,1.24,0.14,2.00
2009-05-25,11.10,11.54,11.70,10.90,79503,90822944.00,7.02,1.23,0.14,3.67
2009-05-26,11.56,11.22,11.65,11.20,74859,86754688.00,3.90,-2.77,-0.32,3.45
2009-05-27,11.23,11.05,11.36,10.91,55514,62220052.00,4.01,-1.52,-0.17,2.56
2009-06-01,11.30,11.31,11.43,11.13,63963,72834272.00,2.71,2.35,0.26,2.95
2009-06-02,11.31,11.52,11.69,11.31,90791,105712656.00,3.36,1.86,0.21,4.19
2009-06-03,11.55,11.96,12.09,11.41,172746,207323120.00,5.90,3.82,0.44,7.96
2009-06-04,11.86,11.78,12.15,11.56,113528,135516240.00,4.93,-1.51,-0.18,5.23
2009-06-05,11.70,12.10,12.40,11.70,181685,221457472.00,5.94,2.72,0.32,8.38
2009-06-08,12.03,12.43,12.66,12.01,188847,235940720.00,5.37,2.73,0.33,8.71
2009-06-09,12.53,12.80,12.90,12.30,215037,275179168.00,4.83,2.98,0.37,9.91
2009-06-10,12.79,12.61,12.87,12.42,152963,193957136.00,3.52,-1.48,-0.19,7.05
2009-06-11,12.51,12.06,12.54,11.93,132943,163196608.00,4.84,-4.36,-0.55,6.13
2009-06-12,11.99,11.65,12.20,11.58,98831,118261304.00,5.14,-3.40,-0.41,4.56
2009-06-15,11.66,11.95,12.00,11.60,67280,79986368.00,3.43,2.58,0.30,3.10
2009-06-16,11.87,11.74,11.95,11.70,66146,78619944.00,2.09,-1.76,-0.21,3.05
2009-06-17,11.79,12.23,12.40,11.48,151500,182691200.00,7.84,4.17,0.49,6.98
2009-06-18,12.13,11.99,12.17,11.92,102943,124859280.00,2.04,-1.96,-0.24,4.75
2009-06-19,12.00,12.15,12.38,11.98,94822,116355440.00,3.34,1.33,0.16,4.37
2009-06-22,12.28,11.78,12.35,11.73,92067,111428736.00,5.10,-3.05,-0.37,4.24
2009-06-23,11.68,11.51,11.74,11.40,77068,89622512.00,2.89,-2.29,-0.27,3.55
2009-06-24,11.48,11.60,11.75,11.43,49935,58425792.00,2.78,0.78,0.09,2.30
2009-06-25,11.60,11.71,11.94,11.57,64072,76080072.00,3.19,0.95,0.11,2.95
2009-06-26,11.68,12.18,12.29,11.54,124524,149818256.00,6.40,4.01,0.47,5.74
2009-06-29,12.08,12.30,12.76,12.05,193784,242727936.00,5.83,0.99,0.12,8.93
2009-07-01,12.11,13.02,13.50,12.10,295302,386066400.00,11.38,5.85,0.72,13.61
2009-07-02,13.09,13.20,13.35,12.90,208293,274977984.00,3.46,1.38,0.18,9.60
2009-07-03,13.01,14.08,14.48,12.99,275751,384585184.00,11.29,6.67,0.88,12.71
2009-07-06,14.28,14.18,14.88,13.94,264238,381466720.00,6.68,0.71,0.10,12.18
2009-07-07,13.96,13.45,14.09,13.39,188649,259195392.00,4.94,-5.15,-0.73,8.70
2009-07-08,13.22,14.05,14.20,13.20,160699,220820640.00,7.43,4.46,0.60,7.41
2009-07-09,13.90,13.83,14.00,13.55,120587,167411824.00,3.20,-1.57,-0.22,5.56
2009-07-10,13.90,14.30,14.70,13.88,182220,263162896.00,5.93,3.40,0.47,8.40
2009-07-13,14.20,14.75,15.10,13.81,177700,262075728.00,9.02,3.15,0.45,8.19
2009-07-14,14.60,14.87,14.90,14.51,126387,186869648.00,2.64,0.81,0.12,5.83
2009-07-15,14.65,14.56,14.75,14.32,177525,258498032.00,2.89,-2.08,-0.31,8.18
2009-07-16,14.50,14.09,14.71,14.09,169993,244793552.00,4.26,-3.23,-0.47,7.84
2009-07-17,14.10,13.77,14.13,13.55,184042,255603232.00,4.12,-2.27,-0.32,8.48
2009-07-20,13.70,14.04,14.06,13.70,134865,188851808.00,2.61,1.96,0.27,6.22
2009-07-21,14.06,13.95,14.39,13.72,145871,207029792.00,4.77,-0.64,-0.09,6.72
2009-07-22,13.90,14.05,14.20,13.78,101680,143305648.00,3.01,0.72,0.10,4.69
2009-07-23,14.10,14.47,14.70,14.05,155484,226343168.00,4.63,2.99,0.42,7.17
2009-07-24,14.65,14.26,14.78,13.90,145370,209952576.00,6.08,-1.45,-0.21,6.70
2009-07-27,14.26,14.24,14.38,13.97,111996,159185280.00,2.88,-0.14,-0.02,5.16
2009-07-28,14.25,14.66,14.72,13.98,186203,269738208.00,5.20,2.95,0.42,8.58
2009-07-29,14.60,13.18,14.60,13.18,166268,231633616.00,9.69,-10.10,-1.48,7.67
2009-07-30,13.28,13.01,13.48,12.52,108758,141941984.00,7.28,-1.29,-0.17,5.01
2009-07-31,13.14,13.36,13.42,12.85,97311,129587248.00,4.38,2.69,0.35,4.49
2009-08-03,13.39,13.66,13.66,13.04,107661,144593504.00,4.64,2.25,0.30,4.96
2009-08-04,13.68,13.50,13.86,13.27,94521,129646472.00,4.32,-1.17,-0.16,4.36
2009-08-05,13.65,13.32,13.75,13.10,90878,122895280.00,4.81,-1.33,-0.18,4.19
2009-08-06,13.17,13.50,13.83,12.78,123141,165246672.00,7.88,1.35,0.18,5.68
2009-08-07,13.50,12.86,13.57,12.79,78311,103953704.00,5.78,-4.74,-0.64,3.61
2009-08-10,12.90,12.99,13.15,12.78,57849,75264264.00,2.88,1.01,0.13,2.67
2009-08-11,13.06,13.01,13.23,12.95,49068,64594536.00,2.16,0.15,0.02,2.26
2009-08-12,12.90,12.59,13.10,12.56,65291,84452672.00,4.15,-3.23,-0.42,3.01
2009-08-13,12.74,12.86,12.93,12.53,87591,112317848.00,3.18,2.14,0.27,4.04
2009-08-14,12.86,12.09,12.88,12.02,70300,88196624.00,6.69,-5.99,-0.77,3.24
2009-08-17,11.90,10.87,12.00,10.87,84200,95877072.00,9.35,-10.09,-1.22,3.88
2009-08-18,10.31,10.84,10.92,10.31,58804,63478768.00,5.61,-0.28,-0.03,2.71
2009-08-19,10.88,9.79,10.88,9.75,76785,79301320.00,10.42,-9.69,-1.05,3.54
2009-08-20,9.75,10.10,10.15,9.71,73296,73729952.00,4.49,3.17,0.31,3.38
2009-08-21,10.08,10.23,10.30,9.91,77483,79322584.00,3.86,1.29,0.13,3.57
2009-08-24,10.29,10.61,10.61,10.14,85228,89021072.00,4.59,3.71,0.38,3.93
2009-08-25,10.50,10.07,10.50,9.85,72394,73766736.00,6.13,-5.09,-0.54,3.34
2009-08-26,10.00,10.36,10.56,9.96,71644,75022152.00,5.96,2.88,0.29,3.30
2009-08-28,10.16,10.06,10.49,9.91,61912,63731992.00,5.60,-2.90,-0.30,2.85
2009-08-31,9.95,9.22,10.16,9.17,71312,69659016.00,9.84,-8.35,-0.84,3.29
2009-09-01,9.20,9.44,9.75,9.14,55548,52861888.00,6.62,2.39,0.22,2.56
2009-09-02,9.40,9.50,9.59,9.18,35413,33763988.00,4.34,0.64,0.06,1.63
2009-09-03,9.57,10.09,10.14,9.44,78809,78731896.00,7.37,6.21,0.59,3.63
2009-09-04,9.99,10.06,10.24,9.90,64089,65122220.00,3.37,-0.30,-0.03,2.95
2009-09-07,10.15,10.05,10.22,9.95,53940,55097196.00,2.68,-0.10,-0.01,2.49
2009-09-08,10.03,10.29,10.32,9.84,65294,67123312.00,4.78,2.39,0.24,3.01
2009-09-09,10.35,10.31,10.38,10.03,61570,63373160.00,3.40,0.19,0.02,2.84
2009-09-10,10.29,10.24,10.50,10.16,69159,72272904.00,3.30,-0.68,-0.07,3.19
2009-09-11,10.20,10.36,10.50,10.18,64283,67361432.00,3.13,1.17,0.12,2.96
2009-09-14,10.40,10.77,10.86,10.37,77721,83564968.00,4.73,3.96,0.41,3.58
2009-09-15,10.79,10.79,10.89,10.54,68895,74643672.00,3.25,0.19,0.02,3.18
2009-09-16,10.78,10.51,10.83,10.30,64632,68951136.00,4.91,-2.59,-0.28,2.98
2009-09-17,10.52,11.09,11.21,10.48,109222,120044056.00,6.95,5.52,0.58,5.04
2009-09-18,11.10,10.70,11.14,10.40,85167,93089432.00,6.67,-3.52,-0.39,3.93
2009-09-21,10.55,10.85,11.06,10.30,54181,57909672.00,7.10,1.40,0.15,2.50
2009-09-22,11.03,10.64,11.07,10.45,54449,59182352.00,5.71,-1.94,-0.21,2.51
2009-09-23,10.59,10.28,10.59,10.03,44407,46211540.00,5.26,-3.38,-0.36,2.05
2009-09-24,10.28,10.13,10.57,9.92,49564,51500004.00,6.32,-1.46,-0.15,2.28
2009-09-25,10.40,10.19,10.57,10.05,46683,48495616.00,5.13,0.59,0.06,2.15
2009-09-28,10.22,9.52,10.26,9.42,61533,61267520.00,8.24,-6.58,-0.67,2.84
2009-09-29,9.53,9.44,9.76,9.20,37491,35779688.00,5.88,-0.84,-0.08,1.73
2009-09-30,9.48,9.52,9.70,9.41,30153,29094888.00,3.07,0.85,0.08,1.39
2009-10-09,9.73,9.94,9.95,9.59,39904,39687832.00,3.78,4.41,0.42,1.84
2009-10-12,9.94,9.76,9.94,9.70,38947,38698288.00,2.41,-1.81,-0.18,1.80
2009-10-13,9.70,9.94,9.95,9.69,29824,29613300.00,2.66,1.84,0.18,1.37
2009-10-14,9.95,10.10,10.34,9.95,62872,64748100.00,3.92,1.61,0.16,2.90
2009-10-15,10.13,10.24,10.35,10.03,63858,66012952.00,3.17,1.39,0.14,2.94
2009-10-16,10.32,10.25,10.48,10.05,50097,51850820.00,4.20,0.10,0.01,2.31
2009-10-19,10.30,10.77,10.79,10.25,93945,100490272.00,5.27,5.07,0.52,4.33
2009-10-20,10.78,10.76,10.84,10.50,79787,86035360.00,3.16,-0.09,-0.01,3.68
2009-10-21,10.77,10.95,11.09,10.61,117457,129227224.00,4.46,1.77,0.19,5.41
2009-10-22,10.90,10.79,10.93,10.67,71473,77851128.00,2.37,-1.46,-0.16,3.29
2009-10-23,10.81,10.97,11.25,10.79,113054,126116704.00,4.26,1.67,0.18,5.21
2009-10-26,11.00,11.14,11.15,10.91,84229,93879672.00,2.19,1.55,0.17,3.88
2009-10-27,11.03,10.59,11.09,10.57,75601,82686440.00,4.67,-4.94,-0.55,3.49
2009-10-28,11.05,11.66,11.66,11.00,289618,339664928.00,6.23,10.10,1.07,13.35
2009-10-29,11.60,11.93,12.66,11.45,333341,403995712.00,10.38,2.32,0.27,15.37
2009-10-30,12.08,11.89,12.50,11.81,169726,206932784.00,5.78,-0.34,-0.04,7.82
2009-11-02,11.55,12.20,12.20,11.31,138315,164650592.00,7.49,2.61,0.31,6.38
2009-11-03,12.20,12.38,12.51,12.10,113751,141276032.00,3.36,1.48,0.18,5.24
2009-11-04,12.41,12.17,12.49,12.10,79988,98681144.00,3.15,-1.70,-0.21,3.69
2009-11-05,12.12,12.58,12.98,12.12,103989,132782568.00,7.07,3.37,0.41,4.79
2009-11-06,12.60,12.64,12.90,12.42,96919,123416120.00,3.82,0.48,0.06,4.47
2009-11-09,12.64,13.19,13.30,12.52,107767,142368288.00,6.17,4.35,0.55,4.97
2009-11-10,13.35,13.21,13.39,13.10,77092,102815136.00,2.20,0.15,0.02,3.55
2009-11-11,13.16,13.09,13.20,12.93,64559,84954224.00,2.04,-0.91,-0.12,2.98
2009-11-12,13.18,13.57,13.80,13.18,108655,149020624.00,4.74,3.67,0.48,5.01
2009-11-13,13.65,14.10,14.20,13.50,103985,145201232.00,5.16,3.91,0.53,4.79
2009-11-16,14.16,14.09,14.89,13.98,146445,212784800.00,6.45,-0.07,-0.01,6.75
2009-11-17,14.12,14.38,14.50,14.05,96262,138186144.00,3.19,2.06,0.29,4.44
2009-11-18,14.49,14.68,14.77,13.93,155416,225079488.00,5.84,2.09,0.30,7.16
2009-11-19,14.76,14.27,15.10,14.14,160589,233325568.00,6.54,-2.79,-0.41,7.40
2009-11-23,14.41,14.02,14.45,12.90,209281,291885920.00,10.86,-1.75,-0.25,9.65
2009-11-24,13.90,13.28,14.15,13.21,192838,267320160.00,6.70,-5.28,-0.74,8.89
2009-11-25,13.59,14.37,14.43,13.59,221202,312870240.00,6.33,8.21,1.09,10.20
2009-11-26,14.41,13.85,14.75,13.72,153000,219393840.00,7.17,-3.62,-0.52,7.05
2009-11-27,13.65,12.90,13.65,12.59,130772,173061488.00,7.65,-6.86,-0.95,6.03
2009-11-30,12.85,13.16,13.23,12.76,89085,116664704.00,3.64,2.02,0.26,4.11
2009-12-01,13.07,13.50,13.52,12.95,71558,95682056.00,4.33,2.58,0.34,3.30
2009-12-02,13.41,13.79,14.08,13.38,85613,118576408.00,5.19,2.15,0.29,3.95
2009-12-03,13.66,13.58,13.84,13.40,60477,82723880.00,3.19,-1.52,-0.21,2.79
2009-12-04,13.60,13.33,13.94,13.00,70826,96203520.00,6.92,-1.84,-0.25,3.27
2009-12-07,13.48,13.60,13.74,13.30,45074,61204200.00,3.30,2.03,0.27,2.08
2009-12-08,13.72,13.94,14.07,13.65,90181,126012384.00,3.09,2.50,0.34,4.16
2009-12-09,13.94,13.49,13.94,13.41,54202,74566392.00,3.80,-3.23,-0.45,2.50
2009-12-10,13.58,13.45,13.87,13.30,38125,51894456.00,4.23,-0.30,-0.04,1.76
2009-12-11,13.43,13.46,13.65,13.41,27011,36818464.00,1.78,0.07,0.01,1.25
2009-12-14,13.47,14.14,14.20,13.46,105607,147653616.00,5.50,5.05,0.68,4.87
2009-12-15,13.93,13.58,14.09,13.57,67836,93820528.00,3.68,-3.96,-0.56,3.13
2009-12-16,13.42,13.40,13.69,13.10,59660,80507144.00,4.34,-1.33,-0.18,2.75
2009-12-17,13.38,12.52,13.59,12.50,74132,96473688.00,8.13,-6.57,-0.88,3.42
2009-12-18,12.40,11.83,12.44,11.75,58549,71253464.00,5.51,-5.51,-0.69,2.70
2009-12-21,11.72,11.94,12.06,11.63,35014,41781732.00,3.63,0.93,0.11,1.61
2009-12-22,11.90,11.30,11.99,11.22,46930,54664848.00,6.45,-5.36,-0.64,2.16
2009-12-23,11.31,11.41,11.50,11.23,30324,34748144.00,2.39,0.97,0.11,1.40
2009-12-24,11.41,11.78,11.84,11.30,34437,40474188.00,4.73,3.24,0.37,1.59
2009-12-25,11.79,11.77,12.01,11.65,34384,41127460.00,3.06,-0.08,-0.01,1.59
2009-12-28,11.86,11.96,12.05,11.78,34765,41914060.00,2.29,1.61,0.19,1.60
2009-12-29,12.02,11.83,12.02,11.48,58397,68929328.00,4.52,-1.09,-0.13,2.69
2009-12-30,11.73,11.91,12.19,11.58,60084,72028056.00,5.16,0.68,0.08,2.77
2009-12-31,11.79,11.91,12.05,11.69,34588,41324928.00,3.02,0.00,0.00,1.59