2005-01-04,2.67,2.65,2.72,2.63,3178,1303199.25,3.33,-1.85,-0.05,0.43
2005-01-05,2.42,2.47,2.53,2.37,20728,7840760.00,6.04,-6.79,-0.18,2.79
2005-01-06,2.47,2.47,2.51,2.44,6762,2575277.00,2.83,0.00,0.00,0.91
2005-01-07,2.47,2.52,2.56,2.43,8129,3134795.00,5.26,2.02,0.05,1.09
2005-01-10,2.52,2.55,2.57,2.51,3677,1435918.75,2.38,1.19,0.03,0.49
2005-01-11,2.57,2.55,2.57,2.50,4537,1764920.88,2.75,0.00,0.00,0.61
2005-01-12,2.52,2.53,2.54,2.48,4181,1612205.00,2.35,-0.78,-0.02,0.56
2005-01-13,2.49,2.55,2.56,2.48,5758,2241854.50,3.16,0.79,0.02,0.77
2005-01-14,2.52,2.47,2.56,2.47,3658,1419751.62,3.53,-3.14,-0.08,0.49
2005-01-17,2.42,2.43,2.48,2.40,4153,1556478.25,3.24,-1.62,-0.04,0.56
2005-01-18,2.43,2.51,2.52,2.43,3151,1199427.75,3.70,3.29,0.08,0.42
2005-01-19,2.52,2.53,2.54,2.48,3071,1189244.00,2.39,0.80,0.02,0.41
2005-01-20,2.51,2.49,2.53,2.43,3390,1297950.00,3.95,-1.58,-0.04,0.46
2005-01-21,2.57,2.56,2.57,2.47,6562,2561697.00,4.02,2.81,0.07,0.88
2005-01-24,2.59,2.57,2.63,2.54,8069,3198358.00,3.52,0.39,0.01,1.09
2005-01-25,2.57,2.54,2.57,2.50,5897,2295770.75,2.72,-1.17,-0.03,0.79
2005-01-26,2.53,2.48,2.53,2.47,3210,1232977.00,2.36,-2.36,-0.06,0.43
2005-01-27,2.49,2.49,2.55,2.47,3716,1429952.38,3.23,0.40,0.01,0.50
2005-01-28,2.47,2.41,2.49,2.39,4190,1565185.50,4.02,-3.21,-0.08,0.56
2005-01-31,2.41,2.29,2.43,2.27,4287,1538737.00,6.64,-4.98,-0.12,0.58
2005-02-01,2.29,2.26,2.35,2.24,2080,737775.00,4.80,-1.31,-0.03,0.28
2005-02-02,2.26,2.37,2.38,2.26,4731,1705890.50,5.31,4.87,0.11,0.64
2005-02-03,2.39,2.33,2.42,2.32,4983,1818349.88,4.22,-1.69,-0.04,0.67
2005-02-04,2.27,2.37,2.41,2.27,4606,1679887.12,6.01,1.72,0.04,0.62
2005-02-16,2.44,2.42,2.45,2.37,3586,1339285.75,3.38,2.11,0.05,0.48
2005-02-17,2.41,2.43,2.43,2.39,2154,799448.00,1.65,0.41,0.01,0.29
2005-02-18,2.43,2.41,2.44,2.40,2459,916486.00,1.65,-0.82,-0.02,0.33
2005-02-21,2.40,2.44,2.45,2.40,3673,1378833.62,2.07,1.24,0.03,0.49
2005-02-22,2.45,2.50,2.53,2.43,6953,2664543.00,4.10,2.46,0.06,0.94
2005-02-23,2.50,2.57,2.63,2.47,12902,5091337.00,6.40,2.80,0.07,1.74
2005-02-24,2.55,2.55,2.57,2.51,6024,2351312.50,2.33,-0.78,-0.02,0.81
2005-02-25,2.55,2.54,2.58,2.51,7248,2848246.00,2.75,-0.39,-0.01,0.97
2005-02-28,2.55,2.51,2.55,2.51,3803,1477177.62,1.57,-1.18,-0.03,0.51
2005-03-01,2.52,2.61,2.65,2.50,13396,5359853.50,5.98,3.98,0.10,1.80
2005-03-02,2.61,2.67,2.70,2.57,19153,7784742.50,4.98,2.30,0.06,2.58
2005-03-03,2.64,2.66,2.72,2.63,14176,5812234.00,3.37,-0.37,-0.01,1.91
2005-03-04,2.67,2.61,2.69,2.60,9207,3743220.00,3.38,-1.88,-0.05,1.24
2005-03-08,2.66,2.66,2.67,2.61,6808,2760429.00,2.30,1.92,0.05,0.92
2005-03-09,2.67,2.64,2.67,2.63,6424,2613522.50,1.50,-0.75,-0.02,0.86
2005-03-10,2.66,2.55,2.66,2.52,8028,3204505.00,5.30,-3.41,-0.09,1.08
2005-03-11,2.55,2.55,2.59,2.53,4648,1831516.00,2.35,0.00,0.00,0.63
2005-03-14,2.57,2.59,2.60,2.51,6567,2579598.00,3.53,1.57,0.04,0.88
2005-03-15,2.63,2.67,2.74,2.60,21494,8840395.00,5.41,3.09,0.08,2.89
2005-03-16,2.69,2.65,2.70,2.61,9754,3966179.75,3.37,-0.75,-0.02,1.31
2005-03-17,2.60,2.45,2.62,2.39,19262,7353104.50,8.68,-7.55,-0.20,2.59
2005-03-18,2.41,2.39,2.43,2.37,7059,2611214.00,2.45,-2.45,-0.06,0.95
2005-03-21,2.39,2.43,2.43,2.34,7114,2619584.00,3.77,1.67,0.04,0.96
2005-03-22,2.43,2.31,2.43,2.25,5148,1859175.25,7.41,-4.94,-0.12,0.69
2005-03-23,2.29,2.33,2.40,2.29,6853,2467497.50,4.76,0.87,0.02,0.92
2005-03-24,2.33,2.39,2.39,2.32,5122,1864317.62,3.00,2.58,0.06,0.69
2005-03-25,2.37,2.35,2.39,2.31,3335,1210879.88,3.35,-1.67,-0.04,0.45
2005-03-28,2.34,2.39,2.40,2.30,3621,1310082.00,4.26,1.70,0.04,0.49
2005-03-29,2.38,2.42,2.43,2.37,4602,1707632.25,2.51,1.26,0.03,0.62
2005-03-30,2.37,2.35,2.37,2.27,7899,2821218.00,4.13,-2.89,-0.07,1.06
2005-04-01,2.30,2.40,2.46,2.28,9213,3380177.75,7.66,2.13,0.05,1.24
2005-04-04,2.39,2.47,2.59,2.35,17372,6683786.50,10.00,2.92,0.07,2.34
2005-04-05,2.44,2.59,2.68,2.43,29632,11808126.00,10.12,4.86,0.12,3.99
2005-04-06,2.59,2.63,2.65,2.55,20344,8137238.00,3.86,1.54,0.04,2.74
2005-04-07,2.63,2.61,2.65,2.57,17721,7129278.00,3.04,-0.76,-0.02,2.38
2005-04-08,2.60,2.69,2.71,2.58,21030,8608493.00,4.98,3.07,0.08,2.83
2005-04-11,2.65,2.60,2.66,2.55,17788,7103091.50,4.09,-3.35,-0.09,2.39
2005-04-12,2.60,2.55,2.60,2.53,10124,3972284.00,2.69,-1.92,-0.05,1.36
2005-04-13,2.55,2.59,2.63,2.55,11552,4613900.00,3.14,1.57,0.04,1.55
2005-04-14,2.60,2.52,2.63,2.51,8375,3291731.50,4.63,-2.70,-0.07,1.13
2005-04-15,2.52,2.73,2.78,2.50,35259,14441313.00,11.11,8.33,0.21,4.74
2005-04-18,2.71,2.77,2.80,2.67,38144,16039217.00,4.76,1.47,0.04,5.13
2005-04-19,2.77,2.77,2.79,2.67,22942,9634481.00,4.33,0.00,0.00,3.09
2005-04-20,2.75,2.60,2.77,2.55,21498,8683801.00,7.94,-6.14,-0.17,2.89
2005-04-21,2.57,2.59,2.67,2.56,11603,4657447.50,4.23,-0.38,-0.01,1.56
2005-04-22,2.57,2.33,2.63,2.32,25847,9438303.00,11.97,-10.04,-0.26,3.48
2005-04-25,2.24,2.08,2.24,2.08,11424,3717629.25,6.87,-10.73,-0.25,1.54
2005-04-26,1.88,2.00,2.05,1.88,20544,6242104.00,8.17,-3.85,-0.08,2.76
2005-04-27,1.96,1.94,2.01,1.94,11047,3375766.00,3.50,-3.00,-0.06,1.49
2005-04-28,1.94,2.00,2.02,1.94,10633,3294831.00,4.12,3.09,0.06,1.43
2005-04-29,2.01,2.02,2.06,1.97,10796,3373125.50,4.50,1.00,0.02,1.45
2005-05-09,2.06,1.81,2.06,1.81,11158,3215844.25,12.38,-10.40,-0.21,1.50
2005-05-10,1.77,1.71,1.77,1.63,12385,3241335.50,7.73,-5.52,-0.10,1.67
2005-05-11,1.69,1.68,1.71,1.65,4760,1246894.75,3.51,-1.75,-0.03,0.64
2005-05-12,1.66,1.69,1.73,1.65,6226,1650672.38,4.76,0.60,0.01,0.84
2005-05-13,1.69,1.74,1.78,1.66,9247,2492549.25,7.10,2.96,0.05,1.24
2005-05-16,1.73,1.71,1.73,1.65,7712,2025256.88,4.60,-1.72,-0.03,1.04
2005-05-17,1.71,1.74,1.75,1.68,6842,1847916.75,4.09,1.75,0.03,0.92
2005-05-18,1.73,1.76,1.77,1.70,6326,1709264.12,4.02,1.15,0.02,0.85
2005-05-19,1.76,1.78,1.79,1.73,5687,1557599.25,3.41,1.14,0.02,0.76
2005-05-20,1.76,1.74,1.79,1.73,4315,1187736.38,3.37,-2.25,-0.04,0.58
2005-05-23,1.72,1.66,1.72,1.66,3557,933839.38,3.45,-4.60,-0.08,0.48
2005-05-24,1.65,1.73,1.75,1.65,5820,1553792.88,6.02,4.22,0.07,0.78
2005-05-26,1.73,1.84,1.85,1.73,20536,5758398.00,6.94,6.36,0.11,2.76
2005-05-27,1.84,1.78,1.85,1.76,10752,3016679.00,4.89,-3.26,-0.06,1.45
2005-05-30,1.78,1.81,1.82,1.77,4818,1351776.38,2.81,1.69,0.03,0.65
2005-05-31,1.80,1.80,1.82,1.80,4321,1214414.62,1.10,-0.55,-0.01,0.58
2005-06-01,1.80,1.82,1.85,1.75,6710,1885517.25,5.56,1.11,0.02,0.90
2005-06-02,1.84,1.79,1.85,1.76,7828,2195414.25,4.95,-1.65,-0.03,1.05
2005-06-03,1.79,1.76,1.80,1.73,5302,1460019.00,3.91,-1.68,-0.03,0.71
2005-06-06,1.75,1.77,1.78,1.70,4280,1163438.50,4.55,0.57,0.01,0.58
2005-06-07,1.77,1.78,1.80,1.75,5513,1525811.12,2.82,0.56,0.01,0.74
2005-06-08,1.70,1.90,1.91,1.61,36258,10198758.00,16.85,6.74,0.12,4.88
2005-06-09,1.86,1.87,1.91,1.81,30818,8905198.00,5.26,-1.58,-0.03,4.15
2005-06-10,1.86,1.80,1.87,1.75,15026,4242466.50,6.42,-3.74,-0.07,2.02
2005-06-13,1.79,1.81,1.83,1.75,10122,2830305.25,4.44,0.56,0.01,1.36
2005-06-14,1.82,1.85,1.88,1.80,16387,4701234.50,4.42,2.21,0.04,2.20
2005-06-15,1.83,1.77,1.83,1.75,9221,2553842.50,4.32,-4.32,-0.08,1.24
2005-06-16,1.75,1.69,1.78,1.66,11432,3031972.50,6.78,-4.52,-0.08,1.54
2005-06-17,1.69,1.69,1.71,1.67,5877,1559132.00,2.37,0.00,0.00,0.79
2005-06-20,1.69,1.72,1.73,1.61,8366,2196796.25,7.10,1.78,0.03,1.13
2005-06-21,1.71,1.70,1.71,1.68,4908,1299569.88,1.74,-1.16,-0.02,0.66
2005-06-22,1.69,1.69,1.71,1.65,4270,1121258.75,3.53,-0.59,-0.01,0.57
2005-06-23,1.69,1.68,1.70,1.67,3154,833002.12,1.78,-0.59,-0.01,0.42
2005-06-24,1.67,1.69,1.69,1.65,2967,775926.38,2.38,0.60,0.01,0.40
2005-06-27,1.69,1.72,1.76,1.69,8181,2219737.00,4.14,1.78,0.03,1.10
2005-06-28,1.73,1.69,1.73,1.68,3206,848127.62,2.91,-1.74,-0.03,0.43
2005-06-29,1.68,1.67,1.71,1.67,2701,709419.56,2.37,-1.18,-0.02,0.36
2005-06-30,1.66,1.61,1.67,1.60,6196,1591336.00,4.19,-3.59,-0.06,0.83
2005-07-01,1.59,1.45,1.59,1.45,9806,2307681.25,8.70,-9.94,-0.16,1.32
2005-07-04,1.39,1.35,1.39,1.31,8328,1755823.88,5.52,-6.90,-0.10,1.12
2005-07-05,1.34,1.35,1.38,1.33,3403,730588.88,3.70,0.00,0.00,0.46
2005-07-06,1.35,1.38,1.39,1.35,4578,988620.25,2.96,2.22,0.03,0.62
2005-07-07,1.37,1.37,1.40,1.35,3383,735940.00,3.62,-0.72,-0.01,0.45
2005-07-08,1.36,1.33,1.39,1.31,3819,813457.94,5.84,-2.92,-0.04,0.51
2005-07-11,1.36,1.25,1.37,1.22,7551,1548510.00,11.28,-6.02,-0.08,1.02
2005-07-12,1.24,1.27,1.30,1.22,6039,1213532.25,6.40,1.60,0.02,0.81
2005-07-13,1.26,1.26,1.29,1.24,3343,672245.50,3.94,-0.79,-0.01,0.45
2005-07-14,1.26,1.29,1.29,1.22,5380,1075924.75,5.56,2.38,0.03,0.72
2005-07-15,1.26,1.16,1.29,1.15,7437,1429255.50,10.85,-10.08,-0.13,1.00
2005-07-18,1.16,1.16,1.16,1.11,5307,967825.75,4.31,0.00,0.00,0.71
2005-07-19,1.14,1.29,1.29,1.14,22686,4508078.00,12.93,11.21,0.13,3.05
2005-07-20,1.26,1.27,1.29,1.22,14441,2890087.50,5.43,-1.55,-0.02,1.94
2005-07-21,1.27,1.29,1.29,1.18,12053,2371305.75,8.66,1.57,0.02,1.62
2005-07-22,1.26,1.31,1.35,1.23,19461,4042474.25,9.30,1.55,0.02,2.62
2005-07-25,1.30,1.31,1.33,1.26,8669,1785924.00,5.34,0.00,0.00,1.17
2005-07-26,1.31,1.33,1.35,1.29,10495,2199234.75,4.58,1.53,0.02,1.41
2005-07-27,1.33,1.35,1.36,1.30,10293,2172812.25,4.51,1.50,0.02,1.38
2005-07-28,1.35,1.38,1.43,1.35,21404,4696392.00,5.93,2.22,0.03,2.88
2005-07-29,1.39,1.36,1.39,1.35,7465,1615985.75,2.90,-1.45,-0.02,1.00
2005-08-01,1.36,1.36,1.38,1.33,6676,1435672.50,3.68,0.00,0.00,0.90
2005-08-02,1.37,1.40,1.41,1.34,7256,1586823.12,5.15,2.94,0.04,0.98
2005-08-03,1.39,1.44,1.49,1.39,14044,3193213.50,7.14,2.86,0.04,1.89
2005-08-04,1.44,1.41,1.48,1.40,10210,2310927.50,5.56,-2.08,-0.03,1.37
2005-08-05,1.42,1.45,1.47,1.41,9744,2219360.00,4.26,2.84,0.04,1.31
2005-08-08,1.45,1.46,1.49,1.43,13787,3171410.50,4.14,0.69,0.01,1.85
2005-08-09,1.49,1.50,1.51,1.43,13851,3203146.50,5.48,2.74,0.04,1.86
2005-08-10,1.49,1.55,1.55,1.45,18973,4480823.00,6.67,3.33,0.05,2.55
2005-08-11,1.51,1.57,1.59,1.51,21754,5307733.00,5.16,1.29,0.02,2.93
2005-08-12,1.57,1.49,1.57,1.47,15227,3646431.75,6.37,-5.10,-0.08,2.05
2005-08-15,1.49,1.53,1.54,1.46,9543,2244762.00,5.37,2.68,0.04,1.28
2005-08-16,1.53,1.53,1.56,1.50,10062,2416860.00,3.92,0.00,0.00,1.35
2005-08-17,1.54,1.61,1.63,1.48,22870,5614330.50,9.80,5.23,0.08,3.08
2005-08-18,1.59,1.55,1.66,1.55,27823,7020410.00,6.83,-3.73,-0.06,3.74
2005-08-19,1.54,1.52,1.57,1.47,14074,3348198.25,6.45,-1.94,-0.03,1.89
2005-08-22,1.49,1.57,1.61,1.49,12945,3175539.50,7.89,3.29,0.05,1.74
2005-08-23,1.57,1.53,1.58,1.49,9685,2330662.25,5.73,-2.55,-0.04,1.30
2005-08-24,1.53,1.53,1.55,1.50,8813,2113602.25,3.27,0.00,0.00,1.19
2005-08-25,1.53,1.59,1.61,1.52,17691,4362721.00,5.88,3.92,0.06,2.38
2005-08-26,1.60,1.65,1.66,1.57,25196,6450719.50,5.66,3.77,0.06,3.39
2005-08-29,1.67,1.66,1.73,1.63,24985,6582194.50,6.06,0.61,0.01,3.36
2005-08-30,1.66,1.73,1.76,1.65,30711,8241451.50,6.63,4.22,0.07,4.13
2005-08-31,1.71,1.75,1.75,1.69,18641,5033352.00,3.47,1.16,0.02,2.51
2005-09-01,1.75,1.77,1.81,1.68,28307,7705531.50,7.43,1.14,0.02,3.81
2005-09-02,1.75,1.77,1.80,1.73,17312,4757250.50,3.95,0.00,0.00,2.33
2005-09-05,1.76,1.85,1.88,1.75,24319,6902589.50,7.34,4.52,0.08,3.27
2005-09-06,1.85,1.78,1.89,1.77,22501,6436460.50,6.49,-3.78,-0.07,3.03
2005-09-07,1.76,1.96,1.96,1.76,58043,17334504.00,11.24,10.11,0.18,7.81
2005-09-08,1.97,2.01,2.13,1.96,67722,21300720.00,8.67,2.55,0.05,9.11
2005-09-09,1.98,1.94,2.00,1.93,24602,7515237.50,3.48,-3.48,-0.07,3.31
2005-09-12,1.93,2.01,2.01,1.93,16352,5044183.50,4.12,3.61,0.07,2.20
2005-09-13,2.01,2.06,2.07,2.01,24616,7804824.00,2.99,2.49,0.05,3.31
2005-09-14,2.08,2.10,2.12,2.02,27750,8837071.00,4.85,1.94,0.04,3.73
2005-09-15,2.10,2.07,2.10,2.04,13178,4215115.50,2.86,-1.43,-0.03,1.77
2005-09-16,2.07,2.06,2.08,2.00,14545,4595386.00,3.86,-0.48,-0.01,1.96
2005-09-19,2.05,2.24,2.24,2.02,43733,14492610.00,10.68,8.74,0.18,5.88
2005-09-20,2.23,2.18,2.23,2.14,27164,9168689.00,4.02,-2.68,-0.06,3.65
2005-09-21,2.16,2.09,2.19,2.08,20759,6800998.50,5.05,-4.13,-0.09,2.79
2005-09-22,2.06,1.90,2.07,1.88,25871,7915190.00,9.09,-9.09,-0.19,3.48
2005-09-23,1.86,2.00,2.05,1.83,31357,9485457.00,11.58,5.26,0.10,4.22
2005-09-26,1.98,1.98,2.02,1.94,14765,4514620.50,4.00,-1.00,-0.02,1.99
2005-09-27,1.98,1.98,2.10,1.80,40528,12388055.00,15.15,0.00,0.00,5.45
2005-09-28,1.96,1.90,2.00,1.88,14202,4277140.50,6.06,-4.04,-0.08,1.91
2005-09-29,1.90,1.89,1.94,1.84,21191,6220097.50,5.26,-0.53,-0.01,2.85
2005-09-30,1.89,1.74,1.89,1.73,20301,5718980.00,8.47,-7.94,-0.15,2.73
2005-10-10,1.73,1.60,1.74,1.60,17434,4511515.50,8.05,-8.05,-0.14,2.34
2005-10-11,1.58,1.63,1.64,1.53,14953,3755697.50,6.88,1.88,0.03,2.01
2005-10-12,1.63,1.66,1.68,1.61,14960,3870600.50,4.29,1.84,0.03,2.01
2005-10-13,1.65,1.65,1.67,1.63,10959,2827387.25,2.41,-0.60,-0.01,1.47
2005-10-14,1.65,1.59,1.67,1.58,10469,2644350.50,5.45,-3.64,-0.06,1.41
2005-10-17,1.58,1.58,1.60,1.54,7945,1950851.38,3.77,-0.63,-0.01,1.07
2005-10-18,1.58,1.65,1.67,1.58,13021,3332548.50,5.70,4.43,0.07,1.75
2005-10-19,1.65,1.65,1.71,1.62,17315,4522491.00,5.45,0.00,0.00,2.33
2005-10-20,1.65,1.65,1.66,1.57,12533,3150245.75,5.45,0.00,0.00,1.69
2005-10-21,1.65,1.66,1.68,1.61,14309,3701630.50,4.24,0.61,0.01,1.92
2005-10-24,1.66,1.71,1.73,1.66,19009,5057148.50,4.22,3.01,0.05,2.56
2005-10-25,1.71,1.62,1.71,1.62,11014,2850699.25,5.26,-5.26,-0.09,1.48
2005-10-26,1.60,1.57,1.63,1.56,9904,2478789.75,4.32,-3.09,-0.05,1.33
2005-10-27,1.57,1.53,1.59,1.53,6545,1598403.25,3.82,-2.55,-0.04,0.88
2005-10-28,1.51,1.55,1.57,1.43,15802,3671750.25,9.15,1.31,0.02,2.13
2005-10-31,1.52,1.61,1.62,1.49,13683,3387271.50,8.39,3.87,0.06,1.84
2005-11-01,1.61,1.63,1.63,1.55,12378,3123526.00,4.97,1.24,0.02,1.66
2005-11-02,1.63,1.65,1.68,1.63,33572,8683380.00,3.07,1.23,0.02,4.52
2005-11-03,1.64,1.61,1.65,1.59,9597,2420825.00,3.64,-2.42,-0.04,1.29
2005-11-04,1.59,1.61,1.62,1.55,6971,1743560.00,4.35,0.00,0.00,0.94
2005-11-07,1.61,1.61,1.62,1.57,4295,1071190.88,3.11,0.00,0.00,0.58
2005-11-08,1.59,1.61,1.62,1.57,7368,1841594.62,3.11,0.00,0.00,0.99
2005-11-09,1.61,1.64,1.70,1.60,22136,5750231.50,6.21,1.86,0.03,2.98
2005-11-10,1.63,1.55,1.63,1.53,11868,2929228.25,6.10,-5.49,-0.09,1.60
2005-11-11,1.55,1.55,1.57,1.51,5273,1277648.50,3.87,0.00,0.00,0.71
2005-11-14,1.55,1.58,1.59,1.54,2709,667558.50,3.23,1.94,0.03,0.36
2005-11-15,1.58,1.58,1.61,1.56,3530,877616.00,3.16,0.00,0.00,0.47
2005-11-16,1.58,1.61,1.61,1.54,7732,1921506.50,4.43,1.90,0.03,1.04
2005-11-17,1.66,1.68,1.78,1.66,41365,11070833.00,7.45,4.35,0.07,5.56
2005-11-18,1.66,1.70,1.72,1.64,22477,5943588.50,4.76,1.19,0.02,3.02
2005-11-21,1.70,1.69,1.72,1.67,10599,2809652.50,2.94,-0.59,-0.01,1.43
2005-11-22,1.70,1.64,1.70,1.63,9124,2371291.25,4.14,-2.96,-0.05,1.23
2005-11-23,1.63,1.66,1.66,1.63,5331,1376035.00,1.83,1.22,0.02,0.72
2005-11-24,1.66,1.66,1.68,1.65,6869,1792669.00,1.81,0.00,0.00,0.92
2005-11-25,1.65,1.65,1.66,1.63,6475,1665861.25,1.81,-0.60,-0.01,0.87
2005-11-28,1.64,1.67,1.67,1.64,4805,1249431.38,1.82,1.21,0.02,0.65
2005-11-29,1.67,1.63,1.67,1.63,5112,1319405.00,2.40,-2.40,-0.04,0.69
2005-11-30,1.62,1.61,1.62,1.59,5081,1277751.50,1.84,-1.23,-0.02,0.68
2005-12-01,1.63,1.61,1.63,1.59,2610,659040.00,2.48,0.00,0.00,0.35
2005-12-02,1.59,1.56,1.61,1.54,5787,1428641.88,4.35,-3.11,-0.05,0.78
2005-12-05,1.55,1.47,1.55,1.47,6080,1436018.62,5.13,-5.77,-0.09,0.82
2005-12-06,1.46,1.49,1.49,1.43,3659,848355.00,4.08,1.36,0.02,0.49
2005-12-07,1.49,1.53,1.53,1.47,3543,834104.38,4.03,2.68,0.04,0.48
2005-12-08,1.51,1.50,1.53,1.49,3109,737092.38,2.61,-1.96,-0.03,0.42
2005-12-09,1.47,1.51,1.53,1.47,5504,1300283.62,4.00,0.67,0.01,0.74
2005-12-12,1.50,1.53,1.53,1.49,4477,1072306.00,2.65,1.32,0.02,0.60
2005-12-13,1.53,1.51,1.53,1.49,3461,818899.69,2.61,-1.31,-0.02,0.47
2005-12-14,1.51,1.53,1.53,1.49,6318,1504367.75,2.65,1.32,0.02,0.85
2005-12-15,1.53,1.54,1.57,1.53,6977,1692664.62,2.61,0.65,0.01,0.94
2005-12-16,1.54,1.54,1.55,1.51,2510,605062.12,2.60,0.00,0.00,0.34
2005-12-19,1.54,1.55,1.57,1.53,4285,1043647.00,2.60,0.65,0.01,0.58
2005-12-20,1.55,1.54,1.57,1.53,4581,1111261.00,2.58,-0.65,-0.01,0.62
2005-12-21,1.54,1.53,1.56,1.53,4398,1064717.00,1.95,-0.65,-0.01,0.59
2005-12-22,1.53,1.53,1.54,1.53,2954,710768.12,0.65,0.00,0.00,0.40
2005-12-23,1.53,1.55,1.55,1.53,3728,901646.69,1.31,1.31,0.02,0.50
2005-12-26,1.55,1.55,1.57,1.54,4422,1079188.75,1.94,0.00,0.00,0.59
2005-12-27,1.57,1.56,1.58,1.55,3320,812292.06,1.94,0.65,0.01,0.45
2005-12-28,1.55,1.55,1.57,1.55,2657,647123.75,1.28,-0.64,-0.01,0.36
2005-12-29,1.56,1.58,1.58,1.55,5389,1324405.38,1.94,1.94,0.03,0.72
2005-12-30,1.58,1.55,1.58,1.55,4653,1142359.38,1.90,-1.90,-0.03,0.63