2011-01-04,1278.02,1278.02,1278.02,1278.02,281587,627190604.00,0.00,0.49,6.27,0.32
2011-01-05,1301.98,1301.98,1301.98,1301.98,435083,997946694.00,0.00,1.87,23.96,0.49
2011-01-06,1279.73,1279.73,1279.73,1279.73,184142,416365957.00,0.00,-1.71,-22.25,0.21
2011-01-07,1284.30,1284.30,1284.30,1284.30,183974,417239960.00,0.00,0.36,4.57,0.21
2011-01-10,1249.51,1249.51,1249.51,1249.51,149725,333587471.00,0.00,-2.71,-34.79,0.17
2011-01-11,1221.56,1221.56,1221.56,1221.56,156325,336128191.00,0.00,-2.24,-27.95,0.18
2011-01-12,1254.64,1254.64,1254.64,1254.64,148323,321909324.00,0.00,2.71,33.08,0.17
2011-01-13,1224.42,1224.42,1224.42,1224.42,163658,352991184.00,0.00,-2.41,-30.22,0.19
2011-01-14,1174.80,1174.80,1174.80,1174.80,209966,437190582.00,0.00,-4.05,-49.62,0.24
2011-01-17,1106.37,1106.37,1106.37,1106.37,231906,458048273.00,0.00,-5.82,-68.43,0.26
2011-01-18,1113.21,1113.21,1113.21,1113.21,110508,214693960.00,0.00,0.62,6.84,0.12
2011-01-19,1133.17,1133.17,1133.17,1133.17,162506,318957129.00,0.00,1.79,19.96,0.18
2011-01-20,1067.02,1067.02,1067.02,1067.02,218393,418341103.00,0.00,-5.84,-66.15,0.25
2011-01-21,1073.29,1073.29,1073.29,1073.29,154172,289782570.00,0.00,0.59,6.27,0.17
2011-01-24,1061.31,1061.31,1061.31,1061.31,103103,194226968.00,0.00,-1.12,-11.98,0.12
2011-01-25,1055.04,1055.04,1055.04,1055.04,94470,174942042.00,0.00,-0.59,-6.27,0.11
2011-01-26,1079.56,1079.56,1079.56,1079.56,108392,203877416.00,0.00,2.32,24.52,0.12
2011-01-27,1101.80,1101.80,1101.80,1101.80,181695,348393577.00,0.00,2.06,22.24,0.21
2011-01-28,1105.22,1105.22,1105.22,1105.22,127720,246759208.00,0.00,0.31,3.42,0.14
2011-01-31,1117.77,1117.77,1117.77,1117.77,154474,300050004.00,0.00,1.14,12.55,0.17
2011-02-01,1104.65,1104.65,1104.65,1104.65,97988,190262330.00,0.00,-1.17,-13.12,0.11
2011-02-09,1072.72,1072.72,1072.72,1072.72,130350,248556568.00,0.00,-2.89,-31.93,0.15
2011-02-10,1125.76,1125.76,1125.76,1125.76,208209,405026126.00,0.00,4.94,53.04,0.24
2011-02-11,1132.03,1132.03,1132.03,1132.03,182479,363318449.00,0.00,0.56,6.27,0.21
2011-02-14,1160.54,1160.54,1160.54,1160.54,244091,493940522.00,0.00,2.52,28.51,0.28
2011-02-15,1149.14,1149.14,1149.14,1149.14,294975,598083987.00,0.00,-0.98,-11.40,0.33
2011-02-16,1167.39,1167.39,1167.39,1167.39,240379,490180985.00,0.00,1.59,18.25,0.27
2011-02-17,1172.52,1172.52,1172.52,1172.52,208007,426197720.00,0.00,0.44,5.13,0.24
2011-02-18,1144.57,1144.57,1144.57,1144.57,188314,380365133.00,0.00,-2.38,-27.95,0.21
2011-02-21,1191.91,1191.91,1191.91,1191.91,319242,657542352.00,0.00,4.14,47.34,0.36
2011-02-22,1165.11,1165.11,1165.11,1165.11,408108,852746998.00,0.00,-2.25,-26.80,0.46
2011-02-23,1170.24,1170.24,1170.24,1170.24,196310,401023936.00,0.00,0.44,5.13,0.22
2011-02-24,1159.40,1159.40,1159.40,1159.40,175773,356507408.00,0.00,-0.93,-10.84,0.20
2011-02-25,1165.11,1165.11,1165.11,1165.11,157515,321512783.00,0.00,0.49,5.71,0.18
2011-02-28,1171.95,1171.95,1171.95,1171.95,242544,497872278.00,0.00,0.59,6.84,0.27
2011-03-01,1194.76,1194.76,1194.76,1194.76,351198,732913826.00,0.00,1.95,22.81,0.40
2011-03-02,1167.39,1167.39,1167.39,1167.39,235753,483792981.00,0.00,-2.29,-27.37,0.27
2011-03-03,1148.00,1148.00,1148.00,1148.00,247946,505222080.00,0.00,-1.66,-19.39,0.28
2011-03-04,1155.41,1155.41,1155.41,1155.41,225017,451891983.00,0.00,0.65,7.41,0.25
2011-03-07,1181.64,1181.64,1181.64,1181.64,404285,827902610.00,0.00,2.27,26.23,0.46
2011-03-08,1174.80,1174.80,1174.80,1174.80,233443,480215063.00,0.00,-0.58,-6.84,0.26
2011-03-09,1167.39,1167.39,1167.39,1167.39,233397,479064612.00,0.00,-0.63,-7.41,0.26
2011-03-10,1150.28,1150.28,1150.28,1150.28,279213,565612540.00,0.00,-1.47,-17.11,0.32
2011-03-11,1141.72,1141.72,1141.72,1141.72,231856,466359517.00,0.00,-0.74,-8.56,0.26
2011-03-14,1164.54,1164.54,1164.54,1164.54,256119,520849730.00,0.00,2.00,22.82,0.29
2011-03-15,1262.05,1262.05,1262.05,1262.05,1251056,2681360248.00,0.00,8.37,97.51,1.41
2011-03-16,1274.60,1274.60,1274.60,1274.60,1123559,2496377573.00,0.00,0.99,12.55,1.27
2011-03-17,1256.35,1256.35,1256.35,1256.35,948763,2150305932.00,0.00,-1.43,-18.25,1.07
2011-03-18,1290.00,1290.00,1290.00,1290.00,840189,1906355182.00,0.00,2.68,33.65,0.95
2011-03-21,1250.08,1250.08,1250.08,1250.08,510971,1127167590.00,0.00,-3.09,-39.92,0.58
2011-03-22,1209.59,1209.59,1209.59,1209.59,494445,1052095349.00,0.00,-3.24,-40.49,0.56
2011-03-23,1215.29,1215.29,1215.29,1215.29,312405,666363245.00,0.00,0.47,5.70,0.35
2011-03-24,1219.28,1219.28,1219.28,1219.28,306400,658571435.00,0.00,0.33,3.99,0.35
2011-03-25,1216.43,1216.43,1216.43,1216.43,343945,733687967.00,0.00,-0.23,-2.85,0.39
2011-03-28,1203.89,1203.89,1203.89,1203.89,407725,866506976.00,0.00,-1.03,-12.54,0.46
2011-03-29,1151.99,1151.99,1151.99,1151.99,567899,1167154322.00,0.00,-4.31,-51.90,0.64
2011-03-30,1152.56,1152.56,1152.56,1152.56,262062,531028976.00,0.00,0.05,0.57,0.30
2011-03-31,1153.13,1153.13,1153.13,1153.13,208885,424520774.00,0.00,0.05,0.57,0.24
2011-04-01,1177.65,1177.65,1177.65,1177.65,249091,510476930.00,0.00,2.13,24.52,0.28
2011-04-06,1160.54,1160.54,1160.54,1160.54,273756,559476281.00,0.00,-1.45,-17.11,0.31
2011-04-07,1174.80,1174.80,1174.80,1174.80,400627,807594592.00,0.00,1.23,14.26,0.45
2011-04-08,1177.65,1177.65,1177.65,1177.65,352589,724290259.00,0.00,0.24,2.85,0.40
2011-04-11,1150.85,1150.85,1150.85,1150.85,372728,758599044.00,0.00,-2.28,-26.80,0.42
2011-04-12,1152.56,1152.56,1152.56,1152.56,210153,424473263.00,0.00,0.15,1.71,0.24
2011-04-13,1163.39,1163.39,1163.39,1163.39,243612,494520529.00,0.00,0.94,10.83,0.28
2011-04-14,1148.00,1148.00,1148.00,1148.00,324129,655953468.00,0.00,-1.32,-15.39,0.37
2011-04-15,1120.05,1120.05,1120.05,1120.05,473150,935134210.00,0.00,-2.43,-27.95,0.53
2011-04-18,1114.35,1114.35,1114.35,1114.35,245986,480945818.00,0.00,-0.51,-5.70,0.28
2011-04-19,1092.68,1092.68,1092.68,1092.68,264549,507151399.00,0.00,-1.94,-21.67,0.30
2011-04-20,1019.68,1019.68,1019.68,1019.68,822662,1476975509.00,0.00,-6.68,-73.00,0.93
2011-04-21,1013.41,1013.41,1013.41,1013.41,458806,807215679.00,0.00,-0.61,-6.27,0.52
2011-04-22,1005.42,1005.42,1005.42,1005.42,246952,435153015.00,0.00,-0.79,-7.99,0.28
2011-04-25,972.92,972.92,972.92,972.92,321633,553115028.00,0.00,-3.23,-32.50,0.36
2011-04-26,980.33,980.33,980.33,980.33,229056,393246674.00,0.00,0.76,7.41,0.26
2011-04-27,983.75,983.75,983.75,983.75,172222,295733179.00,0.00,0.35,3.42,0.19
2011-04-28,963.22,963.22,963.22,963.22,170123,291070761.00,0.00,-2.09,-20.53,0.19
2011-04-29,972.35,972.35,972.35,972.35,175059,299127413.00,0.00,0.95,9.13,0.20
2011-05-03,1007.13,1007.13,1007.13,1007.13,292567,511907229.00,0.00,3.58,34.78,0.33
2011-05-04,978.05,978.05,978.05,978.05,204101,353388631.00,0.00,-2.89,-29.08,0.23
2011-05-05,982.61,982.61,982.61,982.61,102588,176274155.00,0.00,0.47,4.56,0.12
2011-05-06,982.04,982.04,982.04,982.04,114045,195889156.00,0.00,-0.06,-0.57,0.13
2011-05-09,993.45,993.45,993.45,993.45,152018,265310067.00,0.00,1.16,11.41,0.17
2011-05-10,987.17,987.17,987.17,987.17,118469,204727923.00,0.00,-0.63,-6.28,0.13
2011-05-11,993.45,993.45,993.45,993.45,206798,361786341.00,0.00,0.64,6.28,0.23
2011-05-12,970.64,970.64,970.64,970.64,150236,257468266.00,0.00,-2.30,-22.81,0.17
2011-05-13,966.64,966.64,966.64,966.64,171043,288742608.00,0.00,-0.41,-4.00,0.19
2011-05-16,964.36,964.36,964.36,964.36,100212,169883018.00,0.00,-0.24,-2.28,0.11
2011-05-17,944.97,944.97,944.97,944.97,202916,336137710.00,0.00,-2.01,-19.39,0.23
2011-05-18,948.39,948.39,948.39,948.39,160150,264296242.00,0.00,0.36,3.42,0.18
2011-05-19,941.55,941.55,941.55,941.55,159503,266189032.00,0.00,-0.72,-6.84,0.18
2011-05-20,936.42,936.42,936.42,936.42,133734,219290632.00,0.00,-0.54,-5.13,0.15
2011-05-23,914.18,914.18,914.18,914.18,188887,308256521.00,0.00,-2.38,-22.24,0.21
2011-05-24,900.49,900.49,900.49,900.49,161802,253830398.00,0.00,-1.50,-13.69,0.18
2011-05-25,873.69,873.69,873.69,873.69,145610,226948345.00,0.00,-2.98,-26.80,0.16
2011-05-26,874.26,874.26,874.26,874.26,123807,191266295.00,0.00,0.07,0.57,0.14
2011-05-27,877.11,877.11,877.11,877.11,119810,184413833.00,0.00,0.33,2.85,0.14
2011-05-30,880.53,880.53,880.53,880.53,111692,172783147.00,0.00,0.39,3.42,0.13
2011-05-31,915.32,915.32,915.32,915.32,264049,420033650.00,0.00,3.95,34.79,0.30
2011-06-01,910.19,910.19,910.19,910.19,148355,236351490.00,0.00,-0.56,-5.13,0.17
2011-06-02,885.09,885.09,885.09,885.09,159274,247294574.00,0.00,-2.76,-25.10,0.18
2011-06-03,896.50,896.50,896.50,896.50,119928,188172912.00,0.00,1.29,11.41,0.14
2011-06-07,898.78,898.78,898.78,898.78,103478,162936176.00,0.00,0.25,2.28,0.12
2011-06-08,890.80,890.80,890.80,890.80,151709,234779902.00,0.00,-0.89,-7.98,0.17
2011-06-09,869.69,869.69,869.69,869.69,128428,197200245.00,0.00,-2.37,-21.11,0.15
2011-06-10,869.12,869.12,869.12,869.12,105138,159128557.00,0.00,-0.07,-0.57,0.12
2011-06-13,853.16,853.16,853.16,853.16,93268,139525117.00,0.00,-1.84,-15.96,0.11
2011-06-14,862.85,862.85,862.85,862.85,106872,161403944.00,0.00,1.14,9.69,0.12
2011-06-15,854.87,854.87,854.87,854.87,110250,166288747.00,0.00,-0.92,-7.98,0.12
2011-06-16,830.91,830.91,830.91,830.91,121198,178573337.00,0.00,-2.80,-23.96,0.14
2011-06-17,818.37,818.37,818.37,818.37,96009,139799144.00,0.00,-1.51,-12.54,0.11
2011-06-20,796.13,796.13,796.13,796.13,122332,172007094.00,0.00,-2.72,-22.24,0.14
2011-06-21,797.27,797.27,797.27,797.27,126448,175772496.00,0.00,0.14,1.14,0.14
2011-06-22,822.93,822.93,822.93,822.93,202391,288731120.00,0.00,3.22,25.66,0.23
2011-06-23,839.47,839.47,839.47,839.47,223647,328246966.00,0.00,2.01,16.54,0.25
2011-06-27,865.70,865.70,865.70,865.70,361271,551258201.00,0.00,3.12,26.23,0.41
2011-06-28,857.72,857.72,857.72,857.72,160148,240934740.00,0.00,-0.92,-7.98,0.18
2011-06-29,840.04,840.04,840.04,840.04,152432,227284520.00,0.00,-2.06,-17.68,0.17
2011-06-30,851.45,851.45,851.45,851.45,142591,213158010.00,0.00,1.36,11.41,0.16
2011-07-01,853.16,853.16,853.16,853.16,111170,166950190.00,0.00,0.20,1.71,0.13
2011-07-04,876.54,876.54,876.54,876.54,221155,337583536.00,0.00,2.74,23.38,0.25
2011-07-05,913.04,913.04,913.04,913.04,446662,710787456.00,0.00,4.16,36.50,0.50
2011-07-06,901.06,901.06,901.06,901.06,212320,335294004.00,0.00,-1.31,-11.98,0.24
2011-07-07,894.79,894.79,894.79,894.79,201622,318246136.00,0.00,-0.70,-6.27,0.23
2011-07-08,883.38,883.38,883.38,883.38,140931,219298582.00,0.00,-1.28,-11.41,0.16
2011-07-11,890.22,890.22,890.22,890.22,119932,187290268.00,0.00,0.77,6.84,0.14
2011-07-12,862.28,862.28,862.28,862.28,168366,256792462.00,0.00,-3.14,-27.94,0.19
2011-07-13,879.39,879.39,879.39,879.39,200831,306421783.00,0.00,1.98,17.11,0.23
2011-07-14,889.65,889.65,889.65,889.65,233326,361371889.00,0.00,1.17,10.26,0.26
2011-07-15,888.51,888.51,888.51,888.51,182994,285208308.00,0.00,-0.13,-1.14,0.21
2011-07-18,873.69,873.69,873.69,873.69,210183,323943847.00,0.00,-1.67,-14.82,0.24
2011-07-19,854.87,854.87,854.87,854.87,234597,353480391.00,0.00,-2.15,-18.82,0.27
2011-07-20,843.46,843.46,843.46,843.46,191920,286441752.00,0.00,-1.33,-11.41,0.22
2011-07-21,838.33,838.33,838.33,838.33,140154,207300167.00,0.00,-0.61,-5.13,0.16
2011-07-22,837.76,837.76,837.76,837.76,105845,155935563.00,0.00,-0.07,-0.57,0.12
2011-07-25,799.55,799.55,799.55,799.55,190679,272382010.00,0.00,-4.56,-38.21,0.22
2011-07-26,802.97,802.97,802.97,802.97,98710,138481128.00,0.00,0.43,3.42,0.11
2011-07-27,809.24,809.24,809.24,809.24,130778,184175505.00,0.00,0.78,6.27,0.15
2011-07-28,800.69,800.69,800.69,800.69,134868,188195828.00,0.00,-1.06,-8.55,0.15
2011-07-29,793.28,793.28,793.28,793.28,113975,158945489.00,0.00,-0.93,-7.41,0.13
2011-08-01,788.71,788.71,788.71,788.71,132805,183623791.00,0.00,-0.58,-4.57,0.15
2011-08-02,776.17,776.17,776.17,776.17,150043,203356375.00,0.00,-1.59,-12.54,0.17
2011-08-03,772.17,772.17,772.17,772.17,127219,171450418.00,0.00,-0.52,-4.00,0.14
2011-08-04,776.17,776.17,776.17,776.17,103641,140995230.00,0.00,0.52,4.00,0.12
2011-08-05,749.93,749.93,749.93,749.93,142336,187635785.00,0.00,-3.38,-26.24,0.16
2011-08-08,684.35,684.35,684.35,684.35,283503,349940278.00,0.00,-8.74,-65.58,0.32
2011-08-09,662.68,662.68,662.68,662.68,257236,292782049.00,0.00,-3.17,-21.67,0.29
2011-08-10,674.08,674.08,674.08,674.08,207911,248158818.00,0.00,1.72,11.40,0.24
2011-08-11,679.79,679.79,679.79,679.79,177317,208185155.00,0.00,0.85,5.71,0.20
2011-08-12,686.06,686.06,686.06,686.06,183605,222175221.00,0.00,0.92,6.27,0.21
2011-08-15,703.17,703.17,703.17,703.17,169368,206759713.00,0.00,2.49,17.11,0.19
2011-08-16,690.62,690.62,690.62,690.62,139593,170282948.00,0.00,-1.78,-12.55,0.16
2011-08-17,703.74,703.74,703.74,703.74,174588,214249815.00,0.00,1.90,13.12,0.20
2011-08-18,685.49,685.49,685.49,685.49,134213,163031592.00,0.00,-2.59,-18.25,0.15
2011-08-19,682.64,682.64,682.64,682.64,111309,131407704.00,0.00,-0.42,-2.85,0.13
2011-08-22,701.46,701.46,701.46,701.46,224738,276253424.00,0.00,2.76,18.82,0.25
2011-08-23,706.15,706.15,706.15,706.15,164958,197990486.00,0.00,0.67,4.69,0.19
2011-08-24,693.25,693.25,693.25,693.25,174804,209188133.00,0.00,-1.83,-12.90,0.20
2011-08-25,709.67,709.67,709.67,709.67,234604,279799824.00,0.00,2.37,16.42,0.27
2011-08-26,714.95,714.95,714.95,714.95,191895,234102000.00,0.00,0.74,5.28,0.22
2011-08-29,692.07,692.07,692.07,692.07,220647,261664777.00,0.00,-3.20,-22.88,0.25
2011-08-30,685.62,685.62,685.62,685.62,133502,158062606.00,0.00,-0.93,-6.45,0.15
2011-08-31,674.48,674.48,674.48,674.48,136943,158159439.00,0.00,-1.62,-11.14,0.15
2011-09-01,668.61,668.61,668.61,668.61,110422,126889024.00,0.00,-0.87,-5.87,0.12
2011-09-02,658.06,658.06,658.06,658.06,101789,114717207.00,0.00,-1.58,-10.55,0.12
2011-09-05,641.64,641.64,641.64,641.64,110753,121797076.00,0.00,-2.50,-16.42,0.13
2011-09-06,639.29,639.29,639.29,639.29,81254,88780316.00,0.00,-0.37,-2.35,0.09
2011-09-07,653.37,653.37,653.37,653.37,115750,128018669.00,0.00,2.20,14.08,0.13
2011-09-08,646.33,646.33,646.33,646.33,83888,93272376.00,0.00,-1.08,-7.04,0.09
2011-09-09,647.50,647.50,647.50,647.50,69978,77537813.00,0.00,0.18,1.17,0.08
2011-09-13,628.73,628.73,628.73,628.73,87564,94146621.00,0.00,-2.90,-18.77,0.10
2011-09-14,635.77,635.77,635.77,635.77,108536,116095142.00,0.00,1.12,7.04,0.12
2011-09-15,627.56,627.56,627.56,627.56,93016,100489695.00,0.00,-1.29,-8.21,0.11
2011-09-16,631.08,631.08,631.08,631.08,78358,84565656.00,0.00,0.56,3.52,0.09
2011-09-19,616.42,616.42,616.42,616.42,82864,87684624.00,0.00,-2.32,-14.66,0.09
2011-09-20,611.72,611.72,611.72,611.72,101960,106133935.00,0.00,-0.76,-4.70,0.12
2011-09-21,643.39,643.39,643.39,643.39,222338,239943853.00,0.00,5.18,31.67,0.25
2011-09-22,613.48,613.48,613.48,613.48,181680,194293769.00,0.00,-4.65,-29.91,0.21
2011-09-23,615.24,615.24,615.24,615.24,130245,134637991.00,0.00,0.29,1.76,0.15
2011-09-26,608.79,608.79,608.79,608.79,114167,119841033.00,0.00,-1.05,-6.45,0.13
2011-09-28,606.45,606.45,606.45,606.45,104623,109515286.00,0.00,-0.38,-2.34,0.12
2011-09-29,592.37,592.37,592.37,592.37,130608,132976200.00,0.00,-2.32,-14.08,0.15
2011-09-30,582.98,582.98,582.98,582.98,120559,120163856.00,0.00,-1.59,-9.39,0.14
2011-10-10,577.71,577.71,577.71,577.71,99106,98204918.00,0.00,-0.90,-5.27,0.11
2011-10-11,578.88,578.88,578.88,578.88,136986,136731821.00,0.00,0.20,1.17,0.15
2011-10-12,603.51,603.51,603.51,603.51,285093,289582960.00,0.00,4.25,24.63,0.32
2011-10-13,607.03,607.03,607.03,607.03,227762,235282241.00,0.00,0.58,3.52,0.26
2011-10-14,601.75,601.75,601.75,601.75,132868,136492187.00,0.00,-0.87,-5.28,0.15
2011-10-17,600.58,600.58,600.58,600.58,96086,98667242.00,0.00,-0.19,-1.17,0.11
2011-10-18,569.50,569.50,569.50,569.50,172395,171828120.00,0.00,-5.17,-31.08,0.19
2011-10-19,563.63,563.63,563.63,563.63,127440,123190755.00,0.00,-1.03,-5.87,0.14
2011-10-20,539.00,539.00,539.00,539.00,150421,139598904.00,0.00,-4.37,-24.63,0.17
2011-10-21,539.58,539.58,539.58,539.58,77411,71167838.00,0.00,0.11,0.58,0.09
2011-10-24,554.83,554.83,554.83,554.83,149692,139406922.00,0.00,2.83,15.25,0.17
2011-10-25,563.04,563.04,563.04,563.04,186202,177388265.00,0.00,1.48,8.21,0.21
2011-10-26,565.98,565.98,565.98,565.98,260977,251911139.00,0.00,0.52,2.94,0.30
2011-10-27,563.63,563.63,563.63,563.63,175716,169904285.00,0.00,-0.42,-2.35,0.20
2011-10-28,575.36,575.36,575.36,575.36,316265,308691040.00,0.00,2.08,11.73,0.36
2011-10-31,592.96,592.96,592.96,592.96,430297,432052224.00,0.00,3.06,17.60,0.49
2011-11-01,591.78,591.78,591.78,591.78,332894,333983184.00,0.00,-0.20,-1.18,0.38
2011-11-02,601.75,601.75,601.75,601.75,333109,335447824.00,0.00,1.68,9.97,0.38
2011-11-03,602.34,602.34,602.34,602.34,438657,456185840.00,0.00,0.10,0.59,0.50
2011-11-04,614.07,614.07,614.07,614.07,414982,432628672.00,0.00,1.95,11.73,0.47
2011-11-07,601.17,601.17,601.17,601.17,224800,232455092.00,0.00,-2.10,-12.90,0.25
2011-11-08,594.13,594.13,594.13,594.13,174896,179263735.00,0.00,-1.17,-7.04,0.20
2011-11-09,601.75,601.75,601.75,601.75,174688,177845023.00,0.00,1.28,7.62,0.20
2011-11-10,611.14,611.14,611.14,611.14,501979,524580576.00,0.00,1.56,9.39,0.57
2011-11-11,598.82,598.82,598.82,598.82,253323,261383426.00,0.00,-2.02,-12.32,0.29
2011-11-14,613.48,613.48,613.48,613.48,220878,229846608.00,0.00,2.45,14.66,0.25
2011-11-15,619.35,619.35,619.35,619.35,285830,302677600.00,0.00,0.96,5.87,0.32
2011-11-16,598.82,598.82,598.82,598.82,251717,261100468.00,0.00,-3.31,-20.53,0.28
2011-11-17,595.89,595.89,595.89,595.89,123537,126028938.00,0.00,-0.49,-2.93,0.14
2011-11-18,573.60,573.60,573.60,573.60,171975,170901826.00,0.00,-3.74,-22.29,0.19
2011-11-21,573.01,573.01,573.01,573.01,91058,88629009.00,0.00,-0.10,-0.59,0.10
2011-11-22,566.56,566.56,566.56,566.56,97859,94278410.00,0.00,-1.13,-6.45,0.11
2011-11-23,568.91,568.91,568.91,568.91,107605,104571957.00,0.00,0.41,2.35,0.12
2011-11-24,565.98,565.98,565.98,565.98,81946,78853596.00,0.00,-0.52,-2.93,0.09
2011-11-25,556.59,556.59,556.59,556.59,77382,74231689.00,0.00,-1.66,-9.39,0.09
2011-11-28,554.83,554.83,554.83,554.83,72941,69513359.00,0.00,-0.32,-1.76,0.08
2011-11-29,565.98,565.98,565.98,565.98,101820,97670688.00,0.00,2.01,11.15,0.12
2011-11-30,538.41,538.41,538.41,538.41,172780,160215085.00,0.00,-4.87,-27.57,0.20
2011-12-01,553.66,553.66,553.66,553.66,192492,181946520.00,0.00,2.83,15.25,0.22
2011-12-02,560.70,560.70,560.70,560.70,173179,164760770.00,0.00,1.27,7.04,0.20
2011-12-05,544.28,544.28,544.28,544.28,129300,122194024.00,0.00,-2.93,-16.42,0.15
2011-12-06,536.65,536.65,536.65,536.65,104224,94958928.00,0.00,-1.40,-7.63,0.12
2011-12-07,533.72,533.72,533.72,533.72,65373,59659001.00,0.00,-0.55,-2.93,0.07
2011-12-08,533.13,533.13,533.13,533.13,85806,77906329.00,0.00,-0.11,-0.59,0.10
2011-12-09,530.20,530.20,530.20,530.20,65405,59234767.00,0.00,-0.55,-2.93,0.07
2011-12-12,528.44,528.44,528.44,528.44,56693,51245200.00,0.00,-0.33,-1.76,0.06
2011-12-13,503.22,503.22,503.22,503.22,137045,118866554.00,0.00,-4.77,-25.22,0.15
2011-12-14,481.52,481.52,481.52,481.52,114895,96569163.00,0.00,-4.31,-21.70,0.13
2011-12-15,452.78,452.78,452.78,452.78,154397,121760451.00,0.00,-5.97,-28.74,0.17
2011-12-16,467.44,467.44,467.44,467.44,127163,99743970.00,0.00,3.24,14.66,0.14
2011-12-19,465.10,465.10,465.10,465.10,126801,99225724.00,0.00,-0.50,-2.34,0.14
2011-12-20,462.75,462.75,462.75,462.75,108482,86306983.00,0.00,-0.51,-2.35,0.12
2011-12-21,448.68,448.68,448.68,448.68,99970,78705043.00,0.00,-3.04,-14.07,0.11
2011-12-22,444.57,444.57,444.57,444.57,125473,93968903.00,0.00,-0.92,-4.11,0.14
2011-12-23,449.26,449.26,449.26,449.26,94222,72014097.00,0.00,1.05,4.69,0.11
2011-12-26,443.40,443.40,443.40,443.40,72322,55275131.00,0.00,-1.30,-5.86,0.08
2011-12-27,440.46,440.46,440.46,440.46,87163,65815386.00,0.00,-0.66,-2.94,0.10
2011-12-28,449.26,449.26,449.26,449.26,118608,89386785.00,0.00,2.00,8.80,0.13
2011-12-29,449.85,449.85,449.85,449.85,127831,98735957.00,0.00,0.13,0.59,0.14
2011-12-30,454.54,454.54,454.54,454.54,86512,67098848.00,0.00,1.04,4.69,0.10