2015-01-05,6.08,6.16,6.18,6.06,33915,24382889.00,1.98,1.48,0.09,0.64
2015-01-06,6.13,6.43,6.43,6.12,46068,33794193.00,5.03,4.38,0.27,0.87
2015-01-07,6.43,6.47,6.57,6.36,56218,42421816.00,3.27,0.62,0.04,1.07
2015-01-08,6.49,6.58,6.69,6.22,55297,41910262.00,7.26,1.70,0.11,1.05
2015-01-09,6.59,6.52,6.66,6.52,32780,25091268.00,2.13,-0.91,-0.06,0.62
2015-01-12,6.53,6.64,6.64,6.39,40086,30442142.00,3.83,1.84,0.12,0.76
2015-01-13,6.62,6.75,6.87,6.62,42853,33539558.00,3.77,1.66,0.11,0.81
2015-01-14,6.75,6.64,6.77,6.51,25166,19372783.00,3.85,-1.63,-0.11,0.48
2015-01-15,6.64,6.71,6.74,6.58,18286,14125539.00,2.41,1.05,0.07,0.35
2015-01-16,6.69,6.74,6.80,6.56,21535,16792417.00,3.58,0.45,0.03,0.41
2015-01-19,6.63,7.19,7.19,6.54,119294,96176169.00,9.64,6.68,0.45,2.26
2015-02-11,8.02,8.02,8.02,8.02,7289,6618702.00,0.00,11.54,0.83,0.14
2015-02-12,8.93,8.93,8.93,8.93,11460,11448659.00,0.00,11.35,0.91,0.22
2015-02-13,9.93,9.93,9.93,9.53,258162,283455664.00,4.48,11.20,1.00,4.89
2015-02-16,10.04,11.03,11.03,9.60,537958,620681616.00,14.40,11.08,1.10,10.20
2015-02-17,11.44,10.65,12.04,10.63,328008,404375056.00,12.78,-3.45,-0.38,6.22
2015-02-25,10.75,10.85,11.44,10.52,241736,288960912.00,8.64,1.88,0.20,4.58
2015-02-26,10.74,11.49,11.79,10.67,200670,249570552.00,10.32,5.90,0.64,3.80
2015-02-27,11.40,12.75,12.75,11.40,205120,277203664.00,11.75,10.97,1.26,3.89
2015-03-02,13.40,13.24,13.94,12.44,231948,326387520.00,11.76,3.84,0.49,4.40
2015-03-03,13.13,12.72,13.13,12.52,134709,185981407.00,4.61,-3.93,-0.52,2.55
2015-03-04,12.60,13.24,13.79,12.53,134167,189207643.00,9.91,4.09,0.52,2.54
2015-03-05,13.24,13.07,13.74,12.82,94157,134505593.00,6.95,-1.28,-0.17,1.78
2015-03-06,12.94,12.31,13.00,12.14,119898,162509028.00,6.58,-5.81,-0.76,2.27
2015-03-09,12.24,12.35,12.63,11.94,70000,94525863.00,5.61,0.32,0.04,1.33
2015-03-10,12.35,12.50,12.71,12.30,67697,92131214.00,3.32,1.21,0.15,1.28
2015-03-11,12.43,12.78,13.32,12.20,84200,116629129.00,8.96,2.24,0.28,1.60
2015-03-12,12.60,12.34,12.67,12.12,59962,80357991.00,4.30,-3.44,-0.44,1.14
2015-03-13,12.36,12.38,12.43,12.17,44088,58879895.00,2.11,0.32,0.04,0.84
2015-03-16,12.30,12.54,12.79,12.22,109323,147614560.00,4.60,1.29,0.16,2.07
2015-03-17,12.62,12.90,13.13,12.48,120415,167718711.00,5.18,2.87,0.36,2.28
2015-03-18,12.84,14.30,14.30,12.66,178043,264147830.00,12.71,10.85,1.40,3.38
2015-03-19,14.14,14.02,14.90,13.79,126757,194444440.00,7.76,-1.96,-0.28,2.40
2015-03-20,13.89,13.86,14.12,13.55,66090,98204761.00,4.07,-1.14,-0.16,1.25
2015-03-23,13.93,14.30,14.54,13.54,97714,148659962.00,7.22,3.17,0.44,1.85
2015-03-24,14.24,14.07,14.24,13.44,91987,137551444.00,5.59,-1.61,-0.23,1.74
2015-03-25,14.34,14.32,14.63,14.09,95320,146896162.00,3.84,1.78,0.25,1.81
2015-03-26,14.21,13.98,14.44,13.79,45277,68334031.00,4.54,-2.37,-0.34,0.86
2015-03-27,13.99,13.93,14.39,13.74,62672,94295820.00,4.65,-0.36,-0.05,1.19
2015-03-30,13.79,14.16,14.24,13.79,76937,115751257.00,3.23,1.65,0.23,1.46
2015-03-31,14.29,13.92,14.44,13.74,86258,129684172.00,4.94,-1.69,-0.24,1.64
2015-04-01,13.75,14.03,14.39,13.75,97818,148527752.00,4.60,0.79,0.11,1.85
2015-04-02,14.03,14.54,14.54,13.77,162109,244988442.00,5.49,3.64,0.51,3.07
2015-04-03,14.54,14.75,15.06,14.26,125207,197726700.00,5.50,1.44,0.21,2.37
2015-04-07,14.74,14.69,14.74,14.32,80009,124888178.00,2.85,-0.41,-0.06,1.52
2015-04-08,14.67,14.15,14.68,14.05,85810,131848985.00,4.29,-3.68,-0.54,1.63
2015-04-09,14.15,13.49,14.32,12.74,99223,143090172.00,11.17,-4.66,-0.66,1.88
2015-04-10,13.24,13.66,13.69,12.94,126840,184261402.00,5.56,1.26,0.17,2.40
2015-04-13,13.63,13.95,14.24,13.34,142130,211285951.00,6.59,2.12,0.29,2.69
2015-04-14,13.96,14.48,14.49,13.45,128360,192236428.00,7.46,3.80,0.53,2.43
2015-04-15,14.41,13.73,14.41,13.66,97288,146404194.00,5.18,-5.18,-0.75,1.84
2015-04-16,13.33,13.55,13.85,12.84,89124,129091799.00,7.36,-1.31,-0.18,1.69
2015-04-17,13.57,13.48,14.14,13.44,101314,149683352.00,5.17,-0.52,-0.07,1.92
2015-04-20,13.53,12.50,13.74,12.38,122560,173272849.00,10.09,-7.27,-0.98,2.32
2015-04-21,12.63,13.18,13.36,12.52,71344,99931800.00,6.72,5.44,0.68,1.35
2015-04-22,13.24,13.78,13.89,13.24,76790,112884437.00,4.93,4.55,0.60,1.46
2015-04-23,14.12,14.04,14.46,13.89,169238,257150735.00,4.14,1.89,0.26,3.21
2015-04-24,13.91,13.83,13.98,13.27,124097,182318624.00,5.06,-1.50,-0.21,2.35
2015-04-27,13.84,13.95,14.10,13.51,150971,224312500.00,4.27,0.87,0.12,2.86
2015-04-28,13.89,12.74,13.89,12.59,142130,202750844.00,9.32,-8.67,-1.21,2.69
2015-04-29,12.69,13.44,13.56,12.14,169950,235963839.00,11.15,5.49,0.70,3.22
2015-04-30,13.52,12.77,13.52,12.73,140863,197621229.00,5.88,-4.99,-0.67,2.67
2015-05-04,12.87,12.84,13.00,12.60,71013,98477469.00,3.13,0.55,0.07,1.35
2015-05-05,12.84,12.47,12.84,12.34,76967,104667996.00,3.89,-2.88,-0.37,1.46
2015-05-06,12.46,12.23,12.83,11.82,95019,128000065.00,8.10,-1.92,-0.24,1.80
2015-05-07,12.26,11.74,12.26,11.54,77987,100414763.00,5.89,-4.01,-0.49,1.48
2015-05-08,12.94,12.47,12.94,12.22,167408,228154449.00,6.13,6.22,0.73,3.17
2015-05-11,12.63,13.18,13.22,12.44,173288,240695147.00,6.26,5.69,0.71,3.29
2015-05-12,13.18,14.29,14.60,12.88,289749,431395872.00,13.05,8.42,1.11,5.49
2015-05-13,14.24,13.96,14.75,13.83,162476,248991706.00,6.44,-2.31,-0.33,3.08
2015-05-14,13.92,13.72,14.06,13.64,109385,162589311.00,3.01,-1.72,-0.24,2.07
2015-05-15,13.72,14.02,14.04,13.19,140532,206674907.00,6.20,2.19,0.30,2.66
2015-05-18,14.63,15.53,15.53,14.34,318921,512843376.00,8.49,10.77,1.51,6.05
2015-05-19,15.62,16.04,16.33,15.14,251570,425098672.00,7.66,3.28,0.51,4.77
2015-05-20,16.11,16.39,16.94,15.74,201481,350678496.00,7.48,2.18,0.35,3.82
2015-05-21,16.54,18.14,18.14,16.45,270174,501870080.00,10.31,10.68,1.75,5.12
2015-05-22,20.06,20.06,20.06,20.06,53436,112857338.00,0.00,10.58,1.92,1.01
2015-05-25,22.17,22.17,22.17,22.17,13881,32244424.00,0.00,10.52,2.11,0.26
2015-05-26,23.44,22.39,23.44,21.24,376714,878452192.00,9.92,0.99,0.22,7.14
2015-05-27,22.02,22.93,24.09,20.99,328360,766618544.00,13.85,2.41,0.54,6.22
2015-05-28,22.33,20.54,22.81,20.53,166830,379845232.00,9.94,-10.42,-2.39,3.16
2015-05-29,20.24,19.85,20.77,18.38,203605,422162352.00,11.64,-3.36,-0.69,3.86
2015-06-01,20.61,21.94,21.94,20.46,283175,642569568.00,7.46,10.53,2.09,5.37
2015-06-02,22.33,24.24,24.24,22.03,289771,698514640.00,10.07,10.48,2.30,5.49
2015-06-03,24.94,25.92,26.39,24.00,254171,669613616.00,9.86,6.93,1.68,4.82
2015-06-04,24.95,24.04,25.24,23.31,185926,473739296.00,7.45,-7.25,-1.88,3.52
2015-06-05,24.69,23.69,25.04,22.82,143788,360182976.00,9.23,-1.46,-0.35,2.73
2015-06-08,23.64,23.89,24.69,22.05,166294,406629872.00,11.14,0.84,0.20,3.15
2015-06-09,23.89,22.53,23.89,22.44,120474,288209120.00,6.07,-5.69,-1.36,2.28
2015-06-10,22.12,22.83,23.41,21.50,119745,286027264.00,8.48,1.33,0.30,2.27
2015-06-11,23.24,22.54,23.27,22.42,105603,250797379.00,3.72,-1.27,-0.29,2.00
2015-06-12,22.61,23.93,24.66,22.34,157464,388024352.00,10.29,6.17,1.39,2.99
2015-06-15,23.97,24.48,26.09,23.97,191224,499402768.00,8.86,2.30,0.55,3.63
2015-06-16,23.82,24.09,24.54,22.44,155071,382571888.00,8.58,-1.59,-0.39,2.94
2015-06-17,23.64,23.70,24.09,21.88,90532,220073144.00,9.17,-1.62,-0.39,1.72
2015-06-18,23.37,21.22,23.64,21.22,127024,296589600.00,10.21,-10.46,-2.48,2.41
2015-06-19,19.67,19.04,21.02,19.02,101747,216224191.00,9.43,-10.27,-2.18,1.93
2015-06-23,18.94,19.43,19.94,17.03,98515,191220596.00,15.28,2.05,0.39,1.87
2015-06-24,19.44,19.33,19.84,18.79,105247,215048750.00,5.40,-0.51,-0.10,2.00
2015-06-25,19.44,18.04,19.71,17.76,98707,194560272.00,10.09,-6.67,-1.29,1.87
2015-06-26,17.42,16.13,17.44,16.13,101073,174795681.00,7.26,-10.59,-1.91,1.92
2015-06-29,16.05,14.41,16.31,14.41,143365,228666846.00,11.78,-10.66,-1.72,2.72
2015-06-30,13.92,15.96,15.96,12.86,237033,377016208.00,21.51,10.76,1.55,4.49
2015-07-01,16.01,14.94,16.84,14.49,118240,202756093.00,14.72,-6.39,-1.02,2.24
2015-07-02,14.14,14.67,16.14,13.44,140170,220316520.00,18.07,-1.81,-0.27,2.66
2015-07-03,14.44,14.04,15.73,13.13,108177,165511716.00,17.72,-4.29,-0.63,2.05
2015-07-06,15.52,12.80,15.52,12.53,204697,295262080.00,21.30,-8.83,-1.24,3.88
2015-07-07,11.91,11.41,11.91,11.41,43192,54075444.00,3.91,-10.86,-1.39,0.82
2015-07-08,10.16,10.16,10.16,10.16,1994,2237268.00,0.00,-10.96,-1.25,0.04
2015-07-09,9.04,11.28,11.28,9.04,359304,405949264.00,22.05,11.02,1.12,6.81
2015-07-10,11.84,12.51,12.51,11.54,143897,193516200.00,8.60,10.90,1.23,2.73
2015-07-13,13.19,13.87,13.87,12.54,199925,292930384.00,10.63,10.87,1.36,3.79
2015-07-14,15.31,14.74,15.36,13.67,256904,409227808.00,12.18,6.27,0.87,4.87
2015-07-15,14.09,13.16,14.64,13.16,95886,140519398.00,10.04,-10.72,-1.58,1.82
2015-07-16,11.74,12.54,13.76,11.74,205765,283071472.00,15.35,-4.71,-0.62,3.90
2015-07-17,12.74,13.40,13.50,12.10,182949,258241599.00,11.16,6.86,0.86,3.47
2015-07-20,13.43,14.36,14.64,12.94,161110,243135052.00,12.69,7.16,0.96,3.05
2015-07-21,14.00,14.36,14.84,13.64,86149,132988440.00,8.36,0.00,0.00,1.63
2015-07-22,14.23,14.89,15.66,13.89,140444,224172785.00,12.33,3.69,0.53,2.66
2015-07-23,14.69,15.07,15.24,14.58,107762,172998890.00,4.43,1.21,0.18,2.04
2015-07-24,15.09,15.45,15.97,14.97,124805,204811270.00,6.64,2.52,0.38,2.37
2015-07-27,14.95,13.80,15.47,13.80,105860,165533353.00,10.81,-10.68,-1.65,2.01
2015-07-28,12.47,12.32,13.77,12.32,136562,186776287.00,10.51,-10.72,-1.48,2.59
2015-07-29,12.56,12.77,12.81,11.14,132816,172907290.00,13.56,3.65,0.45,2.52
2015-07-30,12.63,11.90,12.83,11.87,130039,174923350.00,7.52,-6.81,-0.87,2.47
2015-07-31,11.08,11.77,12.07,11.08,84189,105962839.00,8.32,-1.09,-0.13,1.60
2015-08-03,11.24,10.65,13.04,10.49,119137,150298334.00,21.67,-9.52,-1.12,2.26
2015-08-04,10.87,11.82,11.82,10.65,133681,163573587.00,10.99,10.99,1.17,2.53
2015-08-05,11.77,11.72,12.47,11.56,100566,130533768.00,7.70,-0.85,-0.10,1.91
2015-08-06,11.39,11.46,12.04,11.28,53475,67683597.00,6.48,-2.22,-0.26,1.01
2015-08-07,11.47,11.94,11.96,11.44,96764,123447357.00,4.54,4.19,0.48,1.83
2015-08-10,12.07,13.24,13.24,11.98,141597,194991786.00,10.55,10.89,1.30,2.68
2015-08-11,13.26,13.44,14.15,13.21,123053,181776356.00,7.10,1.51,0.20,2.33
2015-08-12,13.37,13.63,14.11,13.18,77178,113931147.00,6.92,1.41,0.19,1.46
2015-08-13,13.63,13.97,14.13,13.19,74423,110025510.00,6.90,2.49,0.34,1.41
2015-08-14,14.15,13.96,14.84,13.96,95089,146349524.00,6.30,-0.07,-0.01,1.80
2015-08-17,14.07,14.04,14.07,13.27,80202,117972227.00,5.73,0.57,0.08,1.52
2015-08-18,14.03,15.07,15.55,13.96,277797,452326848.00,11.32,7.34,1.03,5.27
2015-08-19,13.97,16.26,16.68,13.46,234741,373312768.00,21.37,7.90,1.19,4.45
2015-08-20,16.76,16.33,17.63,16.09,214231,385234528.00,9.47,0.43,0.07,4.06
2015-08-21,15.93,14.59,16.76,14.59,178061,294419616.00,13.29,-10.66,-1.74,3.38
2015-08-24,13.04,13.03,13.36,13.03,40883,57575832.00,2.26,-10.69,-1.56,0.78
2015-08-25,11.62,11.62,13.27,11.62,234597,309994432.00,12.66,-10.82,-1.41,4.45
2015-08-26,12.28,11.94,12.83,11.05,158309,208574291.00,15.32,2.75,0.32,3.00
2015-08-27,12.12,13.24,13.24,12.12,116452,160623169.00,9.38,10.89,1.30,2.21
2015-08-28,13.72,14.67,14.67,13.57,197568,306642208.00,8.31,10.80,1.43,3.75
2015-08-31,14.57,13.47,14.57,13.47,163461,246430165.00,7.50,-8.18,-1.20,3.10
2015-09-01,12.97,13.17,13.17,12.02,117572,158566726.00,8.54,-2.23,-0.30,2.23
2015-09-02,12.72,12.77,13.97,12.18,117968,168383580.00,13.59,-3.04,-0.40,2.24
2015-09-07,12.43,13.14,13.82,12.43,83690,119818855.00,10.88,2.90,0.37,1.59
2015-09-08,13.17,14.05,14.16,12.30,86198,122172417.00,14.16,6.93,0.91,1.63
2015-09-09,14.33,15.56,15.56,14.00,167817,269356016.00,11.10,10.75,1.51,3.18
2015-09-10,15.31,15.95,16.56,14.81,137676,233879364.00,11.25,2.51,0.39,2.61
2015-09-11,15.52,15.84,16.47,15.33,89548,150962830.00,7.15,-0.69,-0.11,1.70
2015-09-14,15.63,14.15,16.70,14.15,133818,221122186.00,16.10,-10.67,-1.69,2.54
2015-09-15,12.99,13.60,14.75,12.99,96350,143544648.00,12.44,-3.89,-0.55,1.83
2015-09-16,13.77,15.06,15.06,13.50,90217,138413305.00,11.47,10.74,1.46,1.71
2015-09-17,15.46,15.15,16.47,15.06,137725,232975843.00,9.36,0.60,0.09,2.61
2015-09-18,15.47,16.14,16.31,15.17,98756,165411106.00,7.52,6.53,0.99,1.87
2015-09-21,15.97,17.12,17.62,15.74,157967,283183968.00,11.65,6.07,0.98,2.99
2015-09-22,17.12,18.52,18.94,16.38,196139,370226656.00,14.95,8.18,1.40,3.72
2015-09-23,17.97,17.92,18.36,17.45,116824,221874674.00,4.91,-3.24,-0.60,2.21
2015-09-24,18.07,17.34,18.76,16.78,123868,230175046.00,11.05,-3.24,-0.58,2.35
2015-09-25,17.47,15.50,17.51,15.50,227826,386785920.00,11.59,-10.61,-1.84,4.32
2015-09-28,15.78,15.93,15.95,15.21,123980,207116718.00,4.77,2.77,0.43,2.35
2015-09-29,15.67,15.19,15.67,15.05,106518,174682771.00,3.89,-4.65,-0.74,2.02
2015-09-30,15.38,15.09,15.71,14.95,90069,147736633.00,5.00,-0.66,-0.10,1.71
2015-10-08,15.77,15.65,15.95,15.28,127339,212537576.00,4.44,3.71,0.56,2.41
2015-10-09,15.62,16.47,16.47,15.57,151064,257985655.00,5.75,5.24,0.82,2.86
2015-10-12,16.71,17.28,17.45,16.71,205963,374032592.00,4.49,4.92,0.81,3.90
2015-10-13,17.47,17.77,17.77,16.78,208804,382883312.00,5.73,2.84,0.49,3.96
2015-10-14,17.53,16.67,17.65,16.60,129045,233841040.00,5.91,-6.19,-1.10,2.45
2015-10-15,16.37,17.01,17.02,16.27,135468,241546745.00,4.50,2.04,0.34,2.57
2015-10-16,17.07,16.67,17.52,16.35,207613,371186240.00,6.88,-2.00,-0.34,3.94
2015-10-19,16.70,16.01,16.82,15.66,188981,324702544.00,6.96,-3.96,-0.66,3.58
2015-10-20,15.97,16.30,16.32,15.77,134960,232190502.00,3.44,1.81,0.29,2.56
2015-10-21,16.33,14.57,16.51,14.57,202524,335626160.00,11.90,-10.61,-1.73,3.84
2015-10-22,14.09,14.82,14.90,13.58,159802,246399453.00,9.06,1.72,0.25,3.03
2015-10-23,14.77,15.55,15.67,14.68,130428,213207302.00,6.68,4.93,0.73,2.47
2015-10-26,15.76,15.14,15.76,14.85,135258,219160849.00,5.85,-2.64,-0.41,2.56
2015-10-27,15.05,15.03,15.27,14.27,92181,146085149.00,6.61,-0.73,-0.11,1.75
2015-10-28,15.07,14.90,15.55,14.75,84041,135964382.00,5.32,-0.86,-0.13,1.59
2015-10-29,15.09,15.55,15.83,14.48,108044,176718935.00,9.06,4.36,0.65,2.05
2015-10-30,15.42,15.13,15.56,15.00,66883,108953205.00,3.60,-2.70,-0.42,1.27
2015-11-02,14.74,14.39,15.01,14.27,91816,143754072.00,4.89,-4.89,-0.74,1.74
2015-11-03,14.30,13.89,14.59,13.77,63340,96239656.00,5.70,-3.47,-0.50,1.20
2015-11-04,13.90,15.05,15.12,13.90,100342,157517138.00,8.78,8.35,1.16,1.90
2015-11-05,14.97,14.67,15.46,14.40,108234,172266044.00,7.04,-2.52,-0.38,2.05
2015-11-06,14.83,15.15,15.27,14.69,113055,182300817.00,3.95,3.27,0.48,2.14
2015-11-09,14.98,15.33,15.43,14.77,136241,218703682.00,4.36,1.19,0.18,2.58
2015-11-10,15.23,15.67,15.67,14.97,128070,211441815.00,4.57,2.22,0.34,2.43
2015-11-11,15.92,15.98,16.23,15.67,108434,184650612.00,3.57,1.98,0.31,2.06
2015-11-12,16.00,15.59,16.06,15.38,97741,162361957.00,4.26,-2.44,-0.39,1.85
2015-11-13,15.42,14.76,15.42,14.47,106463,169526149.00,6.09,-5.32,-0.83,2.02
2015-11-16,14.41,15.15,15.19,14.29,69331,110485758.00,6.10,2.64,0.39,1.31
2015-11-17,15.31,15.02,15.41,14.97,88042,142097584.00,2.90,-0.86,-0.13,1.67
2015-11-18,14.87,14.70,15.04,14.55,52347,82979277.00,3.26,-2.13,-0.32,0.99
2015-11-19,14.57,14.87,14.95,14.49,68801,108279367.00,3.13,1.16,0.17,1.30
2015-11-20,14.85,15.12,15.25,14.72,96031,153984576.00,3.56,1.68,0.25,1.82
2015-11-23,15.13,15.18,15.50,15.03,93485,153001902.00,3.11,0.40,0.06,1.77
2015-11-24,15.27,14.86,15.27,14.59,71271,113108928.00,4.48,-2.11,-0.32,1.35
2015-11-25,14.85,14.88,15.05,14.67,95911,152024603.00,2.56,0.13,0.02,1.82
2015-11-26,15.02,15.98,16.47,14.90,223735,375307296.00,10.55,7.39,1.10,4.24
2015-11-27,15.84,16.17,16.91,15.53,303148,525862752.00,8.64,1.19,0.19,5.75
2015-11-30,16.33,17.86,17.86,16.18,363659,656419584.00,10.39,10.45,1.69,6.89
2015-12-01,17.53,17.83,18.36,16.93,265845,497998480.00,8.01,-0.17,-0.03,5.04
2015-12-02,17.79,16.31,17.79,15.94,195078,344454400.00,10.38,-8.52,-1.52,3.70
2015-12-03,16.28,16.96,17.17,16.28,136250,242495719.00,5.46,3.99,0.65,2.58
2015-12-04,16.77,16.43,17.24,16.28,112536,199843803.00,5.66,-3.13,-0.53,2.13
2015-12-07,16.37,16.37,16.72,16.17,83275,145086869.00,3.35,-0.37,-0.06,1.58
2015-12-08,16.61,17.06,17.13,16.25,143182,254334930.00,5.38,4.22,0.69,2.71
2015-12-09,16.84,16.13,17.36,16.00,111972,197262354.00,7.97,-5.45,-0.93,2.12
2015-12-10,15.93,15.36,16.06,15.27,94527,157788794.00,4.90,-4.77,-0.77,1.79
2015-12-11,15.27,15.62,15.86,14.68,100146,162343657.00,7.68,1.69,0.26,1.90
2015-12-14,15.37,16.10,16.14,15.07,66511,111418266.00,6.85,3.07,0.48,1.26
2015-12-15,16.05,16.12,16.53,16.01,86642,149593477.00,3.23,0.12,0.02,1.64
2015-12-16,16.00,16.07,16.17,15.61,90707,153423587.00,3.47,-0.31,-0.05,1.72
2015-12-17,16.07,16.86,17.01,15.98,115497,202928795.00,6.41,4.92,0.79,2.19
2015-12-18,16.70,16.66,16.92,16.35,89918,158504164.00,3.38,-1.19,-0.20,1.70
2015-12-21,16.56,16.91,16.97,16.44,76342,135196455.00,3.18,1.50,0.25,1.45
2015-12-22,17.00,16.82,17.10,16.67,64803,115989798.00,2.54,-0.53,-0.09,1.23
2015-12-23,16.82,15.76,16.84,15.57,146233,249948497.00,7.55,-6.30,-1.06,2.77
2015-12-24,15.64,15.45,15.69,15.03,84824,138854052.00,4.19,-1.97,-0.31,1.61
2015-12-25,15.54,15.49,15.76,15.39,63947,106383242.00,2.39,0.26,0.04,1.21
2015-12-28,15.73,15.59,15.87,15.37,52099,86577639.00,3.23,0.65,0.10,0.99
2015-12-29,15.47,15.52,15.70,15.35,48748,80316061.00,2.25,-0.45,-0.07,0.92
2015-12-30,15.59,15.85,15.87,15.44,72609,121257038.00,2.77,2.13,0.33,1.38
2015-12-31,15.77,15.51,15.93,15.51,61153,102445633.00,2.65,-2.15,-0.34,1.16