2023-01-03,8.36,8.40,8.45,8.31,38627,33039649.19,1.67,0.48,0.04,0.71
2023-01-04,8.40,8.72,8.80,8.40,111900,99230067.10,4.76,3.81,0.32,2.05
2023-01-05,8.69,8.71,8.78,8.63,73656,65303675.09,1.72,-0.11,-0.01,1.35
2023-01-06,8.76,8.87,9.33,8.76,141570,130124119.30,6.54,1.84,0.16,2.59
2023-01-09,8.96,8.83,9.03,8.80,80817,72953799.30,2.59,-0.45,-0.04,1.48
2023-01-10,8.80,8.82,8.93,8.68,52146,46706284.62,2.83,-0.11,-0.01,0.95
2023-01-11,8.80,8.75,8.92,8.69,57215,51340919.67,2.61,-0.79,-0.07,1.05
2023-01-12,8.71,8.71,8.80,8.65,42367,37555419.95,1.71,-0.46,-0.04,0.77
2023-01-13,8.75,9.60,9.60,8.68,170845,162897362.40,10.56,10.22,0.89,3.12
2023-01-16,9.83,9.35,9.92,9.27,376044,360312071.71,6.77,-2.60,-0.25,6.87
2023-01-17,9.35,9.25,9.37,9.12,188599,176660930.59,2.67,-1.07,-0.10,3.45
2023-01-18,9.26,9.18,9.28,9.08,150041,139534200.20,2.16,-0.76,-0.07,2.74
2023-01-19,9.18,9.04,9.18,8.95,140006,128543349.68,2.51,-1.53,-0.14,2.56
2023-01-20,9.02,9.06,9.10,8.90,124476,114268970.27,2.21,0.22,0.02,2.28
2023-01-30,9.15,9.12,9.19,9.07,130303,120828551.44,1.32,0.66,0.06,2.38
2023-01-31,9.11,9.26,9.30,9.05,145116,135965531.54,2.74,1.54,0.14,2.65
2023-02-01,9.34,9.27,9.34,9.14,151009,141672422.21,2.16,0.11,0.01,2.76
2023-02-02,9.25,9.24,9.26,9.16,105427,98808223.08,1.08,-0.32,-0.03,1.93
2023-02-03,9.27,9.14,9.27,9.07,89042,82899589.85,2.16,-1.08,-0.10,1.63
2023-02-06,9.08,9.13,9.14,9.02,61682,57073983.98,1.31,-0.11,-0.01,1.13
2023-02-07,9.12,9.17,9.26,9.11,88850,82962697.67,1.64,0.44,0.04,1.62
2023-02-08,9.17,9.01,9.18,9.01,76251,70490923.03,1.85,-1.74,-0.16,1.39
2023-02-09,9.00,9.08,9.10,8.98,77998,71758487.09,1.33,0.78,0.07,1.43
2023-02-10,9.08,9.14,9.25,9.03,80353,74868452.12,2.42,0.66,0.06,1.47
2023-02-13,9.14,9.38,9.40,9.09,152302,144147168.72,3.39,2.63,0.24,2.78
2023-02-14,9.38,9.52,9.58,9.33,124652,120232584.82,2.67,1.49,0.14,2.28
2023-02-15,9.53,9.38,9.54,9.36,77258,73981770.21,1.89,-1.47,-0.14,1.41
2023-02-16,9.38,9.22,9.53,8.94,100207,95351596.54,6.29,-1.71,-0.16,1.83
2023-02-17,9.21,9.16,9.32,9.14,56850,53352411.78,1.95,-0.65,-0.06,1.04
2023-02-20,9.22,9.57,9.59,9.15,128327,123777072.00,4.80,4.48,0.41,2.35
2023-02-21,9.66,9.73,9.98,9.55,193329,191664503.05,4.49,1.67,0.16,3.53
2023-02-22,9.70,9.77,9.79,9.57,79678,78675250.20,2.26,0.41,0.04,1.46
2023-02-23,9.76,9.85,10.16,9.75,175868,177287710.00,4.20,0.82,0.08,3.21
2023-02-24,9.88,9.84,9.99,9.67,96339,95921241.56,3.25,-0.10,-0.01,1.76
2023-02-27,9.84,9.66,9.84,9.59,77793,76501658.35,2.54,-1.83,-0.18,1.42
2023-02-28,9.64,9.70,9.71,9.57,61651,60413685.59,1.45,0.41,0.04,1.13
2023-03-01,9.70,9.80,9.83,9.61,68514,67662750.70,2.27,1.03,0.10,1.25
2023-03-02,9.78,9.88,10.02,9.75,82848,83254202.19,2.76,0.82,0.08,1.51
2023-03-03,9.87,9.74,9.87,9.67,56114,55629205.76,2.02,-1.42,-0.14,1.03
2023-03-06,9.72,9.68,9.76,9.61,55060,54147621.20,1.54,-0.62,-0.06,1.01
2023-03-07,9.65,9.42,9.72,9.39,88891,86286075.33,3.41,-2.69,-0.26,1.62
2023-03-08,9.38,9.45,9.51,9.38,38363,36854848.64,1.38,0.32,0.03,0.70
2023-03-09,9.43,9.41,9.49,9.34,45980,43902930.30,1.59,-0.42,-0.04,0.84
2023-03-10,9.34,9.14,9.36,9.13,59193,55388020.50,2.44,-2.87,-0.27,1.08
2023-03-13,9.14,9.08,9.19,9.03,37189,34394172.00,1.75,-0.66,-0.06,0.68
2023-03-14,9.09,8.90,9.11,8.86,53307,48508436.00,2.75,-1.98,-0.18,0.97
2023-03-15,8.95,8.94,9.08,8.92,44517,40718138.14,1.80,0.45,0.04,0.81
2023-03-16,8.96,8.86,8.96,8.82,38433,34733298.71,1.57,-0.89,-0.08,0.70
2023-03-17,8.93,8.89,8.96,8.85,46031,41719251.51,1.24,0.34,0.03,0.84
2023-03-20,8.92,9.00,9.07,8.86,53495,48896283.40,2.36,1.24,0.11,0.98
2023-03-21,9.00,9.22,9.30,8.97,54218,50590608.91,3.67,2.44,0.22,0.99
2023-03-22,9.25,9.65,9.89,9.22,228465,224443404.82,7.27,4.66,0.43,4.18
2023-03-23,9.65,9.73,9.78,9.54,95343,93553542.38,2.49,0.83,0.08,1.74
2023-03-24,9.72,9.65,9.74,9.51,56840,55514086.00,2.36,-0.82,-0.08,1.04
2023-03-27,9.65,9.50,9.72,9.43,60086,58109286.00,3.01,-1.55,-0.15,1.10
2023-03-28,9.63,9.27,9.63,9.25,68260,64821993.88,4.00,-2.42,-0.23,1.25
2023-03-29,9.27,8.99,9.31,8.94,93781,86092454.00,3.99,-3.02,-0.28,1.71
2023-03-30,9.05,9.00,9.06,8.85,70361,64148570.55,2.34,0.11,0.01,1.29
2023-03-31,9.00,9.03,9.13,8.93,57349,52675067.62,2.22,0.33,0.03,1.05
2023-04-03,9.03,9.31,9.41,8.99,107265,100995210.09,4.65,3.10,0.28,1.96
2023-04-04,9.27,9.09,9.34,9.07,70375,65623948.20,2.90,-2.36,-0.22,1.29
2023-04-06,9.09,8.94,9.15,8.94,58154,53378560.70,2.31,-1.65,-0.15,1.06
2023-04-07,8.95,9.10,9.20,8.95,62990,58330892.00,2.80,1.79,0.16,1.15
2023-04-10,9.11,9.09,9.14,8.97,60859,56032278.10,1.87,-0.11,-0.01,1.11
2023-04-11,9.10,9.19,9.28,8.99,59247,55205782.10,3.19,1.10,0.10,1.08
2023-04-12,9.21,9.20,9.32,9.10,57070,53443873.00,2.39,0.11,0.01,1.04
2023-04-13,9.23,9.13,9.23,9.10,44842,41735860.00,1.41,-0.76,-0.07,0.82
2023-04-14,9.16,9.04,9.19,9.02,51269,47354077.14,1.86,-0.99,-0.09,0.94
2023-04-17,9.05,9.16,9.17,9.00,40591,37564874.24,1.88,1.33,0.12,0.74
2023-04-18,9.20,9.41,9.55,9.11,116949,111353013.00,4.80,2.73,0.25,2.14
2023-04-19,9.43,9.19,9.44,9.15,78673,74198708.22,3.08,-2.34,-0.22,1.44
2023-04-20,9.15,9.11,9.23,9.05,39060,36187034.77,1.96,-0.87,-0.08,0.71
2023-04-21,9.09,8.88,9.20,8.87,62848,57594031.80,3.62,-2.52,-0.23,1.15
2023-04-24,8.85,8.70,8.89,8.63,74320,66032554.92,2.93,-2.03,-0.18,1.36
2023-04-25,8.77,8.52,8.77,8.37,80188,69446820.00,4.60,-2.07,-0.18,1.47
2023-04-26,8.57,8.70,8.77,8.46,55973,48928397.06,3.64,2.11,0.18,1.02
2023-04-27,8.70,8.75,8.84,8.61,47201,42129990.52,2.64,0.57,0.05,0.86
2023-04-28,8.34,8.17,8.34,7.94,180824,148624419.83,4.57,-6.63,-0.58,3.30
2023-05-04,8.13,8.21,8.26,8.09,81172,67697420.74,2.08,0.49,0.04,1.48
2023-05-05,8.21,8.10,8.23,8.05,50087,41452521.00,2.19,-1.34,-0.11,0.92
2023-05-08,8.16,8.18,8.25,8.10,49740,41500855.35,1.85,0.99,0.08,0.91
2023-05-09,8.18,8.12,8.26,8.10,55927,46706523.27,1.96,-0.73,-0.06,1.02
2023-05-10,8.12,8.20,8.27,8.06,60185,50109539.10,2.59,0.99,0.08,1.10
2023-05-11,8.24,8.20,8.27,8.18,37688,31560219.52,1.10,0.00,0.00,0.69
2023-05-12,8.20,8.18,8.26,8.15,30579,25551653.78,1.34,-0.24,-0.02,0.56
2023-05-15,8.21,8.19,8.23,8.09,28151,23412780.75,1.71,0.12,0.01,0.51
2023-05-16,8.17,8.13,8.20,8.09,27630,22919667.00,1.34,-0.73,-0.06,0.50
2023-05-17,8.15,8.16,8.20,8.09,26791,21866195.50,1.35,0.37,0.03,0.49
2023-05-18,8.17,8.13,8.21,8.11,26483,21588443.31,1.23,-0.37,-0.03,0.48
2023-05-19,8.17,8.11,8.17,8.02,39195,31663294.54,1.85,-0.25,-0.02,0.72
2023-05-22,8.09,8.09,8.13,8.03,29652,23980921.42,1.23,-0.25,-0.02,0.54
2023-05-23,8.11,8.03,8.12,8.03,21312,17203508.72,1.11,-0.74,-0.06,0.39
2023-05-24,8.05,8.04,8.05,7.97,25161,20175047.92,1.00,0.12,0.01,0.46
2023-05-25,8.00,7.94,8.03,7.84,48458,38369033.71,2.36,-1.24,-0.10,0.89
2023-05-26,7.93,7.95,7.98,7.84,25377,20064491.18,1.76,0.13,0.01,0.46
2023-05-29,7.94,7.87,7.98,7.85,25588,20196930.60,1.64,-1.01,-0.08,0.47
2023-05-30,7.89,7.80,7.90,7.69,42725,33286038.04,2.67,-0.89,-0.07,0.78
2023-05-31,7.84,7.75,7.85,7.74,25579,19923168.31,1.41,-0.64,-0.05,0.47
2023-06-01,7.75,7.86,7.94,7.74,34003,26707865.00,2.58,1.42,0.11,0.62
2023-06-02,7.87,8.02,8.06,7.85,39169,31287603.02,2.67,2.04,0.16,0.72
2023-06-05,8.05,8.01,8.05,7.94,25178,20126729.20,1.37,-0.12,-0.01,0.46
2023-06-06,8.02,7.94,8.19,7.91,35958,28864701.42,3.50,-0.87,-0.07,0.66
2023-06-07,7.93,7.93,8.06,7.86,36507,28941527.68,2.52,-0.13,-0.01,0.67
2023-06-08,7.94,7.98,8.05,7.84,31529,25124647.16,2.65,0.63,0.05,0.58
2023-06-09,7.98,7.98,8.06,7.91,60521,48358187.04,1.88,0.00,0.00,1.11
2023-06-12,7.98,8.00,8.10,7.88,57960,46286123.00,2.76,0.25,0.02,1.06
2023-06-13,7.98,7.92,8.07,7.88,47907,38025455.82,2.38,-1.00,-0.08,0.88
2023-06-14,7.92,7.88,7.99,7.86,50613,39978679.32,1.64,-0.51,-0.04,0.93
2023-06-15,7.88,7.84,7.90,7.82,31691,24853033.60,1.02,-0.51,-0.04,0.58
2023-06-16,7.84,7.91,7.98,7.83,38951,30896322.12,1.91,0.89,0.07,0.71
2023-06-19,7.90,7.70,7.94,7.69,79959,61997793.83,3.16,-2.65,-0.21,1.46
2023-06-20,7.72,7.58,7.73,7.57,58023,44176055.84,2.08,-1.56,-0.12,1.06
2023-06-21,7.55,7.47,7.61,7.46,35668,26795480.68,1.98,-1.45,-0.11,0.65
2023-06-26,7.42,7.29,7.43,7.26,52037,38185615.96,2.28,-2.41,-0.18,0.95
2023-06-27,7.33,7.64,7.66,7.32,60804,45983346.24,4.66,4.80,0.35,1.11
2023-06-28,7.64,7.67,7.72,7.57,38450,29442119.05,1.96,0.39,0.03,0.70
2023-06-29,7.69,7.72,7.74,7.65,24949,19226415.46,1.17,0.65,0.05,0.46
2023-06-30,7.95,7.81,8.01,7.78,71246,55995334.45,2.98,1.17,0.09,1.30
2023-07-03,7.78,7.81,7.86,7.74,50390,39317043.52,1.54,0.00,0.00,0.92
2023-07-04,7.82,7.90,7.98,7.76,52195,41200846.40,2.82,1.15,0.09,0.95
2023-07-05,7.87,7.87,7.93,7.83,25689,20262184.00,1.27,-0.38,-0.03,0.47
2023-07-06,7.87,7.90,7.93,7.81,27955,22000116.00,1.52,0.38,0.03,0.51
2023-07-07,7.88,7.91,7.96,7.86,25111,19866444.89,1.27,0.13,0.01,0.46
2023-07-10,7.89,7.88,7.94,7.85,27089,21337899.64,1.14,-0.38,-0.03,0.50
2023-07-11,7.89,7.92,7.96,7.86,24185,19106377.00,1.27,0.51,0.04,0.44
2023-07-12,7.93,7.83,7.93,7.82,25838,20329453.91,1.39,-1.14,-0.09,0.47
2023-07-13,7.83,7.90,7.92,7.83,30728,24204357.00,1.15,0.89,0.07,0.56
2023-07-14,7.92,7.86,7.92,7.85,26841,21150182.20,0.89,-0.51,-0.04,0.49
2023-07-17,7.83,7.90,7.90,7.77,31169,24493747.89,1.65,0.51,0.04,0.57
2023-07-18,7.90,8.06,8.19,7.86,57574,46181255.93,4.18,2.03,0.16,1.05
2023-07-19,8.04,8.17,8.20,8.02,56946,46189415.11,2.23,1.36,0.11,1.04
2023-07-20,8.12,8.06,8.23,8.04,30037,24408138.31,2.33,-1.35,-0.11,0.55
2023-07-21,8.04,8.05,8.10,7.99,28647,23009040.23,1.36,-0.12,-0.01,0.52
2023-07-24,8.02,7.95,8.07,7.93,24466,19485699.32,1.74,-1.24,-0.10,0.45
2023-07-25,8.01,8.25,8.33,8.00,86541,71258645.00,4.15,3.77,0.30,1.58
2023-07-26,8.28,8.28,8.35,8.23,43710,36150520.68,1.45,0.36,0.03,0.80
2023-07-27,8.28,8.21,8.28,8.18,36623,30149834.55,1.21,-0.85,-0.07,0.67
2023-07-28,8.21,8.32,8.34,8.20,50721,42070005.00,1.71,1.34,0.11,0.93
2023-07-31,8.36,8.38,8.49,8.35,46930,39416274.00,1.68,0.72,0.06,0.86
2023-08-01,8.40,8.37,8.44,8.33,33914,28400814.56,1.31,-0.12,-0.01,0.62
2023-08-02,8.38,8.37,8.41,8.31,28201,23559817.00,1.19,0.00,0.00,0.52
2023-08-03,8.34,8.37,8.47,8.27,31072,25924242.34,2.39,0.00,0.00,0.57
2023-08-04,8.39,8.29,8.41,8.28,32154,26807713.95,1.55,-0.96,-0.08,0.59
2023-08-07,8.26,8.14,8.28,8.10,35291,28765776.00,2.17,-1.81,-0.15,0.65
2023-08-08,8.14,8.06,8.16,8.03,26642,21488342.00,1.60,-0.98,-0.08,0.49
2023-08-09,8.07,7.99,8.09,7.97,28082,22524798.60,1.49,-0.87,-0.07,0.51
2023-08-10,7.98,7.98,8.00,7.93,26471,21083759.00,0.88,-0.13,-0.01,0.48
2023-08-11,8.00,7.88,8.00,7.87,32268,25560552.00,1.63,-1.25,-0.10,0.59
2023-08-14,7.87,7.93,7.94,7.73,28971,22736335.00,2.66,0.63,0.05,0.53
2023-08-15,7.93,7.86,7.98,7.80,23639,18616977.00,2.27,-0.88,-0.07,0.43
2023-08-16,7.84,7.97,8.10,7.84,43601,34786952.04,3.31,1.40,0.11,0.80
2023-08-17,7.94,8.02,8.03,7.83,33856,26920693.04,2.51,0.63,0.05,0.62
2023-08-18,8.00,7.98,8.10,7.94,40728,32596947.21,2.00,-0.50,-0.04,0.74
2023-08-21,7.96,7.94,8.05,7.93,44166,35194352.00,1.50,-0.50,-0.04,0.81
2023-08-22,7.94,7.88,8.01,7.79,34528,27141066.00,2.77,-0.76,-0.06,0.63
2023-08-23,7.86,7.78,7.94,7.75,31389,24492557.50,2.41,-1.27,-0.10,0.57
2023-08-24,7.77,7.74,7.84,7.69,28061,21746003.00,1.93,-0.51,-0.04,0.51
2023-08-25,7.73,7.71,7.82,7.70,24979,19370078.00,1.55,-0.39,-0.03,0.46
2023-08-28,7.95,7.96,8.17,7.85,81005,65102375.07,4.15,3.24,0.25,1.48
2023-08-29,7.98,8.12,8.13,7.96,79972,64402416.25,2.14,2.01,0.16,1.46
2023-08-30,8.08,8.20,8.28,8.08,58052,47636654.30,2.46,0.99,0.08,1.06
2023-08-31,8.25,8.20,8.30,8.10,56199,46034612.09,2.44,0.00,0.00,1.03
2023-09-01,8.20,8.39,8.44,8.20,95125,79574936.00,2.93,2.32,0.19,1.74
2023-09-04,8.40,8.61,8.76,8.40,106883,92009368.17,4.29,2.62,0.22,1.95
2023-09-05,8.55,8.44,8.58,8.39,63205,53443651.00,2.21,-1.97,-0.17,1.16
2023-09-06,8.49,8.34,8.50,8.33,47257,39654777.08,2.01,-1.18,-0.10,0.86
2023-09-07,8.38,8.34,8.75,8.32,94337,80285159.40,5.16,0.00,0.00,1.72
2023-09-08,8.40,8.20,8.42,8.13,60480,49636388.00,3.48,-1.68,-0.14,1.11
2023-09-11,8.17,8.15,8.34,8.09,65727,53662712.14,3.05,-0.61,-0.05,1.20
2023-09-12,8.19,8.07,8.20,8.05,56349,45586011.00,1.84,-0.98,-0.08,1.03
2023-09-13,8.07,8.06,8.15,8.02,46938,37861769.96,1.61,-0.12,-0.01,0.86
2023-09-14,8.06,8.07,8.09,8.01,33243,26762503.48,0.99,0.12,0.01,0.61
2023-09-15,8.08,8.05,8.21,8.03,51296,41612278.76,2.23,-0.25,-0.02,0.94
2023-09-18,8.03,8.09,8.11,7.96,33599,27020752.00,1.86,0.50,0.04,0.61
2023-09-19,8.11,8.06,8.12,8.02,26297,21203128.00,1.24,-0.37,-0.03,0.48
2023-09-20,8.03,8.06,8.14,8.03,30698,24846356.00,1.36,0.00,0.00,0.56
2023-09-21,8.04,8.05,8.09,7.99,22723,18255694.00,1.24,-0.12,-0.01,0.42
2023-09-22,8.01,8.07,8.09,7.96,30754,24688809.93,1.61,0.25,0.02,0.56
2023-09-25,8.12,8.01,8.12,7.99,24005,19297085.00,1.61,-0.74,-0.06,0.44
2023-09-26,8.08,7.96,8.08,7.94,24699,19713423.00,1.75,-0.62,-0.05,0.45
2023-09-27,7.95,7.97,8.04,7.92,23304,18564923.76,1.51,0.13,0.01,0.43
2023-09-28,8.01,7.95,8.01,7.92,31916,25451627.14,1.13,-0.25,-0.02,0.58
2023-10-09,7.94,7.76,7.96,7.74,47358,37002587.00,2.77,-2.39,-0.19,0.87
2023-10-10,7.77,7.68,7.82,7.66,31152,23998900.00,2.06,-1.03,-0.08,0.57
2023-10-11,7.70,7.63,7.70,7.61,36224,27681742.00,1.17,-0.65,-0.05,0.66
2023-10-12,7.69,7.66,7.69,7.61,22380,17127184.00,1.05,0.39,0.03,0.41
2023-10-13,7.62,7.64,7.64,7.57,36316,27631593.40,0.91,-0.26,-0.02,0.66
2023-10-16,7.65,7.67,7.75,7.63,32618,25041256.00,1.57,0.39,0.03,0.60
2023-10-17,7.67,7.63,7.75,7.61,34182,26201443.92,1.83,-0.52,-0.04,0.62
2023-10-18,7.63,7.50,7.65,7.48,35940,27109705.00,2.23,-1.70,-0.13,0.66
2023-10-19,7.51,7.48,7.59,7.42,30644,23000361.87,2.27,-0.27,-0.02,0.56
2023-10-20,7.47,7.47,7.55,7.38,46422,34738766.05,2.27,-0.13,-0.01,0.85
2023-10-23,7.47,7.34,7.47,7.26,46630,34290715.33,2.81,-1.74,-0.13,0.85
2023-10-24,7.36,7.48,7.49,7.31,27931,20746342.20,2.45,1.91,0.14,0.51
2023-10-25,7.57,7.56,7.59,7.51,25551,19303366.20,1.07,1.07,0.08,0.47
2023-10-26,7.50,7.51,7.56,7.42,28145,21025790.90,1.85,-0.66,-0.05,0.51
2023-10-27,7.53,7.61,7.63,7.45,29769,22555522.03,2.40,1.33,0.10,0.54
2023-10-30,7.73,7.97,8.00,7.71,105914,83794169.53,3.81,4.73,0.36,1.94
2023-10-31,7.99,7.96,8.13,7.90,64367,51510525.33,2.89,-0.13,-0.01,1.18
2023-11-01,7.98,7.98,8.03,7.88,44364,35289708.10,1.88,0.25,0.02,0.81
2023-11-02,8.02,7.93,8.05,7.92,30228,24120524.00,1.63,-0.63,-0.05,0.55
2023-11-03,7.95,7.90,8.01,7.89,32616,25874410.70,1.51,-0.38,-0.03,0.60
2023-11-06,8.02,8.00,8.03,7.87,42048,33447409.77,2.03,1.27,0.10,0.77
2023-11-07,7.98,7.93,8.02,7.89,34938,27773715.32,1.63,-0.88,-0.07,0.64
2023-11-08,7.92,7.94,7.99,7.90,29861,23708055.70,1.13,0.13,0.01,0.55
2023-11-09,7.93,8.01,8.04,7.93,36670,29335490.20,1.39,0.88,0.07,0.67
2023-11-10,8.01,7.99,8.01,7.91,18679,14840682.00,1.25,-0.25,-0.02,0.34