2026-01-05,2218.23,2214.84,2218.23,2203.02,485681,753414661.00,0.69,-0.12,-2.60,0.30
2026-01-06,2215.01,2230.89,2231.08,2209.40,524222,803644370.00,0.98,0.72,16.05,0.33
2026-01-07,2230.59,2235.90,2254.52,2220.26,556210,883327972.00,1.54,0.22,5.01,0.35
2026-01-08,2228.94,2222.05,2231.23,2217.13,457840,706548700.00,0.63,-0.62,-13.85,0.29
2026-01-09,2220.19,2216.91,2223.62,2209.68,477718,747811854.00,0.63,-0.23,-5.14,0.30
2026-01-12,2215.84,2226.85,2227.69,2209.50,582055,904661107.00,0.82,0.45,9.94,0.36
2026-01-13,2229.80,2215.26,2244.70,2209.81,675557,1166073874.00,1.57,-0.52,-11.59,0.42
2026-01-14,2212.25,2193.53,2223.84,2186.37,836397,1461340730.00,1.69,-0.98,-21.73,0.52
2026-01-15,2191.34,2183.90,2200.29,2182.20,404631,677582283.00,0.82,-0.44,-9.63,0.25
2026-01-16,2190.82,2173.92,2194.03,2170.71,502730,899349955.00,1.07,-0.46,-9.98,0.31
2026-01-19,2172.12,2203.60,2205.09,2172.12,558969,844776811.00,1.52,1.37,29.68,0.35
2026-01-20,2204.66,2235.79,2236.20,2201.00,876270,1265942137.00,1.60,1.46,32.19,0.55
2026-01-21,2232.23,2218.85,2232.23,2213.65,517204,779685576.00,0.83,-0.76,-16.94,0.32
2026-01-22,2220.56,2230.45,2241.34,2218.71,567441,1003593390.00,1.02,0.52,11.60,0.35
2026-01-23,2228.64,2230.31,2240.73,2222.87,768844,1400609083.00,0.80,-0.01,-0.14,0.48
2026-01-26,2227.60,2211.58,2227.60,2203.38,751929,1377415634.00,1.09,-0.84,-18.73,0.47
2026-01-27,2206.46,2208.98,2214.52,2192.07,556773,923545556.00,1.02,-0.12,-2.60,0.35
2026-01-28,2207.10,2218.15,2226.53,2205.44,767116,1299678521.00,0.95,0.42,9.17,0.48
2026-01-29,2211.65,2228.68,2229.95,2198.34,686860,1087176089.00,1.43,0.47,10.53,0.43
2026-01-30,2227.19,2246.56,2246.78,2210.68,665278,1051794453.00,1.62,0.80,17.88,0.41
2026-02-02,2256.15,2221.90,2274.87,2221.90,991381,1355592821.00,2.36,-1.10,-24.66,0.62
2026-02-03,2233.90,2228.18,2246.89,2213.11,874672,1260316361.00,1.52,0.28,6.28,0.54
2026-02-04,2219.76,2264.67,2265.53,2217.23,965966,1626750567.00,2.17,1.64,36.49,0.60
2026-02-05,2263.85,2292.40,2293.87,2263.85,797820,1316765970.00,1.33,1.22,27.73,0.50
2026-02-06,2271.52,2235.97,2271.52,2235.02,692998,1077329894.00,1.59,-2.46,-56.43,0.43
2026-02-09,2241.47,2243.37,2244.28,2225.47,483436,780327863.00,0.84,0.33,7.40,0.30
2026-02-10,2240.08,2233.27,2240.08,2224.20,374809,597451749.00,0.71,-0.45,-10.10,0.23
2026-02-11,2233.78,2231.41,2237.32,2227.82,294397,470183716.00,0.43,-0.08,-1.86,0.18
2026-02-12,2231.11,2214.24,2231.11,2210.76,476687,688695928.00,0.91,-0.77,-17.17,0.30
2026-02-13,2226.22,2197.99,2229.59,2197.55,512006,708089345.00,1.45,-0.73,-16.25,0.32
2026-02-24,2204.23,2196.46,2205.64,2178.75,2057011,1400069094.00,1.22,-0.07,-1.53,1.28
2026-02-25,2194.09,2200.25,2213.14,2193.78,1648130,1202434643.00,0.88,0.17,3.79,1.03
2026-02-26,2198.35,2184.57,2199.39,2181.31,1936464,1271395493.00,0.82,-0.71,-15.68,1.21
2026-02-27,2183.12,2187.95,2190.83,2178.32,1109642,790859714.00,0.57,0.15,3.38,0.69
2026-03-02,2150.47,2140.43,2152.18,2124.65,2433696,1786958505.00,1.26,-2.17,-47.52,1.52
2026-03-03,2142.06,2115.98,2150.41,2114.57,1895243,1333253031.00,1.67,-1.14,-24.45,1.18
2026-03-04,2101.94,2080.14,2110.12,2070.63,1525196,1198707321.00,1.87,-1.69,-35.84,0.95
2026-03-05,2094.29,2080.36,2099.85,2077.11,1246907,842977533.00,1.09,0.01,0.22,0.78
2026-03-06,2081.06,2108.40,2112.06,2074.49,1178785,836205466.00,1.81,1.35,28.04,0.73
2026-03-09,2089.28,2072.95,2089.51,2061.72,1650097,1112918744.00,1.32,-1.68,-35.45,1.03
2026-03-10,2088.83,2090.93,2101.68,2084.69,1006916,711944606.00,0.82,0.87,17.98,0.63
2026-03-11,2091.50,2092.06,2093.34,2078.58,1042602,718656506.00,0.71,0.05,1.13,0.65
2026-03-12,2083.56,2092.87,2096.43,2082.20,1050165,695957480.00,0.68,0.04,0.81,0.65
2026-03-13,2088.17,2087.94,2107.01,2083.79,1282587,846560210.00,1.11,-0.24,-4.93,0.80
2026-03-16,2089.10,2092.58,2097.66,2081.14,1054336,715516160.00,0.79,0.22,4.64,0.66
2026-03-17,2096.19,2090.75,2117.22,2088.79,1312510,866564554.00,1.36,-0.09,-1.83,0.82
2026-03-18,2089.14,2076.30,2092.54,2063.49,1209942,750708193.00,1.39,-0.69,-14.45,0.75
2026-03-19,2059.02,2047.04,2068.86,2040.79,1171948,761690977.00,1.35,-1.41,-29.26,0.73
2026-03-20,2050.00,2021.72,2058.57,2021.64,1164147,888112244.00,1.80,-1.24,-25.32,0.73
2026-03-23,2003.55,1930.54,2003.55,1922.31,2088095,1489448526.00,4.02,-4.51,-91.18,1.30
2026-03-24,1952.67,1963.93,1966.19,1935.83,1610335,929617133.00,1.57,1.73,33.39,1.00
2026-03-25,1968.35,2005.38,2007.63,1963.91,1167620,763800151.00,2.23,2.11,41.45,0.73
2026-03-26,2000.76,1982.46,2013.99,1978.44,953944,633552516.00,1.77,-1.14,-22.92,0.59
2026-03-27,1965.42,1991.48,1993.10,1963.13,1098524,652872772.00,1.51,0.45,9.02,0.68
2026-03-30,1971.43,1995.78,2001.25,1957.55,904976,600013721.00,2.19,0.22,4.30,0.56
2026-03-31,1999.12,1994.61,2023.92,1992.74,1011252,679402484.00,1.56,-0.06,-1.17,0.63
2026-04-01,2014.92,2026.95,2028.81,2000.45,1113906,754249842.00,1.42,1.62,32.34,0.69
2026-04-02,2021.41,2016.72,2027.94,2009.04,921186,592636401.00,0.93,-0.50,-10.23,0.57
2026-04-03,2015.78,1984.87,2016.94,1981.39,713963,425734582.00,1.76,-1.58,-31.85,0.44
2026-04-07,1984.90,1988.33,1994.92,1976.38,664269,417778814.00,0.93,0.17,3.46,0.41
2026-04-08,2023.51,2042.26,2051.21,2023.51,1537531,998933019.00,1.39,2.71,53.93,0.96
2026-04-09,2024.72,2001.30,2024.72,1998.19,1040698,666898380.00,1.30,-2.01,-40.96,0.65
2026-04-10,2008.50,2004.86,2019.29,2004.31,790452,622050225.00,0.75,0.18,3.56,0.49
2026-04-13,2015.16,2002.30,2023.22,1999.26,862881,773309393.00,1.20,-0.13,-2.56,0.54
2026-04-14,2013.32,2015.67,2015.81,1988.45,988015,744460005.00,1.37,0.67,13.37,0.62
2026-04-15,2021.16,1999.03,2022.21,1997.19,930855,644222128.00,1.24,-0.83,-16.64,0.58
2026-04-16,2000.88,1999.94,2005.07,1994.30,660941,446546546.00,0.54,0.05,0.91,0.41
2026-04-17,1995.37,1992.34,1997.34,1982.89,811698,520473995.00,0.72,-0.38,-7.60,0.51
2026-04-20,1995.70,1998.47,2000.21,1986.92,835687,537953068.00,0.67,0.31,6.13,0.52
2026-04-21,1996.43,1992.46,2007.39,1987.51,886457,545592086.00,0.99,-0.30,-6.01,0.55
2026-04-22,1986.03,1974.60,1987.78,1971.84,1850104,832310290.00,0.80,-0.90,-17.86,1.15
2026-04-23,1972.24,1960.71,1973.31,1956.35,1419431,771223319.00,0.86,-0.70,-13.89,0.88
2026-04-24,1966.09,1960.56,1970.87,1950.38,1081156,693503276.00,1.05,-0.01,-0.15,0.67
2026-04-27,1961.83,1981.66,1987.28,1958.49,1400757,845353668.00,1.47,1.08,21.10,0.87
2026-04-28,1985.28,1994.94,1998.68,1983.93,1989062,1023327956.00,0.74,0.67,13.28,1.24
2026-04-29,1992.16,2003.18,2006.03,1990.22,1035957,671460459.00,0.79,0.41,8.24,0.65
2026-04-30,1993.56,1997.86,2000.94,1979.81,1763906,1064636777.00,1.05,-0.27,-5.32,1.10