2024-01-02,39.42,39.05,39.56,38.91,9549,37337374.00,1.65,-0.79,-0.31,3.98
2024-01-03,39.05,38.31,39.05,37.97,9054,34722916.00,2.77,-1.90,-0.74,3.77
2024-01-04,38.69,38.66,38.88,38.06,7811,30134888.00,2.14,0.91,0.35,3.25
2024-01-05,38.85,39.20,40.40,38.68,21946,86945690.00,4.45,1.40,0.54,9.14
2024-01-08,39.15,39.24,40.10,38.89,17155,67590975.00,3.09,0.10,0.04,7.14
2024-01-09,39.13,39.09,40.10,38.70,15569,61371106.00,3.57,-0.38,-0.15,6.48
2024-01-10,38.96,38.41,39.40,37.97,10445,40354502.00,3.66,-1.74,-0.68,4.35
2024-01-11,38.27,39.50,39.50,38.20,13370,52112214.00,3.38,2.84,1.09,5.57
2024-01-12,39.59,39.04,39.99,39.03,13112,51875923.00,2.43,-1.16,-0.46,5.46
2024-01-15,38.80,39.01,39.14,38.03,10446,40324608.00,2.84,-0.08,-0.03,4.35
2024-01-16,39.21,38.80,39.21,38.11,10171,39184868.00,2.82,-0.54,-0.21,4.23
2024-01-17,38.80,37.62,38.81,37.60,8312,31819205.00,3.12,-3.04,-1.18,3.46
2024-01-18,37.85,37.22,37.99,36.23,9448,34914390.00,4.68,-1.06,-0.40,3.93
2024-01-19,37.20,36.30,37.47,36.17,9902,36222358.00,3.49,-2.47,-0.92,4.12
2024-01-22,36.10,34.13,36.29,33.70,9450,33184346.00,7.13,-5.98,-2.17,3.93
2024-01-23,34.10,34.21,34.69,33.35,11669,39737380.00,3.93,0.23,0.08,4.86
2024-01-24,34.10,34.00,34.75,32.81,9596,32417122.00,5.67,-0.61,-0.21,3.99
2024-01-25,33.95,35.06,35.30,33.69,8206,28338082.00,4.74,3.12,1.06,3.42
2024-01-26,34.99,34.27,35.53,34.20,8711,30306605.00,3.79,-2.25,-0.79,3.63
2024-01-29,34.61,33.42,36.43,33.24,18740,64886520.00,9.31,-2.48,-0.85,7.80
2024-01-30,33.28,31.96,33.46,31.94,9900,32352158.00,4.55,-4.37,-1.46,4.12
2024-01-31,31.92,30.42,32.16,30.42,9478,29488866.00,5.44,-4.82,-1.54,3.95
2024-02-01,30.40,29.96,30.72,29.68,7957,24007331.00,3.42,-1.51,-0.46,3.31
2024-02-02,29.96,31.39,33.45,29.81,27058,84725709.00,12.15,4.77,1.43,11.26
2024-02-05,30.68,26.89,30.80,26.36,29465,82923562.00,14.14,-14.34,-4.50,11.61
2024-02-06,26.89,28.50,29.88,25.53,26168,73640273.00,16.18,5.99,1.61,10.31
2024-02-07,28.52,27.58,28.71,27.43,18757,52592364.00,4.49,-3.23,-0.92,7.39
2024-02-08,27.69,30.31,31.39,27.45,19791,57855089.00,14.29,9.90,2.73,7.80
2024-02-19,30.34,31.15,31.74,30.34,20888,65388836.00,4.62,2.77,0.84,8.23
2024-02-20,30.80,31.36,31.66,30.52,14142,44149993.00,3.66,0.67,0.21,5.57
2024-02-21,31.29,31.60,32.34,31.04,14469,46091271.00,4.15,0.77,0.24,5.70
2024-02-22,31.89,32.00,32.28,31.65,11007,35165113.00,1.99,1.27,0.40,4.34
2024-02-23,32.28,33.68,34.89,31.90,21722,72740751.00,9.34,5.25,1.68,8.56
2024-02-26,33.81,33.90,34.29,33.22,17339,58613912.00,3.18,0.65,0.22,6.83
2024-02-27,33.70,34.70,34.72,33.58,13438,46151786.00,3.36,2.36,0.80,5.29
2024-02-28,34.88,32.12,35.78,32.01,23805,81917905.00,10.86,-7.44,-2.58,9.38
2024-02-29,32.13,33.20,33.22,32.00,13097,42979487.00,3.80,3.36,1.08,5.16
2024-03-01,33.37,34.73,35.68,33.23,24945,87041356.00,7.38,4.61,1.53,9.83
2024-03-04,34.55,34.41,34.90,33.66,13688,46800137.00,3.57,-0.92,-0.32,5.39
2024-03-05,34.33,33.40,34.37,33.36,9564,32267351.00,2.94,-2.94,-1.01,3.77
2024-03-06,33.42,34.52,34.83,33.28,16236,55594356.00,4.64,3.35,1.12,6.40
2024-03-07,34.50,33.81,35.30,33.81,11291,38985807.00,4.32,-2.06,-0.71,4.45
2024-03-08,33.85,33.96,34.40,33.65,6353,21616690.00,2.22,0.44,0.15,2.50
2024-03-11,33.82,34.61,34.63,33.82,7922,27197332.00,2.39,1.91,0.65,3.12
2024-03-12,34.63,35.18,35.30,34.37,9969,34828180.00,2.69,1.65,0.57,3.93
2024-03-13,35.02,35.15,35.50,34.93,7577,26679270.00,1.62,-0.09,-0.03,2.98
2024-03-14,35.00,35.39,35.75,34.82,16017,56702124.00,2.65,0.68,0.24,6.31
2024-03-15,35.23,35.58,35.58,34.89,8118,28646413.00,1.95,0.54,0.19,3.20
2024-03-18,35.65,36.20,36.25,35.40,12904,46308976.00,2.39,1.74,0.62,5.08
2024-03-19,36.17,35.79,36.41,35.76,8737,31477479.00,1.80,-1.13,-0.41,3.44
2024-03-20,35.96,36.16,36.30,35.80,7577,27338267.00,1.40,1.03,0.37,2.98
2024-03-21,36.15,36.02,36.50,35.40,10128,36511726.00,3.04,-0.39,-0.14,3.99
2024-03-22,35.85,35.26,36.13,34.70,12701,44869950.00,3.97,-2.11,-0.76,5.00
2024-03-25,35.00,34.25,35.31,34.25,7570,26322971.00,3.01,-2.86,-1.01,2.98
2024-03-26,34.30,34.38,34.60,33.61,6826,23278330.00,2.89,0.38,0.13,2.69
2024-03-27,34.22,33.10,34.35,33.10,8320,28020458.00,3.64,-3.72,-1.28,3.28
2024-03-28,33.05,34.04,34.52,32.91,9484,32179598.00,4.86,2.84,0.94,3.74
2024-03-29,34.04,34.35,34.40,33.66,6342,21636391.00,2.17,0.91,0.31,2.50
2024-04-01,34.40,35.91,35.95,34.31,8826,31295126.00,4.77,4.54,1.56,3.48
2024-04-02,35.91,35.77,36.10,35.62,6260,22453968.00,1.34,-0.39,-0.14,2.47
2024-04-03,35.67,35.46,35.67,34.82,6449,22759267.00,2.38,-0.87,-0.31,2.54
2024-04-08,35.41,34.32,35.50,34.30,6953,24107731.00,3.38,-3.21,-1.14,2.74
2024-04-09,34.41,34.81,34.99,34.11,4968,17207769.00,2.56,1.43,0.49,1.96
2024-04-10,34.79,34.79,35.71,34.56,8509,29802309.00,3.30,-0.06,-0.02,3.35
2024-04-11,34.48,34.46,35.44,34.22,7335,25539268.00,3.51,-0.95,-0.33,2.89
2024-04-12,34.41,34.59,34.98,34.41,5635,19557465.00,1.65,0.38,0.13,2.22
2024-04-15,34.35,33.01,34.72,32.01,11844,39462309.00,7.83,-4.57,-1.58,4.67
2024-04-16,32.80,31.35,32.80,30.80,9860,31041003.77,6.06,-5.03,-1.66,3.88