MjAyMC0wMS0wMiw2LjY5LDYuNzMsNi44MSw2LjY0LDEzNDQ0NCwxMTg1MTA5MjMuMDAsMi41NSwwLjkwLDAuMDYsMy4yMQ==
2020-01-03,6.73,6.76,6.82,6.71,69075,61239789.00,1.63,0.45,0.03,1.65
2020-01-06,6.73,6.81,6.87,6.70,50799,45200121.00,2.51,0.74,0.05,1.21
2020-01-07,6.81,6.87,6.87,6.77,48293,43082617.00,1.47,0.88,0.06,1.15
2020-01-08,6.85,6.69,6.86,6.68,48821,43276125.00,2.62,-2.62,-0.18,1.17
2020-01-09,6.75,6.83,6.84,6.73,48494,43078235.00,1.64,2.09,0.14,1.16
2020-01-10,6.85,6.88,6.92,6.79,50947,45633212.00,1.90,0.73,0.05,1.22
2020-01-13,6.87,6.90,6.90,6.80,36720,32870605.00,1.45,0.29,0.02,0.88
2020-01-14,6.92,6.90,6.96,6.86,42801,38589833.00,1.45,0.00,0.00,1.02
2020-01-15,6.92,6.87,6.95,6.83,34320,30775535.00,1.74,-0.43,-0.03,0.82
2020-01-16,6.86,6.76,6.89,6.75,33355,29711904.00,2.04,-1.60,-0.11,0.80
2020-01-17,6.76,6.78,6.85,6.76,28541,25393302.00,1.33,0.30,0.02,0.68
2020-01-20,6.86,7.07,7.16,6.86,104466,95325955.00,4.42,4.28,0.29,2.50
2020-01-21,7.11,7.29,7.39,7.11,140211,131200211.00,3.96,3.11,0.22,3.35
2020-01-22,7.29,7.11,7.30,6.98,89343,82276745.00,4.39,-2.47,-0.18,2.13
2020-01-23,7.11,7.05,7.28,6.85,100786,92205606.00,6.05,-0.84,-0.06,2.41
2020-02-03,6.40,6.16,6.67,6.14,149901,126642367.00,7.52,-12.62,-0.89,3.58
2020-02-04,6.27,6.64,6.64,6.20,129960,111314277.00,7.14,7.79,0.48,3.11
2020-02-05,7.51,7.51,7.51,7.51,68159,65500568.00,0.00,13.10,0.87,1.63
2020-02-06,8.14,8.47,8.47,7.76,682121,704566736.00,9.45,12.78,0.96,16.30
2020-02-07,8.50,7.87,9.00,7.80,653282,683423072.00,14.17,-7.08,-0.60,15.61
2020-02-10,7.80,7.32,7.80,7.11,368037,346111280.00,8.77,-6.99,-0.55,8.79
2020-02-11,7.28,7.22,7.29,7.09,190137,176257642.00,2.73,-1.37,-0.10,4.54
2020-02-12,7.23,7.26,7.35,7.14,161314,150425710.00,2.91,0.55,0.04,3.85
2020-02-13,7.23,7.02,7.23,6.96,192720,176418054.00,3.72,-3.31,-0.24,4.60
2020-02-14,7.02,6.92,7.09,6.87,125935,114257921.00,3.13,-1.42,-0.10,3.01
2020-02-17,6.98,7.11,7.12,6.93,124612,114032460.00,2.75,2.75,0.19,2.98
2020-02-18,7.17,7.29,7.31,7.02,162961,150613200.00,4.08,2.53,0.18,3.89
2020-02-19,7.18,7.35,7.50,7.11,236989,222370611.00,5.35,0.82,0.06,5.66
2020-02-20,7.33,7.34,7.43,7.22,164112,154663267.00,2.86,-0.14,-0.01,3.92
2020-02-21,7.32,7.32,7.39,7.27,157104,148088000.00,1.63,-0.27,-0.02,3.75
2020-02-24,7.33,7.37,7.45,7.29,149656,141699346.00,2.19,0.68,0.05,3.58
2020-02-25,7.18,7.40,7.48,7.13,205685,194098672.00,4.75,0.41,0.03,4.91
2020-02-26,7.31,7.15,7.32,7.14,135136,126178613.00,2.43,-3.38,-0.25,3.23
2020-02-27,7.17,7.13,7.23,7.07,80228,74003826.00,2.24,-0.28,-0.02,1.92
2020-02-28,6.99,6.76,7.06,6.75,120948,108886293.00,4.35,-5.19,-0.37,2.89
2020-03-02,6.82,6.94,6.99,6.78,131078,117536045.00,3.11,2.66,0.18,3.13
2020-03-03,6.99,6.96,7.07,6.92,105912,96226187.00,2.16,0.29,0.02,2.53
2020-03-04,6.90,6.95,6.96,6.85,77522,69813565.00,1.58,-0.14,-0.01,1.85
2020-03-05,6.98,7.05,7.07,6.96,112304,102457248.00,1.58,1.44,0.10,2.68
2020-03-06,7.00,7.09,7.15,6.97,95202,87371133.00,2.55,0.57,0.04,2.27
2020-03-09,7.17,7.07,7.18,6.99,133219,122483016.00,2.68,-0.28,-0.02,3.18
2020-03-10,6.84,7.01,7.03,6.76,115899,104402923.00,3.82,-0.85,-0.06,2.77
2020-03-11,7.05,6.89,7.05,6.89,81725,74110599.00,2.28,-1.71,-0.12,1.95
2020-03-12,6.80,6.72,6.85,6.68,80343,71123613.00,2.47,-2.47,-0.17,1.92
2020-03-13,6.40,6.59,6.62,6.31,83240,71231092.00,4.61,-1.93,-0.13,1.99
2020-03-16,6.61,6.47,6.82,6.45,84942,74483941.00,5.61,-1.82,-0.12,2.03
2020-03-17,6.47,6.37,6.56,6.21,68871,58229041.00,5.41,-1.55,-0.10,1.65
2020-03-18,6.40,6.30,6.50,6.25,64571,54954394.00,3.92,-1.10,-0.07,1.54
2020-03-19,6.32,6.27,6.34,6.16,51827,43218759.00,2.86,-0.48,-0.03,1.24
2020-03-20,6.34,6.44,6.45,6.30,48866,41295150.00,2.39,2.71,0.17,1.17
2020-03-23,6.27,6.31,6.40,6.25,46140,38933815.00,2.33,-2.02,-0.13,1.10
2020-03-24,6.39,6.44,6.46,6.31,44011,37422979.00,2.38,2.06,0.13,1.05
2020-03-25,6.55,6.58,6.61,6.46,54337,46979690.00,2.33,2.17,0.14,1.30
2020-03-26,6.56,6.58,6.68,6.52,57256,49847082.00,2.43,0.00,0.00,1.37
2020-03-27,6.65,6.53,6.67,6.53,45057,39201289.00,2.13,-0.76,-0.05,1.08
2020-03-30,6.52,6.48,6.56,6.40,48032,41231954.00,2.45,-0.77,-0.05,1.15
2020-03-31,6.56,6.56,6.59,6.50,45044,38977025.00,1.39,1.23,0.08,1.08
2020-04-01,6.55,6.47,6.57,6.46,37119,32033855.00,1.68,-1.37,-0.09,0.89
2020-04-02,6.46,6.52,6.52,6.42,36874,31581585.00,1.55,0.77,0.05,0.88
2020-04-03,6.52,6.56,6.63,6.48,40129,34772847.00,2.30,0.61,0.04,0.96
2020-04-07,6.66,6.77,6.79,6.62,75484,66575412.00,2.59,3.20,0.21,1.80
2020-04-08,6.76,6.81,6.87,6.69,70896,63033071.00,2.66,0.59,0.04,1.69
2020-04-09,6.89,6.95,7.05,6.82,87311,78830672.00,3.38,2.06,0.14,2.09
2020-04-10,7.01,6.84,7.08,6.82,138081,125356332.00,3.74,-1.58,-0.11,3.30
2020-04-13,6.86,7.15,7.20,6.81,165380,151674438.00,5.70,4.53,0.31,3.95
2020-04-14,7.10,7.16,7.20,7.03,116212,107224182.00,2.38,0.14,0.01,2.78
2020-04-15,7.19,7.30,7.35,7.11,166623,156006902.00,3.35,1.96,0.14,3.98
2020-04-16,7.26,7.20,7.33,7.14,120859,112590392.00,2.60,-1.37,-0.10,2.89
2020-04-17,7.24,7.07,7.26,7.03,99625,91726161.00,3.19,-1.81,-0.13,2.38
2020-04-20,7.08,7.11,7.19,7.06,65547,60467454.00,1.84,0.57,0.04,1.57
2020-04-21,7.10,7.07,7.11,6.95,76776,70100861.00,2.25,-0.56,-0.04,1.83
2020-04-22,7.02,7.10,7.11,6.96,61271,55940464.00,2.12,0.42,0.03,1.46
2020-04-23,7.10,7.12,7.28,7.08,77918,72233002.00,2.82,0.28,0.02,1.86
2020-04-24,7.11,6.98,7.11,6.94,61466,55942302.00,2.39,-1.97,-0.14,1.47
2020-04-27,6.98,6.99,7.02,6.84,55288,49995061.00,2.58,0.14,0.01,1.32
2020-04-28,6.92,6.64,6.98,6.55,93929,82769835.00,6.15,-5.01,-0.35,2.24
2020-04-29,6.62,6.52,6.66,6.48,84626,73268550.00,2.71,-1.81,-0.12,2.02
2020-04-30,6.54,6.61,6.62,6.53,56459,49069980.00,1.38,1.38,0.09,1.35
2020-05-06,6.60,6.76,6.76,6.54,56611,49639406.00,3.33,2.27,0.15,1.35
2020-05-07,6.76,6.68,6.79,6.67,42275,37267428.00,1.78,-1.18,-0.08,1.01
2020-05-08,6.71,6.74,6.77,6.68,37703,33326083.00,1.35,0.90,0.06,0.90
2020-05-11,6.77,6.77,6.81,6.73,38304,33961243.00,1.19,0.45,0.03,0.92
2020-05-12,6.77,6.81,6.85,6.74,39661,35267772.00,1.62,0.59,0.04,0.95
2020-05-13,6.76,6.79,6.80,6.73,33230,29444834.00,1.03,-0.29,-0.02,0.79
2020-05-14,6.75,6.73,6.81,6.72,35358,31335872.00,1.33,-0.88,-0.06,0.84
2020-05-15,6.74,6.82,6.90,6.74,40412,36011753.00,2.38,1.34,0.09,0.97
2020-05-18,6.78,6.77,6.81,6.73,36693,32540954.00,1.17,-0.73,-0.05,0.88
2020-05-19,6.79,7.19,7.35,6.75,166773,153274070.00,8.86,6.20,0.42,3.98
2020-05-20,7.16,7.01,7.30,6.98,139154,128062408.00,4.45,-2.50,-0.18,3.32
2020-05-21,6.97,6.98,7.14,6.95,73974,67585443.00,2.71,-0.43,-0.03,1.77
2020-05-22,6.98,6.91,7.03,6.83,80217,72488991.00,2.87,-1.00,-0.07,1.92
2020-05-25,6.92,7.02,7.10,6.91,63661,58097689.00,2.75,1.59,0.11,1.52
2020-05-26,7.05,7.12,7.12,6.98,65444,59989906.00,1.99,1.42,0.10,1.56
2020-05-27,7.10,7.07,7.16,7.03,55374,50855122.00,1.83,-0.70,-0.05,1.32
2020-05-28,7.07,7.01,7.13,6.95,40657,37115924.00,2.55,-0.85,-0.06,0.97
2020-05-29,7.02,7.15,7.16,7.01,56417,51952349.00,2.14,2.00,0.14,1.35
2020-06-01,7.15,7.23,7.25,7.14,77766,72289900.00,1.54,1.12,0.08,1.86
2020-06-02,7.20,7.20,7.22,7.15,58253,54100857.00,0.97,-0.41,-0.03,1.39
2020-06-03,7.27,7.39,7.65,7.22,212565,203268330.00,5.97,2.64,0.19,5.08
2020-06-04,7.39,7.46,7.50,7.33,94690,90095375.00,2.30,0.95,0.07,2.26
2020-06-05,7.42,7.38,7.58,7.34,75680,72194501.00,3.22,-1.07,-0.08,1.81
2020-06-08,7.39,7.51,7.54,7.34,74963,71564919.00,2.71,1.76,0.13,1.79
2020-06-09,7.58,7.51,7.59,7.45,73517,70679355.00,1.86,0.00,0.00,1.76
2020-06-10,7.51,7.49,7.54,7.36,54600,52129687.00,2.40,-0.27,-0.02,1.30
2020-06-11,7.49,7.31,7.49,7.29,68281,64761519.00,2.67,-2.40,-0.18,1.63
2020-06-12,7.20,7.45,7.47,7.15,60161,56709268.00,4.38,1.92,0.14,1.44
2020-06-15,7.43,7.54,7.57,7.43,96208,92612394.00,1.88,1.21,0.09,2.30
2020-06-16,7.54,7.65,7.67,7.48,128395,124171945.00,2.52,1.46,0.11,3.07
2020-06-17,7.61,7.66,7.73,7.51,128083,118481893.00,2.88,0.13,0.01,3.06
2020-06-18,7.64,7.43,7.65,7.42,102783,93445606.00,3.00,-3.00,-0.23,2.46
2020-06-19,7.45,7.42,7.47,7.39,53991,48732907.00,1.08,-0.13,-0.01,1.29
2020-06-22,7.43,7.34,7.46,7.31,61492,55108397.00,2.02,-1.08,-0.08,1.47
2020-06-23,7.34,7.38,7.44,7.32,38170,34306702.00,1.63,0.54,0.04,0.91
2020-06-24,7.40,7.43,7.47,7.37,47093,42492540.00,1.36,0.68,0.05,1.13
2020-06-29,7.37,7.47,7.51,7.35,47016,42573295.00,2.15,0.54,0.04,1.12
2020-06-30,7.50,7.65,7.69,7.45,99298,91557846.00,3.21,2.41,0.18,2.37
2020-07-01,7.67,7.74,7.81,7.58,122340,113544746.00,3.01,1.18,0.09,2.92
2020-07-02,7.79,7.75,7.82,7.68,102432,95714337.00,1.81,0.13,0.01,2.45
2020-07-03,7.72,7.70,7.73,7.59,101727,94291789.00,1.81,-0.65,-0.05,2.43
2020-07-06,7.71,7.92,7.94,7.66,171311,161558298.00,3.64,2.86,0.22,4.09
2020-07-07,7.95,8.05,8.12,7.91,145807,140592073.00,2.65,1.64,0.13,3.48
2020-07-08,8.05,8.07,8.08,7.92,117221,112774953.00,1.99,0.25,0.02,2.80
2020-07-09,8.05,8.30,8.35,7.99,149136,146349134.00,4.46,2.85,0.23,3.56
2020-07-10,8.30,8.06,8.32,8.04,118024,115321703.00,3.37,-2.89,-0.24,2.82
2020-07-13,8.10,8.46,8.47,8.05,145175,143900106.00,5.21,4.96,0.40,3.47
2020-07-14,8.46,8.53,8.66,8.27,130069,130497568.00,4.61,0.83,0.07,3.11
2020-07-15,8.52,8.34,8.65,8.27,114114,114702544.00,4.45,-2.23,-0.19,2.73
2020-07-16,8.34,7.90,8.36,7.85,114494,111334779.00,6.12,-5.28,-0.44,2.74
2020-07-17,7.91,7.94,8.05,7.78,76371,72611568.00,3.42,0.51,0.04,1.82
2020-07-20,7.98,8.16,8.24,7.96,63780,61760574.00,3.53,2.77,0.22,1.52
2020-07-21,8.15,8.25,8.31,8.08,84638,83076020.00,2.82,1.10,0.09,2.02
2020-07-22,8.25,8.21,8.31,8.18,77878,76736451.00,1.58,-0.48,-0.04,1.86
2020-07-23,8.15,8.46,8.52,8.13,146906,146118896.00,4.75,3.05,0.25,3.51
2020-07-24,8.40,8.05,8.46,7.94,115291,112873560.00,6.15,-4.85,-0.41,2.75
2020-07-27,8.07,8.26,8.38,7.98,95607,93641553.00,4.97,2.61,0.21,2.28
2020-07-28,8.28,8.27,8.31,8.14,71546,70368281.00,2.06,0.12,0.01,1.71
2020-07-29,8.26,8.43,8.43,8.22,119160,118478541.00,2.54,1.93,0.16,2.85
2020-07-30,8.38,8.43,8.72,8.30,172693,175256550.00,4.98,0.00,0.00,4.13
2020-07-31,8.38,8.67,8.74,8.37,149901,152584194.00,4.39,2.85,0.24,3.58
2020-08-03,8.76,9.15,9.16,8.70,196385,208349118.00,5.31,5.54,0.48,4.69
2020-08-04,9.16,8.93,9.21,8.85,120182,127669189.00,3.93,-2.40,-0.22,2.87
2020-08-05,8.87,8.92,9.02,8.80,103220,108303929.00,2.46,-0.11,-0.01,2.47
2020-08-06,8.92,8.70,8.93,8.63,115829,119733562.00,3.36,-2.47,-0.22,2.77
2020-08-07,8.70,8.62,8.83,8.42,93269,95158203.00,4.71,-0.92,-0.08,2.23
2020-08-10,8.60,8.69,8.69,8.45,78313,79796037.00,2.78,0.81,0.07,1.87
2020-08-11,8.67,8.31,8.67,8.30,100642,101355125.00,4.26,-4.37,-0.38,2.40
2020-08-12,8.32,8.14,8.35,8.00,96503,93764791.00,4.21,-2.05,-0.17,2.31
2020-08-13,8.14,8.09,8.19,8.06,59724,58102305.00,1.60,-0.61,-0.05,1.43
2020-08-14,8.08,8.19,8.24,7.96,62200,60244546.00,3.46,1.24,0.10,1.49
2020-08-17,8.19,8.31,8.35,8.18,78850,77774311.00,2.08,1.47,0.12,1.88
2020-08-18,8.28,8.34,8.36,8.25,63130,62529490.00,1.32,0.36,0.03,1.51
2020-08-19,8.33,8.17,8.33,8.15,57184,56235383.00,2.16,-2.04,-0.17,1.37
2020-08-20,8.15,8.11,8.15,8.03,38428,37258531.00,1.47,-0.73,-0.06,0.92
2020-08-21,8.17,8.14,8.22,8.08,42415,41312956.00,1.73,0.37,0.03,1.01
2020-08-24,8.15,8.16,8.20,8.03,47416,46101601.00,2.09,0.25,0.02,1.13
2020-08-25,8.17,8.07,8.20,8.06,50308,48923043.00,1.72,-1.10,-0.09,1.20
2020-08-26,8.02,8.13,8.23,8.01,68160,66266050.00,2.73,0.74,0.06,1.63
2020-08-27,8.12,8.15,8.15,8.03,42779,41456035.00,1.48,0.25,0.02,1.02
2020-08-28,8.06,8.21,8.22,7.87,121706,117229772.00,4.29,0.74,0.06,2.91
2020-08-31,8.19,8.35,8.45,8.17,102319,101828778.00,3.41,1.71,0.14,2.44
2020-09-01,8.28,8.33,8.37,8.24,42690,42212335.00,1.56,-0.24,-0.02,1.02
2020-09-02,8.34,8.43,8.48,8.21,66974,66596480.00,3.24,1.20,0.10,1.60
2020-09-03,8.40,8.49,8.71,8.35,120043,121977951.00,4.27,0.71,0.06,2.87
2020-09-04,8.36,8.28,8.38,8.16,84040,82850533.00,2.59,-2.47,-0.21,2.01
2020-09-07,8.27,7.98,8.30,7.96,71248,69370060.00,4.11,-3.62,-0.30,1.70
2020-09-08,8.04,8.08,8.09,7.96,41535,39973157.00,1.63,1.25,0.10,0.99
2020-09-09,7.99,7.86,8.04,7.85,53441,50938728.00,2.35,-2.72,-0.22,1.28
2020-09-10,7.93,7.64,7.94,7.63,49352,46370209.00,3.94,-2.80,-0.22,1.18
2020-09-11,7.64,7.75,7.78,7.62,34108,31790312.00,2.09,1.44,0.11,0.81
2020-09-14,7.78,7.73,7.84,7.67,31644,29597248.00,2.19,-0.26,-0.02,0.76
2020-09-15,7.73,7.67,7.74,7.62,32846,30401738.00,1.55,-0.78,-0.06,0.78
2020-09-16,7.65,7.54,7.68,7.50,49000,44949142.00,2.35,-1.69,-0.13,1.17
2020-09-17,7.53,7.58,7.66,7.44,43162,39407466.00,2.92,0.53,0.04,1.03
2020-09-18,7.57,7.74,7.74,7.53,33899,31351333.00,2.77,2.11,0.16,0.81
2020-09-21,7.72,7.74,7.82,7.68,28395,26547951.00,1.81,0.00,0.00,0.68
2020-09-22,7.68,7.65,7.81,7.59,31002,28919741.00,2.84,-1.16,-0.09,0.74
2020-09-23,7.68,7.76,7.80,7.65,28240,26393532.00,1.96,1.44,0.11,0.67
2020-09-24,7.71,7.55,7.76,7.50,34319,31589580.00,3.35,-2.71,-0.21,0.82
2020-09-25,7.55,7.52,7.64,7.43,26089,23761545.00,2.78,-0.40,-0.03,0.62
2020-09-28,7.52,7.50,7.60,7.46,15563,14184022.00,1.86,-0.27,-0.02,0.37
2020-09-29,7.52,7.50,7.57,7.47,17805,16235009.00,1.33,0.00,0.00,0.43
2020-09-30,7.50,7.38,7.53,7.31,30637,27644157.00,2.93,-1.60,-0.12,0.73
2020-10-09,7.48,7.56,7.57,7.45,27510,25118639.00,1.63,2.44,0.18,0.66
2020-10-12,7.56,7.72,7.72,7.56,42562,39458974.00,2.12,2.12,0.16,1.02
2020-10-13,7.72,7.74,7.75,7.62,31369,29129229.00,1.68,0.26,0.02,0.75
2020-10-14,7.72,7.64,7.72,7.63,19947,18457031.00,1.16,-1.29,-0.10,0.48
2020-10-15,7.64,7.49,7.65,7.48,35665,32617551.00,2.23,-1.96,-0.15,0.85
2020-10-16,7.51,7.62,7.64,7.40,28996,26473578.00,3.20,1.74,0.13,0.69
2020-10-19,7.63,7.45,7.65,7.42,40883,37311327.00,3.02,-2.23,-0.17,0.98
2020-10-20,7.41,7.49,7.52,7.39,34216,31002034.00,1.74,0.54,0.04,0.82
2020-10-21,7.48,7.42,7.50,7.39,16993,15348692.00,1.47,-0.93,-0.07,0.41
2020-10-22,7.42,7.41,7.48,7.36,21331,19228317.00,1.62,-0.13,-0.01,0.51
2020-10-23,7.42,7.35,7.45,7.33,20785,18664392.00,1.62,-0.81,-0.06,0.50
2020-10-26,7.35,7.28,7.35,7.25,23296,20708031.00,1.36,-0.95,-0.07,0.56
2020-10-27,7.27,7.29,7.29,7.24,16654,14768365.00,0.69,0.14,0.01,0.40
2020-10-28,7.27,7.27,7.31,7.20,22748,20128050.00,1.51,-0.27,-0.02,0.54
2020-10-29,7.20,7.39,7.41,7.18,26378,23555376.00,3.16,1.65,0.12,0.63
2020-10-30,7.45,7.13,7.45,7.10,40268,35771213.00,4.74,-3.52,-0.26,0.96
2020-11-02,7.16,7.13,7.18,7.06,26426,22997261.00,1.68,0.00,0.00,0.63
2020-11-03,7.15,7.28,7.29,7.12,22891,20231211.00,2.38,2.10,0.15,0.55
2020-11-04,7.28,7.31,7.38,7.21,23453,20885777.00,2.34,0.41,0.03,0.56
2020-11-05,7.35,7.41,7.42,7.32,23909,21454465.00,1.37,1.37,0.10,0.57
2020-11-06,7.41,7.33,7.42,7.28,22440,20034273.00,1.89,-1.08,-0.08,0.54
2020-11-09,7.34,7.43,7.49,7.34,41661,37578338.00,2.05,1.36,0.10,1.00
2020-11-10,7.44,7.41,7.49,7.36,33971,30688669.00,1.75,-0.27,-0.02,0.81
2020-11-11,7.40,7.33,7.43,7.33,23479,21074024.00,1.35,-1.08,-0.08,0.56
2020-11-12,7.33,7.36,7.39,7.30,19364,17321010.00,1.23,0.41,0.03,0.46
2020-11-13,7.35,7.32,7.35,7.29,18351,16351736.00,0.82,-0.54,-0.04,0.44
2020-11-16,7.35,7.42,7.44,7.32,25470,22919262.00,1.64,1.37,0.10,0.61
2020-11-17,7.41,7.46,7.46,7.37,23490,21177389.00,1.21,0.54,0.04,0.56
2020-11-18,7.43,7.53,7.53,7.42,34601,31486713.00,1.47,0.94,0.07,0.83
2020-11-19,7.50,7.55,7.59,7.45,29929,27353164.00,1.86,0.27,0.02,0.72
2020-11-20,7.52,7.54,7.58,7.46,26639,24253046.00,1.59,-0.13,-0.01,0.64
2020-11-23,7.50,7.48,7.54,7.43,38622,35053047.00,1.46,-0.80,-0.06,0.92
2020-11-24,7.49,7.45,7.51,7.43,25652,23240558.00,1.07,-0.40,-0.03,0.61
2020-11-25,7.46,7.38,7.48,7.37,30734,27733351.00,1.48,-0.94,-0.07,0.73
2020-11-26,7.38,7.39,7.43,7.36,19074,17134756.00,0.95,0.14,0.01,0.46
2020-11-27,7.40,7.38,7.41,7.31,32724,29317976.00,1.35,-0.14,-0.01,0.78
2020-11-30,7.39,7.40,7.48,7.35,34166,30814380.00,1.76,0.27,0.02,0.82
2020-12-01,7.42,7.51,7.53,7.38,41127,37293355.00,2.03,1.49,0.11,0.98
2020-12-02,7.50,7.50,7.53,7.44,25325,22992583.00,1.20,-0.13,-0.01,0.61
2020-12-03,7.48,7.53,7.57,7.46,42247,38510999.00,1.47,0.40,0.03,1.01
2020-12-04,7.54,7.56,7.60,7.49,36770,33642352.00,1.46,0.40,0.03,0.88
2020-12-07,7.57,7.47,7.59,7.46,38866,35394855.00,1.72,-1.19,-0.09,0.93
2020-12-08,7.49,7.43,7.51,7.40,23520,21267590.00,1.47,-0.54,-0.04,0.56
2020-12-09,7.41,7.34,7.46,7.33,32269,28964189.00,1.75,-1.21,-0.09,0.77
2020-12-10,7.33,7.51,7.65,7.31,59589,54121832.00,4.63,2.32,0.17,1.42
2020-12-11,7.49,7.48,7.58,7.35,73389,66560816.00,3.06,-0.40,-0.03,1.75
2020-12-14,7.48,7.68,7.72,7.42,94514,87236392.00,4.01,2.67,0.20,2.26
2020-12-15,7.62,7.64,7.72,7.52,74332,68672587.00,2.60,-0.52,-0.04,1.78
2020-12-16,7.67,7.63,7.72,7.53,67531,62389796.00,2.49,-0.13,-0.01,1.61
2020-12-17,7.62,7.67,7.70,7.54,58170,53738470.00,2.10,0.52,0.04,1.39
2020-12-18,7.65,7.62,7.79,7.60,64982,60420581.00,2.48,-0.65,-0.05,1.55
2020-12-21,7.58,7.51,7.61,7.40,58092,52814372.00,2.76,-1.44,-0.11,1.39
2020-12-22,7.49,7.39,7.59,7.38,60529,55022785.00,2.80,-1.60,-0.12,1.45
2020-12-23,7.40,7.35,7.44,7.25,62885,56094494.00,2.57,-0.54,-0.04,1.50
2020-12-24,7.32,7.09,7.33,7.02,75109,65655259.00,4.22,-3.54,-0.26,1.79
2020-12-25,7.08,7.10,7.18,7.04,31682,27595554.00,1.97,0.14,0.01,0.76
2020-12-28,7.09,6.91,7.09,6.87,57341,48992934.00,3.10,-2.68,-0.19,1.37
2020-12-29,6.90,6.92,6.98,6.89,23866,20359586.00,1.30,0.14,0.01,0.57
2020-12-30,6.94,6.93,6.96,6.87,25188,21464529.00,1.30,0.14,0.01,0.60
2020-12-31,6.93,7.04,7.16,6.93,30207,26097298.00,3.32,1.59,0.11,0.72