MjAxNy0wMS0wMywzMS41NCwzMS41MywzMS45OSwzMS4yNCw5OTY4LDMxNjE0ODI4LjAwLDIuMzcsLTAuMjUsLTAuMDgsMC43Mg==
2017-01-04,30.99,31.51,32.23,30.99,12220,38695169.00,3.93,-0.06,-0.02,0.88
2017-01-05,31.44,31.56,31.84,31.28,8924,28348554.00,1.78,0.16,0.05,0.64
2017-01-06,31.66,31.89,32.40,31.34,12235,39171593.00,3.36,1.05,0.33,0.88
2017-01-09,31.87,30.94,31.87,30.91,7903,24729204.00,3.01,-2.98,-0.95,0.57
2017-01-10,30.97,30.58,31.22,30.54,6771,20991225.00,2.20,-1.16,-0.36,0.49
2017-01-11,30.81,30.01,30.82,30.00,11083,33757301.00,2.68,-1.86,-0.57,0.80
2017-01-12,30.00,29.48,30.48,29.26,19781,59043304.00,4.07,-1.77,-0.53,1.43
2017-01-13,29.30,28.89,29.71,28.88,20263,59271071.00,2.82,-2.00,-0.59,1.46
2017-01-16,28.37,26.26,29.02,25.99,39774,107550863.00,10.49,-9.10,-2.63,2.87
2017-01-17,26.21,27.69,27.83,25.85,14792,40128317.00,7.54,5.45,1.43,1.07
2017-01-18,27.84,28.05,28.34,27.16,11718,32886792.00,4.26,1.30,0.36,0.84
2017-01-19,27.85,27.85,28.27,27.50,7730,21747386.00,2.75,-0.71,-0.20,0.56
2017-01-20,27.54,28.02,28.24,27.54,7472,20990521.00,2.51,0.61,0.17,0.54
2017-01-23,28.22,29.21,29.68,27.93,13034,37933370.00,6.25,4.25,1.19,0.94
2017-01-24,29.14,30.55,30.68,29.14,22054,67011330.00,5.27,4.59,1.34,1.59
2017-01-25,30.21,30.25,30.78,29.80,16199,48971708.00,3.21,-0.98,-0.30,1.17
2017-01-26,30.15,30.64,30.99,30.09,11223,34511904.00,2.98,1.29,0.39,0.81
2017-02-03,30.64,30.78,30.93,30.25,7959,24511347.00,2.22,0.46,0.14,0.57
2017-02-06,30.66,30.65,30.81,30.25,8978,27564679.00,1.82,-0.42,-0.13,0.65
2017-02-07,30.72,31.24,31.28,30.53,8307,25719151.00,2.45,1.92,0.59,0.60
2017-02-08,31.24,31.14,31.63,30.74,6444,20141353.00,2.85,-0.32,-0.10,0.46
2017-02-09,31.14,31.52,31.60,30.94,9367,29434555.00,2.12,1.22,0.38,0.68
2017-02-10,31.51,31.49,31.74,31.19,9338,29567265.00,1.74,-0.10,-0.03,0.67
2017-02-13,31.49,31.19,31.69,30.92,8895,27961033.00,2.45,-0.95,-0.30,0.64
2017-02-14,31.47,30.74,31.47,30.64,5744,17836990.00,2.66,-1.44,-0.45,0.41
2017-02-15,30.82,30.46,31.01,30.46,7902,24446992.00,1.79,-0.91,-0.28,0.57
2017-02-16,30.34,30.76,31.74,30.33,9103,28506290.00,4.63,0.98,0.30,0.66
2017-02-17,30.49,30.65,31.63,30.25,6167,19146308.00,4.49,-0.36,-0.11,0.44
2017-02-20,31.24,29.85,31.34,27.57,12729,38597422.00,12.30,-2.61,-0.80,0.92
2017-02-21,30.34,30.02,30.34,29.75,14245,42899606.00,1.98,0.57,0.17,1.03
2017-02-22,30.02,30.22,30.32,29.57,17134,51741279.00,2.50,0.67,0.20,1.23
2017-02-23,30.22,30.13,30.44,29.79,8380,25292371.00,2.15,-0.30,-0.09,0.60
2017-02-24,30.01,30.02,30.26,29.74,8933,26867066.00,1.73,-0.37,-0.11,0.64
2017-02-27,30.02,29.41,30.02,28.95,9097,26904629.00,3.56,-2.03,-0.61,0.66
2017-02-28,29.42,29.70,29.77,29.12,8642,25685178.00,2.21,0.99,0.29,0.62
2017-03-01,30.08,30.08,30.17,29.41,14873,44706980.00,2.56,1.28,0.38,1.07
2017-03-02,30.11,29.47,30.38,29.44,18341,54807697.00,3.13,-2.03,-0.61,1.32
2017-03-03,29.59,29.83,29.85,29.25,11892,35322013.00,2.04,1.22,0.36,0.86
2017-03-06,29.83,30.04,30.16,29.49,10858,32577008.00,2.25,0.70,0.21,0.78
2017-03-07,30.05,30.49,30.53,29.34,12192,36955400.00,3.96,1.50,0.45,0.88
2017-03-08,30.46,30.39,30.46,30.09,5407,16465102.00,1.21,-0.33,-0.10,0.39
2017-03-09,30.60,30.44,30.98,30.09,8994,27667705.00,2.93,0.16,0.05,0.65
2017-03-10,30.25,30.54,30.69,29.95,6075,18462349.00,2.43,0.33,0.10,0.44
2017-03-13,30.34,30.24,30.63,30.06,7210,21952055.00,1.87,-0.98,-0.30,0.52
2017-03-14,30.40,29.77,30.40,29.48,5786,17409062.00,3.04,-1.55,-0.47,0.42
2017-03-15,29.77,29.29,29.77,29.26,10821,32054067.00,1.71,-1.61,-0.48,0.78
2017-03-16,29.55,29.34,29.70,29.11,13584,40127169.00,2.01,0.17,0.05,0.98
2017-03-17,29.36,29.65,31.79,29.26,21469,64585605.00,8.62,1.06,0.31,1.55
2017-03-20,29.75,29.97,30.02,29.16,12026,36052749.00,2.90,1.08,0.32,0.87
2017-03-21,30.03,29.90,30.24,29.70,7537,22667526.00,1.80,-0.23,-0.07,0.54
2017-03-22,29.86,30.54,30.74,29.86,14815,45237042.00,2.94,2.14,0.64,1.07
2017-03-23,30.80,29.95,30.80,29.54,10073,30489373.00,4.13,-1.93,-0.59,0.73
2017-03-24,29.97,29.63,30.09,29.54,10289,30690367.00,1.84,-1.07,-0.32,0.74
2017-03-27,29.82,29.39,29.92,29.22,7826,23236543.00,2.36,-0.81,-0.24,0.56
2017-03-28,29.39,29.20,29.53,29.12,9669,28384543.00,1.40,-0.65,-0.19,0.70
2017-03-29,29.37,28.74,29.37,28.73,6196,18039813.00,2.19,-1.58,-0.46,0.45
2017-03-30,28.74,27.84,29.00,27.72,10169,28834028.00,4.45,-3.13,-0.90,0.73
2017-03-31,27.90,27.97,28.59,27.84,10878,30860369.00,2.69,0.47,0.13,0.78
2017-04-05,28.12,28.32,28.33,27.57,9152,25800818.00,2.72,1.25,0.35,0.66
2017-04-06,28.33,29.16,29.44,27.88,12499,36254575.00,5.51,2.97,0.84,0.90
2017-04-07,29.06,28.86,29.28,28.44,11451,33135649.00,2.88,-1.03,-0.30,0.83
2017-04-10,28.48,28.42,28.90,28.02,9211,26414778.00,3.05,-1.52,-0.44,0.66
2017-04-11,28.33,29.88,30.14,27.84,28388,82865266.00,8.09,5.14,1.46,2.05
2017-04-12,30.82,31.14,32.88,30.32,64386,202109659.00,8.57,4.22,1.26,4.64
2017-04-13,30.44,30.45,30.76,28.94,35211,105867322.00,5.84,-2.22,-0.69,2.54
2017-04-14,30.24,28.59,30.24,28.54,24216,70969949.00,5.58,-6.11,-1.86,1.75
2017-04-17,28.24,26.85,28.38,25.84,19293,52643718.00,8.88,-6.09,-1.74,1.39
2017-04-18,26.89,26.55,27.49,26.46,13910,37590318.00,3.84,-1.12,-0.30,1.00
2017-04-19,26.56,26.28,26.94,26.06,9831,26086681.00,3.31,-1.02,-0.27,0.71
2017-04-20,26.38,26.03,26.76,25.87,9121,24034621.00,3.39,-0.95,-0.25,0.66
2017-04-21,25.92,26.05,26.34,25.92,5187,13620965.00,1.61,0.08,0.02,0.37
2017-04-24,26.05,24.80,26.22,23.88,8887,22394133.00,8.98,-4.80,-1.25,0.64
2017-04-25,24.82,24.84,25.16,24.56,6384,15938214.00,2.42,0.16,0.04,0.46
2017-04-26,25.19,24.59,25.19,24.42,4138,10286124.00,3.10,-1.01,-0.25,0.30
2017-04-27,24.72,25.31,25.79,23.57,10920,27026571.00,9.03,2.93,0.72,0.79
2017-04-28,25.36,24.84,26.94,24.64,14338,36285761.00,9.09,-1.86,-0.47,1.03
2017-05-02,25.00,25.26,25.92,24.74,11169,28440404.00,4.75,1.69,0.42,0.80
2017-05-03,25.32,25.74,26.12,25.03,10497,27073998.00,4.32,1.90,0.48,0.76
2017-05-04,25.71,25.42,25.71,25.18,6995,17877298.00,2.06,-1.24,-0.32,0.50
2017-05-05,25.09,24.70,25.44,24.45,5403,13602195.00,3.89,-2.83,-0.72,0.39
2017-05-08,24.70,24.14,25.03,24.14,6427,15858021.00,3.60,-2.27,-0.56,0.46
2017-05-09,24.28,24.84,25.77,23.86,10072,25311901.00,7.91,2.90,0.70,0.73
2017-05-10,24.64,24.14,25.06,24.14,5086,12595055.00,3.70,-2.82,-0.70,0.37
2017-05-11,24.12,23.94,24.33,22.95,5824,13941999.00,5.72,-0.83,-0.20,0.42
2017-05-12,23.84,23.79,24.10,23.04,7220,17142326.00,4.43,-0.63,-0.15,0.52
2017-05-15,23.73,23.69,24.10,23.16,4227,10075046.00,3.95,-0.42,-0.10,0.30
2017-05-16,23.65,24.50,24.64,23.45,8763,21255515.00,5.02,3.42,0.81,0.63
2017-05-17,24.50,24.43,24.64,24.14,6519,15983242.00,2.04,-0.29,-0.07,0.47
2017-05-18,24.34,24.10,24.41,23.85,5451,13229661.00,2.29,-1.35,-0.33,0.39
2017-05-19,24.10,24.32,24.52,23.89,7615,18648419.00,2.61,0.91,0.22,0.55
2017-05-22,24.33,24.33,24.54,24.10,10588,25944621.00,1.81,0.04,0.01,0.76
2017-05-23,24.34,23.62,24.34,23.15,8194,19416253.00,4.89,-2.92,-0.71,0.59
2017-05-24,23.38,23.24,23.38,22.40,9460,21773971.00,4.15,-1.61,-0.38,0.68
2017-05-25,23.24,23.32,23.34,22.41,8112,18637510.00,4.00,0.34,0.08,0.58
2017-05-26,22.66,22.71,23.01,22.41,8042,18362195.00,2.57,-2.62,-0.61,0.58
2017-05-31,22.73,21.94,23.08,21.68,9040,20326783.00,6.16,-3.39,-0.77,0.65
2017-06-01,21.65,20.62,21.69,20.06,17424,36236608.00,7.43,-6.02,-1.32,1.26
2017-06-02,20.54,21.44,21.74,19.35,17147,35510440.00,11.59,3.98,0.82,1.24
2017-06-05,21.13,21.37,21.74,21.04,7215,15557960.00,3.26,-0.33,-0.07,0.52
2017-06-06,21.37,21.27,22.01,20.94,8877,19075574.00,5.01,-0.47,-0.10,0.64
2017-06-07,21.22,21.84,21.95,20.95,14632,31725233.00,4.70,2.68,0.57,1.05
2017-06-08,21.83,24.04,24.04,21.69,32519,76258075.00,10.76,10.07,2.20,2.34
2017-06-09,23.80,25.17,26.42,23.80,53759,136639291.00,10.90,4.70,1.13,3.87
2017-06-12,24.34,23.75,24.84,23.72,31400,76330210.00,4.45,-5.64,-1.42,2.26
2017-06-13,24.03,23.70,24.09,23.32,20436,48714425.00,3.24,-0.21,-0.05,1.47
2017-06-14,23.64,23.69,23.69,23.10,17691,41764033.00,2.49,-0.04,-0.01,1.27
2017-06-15,23.32,23.61,23.90,23.32,18616,44248678.00,2.45,-0.34,-0.08,1.34
2017-06-16,23.51,23.68,23.84,23.18,16863,39961077.00,2.80,0.30,0.07,1.22
2017-06-19,23.57,24.65,24.81,23.52,22416,54566841.00,5.45,4.10,0.97,1.62
2017-06-20,24.66,27.13,27.13,24.45,52563,137971451.00,10.87,10.06,2.48,3.79
2017-06-21,27.64,26.35,27.74,26.30,42030,113731579.00,5.31,-2.88,-0.78,3.03
2017-06-22,26.88,25.76,26.88,25.76,27551,73508379.00,4.25,-2.24,-0.59,1.99
2017-06-23,26.01,25.59,26.24,24.95,19881,51202684.00,5.01,-0.66,-0.17,1.43
2017-06-26,25.76,27.63,28.12,25.24,38350,103600930.00,11.25,7.97,2.04,2.76
2017-06-27,27.47,27.29,27.93,26.84,29102,80322960.00,3.94,-1.23,-0.34,2.10
2017-06-28,27.34,27.93,28.24,26.90,29454,81894444.00,4.91,2.35,0.64,2.12
2017-06-29,27.92,27.24,27.93,27.16,19768,54495250.00,2.76,-2.47,-0.69,1.42
2017-06-30,27.24,26.90,27.44,26.56,16749,45276076.00,3.23,-1.25,-0.34,1.21
2017-07-03,26.57,26.63,27.13,26.42,10307,27598789.00,2.64,-1.00,-0.27,0.74
2017-07-04,26.64,26.16,26.78,25.84,16873,44675910.00,3.53,-1.76,-0.47,1.22
2017-07-05,26.03,26.64,26.64,26.03,11886,31509467.00,2.33,1.83,0.48,0.86
2017-07-06,26.45,26.40,27.14,26.34,11487,30892089.00,3.00,-0.90,-0.24,0.83
2017-07-07,26.57,26.26,26.57,26.05,10079,26623816.00,1.97,-0.53,-0.14,0.73
2017-07-10,26.27,26.28,26.64,26.14,6952,18439999.00,1.90,0.08,0.02,0.50
2017-07-11,26.14,27.36,27.60,26.14,28252,77449072.00,5.56,4.11,1.08,2.04
2017-07-12,27.24,26.68,27.64,26.14,17259,46245538.00,5.48,-2.49,-0.68,1.24
2017-07-13,26.42,26.19,26.89,26.15,12312,32800558.00,2.77,-1.84,-0.49,0.89
2017-07-14,25.84,26.16,26.42,25.84,7800,20499679.00,2.21,-0.11,-0.03,0.56
2017-07-17,25.87,25.02,26.14,23.53,13395,33491798.00,9.98,-4.36,-1.14,0.97
2017-07-18,24.36,24.89,25.02,24.07,8608,21344552.00,3.80,-0.52,-0.13,0.62
2017-07-19,24.56,25.46,25.76,24.56,7221,18392702.00,4.82,2.29,0.57,0.52
2017-07-20,25.74,26.18,26.94,25.46,15927,42427763.00,5.81,2.83,0.72,1.15
2017-07-21,25.86,25.44,26.59,25.02,10713,27623546.00,6.00,-2.83,-0.74,0.77
2017-07-24,25.45,25.22,25.51,25.07,6910,17523731.00,1.73,-0.86,-0.22,0.50
2017-07-25,25.22,24.72,25.27,24.51,6704,16734686.00,3.01,-1.98,-0.50,0.48
2017-07-26,24.53,24.94,25.03,24.44,7508,18690897.00,2.39,0.89,0.22,0.54
2017-07-27,24.89,25.36,25.37,24.45,7714,19482069.00,3.69,1.68,0.42,0.56
2017-07-28,25.34,24.82,25.34,24.66,6930,17420455.00,2.68,-2.13,-0.54,0.50
2017-08-14,27.32,27.32,27.32,27.32,2955,8120532.00,0.00,10.07,2.50,0.21
2017-08-15,29.90,27.05,29.90,26.95,79143,222397421.00,10.80,-0.99,-0.27,5.70
2017-08-16,26.88,27.33,27.35,25.38,57659,153691772.00,7.28,1.04,0.28,4.16
2017-08-17,26.88,27.33,28.06,26.73,57523,158488375.00,4.87,0.00,0.00,4.15
2017-08-18,26.94,27.38,27.80,26.68,55238,151976998.00,4.10,0.18,0.05,3.98
2017-08-21,26.98,27.87,28.44,26.98,50924,141695563.00,5.33,1.79,0.49,3.67
2017-08-22,27.88,26.50,27.88,26.38,41913,113368861.00,5.38,-4.92,-1.37,3.02
2017-08-23,26.08,26.57,26.72,25.89,20048,52790522.00,3.13,0.26,0.07,1.44
2017-08-24,26.46,26.37,26.67,26.14,22094,58510533.00,1.99,-0.75,-0.20,1.59
2017-08-25,26.31,26.55,26.81,25.94,30082,79983192.00,3.30,0.68,0.18,2.17
2017-08-28,26.25,26.29,26.57,25.94,30284,80106356.00,2.37,-0.98,-0.26,2.18
2017-08-29,26.18,24.91,26.41,24.90,38994,99719864.00,5.74,-5.25,-1.38,2.81
2017-08-30,24.95,25.11,25.76,24.69,19089,48411993.00,4.30,0.80,0.20,1.38
2017-08-31,24.91,24.83,25.25,24.78,16703,41729717.00,1.87,-1.12,-0.28,1.20
2017-09-01,25.01,24.83,25.12,24.78,11842,29634823.00,1.37,0.00,0.00,0.85
2017-09-04,24.78,24.23,24.90,24.00,21005,51435109.00,3.62,-2.42,-0.60,1.51
2017-09-05,24.24,24.44,24.63,24.09,22483,55207427.00,2.23,0.87,0.21,1.62
2017-09-06,24.42,24.32,24.42,24.01,14786,35981018.00,1.68,-0.49,-0.12,1.07
2017-09-07,24.40,24.11,24.44,24.11,12247,29916114.00,1.36,-0.86,-0.21,0.88
2017-09-08,24.09,26.09,26.24,24.08,58870,151280762.00,8.96,8.21,1.98,4.24
2017-09-11,25.88,25.43,25.88,24.90,28148,71809566.00,3.76,-2.53,-0.66,2.03
2017-09-12,25.38,24.63,25.38,24.39,26757,66843060.00,3.89,-3.15,-0.80,1.93
2017-09-13,24.58,24.68,24.71,24.28,13554,33416899.00,1.75,0.20,0.05,0.98
2017-09-14,24.68,24.67,25.08,24.44,14166,35211191.00,2.59,-0.04,-0.01,1.02
2017-09-15,24.59,24.52,24.70,24.48,9859,24334708.00,0.89,-0.61,-0.15,0.71
2017-09-18,24.52,24.76,24.86,24.49,8743,21690752.00,1.51,0.98,0.24,0.63
2017-09-19,24.60,24.33,24.60,24.06,11853,29047981.00,2.18,-1.74,-0.43,0.85
2017-09-20,24.12,24.31,24.58,24.12,8239,20123384.00,1.89,-0.08,-0.02,0.59
2017-09-21,24.31,24.40,24.61,24.19,7939,19452662.00,1.73,0.37,0.09,0.57
2017-09-22,24.57,24.28,24.58,24.18,6045,14733445.00,1.64,-0.49,-0.12,0.44
2017-09-25,24.08,23.78,24.23,23.68,8197,19754742.00,2.27,-2.06,-0.50,0.59
2017-09-26,23.58,23.88,24.03,23.58,5115,12266633.00,1.89,0.42,0.10,0.37
2017-09-27,23.98,23.94,24.10,23.88,6152,14821531.00,0.92,0.25,0.06,0.44
2017-09-28,24.01,23.90,24.16,23.90,6660,16111311.00,1.09,-0.17,-0.04,0.48
2017-09-29,23.91,24.08,24.16,23.90,4403,10631397.00,1.09,0.75,0.18,0.32
2017-10-09,24.13,24.35,24.58,24.13,7389,18093570.00,1.87,1.12,0.27,0.53
2017-10-10,24.36,24.47,24.53,24.15,6974,17118990.00,1.56,0.49,0.12,0.50
2017-10-11,24.55,24.58,24.98,24.39,8728,21638365.00,2.41,0.45,0.11,0.63
2017-10-12,24.58,24.40,24.58,24.28,5177,12697569.00,1.22,-0.73,-0.18,0.37
2017-10-13,24.43,24.44,24.76,24.30,5045,12387667.00,1.89,0.16,0.04,0.36
2017-10-16,24.44,24.10,24.67,23.93,7897,19333668.00,3.03,-1.39,-0.34,0.57
2017-10-17,24.08,24.11,24.36,23.74,5183,12542837.00,2.57,0.04,0.01,0.37
2017-10-18,24.11,23.83,24.22,23.68,7312,17660875.00,2.24,-1.16,-0.28,0.53
2017-10-19,23.70,23.24,23.78,23.13,5452,12782074.00,2.73,-2.48,-0.59,0.39
2017-10-20,23.44,23.50,23.63,23.08,3876,9135129.00,2.37,1.12,0.26,0.28
2017-10-23,23.48,24.51,25.23,23.46,19166,47188695.00,7.53,4.30,1.01,1.38
2017-10-24,24.30,24.49,24.77,23.88,11372,27925764.00,3.63,-0.08,-0.02,0.82
2017-10-25,24.59,24.43,24.87,24.08,10434,25737946.00,3.23,-0.24,-0.06,0.75
2017-10-26,24.43,24.56,24.72,24.33,9718,24009548.00,1.60,0.53,0.13,0.70
2017-10-27,24.63,24.46,24.83,24.44,5980,14784796.00,1.59,-0.41,-0.10,0.43
2017-10-30,24.63,24.01,24.63,23.88,7352,17887018.00,3.07,-1.84,-0.45,0.53
2017-10-31,23.59,23.85,24.29,23.49,5331,12793199.00,3.33,-0.67,-0.16,0.38
2017-11-01,23.85,23.49,24.13,23.49,5218,12481926.00,2.68,-1.51,-0.36,0.38
2017-11-02,23.73,22.84,23.73,22.49,12152,27931033.00,5.28,-2.77,-0.65,0.88
2017-11-03,22.82,22.73,22.86,22.18,11845,26898730.00,2.98,-0.48,-0.11,0.85
2017-11-06,22.74,23.00,23.10,22.48,3692,8458768.00,2.73,1.19,0.27,0.27
2017-11-07,22.98,22.74,22.98,22.18,7467,16980793.00,3.48,-1.13,-0.26,0.54
2017-11-08,22.78,23.92,24.56,22.38,20514,49233090.00,9.59,5.19,1.18,1.48
2017-11-09,23.66,23.38,23.84,23.30,9053,21384607.00,2.26,-2.26,-0.54,0.65
2017-11-10,23.37,23.16,23.46,22.76,9160,21207388.00,2.99,-0.94,-0.22,0.66
2017-11-13,22.99,22.74,23.15,22.43,7257,16583070.00,3.11,-1.81,-0.42,0.52
2017-11-14,22.74,22.70,23.16,22.60,7435,17037519.00,2.46,-0.18,-0.04,0.54
2017-11-15,22.70,22.72,22.97,22.43,4220,9640880.00,2.38,0.09,0.02,0.30
2017-11-16,22.77,22.65,22.88,22.50,5008,11407627.00,1.67,-0.31,-0.07,0.36
2017-11-17,22.66,22.54,23.03,22.44,6993,15963601.00,2.60,-0.49,-0.11,0.50
2017-11-20,22.54,22.03,22.55,21.29,7615,16601448.00,5.59,-2.26,-0.51,0.55
2017-11-21,21.83,22.54,22.87,21.83,8512,19223216.00,4.72,2.32,0.51,0.61
2017-11-22,22.55,22.61,22.73,22.38,4311,9777941.00,1.55,0.31,0.07,0.31
2017-11-23,23.30,22.49,23.30,22.19,7416,16899373.00,4.91,-0.53,-0.12,0.53
2017-11-24,22.20,22.99,23.16,22.20,7317,16794720.00,4.27,2.22,0.50,0.53
2017-11-27,23.08,22.78,23.23,22.76,3552,8191263.00,2.04,-0.91,-0.21,0.26
2017-11-28,22.78,22.87,22.96,22.60,2295,5251245.00,1.58,0.40,0.09,0.17
2017-11-29,22.94,22.89,23.06,22.63,6426,14762122.00,1.88,0.09,0.02,0.46
2017-11-30,22.74,22.45,22.88,22.43,5327,12078375.00,1.97,-1.92,-0.44,0.38
2017-12-01,22.29,22.50,22.70,22.29,3187,7222683.00,1.83,0.22,0.05,0.23
2017-12-04,22.48,22.42,22.87,22.30,3237,7319852.00,2.53,-0.36,-0.08,0.23
2017-12-05,22.36,21.49,22.58,21.44,4280,9451739.00,5.08,-4.15,-0.93,0.31
2017-12-06,21.68,22.34,22.85,21.36,7357,16602223.00,6.93,3.96,0.85,0.53
2017-12-07,22.37,22.33,22.68,21.97,3582,8073652.00,3.18,-0.04,-0.01,0.26
2017-12-08,22.26,22.46,22.52,22.22,2497,5623133.00,1.34,0.58,0.13,0.18
2017-12-11,22.46,22.60,22.62,22.23,2413,5470111.00,1.74,0.62,0.14,0.17
2017-12-12,22.49,22.59,22.72,22.49,3374,7665691.00,1.02,-0.04,-0.01,0.24
2017-12-13,22.59,22.60,22.68,22.48,2817,6387291.00,0.89,0.04,0.01,0.20
2017-12-14,22.58,22.49,22.60,22.28,2353,5310052.00,1.42,-0.49,-0.11,0.17
2017-12-15,22.57,23.13,24.58,22.56,12358,29292646.00,8.98,2.85,0.64,0.89
2017-12-18,23.04,22.39,23.34,22.31,8918,20343707.00,4.45,-3.20,-0.74,0.64
2017-12-19,22.32,22.33,22.73,22.28,6010,13563947.00,2.01,-0.27,-0.06,0.43
2017-12-20,22.33,24.58,24.58,22.28,42701,104322726.00,10.30,10.08,2.25,3.08
2017-12-21,24.78,24.72,26.37,24.42,86950,220194518.00,7.93,0.57,0.14,6.27
2017-12-22,24.36,23.63,24.58,23.24,59584,143163623.00,5.42,-4.41,-1.09,4.29
2017-12-25,23.43,22.33,23.76,22.31,46466,106453733.00,6.14,-5.50,-1.30,3.35
2017-12-26,21.80,20.99,21.80,20.91,45744,97517143.00,3.99,-6.00,-1.34,3.30
2017-12-27,20.70,20.33,21.26,20.33,34930,73101316.00,4.43,-3.14,-0.66,2.52
2017-12-28,20.29,20.34,20.56,20.01,19708,40143227.00,2.71,0.05,0.01,1.42
2017-12-29,20.31,20.41,20.87,20.03,15947,32728862.00,4.13,0.34,0.07,1.15