1999-01-04,3.60,3.53,3.68,3.51,6329,2786033.00,4.70,-2.49,-0.09,0.44
1999-01-05,3.53,3.45,3.53,3.35,6630,2766608.50,5.10,-2.27,-0.08,0.46
1999-01-06,3.63,3.63,3.63,3.63,10460,4633953.00,0.00,5.22,0.18,0.73
1999-01-07,3.81,3.68,3.81,3.66,28200,12847743.00,4.13,1.38,0.05,1.95
1999-01-08,3.63,3.70,3.74,3.63,10771,4852514.50,2.99,0.54,0.02,0.75
1999-01-11,3.67,3.69,3.71,3.63,11202,5006240.00,2.16,-0.27,-0.01,0.78
1999-01-12,3.66,3.58,3.68,3.56,11881,5241212.00,3.25,-2.98,-0.11,0.82
1999-01-13,3.56,3.61,3.64,3.48,8739,3805508.00,4.47,0.84,0.03,0.61
1999-01-14,3.60,3.53,3.60,3.50,7115,3078163.50,2.77,-2.22,-0.08,0.49
1999-01-15,3.53,3.44,3.54,3.43,11308,4772922.00,3.12,-2.55,-0.09,0.78
1999-01-18,3.45,3.62,3.62,3.38,9662,4168230.00,6.98,5.23,0.18,0.67
1999-01-19,3.65,3.75,3.79,3.57,30298,13636984.00,6.08,3.59,0.13,2.10
1999-01-20,3.76,3.73,3.79,3.68,11097,5065613.00,2.93,-0.53,-0.02,0.77
1999-01-21,3.73,3.88,3.93,3.71,34319,16227973.00,5.90,4.02,0.15,2.38
1999-01-22,3.96,3.83,3.97,3.80,23658,11115396.00,4.38,-1.29,-0.05,1.64
1999-01-25,3.83,3.85,3.98,3.80,18542,8740641.00,4.70,0.52,0.02,1.29
1999-01-26,3.85,3.73,3.85,3.68,14429,6588678.50,4.42,-3.12,-0.12,1.00
1999-01-27,3.71,3.83,3.92,3.68,8225,3815955.25,6.43,2.68,0.10,0.57
1999-01-28,3.78,3.91,3.93,3.77,20160,9512528.00,4.18,2.09,0.08,1.40
1999-01-29,3.92,3.83,3.94,3.82,10894,5142189.50,3.07,-2.05,-0.08,0.76
1999-02-01,3.78,3.78,3.88,3.78,10633,4977468.50,2.61,-1.31,-0.05,0.74
1999-02-02,3.77,3.81,3.83,3.67,13654,6230043.00,4.23,0.79,0.03,0.95
1999-02-03,3.81,3.73,3.85,3.69,10448,4841445.50,4.20,-2.10,-0.08,0.72
1999-02-04,3.68,3.64,3.77,3.64,7584,3414728.25,3.49,-2.41,-0.09,0.53
1999-02-05,3.63,3.53,3.63,3.50,7406,3206347.00,3.57,-3.02,-0.11,0.51
1999-02-08,3.49,3.38,3.55,3.35,6736,2863789.75,5.67,-4.25,-0.15,0.47
1999-02-09,3.42,3.56,3.56,3.41,12665,5470473.00,4.44,5.33,0.18,0.88
1999-03-01,3.60,3.73,3.74,3.60,9106,4123448.25,3.93,4.78,0.17,0.63
1999-03-02,3.73,3.73,3.91,3.73,16616,7745658.50,4.83,0.00,0.00,1.15
1999-03-03,3.77,3.83,3.87,3.77,11515,5379124.50,2.68,2.68,0.10,0.80
1999-03-04,3.85,4.03,4.03,3.83,34999,16982956.00,5.22,5.22,0.20,2.43
1999-03-05,4.03,4.03,4.14,3.93,21501,10549872.00,5.21,0.00,0.00,1.49
1999-03-08,4.05,3.95,4.05,3.93,11757,5686522.50,2.98,-1.99,-0.08,0.82
1999-03-09,3.95,3.98,4.06,3.82,18034,8648779.00,6.08,0.76,0.03,1.25
1999-03-10,4.00,4.05,4.09,3.93,15841,7787538.50,4.02,1.76,0.07,1.10
1999-03-11,4.10,4.19,4.26,4.10,32395,16666033.00,3.95,3.46,0.14,2.25
1999-03-12,4.20,4.23,4.25,4.17,15418,7901156.50,1.91,0.95,0.04,1.07
1999-03-15,4.27,4.17,4.27,4.13,17754,9038192.00,3.31,-1.42,-0.06,1.23
1999-03-16,4.17,4.13,4.18,4.07,18045,9048497.00,2.64,-0.96,-0.04,1.25
1999-03-17,4.10,4.07,4.25,4.07,17675,8910525.00,4.36,-1.45,-0.06,1.23
1999-03-18,4.08,3.98,4.18,3.97,14412,7137557.00,5.16,-2.21,-0.09,1.00
1999-03-19,3.97,4.02,4.05,3.95,14652,7178730.50,2.51,1.01,0.04,1.02
1999-03-22,4.00,4.07,4.19,3.98,12663,6347960.50,5.22,1.24,0.05,0.88
1999-03-23,4.10,4.04,4.13,4.00,7117,3505347.00,3.19,-0.74,-0.03,0.49
1999-03-24,4.06,4.06,4.08,4.02,6526,3215978.25,1.49,0.50,0.02,0.45
1999-03-25,4.07,4.09,4.14,4.02,8252,4106496.75,2.96,0.74,0.03,0.57
1999-03-26,4.08,4.18,4.20,4.06,19445,9874993.00,3.42,2.20,0.09,1.35
1999-03-29,4.18,4.34,4.35,4.18,27945,14648338.00,4.07,3.83,0.16,1.94
1999-03-30,4.35,4.21,4.41,4.20,18469,9653739.00,4.84,-3.00,-0.13,1.28
1999-03-31,4.18,4.22,4.25,4.17,12305,6329863.50,1.90,0.24,0.01,0.85
1999-04-01,4.25,4.19,4.25,4.14,14996,7638350.00,2.61,-0.71,-0.03,1.04
1999-04-02,4.23,4.21,4.30,4.17,13079,6729019.00,3.10,0.48,0.02,0.91
1999-04-05,4.23,4.22,4.27,4.17,13590,6978553.00,2.38,0.24,0.01,0.94
1999-04-06,4.23,4.24,4.27,4.19,12847,6628228.50,1.90,0.47,0.02,0.89
1999-04-07,4.27,4.25,4.34,4.16,21591,11172911.00,4.25,0.24,0.01,1.50
1999-04-08,4.25,4.28,4.32,4.21,17263,8998926.00,2.59,0.71,0.03,1.20
1999-04-09,4.31,4.15,4.31,4.14,17567,9025425.00,3.97,-3.04,-0.13,1.22
1999-04-12,4.17,4.02,4.18,4.00,30529,15190162.00,4.34,-3.13,-0.13,2.12
1999-04-13,4.01,4.02,4.13,3.90,29058,14247570.00,5.72,0.00,0.00,2.01
1999-04-14,4.03,4.02,4.09,3.93,16662,8107796.50,3.98,0.00,0.00,1.16
1999-04-15,4.03,4.23,4.23,4.03,29787,15299721.00,4.98,5.22,0.21,2.06
1999-04-16,4.41,4.27,4.41,4.19,53838,28189844.00,5.20,0.95,0.04,3.73
1999-04-19,4.24,4.26,4.31,4.15,21404,11050243.00,3.75,-0.23,-0.01,1.48
1999-04-20,4.24,4.30,4.35,4.23,15959,8323188.50,2.82,0.94,0.04,1.11
1999-04-21,4.30,4.18,4.33,4.17,14527,7531266.00,3.72,-2.79,-0.12,1.01
1999-04-22,4.16,4.13,4.18,4.00,19388,9658865.00,4.31,-1.20,-0.05,1.34
1999-04-23,4.17,4.33,4.33,4.17,51990,27257882.00,3.87,4.84,0.20,3.60
1999-04-26,4.35,4.15,4.42,4.13,61153,31396690.00,6.70,-4.16,-0.18,4.24
1999-04-27,4.11,3.99,4.13,3.96,30103,14814548.00,4.10,-3.86,-0.16,2.09
1999-04-28,3.97,3.79,4.08,3.79,28761,13605300.00,7.27,-5.01,-0.20,1.99
1999-04-29,3.75,3.88,3.88,3.73,17231,8014364.50,3.96,2.37,0.09,1.19
1999-04-30,3.90,3.83,3.92,3.79,17581,8267715.50,3.35,-1.29,-0.05,1.22
1999-05-04,3.83,3.84,3.93,3.83,9313,4394778.00,2.61,0.26,0.01,0.65
1999-05-05,3.81,3.81,3.89,3.79,6512,3035893.50,2.60,-0.78,-0.03,0.45
1999-05-06,3.81,3.80,3.85,3.77,9631,4468596.50,2.10,-0.26,-0.01,0.67
1999-05-07,3.80,3.78,3.84,3.76,10853,5027457.00,2.11,-0.53,-0.02,0.75
1999-05-10,3.78,3.59,3.78,3.59,15930,7047156.50,5.03,-5.03,-0.19,1.10
1999-05-11,3.58,3.63,3.66,3.43,11405,4960057.50,6.41,1.11,0.04,0.79
1999-05-12,3.63,3.58,3.68,3.55,7603,3340823.75,3.58,-1.38,-0.05,0.53
1999-05-13,3.57,3.59,3.68,3.52,9058,4000465.25,4.47,0.28,0.01,0.63
1999-05-14,3.64,3.43,3.64,3.41,10789,4611427.00,6.41,-4.46,-0.16,0.75
1999-05-17,3.35,3.50,3.61,3.35,17496,7514270.50,7.58,2.04,0.07,1.21
1999-05-18,3.58,3.50,3.62,3.50,6921,3007432.00,3.43,0.00,0.00,0.48
1999-05-19,3.68,3.68,3.68,3.68,1626,730114.44,0.00,5.14,0.18,0.11
1999-05-20,3.86,3.86,3.86,3.86,9738,4586659.00,0.00,4.89,0.18,0.68
1999-05-21,4.04,3.94,4.05,3.89,65549,31743988.00,4.15,2.07,0.08,4.54
1999-05-24,3.93,3.90,3.98,3.77,36977,17337412.00,5.33,-1.02,-0.04,2.56
1999-05-25,3.92,3.78,3.98,3.75,35362,16671753.00,5.90,-3.08,-0.12,2.45
1999-05-26,3.78,3.83,3.90,3.73,25012,11558977.00,4.50,1.32,0.05,1.73
1999-05-27,3.83,3.88,3.90,3.74,48791,22621364.00,4.18,1.31,0.05,3.38
1999-05-28,3.88,3.79,3.90,3.75,27616,12829824.00,3.87,-2.32,-0.09,1.91
1999-05-31,3.79,3.67,3.79,3.62,39582,17851824.00,4.49,-3.17,-0.12,2.74
1999-06-01,3.62,3.84,3.84,3.62,12252,5697312.00,5.99,4.63,0.17,0.85
1999-06-02,4.03,3.90,4.03,3.78,44038,20924040.00,6.51,1.56,0.06,3.05
1999-06-03,3.90,3.83,3.98,3.83,22988,10903043.00,3.85,-1.79,-0.07,1.59
1999-06-04,3.85,3.87,3.92,3.79,22398,10537723.00,3.39,1.04,0.04,1.55
1999-06-07,3.87,4.07,4.07,3.82,52938,25773434.00,6.46,5.17,0.20,3.67
1999-06-08,4.10,4.10,4.17,3.98,40796,20216370.00,4.67,0.74,0.03,2.83
1999-06-09,4.11,4.13,4.20,4.07,40999,20603642.00,3.17,0.73,0.03,2.84
1999-06-10,4.17,4.07,4.21,4.03,38794,19394824.00,4.36,-1.45,-0.06,2.69
1999-06-11,4.04,4.13,4.27,3.98,64737,32550156.00,7.13,1.47,0.06,4.49
1999-06-14,4.15,4.22,4.27,4.10,62863,31929406.00,4.12,2.18,0.09,4.36
1999-06-15,4.26,4.06,4.39,4.00,75881,39110660.00,9.24,-3.79,-0.16,5.26
1999-06-16,4.05,4.12,4.14,3.97,42672,21069310.00,4.19,1.48,0.06,2.96
1999-06-17,4.13,3.98,4.13,3.92,84998,41223592.00,5.10,-3.40,-0.14,5.89
1999-06-18,3.95,3.94,4.04,3.82,61241,29152546.00,5.53,-1.01,-0.04,4.25
1999-06-21,3.93,4.13,4.13,3.89,77061,38401872.00,6.09,4.82,0.19,5.34
1999-06-22,4.27,4.30,4.31,4.16,83194,42918216.00,3.63,4.12,0.17,5.77
1999-06-23,4.35,4.52,4.52,4.34,76058,41333048.00,4.19,5.12,0.22,5.27
1999-06-24,4.74,4.75,4.75,4.74,23874,13795588.00,0.22,5.09,0.23,1.66
1999-06-25,4.99,4.75,4.99,4.52,116189,69787968.00,9.89,0.00,0.00,8.05
1999-06-28,4.92,4.98,4.98,4.89,43258,26189496.00,1.89,4.84,0.23,3.00
1999-06-29,5.23,5.23,5.23,5.06,219731,138876944.00,3.41,5.02,0.25,15.23
1999-07-01,4.97,4.97,5.02,4.97,15471,9344866.00,0.96,-4.97,-0.26,1.07
1999-07-02,4.72,4.72,4.93,4.72,65114,37499888.00,4.23,-5.03,-0.25,4.51
1999-07-05,4.60,4.53,4.88,4.50,70825,40397716.00,8.05,-4.03,-0.19,4.91
1999-07-06,4.48,4.29,4.64,4.29,41572,22437386.00,7.73,-5.30,-0.24,2.88
1999-07-07,4.21,4.32,4.38,4.19,40170,20916498.00,4.43,0.70,0.03,2.78
1999-07-08,4.32,4.43,4.53,4.23,37839,20266356.00,6.94,2.55,0.11,2.62
1999-07-09,4.39,4.47,4.56,4.35,27389,14952415.00,4.74,0.90,0.04,1.90
1999-07-12,4.52,4.69,4.69,4.48,46247,26257504.00,4.70,4.92,0.22,3.21
1999-07-13,4.76,4.61,4.92,4.53,48904,28208006.00,8.32,-1.71,-0.08,3.39
1999-07-14,4.64,4.76,4.84,4.63,43165,24941040.00,4.56,3.25,0.15,2.99
1999-07-15,4.77,4.67,4.88,4.64,34940,20287104.00,5.04,-1.89,-0.09,2.42
1999-07-16,4.60,4.47,4.73,4.46,36033,20053908.00,5.78,-4.28,-0.20,2.50
1999-07-19,4.43,4.28,4.59,4.25,28803,15461169.00,7.61,-4.25,-0.19,2.00
1999-07-20,4.28,4.47,4.48,4.20,21102,11095010.00,6.54,4.44,0.19,1.46
1999-07-21,4.47,4.40,4.52,4.31,26461,14189991.00,4.70,-1.57,-0.07,1.83
1999-07-22,4.41,4.30,4.49,4.29,25142,13464013.00,4.55,-2.27,-0.10,1.74
1999-07-23,4.30,4.33,4.40,4.28,14965,7888824.50,2.79,0.70,0.03,1.04
1999-07-26,4.33,4.34,4.40,4.27,16913,8891809.00,3.00,0.23,0.01,1.17
1999-07-27,4.42,4.34,4.43,4.27,12101,6383892.00,3.69,0.00,0.00,0.84
1999-07-28,4.39,4.56,4.56,4.31,30649,16735682.00,5.76,5.07,0.22,2.12
1999-07-29,4.68,4.62,4.75,4.57,35715,20156634.00,3.95,1.32,0.06,2.48
1999-07-30,4.64,4.49,4.64,4.48,19029,10506472.00,3.46,-2.81,-0.13,1.32
1999-08-02,4.49,4.52,4.58,4.43,16442,8976623.00,3.34,0.67,0.03,1.14
1999-08-03,4.52,4.68,4.75,4.52,44520,25390720.00,5.09,3.54,0.16,3.09
1999-08-04,4.77,4.68,4.79,4.60,27540,15719535.00,4.06,0.00,0.00,1.91
1999-08-05,4.68,4.70,4.73,4.60,28229,16080176.00,2.78,0.43,0.02,1.96
1999-08-06,4.70,4.57,4.72,4.46,27568,15342245.00,5.53,-2.77,-0.13,1.91
1999-08-09,4.57,4.65,4.73,4.50,19263,10824086.00,5.03,1.75,0.08,1.34
1999-08-10,4.65,4.68,4.88,4.58,43908,25451250.00,6.45,0.65,0.03,3.04
1999-08-11,4.67,4.53,4.71,4.48,17137,9594560.00,4.91,-3.21,-0.15,1.19
1999-08-12,4.48,4.53,4.63,4.48,10725,5926591.00,3.31,0.00,0.00,0.74
1999-08-13,4.58,4.45,4.60,4.42,10395,5683939.00,3.97,-1.77,-0.08,0.72
1999-08-16,4.43,4.43,4.56,4.37,11993,6483843.50,4.27,-0.45,-0.02,0.83
1999-08-17,4.50,4.48,4.61,4.48,10757,5933233.00,2.93,1.13,0.05,0.75
1999-08-18,4.58,4.48,4.60,4.44,10328,5653676.00,3.57,0.00,0.00,0.72
1999-08-19,4.57,4.55,4.58,4.48,24954,13748642.00,2.23,1.56,0.07,1.73
1999-08-20,4.58,4.63,4.75,4.50,29887,16869556.00,5.49,1.76,0.08,2.07
1999-08-23,4.67,4.71,4.77,4.60,21893,12553038.00,3.67,1.73,0.08,1.52
1999-08-24,4.76,4.65,4.78,4.58,23441,13272080.00,4.25,-1.27,-0.06,1.62
1999-08-25,4.60,4.43,4.62,4.42,30132,16445969.00,4.30,-4.73,-0.22,2.09
1999-08-26,4.43,4.38,4.43,4.28,30430,16137061.00,3.39,-1.13,-0.05,2.11
1999-08-27,4.36,4.48,4.49,4.31,21007,11300236.00,4.11,2.28,0.10,1.46
1999-08-30,4.39,4.36,4.48,4.35,13811,7383725.50,2.90,-2.68,-0.12,0.96
1999-08-31,4.36,4.43,4.46,4.34,9621,5140739.50,2.75,1.61,0.07,0.67
1999-09-01,4.39,4.35,4.43,4.33,9875,5262181.50,2.26,-1.81,-0.08,0.68
1999-09-02,4.31,4.34,4.38,4.23,14618,7601482.00,3.45,-0.23,-0.01,1.01
1999-09-03,4.34,4.24,4.34,4.23,10929,5682440.00,2.53,-2.30,-0.10,0.76
1999-09-06,4.23,4.13,4.23,4.11,14051,7084692.50,2.83,-2.59,-0.11,0.97
1999-09-07,4.10,4.12,4.18,4.10,7558,3816494.75,1.94,-0.24,-0.01,0.52
1999-09-08,4.14,4.14,4.18,4.13,6366,3219229.00,1.21,0.49,0.02,0.44
1999-09-09,4.19,4.31,4.33,4.17,16455,8530039.00,3.86,4.11,0.17,1.14
1999-09-10,4.33,4.20,4.37,4.15,26047,13403133.00,5.10,-2.55,-0.11,1.81
1999-09-13,4.14,4.15,4.20,4.14,17663,8957989.00,1.43,-1.19,-0.05,1.22
1999-09-14,4.18,4.28,4.30,4.18,15782,8187216.50,2.89,3.13,0.13,1.09
1999-09-15,4.28,4.21,4.31,4.18,8548,4406299.50,3.04,-1.64,-0.07,0.59
1999-09-16,4.21,4.24,4.29,4.18,8986,4638320.00,2.61,0.71,0.03,0.62
1999-09-17,4.24,4.26,4.33,4.22,9829,5121432.00,2.59,0.47,0.02,0.68
1999-09-20,4.26,4.17,4.26,4.16,8815,4500590.00,2.35,-2.11,-0.09,0.61
1999-09-21,4.18,4.15,4.24,4.13,8357,4237702.50,2.64,-0.48,-0.02,0.58
1999-09-22,4.17,4.15,4.26,4.13,7077,3606414.50,3.13,0.00,0.00,0.49
1999-09-23,4.18,4.18,4.25,4.15,11657,5960218.50,2.41,0.72,0.03,0.81
1999-09-24,4.24,4.16,4.24,4.12,15198,7689038.00,2.87,-0.48,-0.02,1.05
1999-09-27,4.16,4.08,4.17,4.07,11923,5973699.00,2.40,-1.92,-0.08,0.83
1999-09-28,4.08,4.14,4.15,4.01,13280,6592508.00,3.43,1.47,0.06,0.92
1999-09-29,4.17,4.31,4.31,4.14,33970,17634598.00,4.11,4.11,0.17,2.35
1999-09-30,4.39,4.34,4.50,4.30,41687,22411574.00,4.64,0.70,0.03,2.89
1999-10-08,4.39,4.36,4.48,4.31,21524,11506270.00,3.92,0.46,0.02,1.49
1999-10-11,4.39,4.58,4.58,4.32,74642,41242272.00,5.96,5.05,0.22,5.17
1999-10-12,4.60,4.61,4.66,4.48,47793,26613200.00,3.93,0.66,0.03,3.31
1999-10-13,4.60,4.45,4.66,4.43,37125,20521238.00,4.99,-3.47,-0.16,2.57
1999-10-14,4.40,4.46,4.58,4.37,21329,11650099.00,4.72,0.22,0.01,1.48
1999-10-15,4.47,4.68,4.68,4.47,70542,40023556.00,4.71,4.93,0.22,4.89
1999-10-18,4.81,4.78,4.89,4.64,75936,44154016.00,5.34,2.14,0.10,5.26
1999-10-19,4.78,4.58,4.80,4.56,48616,27851440.00,5.02,-4.18,-0.20,3.37
1999-10-20,4.56,4.63,4.68,4.50,25034,13958455.00,3.93,1.09,0.05,1.74
1999-10-21,4.64,4.46,4.73,4.43,22868,12592472.00,6.48,-3.67,-0.17,1.59
1999-10-22,4.46,4.60,4.64,4.43,27809,15407027.00,4.71,3.14,0.14,1.93
1999-10-25,4.62,4.69,4.83,4.52,48852,28087700.00,6.74,1.96,0.09,3.39
1999-10-26,4.68,4.68,4.77,4.61,20639,11761259.00,3.41,-0.21,-0.01,1.43
1999-10-27,4.68,4.68,4.79,4.66,36706,21070530.00,2.78,0.00,0.00,2.54
1999-10-28,4.69,4.85,4.93,4.68,118153,70024080.00,5.34,3.63,0.17,8.19
1999-10-29,4.87,4.81,5.02,4.80,73728,44106372.00,4.54,-0.82,-0.04,5.11
1999-11-08,4.83,4.59,4.97,4.57,57227,32874274.00,8.32,-4.57,-0.22,3.97
1999-11-09,4.58,4.68,4.78,4.57,21554,12305952.00,4.58,1.96,0.09,1.49
1999-11-10,4.68,4.58,4.76,4.52,20545,11542323.00,5.13,-2.14,-0.10,1.42
1999-11-11,4.53,4.52,4.63,4.49,19484,10767745.00,3.06,-1.31,-0.06,1.35
1999-11-12,4.52,4.69,4.75,4.52,24055,13671542.00,5.09,3.76,0.17,1.67
1999-11-15,4.73,4.71,4.77,4.63,11126,6367904.00,2.99,0.43,0.02,0.77
1999-11-16,4.71,4.60,4.75,4.58,12271,6940485.50,3.61,-2.34,-0.11,0.85
1999-11-17,4.58,4.62,4.67,4.53,13109,7319730.50,3.04,0.43,0.02,0.91
1999-11-18,4.60,4.71,4.74,4.60,18889,10762815.00,3.03,1.95,0.09,1.31
1999-11-19,4.73,4.73,4.84,4.68,17717,10276405.00,3.40,0.42,0.02,1.23
1999-11-22,4.73,4.91,4.92,4.69,33814,19786726.00,4.86,3.81,0.18,2.34
1999-11-23,4.90,4.85,4.95,4.82,26267,15608970.00,2.65,-1.22,-0.06,1.82
1999-11-24,4.85,4.88,4.91,4.78,13728,8070047.00,2.68,0.62,0.03,0.95
1999-11-25,4.88,4.76,4.88,4.75,11416,6674403.00,2.66,-2.46,-0.12,0.79
1999-11-26,4.76,4.78,4.80,4.72,10540,6105582.50,1.68,0.42,0.02,0.73
1999-11-29,4.74,4.64,4.78,4.62,12350,7061315.00,3.35,-2.93,-0.14,0.86
1999-11-30,4.61,4.66,4.68,4.61,8108,4581965.00,1.51,0.43,0.02,0.56
1999-12-01,4.68,4.74,4.78,4.65,7955,4570822.00,2.79,1.72,0.08,0.55
1999-12-02,4.73,4.63,4.76,4.63,8775,4985134.00,2.74,-2.32,-0.11,0.61
1999-12-03,4.61,4.64,4.73,4.61,6429,3655210.00,2.59,0.22,0.01,0.45
1999-12-06,4.63,4.63,4.73,4.58,10409,5872884.00,3.23,-0.22,-0.01,0.72
1999-12-07,4.65,4.73,4.80,4.63,13851,7985601.00,3.67,2.16,0.10,0.96
1999-12-08,4.73,4.77,4.81,4.71,11222,6496873.00,2.11,0.85,0.04,0.78
1999-12-09,4.79,4.80,4.89,4.74,22116,13006608.00,3.14,0.63,0.03,1.53
1999-12-10,4.83,4.68,4.88,4.66,19174,11120836.00,4.58,-2.50,-0.12,1.33
1999-12-13,4.68,4.64,4.74,4.63,17643,9994932.00,2.35,-0.85,-0.04,1.22
1999-12-14,4.65,4.78,4.82,4.63,19353,11218410.00,4.09,3.02,0.14,1.34
1999-12-15,4.81,4.72,4.84,4.64,25083,14327868.00,4.18,-1.26,-0.06,1.74
1999-12-16,4.71,4.76,4.79,4.68,10803,6238070.00,2.33,0.85,0.04,0.75
1999-12-17,4.77,5.00,5.00,4.77,77143,46769613.00,4.83,5.04,0.24,5.35
1999-12-22,5.10,5.25,5.25,5.02,30074,19170064.00,4.60,5.00,0.25,2.08
1999-12-23,5.50,5.52,5.52,5.07,340717,223813408.00,8.57,5.14,0.27,23.61
1999-12-24,5.43,5.38,5.75,5.31,160619,108201056.00,7.97,-2.54,-0.14,11.13
1999-12-27,5.30,5.10,5.45,5.10,97525,61653652.00,6.51,-5.20,-0.28,6.76
1999-12-28,4.98,4.93,5.21,4.84,97415,59019132.00,7.25,-3.33,-0.17,6.75
1999-12-29,4.93,4.98,5.05,4.85,47874,28851070.00,4.06,1.01,0.05,3.32
1999-12-30,5.01,5.02,5.10,4.95,27430,16786952.00,3.01,0.80,0.04,1.90