MTk5OC0wMS0wNSwtMC42MSwtMC41OSwtMC41OSwtMC42OCwxMDMwOCw2NTUyMDAwLjAwLC0xNC4yOSw2LjM1LDAuMDQsMi4wMw==
1998-01-06,-0.57,-0.57,-0.48,-0.58,9638,6373000.00,-16.95,3.39,0.02,1.90
1998-01-07,-0.55,-0.58,-0.53,-0.60,5421,3539000.00,-12.28,-1.75,-0.01,1.07
1998-01-08,-0.58,-0.62,-0.58,-0.63,4233,2742000.00,-8.62,-6.90,-0.04,0.83
1998-01-09,-0.62,-0.59,-0.57,-0.63,6563,4237000.00,-9.68,4.84,0.03,1.29
1998-01-12,-0.59,-0.56,-0.54,-0.59,7838,5152000.00,-8.47,5.08,0.03,1.55
1998-01-13,-0.59,-0.74,-0.59,-0.81,7573,4632000.00,-39.29,-32.14,-0.18,1.49
1998-01-14,-0.73,-0.65,-0.63,-0.74,6615,4143000.00,-14.86,12.16,0.09,1.30
1998-01-15,-0.63,-0.51,-0.46,-0.63,21470,14460000.00,-26.15,21.54,0.14,4.23
1998-01-16,-0.51,-0.59,-0.48,-0.60,7069,4659000.00,-23.53,-15.69,-0.08,1.39
1998-01-19,-0.56,-0.60,-0.54,-0.63,3499,2274000.00,-15.25,-1.69,-0.01,0.69
1998-01-20,-0.62,-0.62,-0.55,-0.65,2162,1395000.00,-16.67,-3.33,-0.02,0.43
1998-01-21,-0.60,-0.55,-0.52,-0.62,6365,4199000.00,-16.13,11.29,0.07,1.26
1998-01-22,-0.53,-0.60,-0.53,-0.61,3575,2325000.00,-14.55,-9.09,-0.05,0.71
1998-01-23,-0.60,-0.55,-0.53,-0.61,3305,2171000.00,-13.33,8.33,0.05,0.65
1998-02-09,-0.47,-0.51,-0.47,-0.55,5968,4004000.00,-14.55,7.27,0.04,1.18
1998-02-10,-0.50,-0.42,-0.42,-0.51,9802,6745000.00,-17.65,17.65,0.09,1.93
1998-02-11,-0.42,-0.36,-0.31,-0.43,16404,11718000.00,-28.57,14.29,0.06,3.24
1998-02-12,-0.37,-0.44,-0.34,-0.47,9033,6301000.00,-36.11,-22.22,-0.08,1.78
1998-02-13,-0.44,-0.40,-0.31,-0.44,9844,7012000.00,-29.55,9.09,0.04,1.94
1998-02-16,-0.39,-0.35,-0.30,-0.40,8440,6040000.00,-25.00,12.50,0.05,1.66
1998-02-17,-0.34,-0.39,-0.33,-0.43,6156,4341000.00,-28.57,-11.43,-0.04,1.21
1998-02-18,-0.37,-0.43,-0.35,-0.47,8619,5946000.00,-30.77,-10.26,-0.04,1.70
1998-02-19,-0.43,-0.47,-0.42,-0.48,4929,3369000.00,-13.95,-9.30,-0.04,0.97
1998-02-20,-0.46,-0.44,-0.42,-0.47,3601,2479000.00,-10.64,6.38,0.03,0.71
1998-02-23,-0.44,-0.52,-0.44,-0.58,4866,3257000.00,-31.82,-18.18,-0.08,0.96
1998-02-24,-0.53,-0.51,-0.48,-0.53,3572,2398000.00,-9.62,1.92,0.01,0.70
1998-02-25,-0.51,-0.53,-0.50,-0.54,2693,1799000.00,-7.84,-3.92,-0.02,0.53
1998-02-26,-0.53,-0.52,-0.52,-0.58,3383,2237000.00,-11.32,1.89,0.01,0.67
1998-02-27,-0.50,-0.54,-0.50,-0.55,2021,1351000.00,-9.62,-3.85,-0.02,0.40
1998-03-02,-0.55,-0.57,-0.53,-0.60,3859,2528000.00,-12.96,-5.56,-0.03,0.76
1998-03-03,-0.72,-0.63,-0.63,-0.78,9941,6208000.00,-26.32,-10.53,-0.06,1.96
1998-03-04,-0.59,-0.52,-0.50,-0.66,16021,10529000.00,-25.40,17.46,0.11,3.16
1998-03-05,-0.50,-0.52,-0.49,-0.58,10045,6703000.00,-17.31,0.00,0.00,1.98
1998-03-06,-0.50,-0.41,-0.37,-0.52,38002,26578000.00,-28.85,21.15,0.11,7.50
1998-03-09,-0.41,-0.40,-0.32,-0.44,29566,21015000.00,-29.27,2.44,0.01,5.83
1998-03-10,-0.40,-0.29,-0.29,-0.42,27755,19907000.00,-32.50,27.50,0.11,5.47
1998-03-11,-0.25,-0.34,-0.24,-0.37,27830,20044000.00,-44.83,-17.24,-0.05,5.49
1998-03-12,-0.33,-0.24,-0.14,-0.36,28249,20790000.00,-64.71,29.41,0.10,5.57
1998-03-13,-0.24,-0.24,-0.20,-0.27,13882,10334000.00,-29.17,0.00,0.00,2.74
1998-03-16,-0.22,-0.14,-0.09,-0.24,26122,20071000.00,-62.50,41.67,0.10,5.15
1998-03-17,-0.13,-0.01,0.05,-0.13,37112,29869000.00,-128.57,92.86,0.13,7.32
1998-03-18,0.08,0.08,0.17,0.00,34402,28553000.00,-1700.00,900.00,0.09,6.79
1998-03-19,0.08,0.04,0.14,0.02,22160,18261000.00,150.00,-50.00,-0.04,4.37
1998-03-20,0.04,0.08,0.10,0.00,18955,15590000.00,250.00,100.00,0.04,3.74
1998-03-23,0.06,0.04,0.11,0.01,14981,12353000.00,125.00,-50.00,-0.04,2.95
1998-03-24,0.02,0.09,0.10,-0.09,22193,18074000.00,475.00,125.00,0.05,4.38
1998-03-25,0.12,0.10,0.17,0.05,9732,8094000.00,133.33,11.11,0.01,1.92
1998-03-26,0.10,0.22,0.28,0.10,26626,23225000.00,180.00,120.00,0.12,5.25
1998-03-27,0.24,0.13,0.26,0.10,19809,16891000.00,72.73,-40.91,-0.09,3.91
1998-03-30,0.18,0.07,0.20,0.02,23914,19832000.00,138.46,-46.15,-0.06,4.72
1998-03-31,0.06,0.04,0.14,-0.02,15724,12939000.00,228.57,-42.86,-0.03,3.10
1998-04-01,0.01,0.00,0.11,-0.01,15548,12778000.00,300.00,-100.00,-0.04,3.07
1998-04-02,0.08,0.30,0.30,0.08,30825,26933000.00,11542.94,0.00,0.30,6.08
1998-04-03,0.38,0.46,0.50,0.30,34319,31722000.00,66.67,53.33,0.16,6.77
1998-04-06,0.48,0.54,0.56,0.39,24629,23107000.00,36.96,17.39,0.08,4.86
1998-04-07,0.56,0.44,0.56,0.42,19063,17900000.00,25.93,-18.52,-0.10,3.76
1998-04-09,0.30,0.79,0.79,0.12,43900,43681000.00,152.27,79.55,0.35,8.66
1998-04-10,0.85,0.86,0.93,0.69,32919,33732000.00,30.38,8.86,0.07,6.49
1998-04-13,0.87,0.82,0.91,0.71,21452,22152000.00,23.26,-4.65,-0.04,4.23
1998-04-14,0.79,0.90,0.91,0.75,14084,14530000.00,19.51,9.76,0.08,2.78
1998-04-15,0.90,0.88,0.97,0.84,15293,16035000.00,14.44,-2.22,-0.02,3.02
1998-04-16,0.90,0.90,0.99,0.73,28012,28996000.00,29.55,2.27,0.02,5.53
1998-04-17,0.86,0.77,0.94,0.72,33230,34266000.00,24.44,-14.44,-0.13,6.55
1998-04-20,0.72,0.79,0.79,0.57,31745,31565000.00,28.57,2.60,0.02,6.26
1998-04-21,0.74,0.71,0.78,0.62,14252,14249000.00,20.25,-10.13,-0.08,2.81
1998-04-22,0.71,0.68,0.75,0.62,14090,13978000.00,18.31,-4.23,-0.03,2.78
1998-04-23,0.75,0.58,0.77,0.53,15767,15419000.00,35.29,-14.71,-0.10,3.11
1998-04-24,0.58,0.81,0.91,0.58,28421,29094000.00,56.90,39.66,0.23,5.61
1998-04-27,0.82,0.68,0.88,0.62,9630,9704000.00,32.10,-16.05,-0.13,1.90
1998-04-28,0.75,0.74,0.75,0.59,10620,10512000.00,23.53,8.82,0.06,2.09
1998-04-29,0.74,0.76,0.88,0.74,18074,18649000.00,18.92,2.70,0.02,3.56
1998-04-30,0.75,0.68,0.81,0.64,11206,11187000.00,22.37,-10.53,-0.08,2.21
1998-05-04,0.71,0.68,0.75,0.64,7497,7448000.00,16.18,0.00,0.00,1.48
1998-05-05,0.67,0.88,0.88,0.62,18078,18197000.00,38.24,29.41,0.20,3.57
1998-05-06,0.93,0.85,0.93,0.75,17407,17973000.00,20.45,-3.41,-0.03,3.43
1998-05-07,0.88,0.81,1.00,0.72,28462,29840000.00,32.94,-4.71,-0.04,5.61
1998-05-08,0.81,0.90,0.93,0.75,19283,19966000.00,22.22,11.11,0.09,3.80
1998-05-11,0.90,0.71,0.90,0.64,14406,14757000.00,28.89,-21.11,-0.19,2.84
1998-05-12,0.71,0.71,0.79,0.65,9561,9552000.00,19.72,0.00,0.00,1.89
1998-05-13,0.72,0.88,0.89,0.72,17111,17611000.00,23.94,23.94,0.17,3.37
1998-05-14,0.94,0.79,0.94,0.75,12107,12541000.00,21.59,-10.23,-0.09,2.39
1998-05-15,0.81,0.60,0.85,0.52,26139,25838000.00,41.77,-24.05,-0.19,5.16
1998-05-18,0.67,0.41,0.67,0.41,24572,23133000.00,43.33,-31.67,-0.19,4.85
1998-05-19,0.42,0.35,0.52,0.34,28818,26524000.00,43.90,-14.63,-0.06,5.68
1998-05-20,0.36,0.37,0.48,0.36,12479,11531000.00,34.29,5.71,0.02,2.46
1998-05-21,0.40,0.36,0.45,0.31,11024,10056000.00,37.84,-2.70,-0.01,2.17
1998-05-22,0.43,0.48,0.56,0.38,16005,14898000.00,50.00,33.33,0.12,3.16
1998-05-25,0.44,0.51,0.53,0.43,13884,12987000.00,20.83,6.25,0.03,2.74
1998-05-26,0.53,0.42,0.55,0.40,8667,8073000.00,29.41,-17.65,-0.09,1.71
1998-05-27,0.41,0.39,0.47,0.36,11885,10870000.00,26.19,-7.14,-0.03,2.34
1998-05-28,0.42,0.52,0.52,0.37,18257,17052000.00,38.46,33.33,0.13,3.60
1998-05-29,0.53,0.48,0.56,0.42,9869,9264000.00,26.92,-7.69,-0.04,1.95
1998-06-01,0.48,0.60,0.64,0.48,18604,17942000.00,33.33,25.00,0.12,3.67
1998-06-02,0.64,0.55,0.64,0.52,7567,7266000.00,20.00,-8.33,-0.05,1.49
1998-06-03,0.55,0.51,0.56,0.47,10797,10182000.00,16.36,-7.27,-0.04,2.13
1998-06-04,0.48,0.47,0.51,0.39,6930,6403000.00,23.53,-7.84,-0.04,1.37
1998-06-05,0.45,0.45,0.52,0.41,6070,5651000.00,23.40,-4.26,-0.02,1.20
1998-06-08,0.45,0.34,0.49,0.33,8051,7323000.00,35.56,-24.44,-0.11,1.59
1998-06-09,0.34,0.19,0.37,0.18,10376,9045000.00,55.88,-44.12,-0.15,2.05
1998-06-10,0.19,0.23,0.26,0.10,8737,7463000.00,84.21,21.05,0.04,1.72
1998-06-11,0.23,0.22,0.23,0.15,6575,5652000.00,34.78,-4.35,-0.01,1.30
1998-06-12,0.23,0.44,0.44,0.22,9853,8868000.00,100.00,100.00,0.22,1.94
1998-06-15,0.43,0.53,0.55,0.32,14250,13250000.00,52.27,20.45,0.09,2.81
1998-06-16,0.53,0.55,0.59,0.39,14579,13722000.00,37.74,3.77,0.02,2.88
1998-06-17,0.53,0.51,0.56,0.45,6747,6374000.00,20.00,-7.27,-0.04,1.33
1998-06-18,0.53,0.53,0.61,0.51,8387,8054000.00,19.61,3.92,0.02,1.65
1998-06-19,0.54,0.52,0.56,0.46,4801,4543000.00,18.87,-1.89,-0.01,0.95
1998-06-22,0.51,0.46,0.56,0.44,3698,3463000.00,23.08,-11.54,-0.06,0.73
1998-06-23,0.49,0.38,0.51,0.37,5096,4683000.00,30.43,-17.39,-0.08,1.01
1998-06-24,0.41,0.52,0.55,0.41,7646,7214000.00,36.84,36.84,0.14,1.51
1998-06-25,0.53,0.64,0.69,0.52,23722,23164000.00,32.69,23.08,0.12,4.68
1998-06-26,0.64,0.64,0.71,0.56,14876,14634000.00,23.44,0.00,0.00,2.93
1998-06-29,0.68,0.79,0.82,0.64,27081,27388000.00,28.13,23.44,0.15,5.34
1998-06-30,0.79,0.68,0.82,0.63,12018,12095000.00,24.05,-13.92,-0.11,2.37
1998-07-01,0.74,0.79,0.93,0.71,36431,37808000.00,32.35,16.18,0.11,7.19
1998-07-02,0.75,0.65,0.81,0.63,14132,14099000.00,22.78,-17.72,-0.14,2.79
1998-07-03,0.66,0.82,0.89,0.66,25582,26097000.00,35.38,26.15,0.17,5.05
1998-07-06,0.90,0.71,0.93,0.71,12182,12519000.00,26.83,-13.41,-0.11,2.40
1998-07-07,0.75,0.74,0.88,0.73,9818,10067000.00,21.13,4.23,0.03,1.94
1998-07-08,0.77,0.68,0.81,0.66,9943,9917000.00,20.27,-8.11,-0.06,1.96
1998-07-09,0.71,0.62,0.74,0.61,9448,9314000.00,19.12,-8.82,-0.06,1.86
1998-07-10,0.64,0.74,0.74,0.53,13139,12757000.00,33.87,19.35,0.12,2.59
1998-07-13,0.75,0.71,0.78,0.66,6644,6658000.00,16.22,-4.05,-0.03,1.31
1998-07-14,0.73,0.73,0.74,0.56,11354,11157000.00,25.35,2.82,0.02,2.24
1998-07-15,0.71,0.80,0.82,0.66,18140,18437000.00,21.92,9.59,0.07,3.58
1998-07-16,0.85,0.91,0.97,0.82,51733,54445000.00,18.75,13.75,0.11,10.20
1998-07-17,0.88,0.77,0.91,0.72,20570,21037000.00,20.88,-15.38,-0.14,4.06
1998-07-20,0.81,0.77,0.82,0.69,10626,10722000.00,16.88,0.00,0.00,2.10
1998-07-21,0.74,0.79,0.80,0.71,5567,5627000.00,11.69,2.60,0.02,1.10
1998-07-22,0.81,0.92,1.00,0.79,38685,40896000.00,26.58,16.46,0.13,7.63
1998-07-23,0.90,1.03,1.03,0.81,26265,27746000.00,23.91,11.96,0.11,5.18
1998-07-24,1.03,0.96,1.11,0.90,40230,43735000.00,20.39,-6.80,-0.07,7.93
1998-07-27,0.96,0.89,0.99,0.84,14535,15266000.00,15.63,-7.29,-0.07,2.87
1998-07-28,0.87,0.86,0.91,0.77,12817,13306000.00,15.73,-3.37,-0.03,2.53
1998-07-29,0.86,0.87,0.92,0.78,11872,12276000.00,16.28,1.16,0.01,2.34
1998-07-30,0.87,0.60,0.87,0.53,36216,36074000.00,39.08,-31.03,-0.27,7.14
1998-07-31,0.59,0.50,0.64,0.41,33265,31331000.00,38.33,-16.67,-0.10,6.56
1998-08-03,0.50,0.50,0.52,0.42,10026,9323000.00,20.00,0.00,0.00,1.98
1998-08-04,0.56,0.48,0.56,0.46,6113,5772000.00,20.00,-4.00,-0.02,1.21
1998-08-05,0.50,0.49,0.60,0.44,8479,8049000.00,33.33,2.08,0.01,1.67
1998-08-06,0.49,0.33,0.51,0.30,15326,13929000.00,42.86,-32.65,-0.16,3.02
1998-08-07,0.30,0.21,0.30,0.17,12915,11231000.00,39.39,-36.36,-0.12,2.55
1998-08-10,0.21,0.01,0.21,-0.03,8965,7431000.00,114.29,-95.24,-0.20,1.77
1998-08-11,0.01,0.08,0.12,-0.01,8273,6806000.00,1300.00,700.00,0.07,1.63
1998-08-12,0.08,0.03,0.09,-0.10,8126,6649000.00,237.50,-62.50,-0.05,1.60
1998-08-13,0.04,0.14,0.21,-0.02,8248,6807000.00,766.67,366.67,0.11,1.63
1998-08-14,0.12,0.01,0.12,0.00,3486,2848000.00,85.71,-92.86,-0.13,0.69
1998-08-17,-0.05,-0.11,-0.05,-0.30,13071,9947000.00,2500.00,-1200.00,-0.12,2.58
1998-08-18,-0.17,0.01,0.04,-0.22,10935,8733000.00,-236.36,109.09,0.12,2.16
1998-08-19,0.00,0.08,0.10,-0.02,11391,9346000.00,1200.00,700.00,0.07,2.25
1998-08-20,0.08,0.04,0.10,-0.01,8833,7227000.00,137.50,-50.00,-0.04,1.74
1998-08-21,0.04,0.14,0.17,-0.06,16275,13340000.00,575.00,250.00,0.10,3.21
1998-08-24,0.11,0.06,0.14,0.05,4007,3333000.00,64.29,-57.14,-0.08,0.79
1998-08-25,0.04,0.01,0.06,-0.01,3759,3052000.00,116.67,-83.33,-0.05,0.74
1998-08-26,0.04,0.02,0.11,0.01,3652,3014000.00,1000.00,100.00,0.01,0.72
1998-08-27,-0.02,-0.11,-0.02,-0.11,4511,3554000.00,450.00,-650.00,-0.13,0.89
1998-08-28,-0.12,-0.12,-0.03,-0.18,4660,3593000.00,-136.36,-9.09,-0.01,0.92
1998-08-31,-0.19,-0.07,-0.04,-0.40,9827,7427000.00,-300.00,41.67,0.05,1.94
1998-09-01,-0.11,-0.17,-0.10,-0.18,2777,2135000.00,-114.29,-142.86,-0.10,0.55
1998-09-02,-0.21,-0.27,-0.14,-0.29,6029,4478000.00,-88.24,-58.82,-0.10,1.19
1998-09-03,-0.24,-0.18,-0.12,-0.24,9534,7247000.00,-44.44,33.33,0.09,1.88
1998-09-04,-0.19,-0.12,-0.11,-0.24,7723,5941000.00,-72.22,33.33,0.06,1.52
1998-09-07,-0.07,-0.12,-0.07,-0.17,4538,3488000.00,-83.33,0.00,0.00,0.90
1998-09-08,-0.12,-0.05,-0.04,-0.13,11308,8925000.00,-75.00,58.33,0.07,2.23
1998-09-09,-0.05,0.03,0.04,-0.09,29420,23683000.00,-260.00,160.00,0.08,5.80
1998-09-10,0.03,0.04,0.07,-0.02,23712,19285000.00,300.00,33.33,0.01,4.68
1998-09-11,0.08,0.11,0.11,-0.03,26366,21749000.00,350.00,175.00,0.07,5.20
1998-09-14,0.11,0.17,0.17,0.04,24757,20818000.00,118.18,54.55,0.06,4.88
1998-09-15,0.16,0.20,0.29,0.14,25219,21841000.00,88.24,17.65,0.03,4.97
1998-09-16,0.19,0.23,0.24,0.14,16597,14282000.00,50.00,15.00,0.03,3.27
1998-09-17,0.24,0.07,0.26,0.05,19439,16580000.00,91.30,-69.57,-0.16,3.83
1998-09-18,0.04,-0.03,0.12,-0.05,12612,10327000.00,242.86,-142.86,-0.10,2.49
1998-09-21,-0.03,0.11,0.11,-0.07,14862,12156000.00,-600.00,466.67,0.14,2.93
1998-09-22,0.15,0.19,0.30,0.15,33871,29402000.00,136.36,72.73,0.08,6.68
1998-09-23,0.25,0.15,0.26,0.10,9361,7930000.00,84.21,-21.05,-0.04,1.85
1998-09-24,0.18,0.15,0.26,0.12,15835,13592000.00,93.33,0.00,0.00,3.12
1998-09-25,0.12,0.21,0.23,0.11,11688,10031000.00,80.00,40.00,0.06,2.31
1998-09-28,0.21,0.22,0.30,0.20,15390,13480000.00,47.62,4.76,0.01,3.04
1998-09-29,0.22,0.17,0.28,0.15,9509,8225000.00,59.09,-22.73,-0.05,1.88
1998-09-30,0.23,0.31,0.34,0.20,23871,21236000.00,82.35,82.35,0.14,4.71
1998-10-05,0.34,0.36,0.43,0.34,21590,19668000.00,29.03,16.13,0.05,4.26
1998-10-06,0.36,0.23,0.38,0.23,11259,9953000.00,41.67,-36.11,-0.13,2.22
1998-10-07,0.22,0.16,0.25,0.14,9641,8245000.00,47.83,-30.43,-0.07,1.90
1998-10-08,0.16,0.17,0.25,0.16,6302,5432000.00,56.25,6.25,0.01,1.24
1998-10-09,0.20,0.22,0.28,0.16,9240,7999000.00,70.59,29.41,0.05,1.82
1998-10-12,0.25,0.29,0.29,0.20,10118,8848000.00,40.91,31.82,0.07,2.00
1998-10-13,0.32,0.19,0.34,0.18,8910,7838000.00,55.17,-34.48,-0.10,1.76
1998-10-14,0.19,0.15,0.23,0.15,8248,7053000.00,42.11,-21.05,-0.04,1.63
1998-10-15,0.18,0.22,0.23,0.12,7910,6751000.00,73.33,46.67,0.07,1.56
1998-10-16,0.21,0.14,0.24,0.14,6774,5799000.00,45.45,-36.36,-0.08,1.34
1998-10-19,0.13,0.07,0.15,0.04,10886,9049000.00,78.57,-50.00,-0.07,2.15
1998-10-20,0.08,0.11,0.13,0.04,4808,3994000.00,128.57,57.14,0.04,0.95
1998-10-21,0.12,-0.05,0.13,-0.07,9273,7531000.00,181.82,-145.45,-0.16,1.83
1998-10-22,-0.05,-0.08,-0.01,-0.14,9549,7520000.00,-260.00,-60.00,-0.03,1.88
1998-10-23,-0.05,-0.10,-0.04,-0.11,7581,5953000.00,-87.50,-25.00,-0.02,1.50
1998-10-26,-0.10,-0.12,-0.10,-0.23,8972,6808000.00,-130.00,-20.00,-0.02,1.77
1998-10-27,-0.11,-0.12,-0.09,-0.18,4991,3842000.00,-75.00,0.00,0.00,0.98
1998-10-28,-0.09,-0.04,-0.04,-0.14,5065,3991000.00,-83.33,66.67,0.08,1.00
1998-10-29,-0.03,-0.11,-0.01,-0.11,4213,3314000.00,-250.00,-175.00,-0.07,0.83
1998-10-30,-0.11,-0.14,-0.10,-0.16,5538,4272000.00,-54.55,-27.27,-0.03,1.09
1998-11-02,-0.16,-0.01,0.00,-0.16,5665,4407000.00,-114.29,92.86,0.13,1.12
1998-11-03,0.04,0.06,0.11,0.01,16207,13348000.00,-1000.00,700.00,0.07,3.20
1998-11-04,0.06,-0.01,0.06,-0.03,5203,4196000.00,150.00,-116.67,-0.07,1.03
1998-11-05,-0.11,0.08,0.08,-0.11,7920,6360000.00,-1900.00,900.00,0.09,1.56
1998-11-06,0.06,0.18,0.38,0.04,20551,17579000.00,425.00,125.00,0.10,4.05
1998-11-09,0.12,0.21,0.24,0.04,15385,13202000.00,111.11,16.67,0.03,3.03
1998-11-10,0.21,0.17,0.36,0.12,18550,16154000.00,114.29,-19.05,-0.04,3.66
1998-11-11,0.19,0.19,0.21,0.02,9883,8326000.00,111.76,11.76,0.02,1.95
1998-11-12,0.19,0.14,0.27,0.12,9540,8225000.00,78.95,-26.32,-0.05,1.88
1998-11-13,0.15,0.07,0.18,0.04,6472,5359000.00,100.00,-50.00,-0.07,1.28
1998-11-16,0.07,0.15,0.17,-0.06,10836,8942000.00,328.57,114.29,0.08,2.14
1998-11-17,0.15,0.07,0.15,0.05,4760,3956000.00,66.67,-53.33,-0.08,0.94
1998-11-18,0.07,0.04,0.12,0.02,3767,3103000.00,142.86,-42.86,-0.03,0.74
1998-11-19,0.01,-0.01,0.06,-0.01,4400,3586000.00,175.00,-125.00,-0.05,0.87
1998-11-20,0.06,-0.02,0.06,-0.02,3784,3066000.00,-800.00,-100.00,-0.01,0.75
1998-11-23,-0.01,-0.03,0.01,-0.03,2823,2269000.00,-200.00,-50.00,-0.01,0.56
1998-11-24,-0.03,0.04,0.04,-0.03,2810,2265000.00,-233.33,233.33,0.07,0.55
1998-11-25,0.04,-0.03,0.04,-0.03,1826,1471000.00,175.00,-175.00,-0.07,0.36
1998-11-26,-0.02,-0.01,0.04,-0.03,2433,1962000.00,-233.33,66.67,0.02,0.48
1998-11-27,-0.03,0.00,0.04,-0.03,3633,2948000.00,-700.00,100.00,0.01,0.72
1998-11-30,0.03,0.14,0.14,0.01,12160,10141000.00,-7705.09,0.00,0.14,2.40
1998-12-01,0.14,0.00,0.14,0.00,3587,2955000.00,100.00,-100.00,-0.14,0.71
1998-12-02,0.02,0.05,0.05,-0.02,2616,2118000.00,3270.50,0.00,0.05,0.52
1998-12-03,0.06,-0.04,0.07,-0.05,2917,2360000.00,240.00,-180.00,-0.09,0.58
1998-12-04,-0.05,-0.15,-0.05,-0.15,7749,6003000.00,-250.00,-275.00,-0.11,1.53
1998-12-07,-0.10,-0.19,-0.08,-0.21,2942,2254000.00,-86.67,-26.67,-0.04,0.58
1998-12-08,-0.19,-0.14,-0.13,-0.19,2099,1606000.00,-31.58,26.32,0.05,0.41
1998-12-09,-0.11,-0.15,-0.11,-0.17,1195,917000.00,-42.86,-7.14,-0.01,0.24
1998-12-10,-0.15,-0.25,-0.14,-0.25,2858,2143000.00,-73.33,-66.67,-0.10,0.56
1998-12-11,-0.25,-0.22,-0.22,-0.29,2210,1630000.00,-28.00,12.00,0.03,0.44
1998-12-14,-0.22,-0.27,-0.20,-0.28,1259,933000.00,-36.36,-22.73,-0.05,0.25
1998-12-15,-0.29,-0.30,-0.28,-0.36,2206,1588000.00,-29.63,-11.11,-0.03,0.44
1998-12-16,-0.29,-0.35,-0.29,-0.35,1646,1185000.00,-20.00,-16.67,-0.05,0.32
1998-12-17,-0.36,-0.40,-0.36,-0.42,2609,1839000.00,-17.14,-14.29,-0.05,0.51
1998-12-18,-0.41,-0.50,-0.39,-0.50,2655,1831000.00,-27.50,-25.00,-0.10,0.52
1998-12-21,-0.52,-0.46,-0.44,-0.53,1820,1239000.00,-18.00,8.00,0.04,0.36
1998-12-22,-0.46,-0.35,-0.35,-0.46,2001,1407000.00,-23.91,23.91,0.11,0.39
1998-12-23,-0.35,-0.40,-0.35,-0.40,1786,1260000.00,-14.29,-14.29,-0.05,0.35
1998-12-24,-0.40,-0.46,-0.39,-0.47,2267,1566000.00,-20.00,-15.00,-0.06,0.45
1998-12-25,-0.44,-0.44,-0.40,-0.46,1846,1277000.00,-13.04,4.35,0.02,0.36
1998-12-28,-0.40,-0.43,-0.39,-0.44,1276,886000.00,-11.36,2.27,0.01,0.25
1998-12-29,-0.42,-0.48,-0.42,-0.50,1706,1163000.00,-18.60,-11.63,-0.05,0.34
1998-12-30,-0.45,-0.43,-0.34,-0.50,2145,1477000.00,-33.33,10.42,0.05,0.42
1998-12-31,-0.41,-0.42,-0.40,-0.46,1145,793000.00,-13.95,2.33,0.01,0.23