1998-01-05,1.30,1.38,1.40,1.27,4877,10793000.00,10.24,8.66,0.11,3.25
1998-01-06,1.38,1.38,1.41,1.35,3741,8322000.00,4.35,0.00,0.00,2.49
1998-01-07,1.37,1.37,1.37,1.34,2881,6343000.00,2.17,-0.72,-0.01,1.92
1998-01-08,1.37,1.39,1.44,1.34,1877,4204000.00,7.30,1.46,0.02,1.25
1998-01-09,1.36,1.36,1.40,1.34,3270,7214000.00,4.32,-2.16,-0.03,2.18
1998-01-12,1.34,1.37,1.47,1.34,4327,9874000.00,9.56,0.74,0.01,2.88
1998-01-13,1.33,1.24,1.33,1.17,7536,15527000.00,11.68,-9.49,-0.13,5.02
1998-01-14,1.24,1.29,1.32,1.23,3445,7264000.00,7.26,4.03,0.05,2.30
1998-01-15,1.29,1.34,1.39,1.29,2766,6005000.00,7.75,3.88,0.05,1.84
1998-01-16,1.32,1.35,1.37,1.32,1652,3625000.00,3.73,0.75,0.01,1.10
1998-01-19,1.36,1.39,1.42,1.36,1619,3621000.00,4.44,2.96,0.04,1.08
1998-01-20,1.37,1.33,1.40,1.31,1277,2796000.00,6.47,-4.32,-0.06,0.85
1998-01-21,1.35,1.29,1.36,1.29,1282,2746000.00,5.26,-3.01,-0.04,0.85
1998-01-22,1.27,1.31,1.32,1.27,1040,2217000.00,3.88,1.55,0.02,0.69
1998-01-23,1.30,1.33,1.36,1.30,1309,2824000.00,4.58,1.53,0.02,0.87
1998-02-09,1.38,1.35,1.38,1.34,1262,2778000.00,3.01,1.50,0.02,0.84
1998-02-10,1.35,1.40,1.45,1.35,6104,13895000.00,7.41,3.70,0.05,4.07
1998-02-11,1.41,1.46,1.49,1.39,6020,13884000.00,7.14,4.29,0.06,4.01
1998-02-12,1.48,1.53,1.57,1.46,6319,15056000.00,7.53,4.79,0.07,4.21
1998-02-13,1.53,1.54,1.58,1.47,4676,11217000.00,7.19,0.65,0.01,3.12
1998-02-16,1.52,1.47,1.52,1.45,2631,6114000.00,4.55,-4.55,-0.07,1.75
1998-02-17,1.45,1.41,1.45,1.37,3478,7814000.00,5.44,-4.08,-0.06,2.32
1998-02-18,1.39,1.48,1.48,1.32,3260,7373000.00,11.35,4.96,0.07,2.17
1998-02-19,1.58,1.54,1.59,1.50,17812,42998000.00,6.08,4.05,0.06,11.87
1998-02-20,1.58,1.57,1.62,1.53,11962,29338000.00,5.84,1.95,0.03,7.97
1998-02-23,1.56,1.53,1.56,1.50,6361,15193000.00,3.82,-2.55,-0.04,4.24
1998-02-24,1.52,1.47,1.53,1.46,4024,9448000.00,4.58,-3.92,-0.06,2.68
1998-02-25,1.46,1.47,1.53,1.45,3043,7127000.00,5.44,0.00,0.00,2.03
1998-02-26,1.47,1.49,1.51,1.46,2528,5911000.00,3.40,1.36,0.02,1.69
1998-02-27,1.49,1.48,1.50,1.43,2866,6670000.00,4.70,-0.67,-0.01,1.91
1998-03-02,1.44,1.39,1.45,1.37,3943,8916000.00,5.41,-6.08,-0.09,2.63
1998-03-03,1.38,1.41,1.44,1.38,4793,10773000.00,4.32,1.44,0.02,3.20
1998-03-04,1.44,1.43,1.44,1.40,5198,11791000.00,2.84,1.42,0.02,3.47
1998-03-05,1.45,1.43,1.46,1.41,4113,9421000.00,3.50,0.00,0.00,2.74
1998-03-06,1.44,1.41,1.44,1.39,2483,5608000.00,3.50,-1.40,-0.02,1.66
1998-03-09,1.39,1.39,1.41,1.38,2534,5677000.00,2.13,-1.42,-0.02,1.69
1998-03-10,1.38,1.39,1.41,1.35,2975,6609000.00,4.32,0.00,0.00,1.98
1998-03-11,1.40,1.37,1.42,1.37,3719,8334000.00,3.60,-1.44,-0.02,2.48
1998-03-12,1.37,1.37,1.38,1.36,1730,3822000.00,1.46,0.00,0.00,1.15
1998-03-13,1.37,1.43,1.43,1.37,2477,5625000.00,4.38,4.38,0.06,1.65
1998-03-16,1.45,1.44,1.45,1.42,3017,6903000.00,2.10,0.70,0.01,2.01
1998-03-17,1.45,1.45,1.47,1.44,4292,9892000.00,2.08,0.69,0.01,2.86
1998-03-18,1.46,1.41,1.46,1.40,2445,5583000.00,4.14,-2.76,-0.04,1.63
1998-03-19,1.41,1.42,1.44,1.41,1589,3618000.00,2.13,0.71,0.01,1.06
1998-03-20,1.49,1.43,1.49,1.42,1859,4245000.00,4.93,0.70,0.01,1.24
1998-03-24,1.45,1.42,1.47,1.39,2646,6034000.00,5.59,-0.70,-0.01,1.76
1998-03-25,1.45,1.40,1.45,1.38,3543,8010000.00,4.93,-1.41,-0.02,2.36
1998-03-26,1.38,1.37,1.40,1.37,1771,3941000.00,2.14,-2.14,-0.03,1.18
1998-03-27,1.37,1.39,1.40,1.36,2972,6616000.00,2.92,1.46,0.02,1.98
1998-03-30,1.41,1.48,1.53,1.38,11576,26743000.00,10.79,6.47,0.09,7.72
1998-03-31,1.48,1.48,1.53,1.47,5218,12314000.00,4.05,0.00,0.00,3.48
1998-04-01,1.53,1.64,1.65,1.53,11473,28163000.00,8.11,10.81,0.16,7.65
1998-04-02,1.67,1.64,1.80,1.62,17313,45151000.00,10.98,0.00,0.00,11.54
1998-04-03,1.63,1.60,1.64,1.58,8632,21343000.00,3.66,-2.44,-0.04,5.75
1998-04-06,1.61,1.57,1.62,1.53,12622,30713000.00,5.63,-1.88,-0.03,8.41
1998-04-07,1.57,1.52,1.60,1.48,11439,13680000.00,7.64,-3.18,-0.05,3.81
1998-04-08,1.52,1.63,1.63,1.51,17758,22061000.00,7.89,7.24,0.11,5.92
1998-04-09,1.64,1.59,1.69,1.57,18778,23651000.00,7.36,-2.45,-0.04,6.26
1998-04-10,1.57,1.61,1.66,1.55,10110,12634000.00,6.92,1.26,0.02,3.37
1998-04-13,1.62,1.72,1.75,1.62,26366,34238000.00,8.07,6.83,0.11,8.79
1998-04-14,1.72,1.76,1.81,1.64,28348,37844000.00,9.88,2.33,0.04,9.45
1998-04-15,1.76,1.99,1.99,1.76,32567,45241000.00,13.07,13.07,0.23,10.86
1998-04-16,2.00,1.93,2.24,1.89,68697,101868000.00,17.59,-3.02,-0.06,22.90
1998-04-17,1.89,1.82,1.92,1.80,21725,30076000.00,6.22,-5.70,-0.11,7.24
1998-04-20,1.80,1.77,1.80,1.71,10621,14103000.00,4.95,-2.75,-0.05,3.54
1998-04-21,1.78,1.81,1.86,1.77,6202,8438000.00,5.08,2.26,0.04,2.07
1998-04-22,1.85,1.80,1.85,1.77,7792,10503000.00,4.42,-0.55,-0.01,2.60
1998-04-23,1.82,1.84,1.84,1.78,8463,11469000.00,3.33,2.22,0.04,2.82
1998-04-24,1.86,1.89,1.97,1.85,16067,22943000.00,6.52,2.72,0.05,5.36
1998-04-27,1.89,1.94,1.96,1.89,7545,10746000.00,3.70,2.65,0.05,2.52
1998-04-28,1.95,2.04,2.05,1.95,16360,24196000.00,5.15,5.15,0.10,5.45
1998-04-29,2.06,2.00,2.09,1.97,9913,14556000.00,5.88,-1.96,-0.04,3.30
1998-04-30,2.00,1.96,2.03,1.93,8990,12981000.00,5.00,-2.00,-0.04,3.00
1998-05-04,1.96,1.93,1.99,1.90,7748,11048000.00,4.59,-1.53,-0.03,2.58
1998-05-05,1.94,1.96,1.97,1.92,6490,9254000.00,2.59,1.55,0.03,2.16
1998-05-06,1.94,1.88,1.94,1.86,7082,9971000.00,4.08,-4.08,-0.08,2.36
1998-05-07,1.88,1.89,1.94,1.83,9019,12532000.00,5.85,0.53,0.01,3.01
1998-05-08,1.87,1.89,1.92,1.85,6384,8932000.00,3.70,0.00,0.00,2.13
1998-05-11,1.89,1.83,1.90,1.83,6742,9282000.00,3.70,-3.17,-0.06,2.25
1998-05-12,1.83,1.84,1.85,1.81,4266,5835000.00,2.19,0.55,0.01,1.42
1998-05-13,1.84,1.85,1.89,1.82,3950,5460000.00,3.80,0.54,0.01,1.32
1998-05-14,1.85,1.81,1.85,1.78,8081,10927000.00,3.78,-2.16,-0.04,2.69
1998-05-15,1.82,1.82,1.84,1.81,3955,5392000.00,1.66,0.55,0.01,1.32
1998-05-18,1.82,1.79,1.82,1.78,4455,5999000.00,2.20,-1.65,-0.03,1.49
1998-05-19,1.80,1.87,1.88,1.78,3821,5217000.00,5.59,4.47,0.08,1.27
1998-05-20,1.88,1.82,1.88,1.81,2380,3276000.00,3.74,-2.67,-0.05,0.79
1998-05-21,1.83,1.81,1.83,1.78,2826,3809000.00,2.75,-0.55,-0.01,0.94
1998-05-22,1.82,1.80,1.85,1.79,3800,5159000.00,3.31,-0.55,-0.01,1.27
1998-05-25,1.80,1.77,1.83,1.76,6626,8857000.00,3.89,-1.67,-0.03,2.21
1998-05-26,1.77,1.79,1.83,1.75,4426,5916000.00,4.52,1.13,0.02,1.48
1998-05-27,1.81,1.80,1.81,1.78,3881,5231000.00,1.68,0.56,0.01,1.29
1998-05-28,1.81,1.85,1.89,1.81,8301,11492000.00,4.44,2.78,0.05,2.77
1998-05-29,1.86,1.95,1.97,1.86,18656,26674000.00,5.95,5.41,0.10,6.22
1998-06-01,2.03,2.13,2.18,2.03,50242,76854000.00,7.69,9.23,0.18,16.75
1998-06-02,2.13,2.07,2.15,2.04,15627,23518000.00,5.16,-2.82,-0.06,5.21
1998-06-03,2.06,2.03,2.07,2.02,8423,12529000.00,2.42,-1.93,-0.04,2.81
1998-06-04,2.03,1.96,2.03,1.95,7520,10918000.00,3.94,-3.45,-0.07,2.51
1998-06-05,1.97,2.02,2.04,1.96,7170,10472000.00,4.08,3.06,0.06,2.39
1998-06-08,2.04,2.04,2.11,2.04,6348,9525000.00,3.47,0.99,0.02,2.12
1998-06-09,2.02,1.94,2.02,1.91,7450,10759000.00,5.39,-4.90,-0.10,2.48
1998-06-10,1.94,1.96,1.99,1.93,4265,6142000.00,3.09,1.03,0.02,1.42
1998-06-11,1.95,1.94,1.98,1.94,2724,3908000.00,2.04,-1.02,-0.02,0.91
1998-06-12,2.02,1.97,2.02,1.95,3370,4890000.00,3.61,1.55,0.03,1.12
1998-06-15,1.97,1.92,1.97,1.92,3468,4951000.00,2.54,-2.54,-0.05,1.16
1998-06-16,1.92,1.88,1.92,1.82,3762,5209000.00,5.21,-2.08,-0.04,1.25
1998-06-17,1.89,1.86,1.90,1.85,1708,2380000.00,2.66,-1.06,-0.02,0.57
1998-06-18,1.87,1.90,1.92,1.87,1660,2333000.00,2.69,2.15,0.04,0.55
1998-06-19,1.92,1.98,1.99,1.92,4015,5791000.00,3.68,4.21,0.08,1.34
1998-06-22,1.98,2.01,2.03,1.97,4087,5971000.00,3.03,1.52,0.03,1.36
1998-06-23,2.01,2.04,2.04,1.97,5121,7491000.00,3.48,1.49,0.03,1.71
1998-06-24,2.04,2.14,2.16,2.04,23886,36606000.00,5.88,4.90,0.10,7.96
1998-06-25,2.15,2.05,2.18,2.03,12144,18551000.00,7.01,-4.21,-0.09,4.05
1998-06-26,2.04,2.02,2.05,1.99,5434,8015000.00,2.93,-1.46,-0.03,1.81
1998-06-29,2.01,1.95,2.01,1.95,4346,6275000.00,2.97,-3.47,-0.07,1.45
1998-06-30,1.95,1.97,1.99,1.94,2825,4079000.00,2.56,1.03,0.02,0.94
1998-07-01,2.02,1.92,2.04,1.92,2789,4043000.00,6.09,-2.54,-0.05,0.93
1998-07-02,1.90,1.90,1.96,1.85,3980,5615000.00,5.73,-1.04,-0.02,1.33
1998-07-03,1.94,1.92,1.99,1.92,2849,4100000.00,3.68,1.05,0.02,0.95
1998-07-06,1.92,1.88,1.92,1.88,2623,3688000.00,2.08,-2.08,-0.04,0.87
1998-07-07,1.88,1.92,1.94,1.86,1329,1867000.00,4.26,2.13,0.04,0.44
1998-07-08,1.94,1.92,1.95,1.90,1332,1897000.00,2.60,0.00,0.00,0.44
1998-07-09,1.90,1.92,1.95,1.86,3447,4849000.00,4.69,0.00,0.00,1.15
1998-07-10,1.92,1.97,1.98,1.90,4551,6554000.00,4.17,2.60,0.05,1.52
1998-07-13,1.99,2.02,2.04,1.96,4954,7313000.00,4.06,2.54,0.05,1.65
1998-07-14,2.02,1.92,2.05,1.92,2559,3688000.00,6.44,-4.95,-0.10,0.85
1998-07-15,1.92,1.95,1.97,1.92,1893,2715000.00,2.60,1.56,0.03,0.63
1998-07-16,1.95,1.95,1.99,1.93,2545,3661000.00,3.08,0.00,0.00,0.85
1998-07-17,1.71,1.70,1.80,1.70,10753,13995000.00,5.13,-12.82,-0.25,3.58
1998-07-20,1.67,1.53,1.67,1.47,22740,27204000.00,11.76,-10.00,-0.17,7.58
1998-07-21,1.51,1.48,1.52,1.43,10691,12432000.00,5.88,-3.27,-0.05,3.56
1998-07-22,1.47,1.51,1.57,1.47,7799,9318000.00,6.76,2.03,0.03,2.60
1998-07-23,1.50,1.52,1.55,1.49,4558,5425000.00,3.97,0.66,0.01,1.52
1998-07-24,1.53,1.53,1.54,1.50,4784,5709000.00,2.63,0.66,0.01,1.59
1998-07-27,1.53,1.49,1.53,1.47,3758,4425000.00,3.92,-2.61,-0.04,1.25
1998-07-28,1.49,1.51,1.52,1.47,2723,3187000.00,3.36,1.34,0.02,0.91
1998-07-29,1.52,1.50,1.52,1.49,1881,2227000.00,1.99,-0.66,-0.01,0.63
1998-07-30,1.51,1.48,1.51,1.48,1971,2312000.00,2.00,-1.33,-0.02,0.66
1998-07-31,1.50,1.48,1.51,1.48,1794,2105000.00,2.03,0.00,0.00,0.60
1998-08-03,1.46,1.45,1.50,1.44,2865,3322000.00,4.05,-2.03,-0.03,0.96
1998-08-04,1.43,1.41,1.43,1.38,3556,3988000.00,3.45,-2.76,-0.04,1.19
1998-08-05,1.41,1.44,1.46,1.40,1285,1460000.00,4.26,2.13,0.03,0.43
1998-08-06,1.46,1.42,1.46,1.41,1359,1547000.00,3.47,-1.39,-0.02,0.45
1998-08-07,1.41,1.38,1.41,1.37,2972,3309000.00,2.82,-2.82,-0.04,0.99
1998-08-10,1.37,1.29,1.37,1.22,3202,3403000.00,10.87,-6.52,-0.09,1.07
1998-08-11,1.26,1.23,1.29,1.23,1919,2003000.00,4.65,-4.65,-0.06,0.64
1998-08-12,1.23,1.25,1.27,1.17,3816,3864000.00,8.13,1.63,0.02,1.27
1998-08-13,1.26,1.23,1.26,1.21,2198,2257000.00,4.00,-1.60,-0.02,0.73
1998-08-14,1.22,1.18,1.22,1.18,2879,2888000.00,3.25,-4.07,-0.05,0.96
1998-08-17,1.16,1.01,1.16,1.01,4570,4214000.00,12.71,-14.41,-0.17,1.52
1998-08-18,0.97,0.95,1.03,0.93,3267,2901000.00,9.90,-5.94,-0.06,1.09
1998-08-19,0.97,1.07,1.07,0.97,3658,3360000.00,10.53,12.63,0.12,1.22
1998-08-20,1.07,1.17,1.18,1.06,6547,6393000.00,11.21,9.35,0.10,2.18
1998-08-21,1.17,1.20,1.21,1.14,4150,4115000.00,5.98,2.56,0.03,1.38
1998-08-24,1.18,1.18,1.23,1.16,3832,3844000.00,5.83,-1.67,-0.02,1.28
1998-08-25,1.15,1.16,1.16,1.14,2494,2447000.00,1.69,-1.69,-0.02,0.83
1998-08-26,1.17,1.17,1.22,1.16,2610,2615000.00,5.17,0.86,0.01,0.87
1998-08-27,1.16,1.14,1.16,1.13,1343,1315000.00,2.56,-2.56,-0.03,0.45
1998-08-28,1.13,1.10,1.14,1.10,1851,1780000.00,3.51,-3.51,-0.04,0.62
1998-08-31,1.08,1.15,1.15,1.01,2023,1874000.00,12.73,4.55,0.05,0.67
1998-09-01,1.12,1.16,1.19,1.09,2493,2447000.00,8.70,0.87,0.01,0.83
1998-09-02,1.16,1.20,1.26,1.16,5394,5489000.00,8.62,3.45,0.04,1.80
1998-09-03,1.19,1.20,1.22,1.18,2113,2133000.00,3.33,0.00,0.00,0.70
1998-09-04,1.21,1.23,1.23,1.21,3331,3405000.00,1.67,2.50,0.03,1.11
1998-09-07,1.23,1.26,1.26,1.22,3417,3526000.00,3.25,2.44,0.03,1.14
1998-09-08,1.26,1.26,1.30,1.25,4937,5201000.00,3.97,0.00,0.00,1.65
1998-09-09,1.25,1.29,1.29,1.24,3193,3345000.00,3.97,2.38,0.03,1.06
1998-09-10,1.30,1.33,1.36,1.27,6545,7089000.00,6.98,3.10,0.04,2.18
1998-09-11,1.33,1.33,1.36,1.31,4099,4478000.00,3.76,0.00,0.00,1.37
1998-09-14,1.32,1.39,1.39,1.30,5441,5996000.00,6.77,4.51,0.06,1.81
1998-09-15,1.38,1.41,1.45,1.37,5099,5802000.00,5.76,1.44,0.02,1.70
1998-09-16,1.39,1.40,1.41,1.36,3849,4286000.00,3.55,-0.71,-0.01,1.28
1998-09-17,1.39,1.34,1.42,1.33,5237,5823000.00,6.43,-4.29,-0.06,1.75
1998-09-18,1.32,1.27,1.32,1.27,4546,4812000.00,3.73,-5.22,-0.07,1.52
1998-09-21,1.25,1.32,1.32,1.23,2569,2693000.00,7.09,3.94,0.05,0.86
1998-09-22,1.32,1.29,1.32,1.27,1990,2111000.00,3.79,-2.27,-0.03,0.66
1998-09-23,1.24,1.31,1.32,1.24,1372,1469000.00,6.20,1.55,0.02,0.46
1998-09-24,1.32,1.32,1.42,1.31,4340,4763000.00,8.40,0.76,0.01,1.45
1998-09-25,1.29,1.34,1.35,1.29,2202,2389000.00,4.55,1.52,0.02,0.73
1998-09-28,1.35,1.41,1.44,1.35,8227,9283000.00,6.72,5.22,0.07,2.74
1998-09-29,1.42,1.39,1.43,1.39,2358,2649000.00,2.84,-1.42,-0.02,0.79
1998-09-30,1.38,1.39,1.41,1.37,2271,2533000.00,2.88,0.00,0.00,0.76
1998-10-05,1.40,1.39,1.42,1.38,2668,2992000.00,2.88,0.00,0.00,0.89
1998-10-06,1.38,1.33,1.40,1.33,2360,2585000.00,5.04,-4.32,-0.06,0.79
1998-10-07,1.32,1.34,1.35,1.32,1391,1510000.00,2.26,0.75,0.01,0.46
1998-10-08,1.34,1.35,1.36,1.31,1286,1394000.00,3.73,0.75,0.01,0.43
1998-10-09,1.34,1.37,1.41,1.34,2420,2677000.00,5.19,1.48,0.02,0.81
1998-10-12,1.38,1.48,1.48,1.32,8675,9904000.00,11.68,8.03,0.11,2.89
1998-10-13,1.49,1.42,1.50,1.42,5308,6144000.00,5.41,-4.05,-0.06,1.77
1998-10-14,1.42,1.42,1.44,1.39,2851,3223000.00,3.52,0.00,0.00,0.95
1998-10-15,1.42,1.47,1.48,1.40,4308,4957000.00,5.63,3.52,0.05,1.44
1998-10-16,1.48,1.43,1.49,1.43,3368,3898000.00,4.08,-2.72,-0.04,1.12
1998-10-19,1.43,1.43,1.45,1.42,2799,3193000.00,2.10,0.00,0.00,0.93
1998-10-20,1.45,1.46,1.47,1.42,3475,4003000.00,3.50,2.10,0.03,1.16
1998-10-21,1.44,1.38,1.49,1.37,3209,3640000.00,8.22,-5.48,-0.08,1.07
1998-10-22,1.36,1.37,1.37,1.33,3604,3956000.00,2.90,-0.72,-0.01,1.20
1998-10-23,1.37,1.37,1.40,1.36,2083,2315000.00,2.92,0.00,0.00,0.69
1998-10-26,1.37,1.32,1.37,1.30,3580,3853000.00,5.11,-3.65,-0.05,1.19
1998-10-27,1.31,1.35,1.35,1.30,1482,1599000.00,3.79,2.27,0.03,0.49
1998-10-28,1.39,1.37,1.39,1.34,1272,1402000.00,3.70,1.48,0.02,0.42
1998-10-29,1.37,1.35,1.38,1.34,1513,1665000.00,2.92,-1.46,-0.02,0.50
1998-10-30,1.35,1.40,1.43,1.35,3389,3811000.00,5.93,3.70,0.05,1.13
1998-11-02,1.39,1.45,1.45,1.39,3249,3706000.00,4.29,3.57,0.05,1.08
1998-11-03,1.45,1.50,1.52,1.44,11802,13870000.00,5.52,3.45,0.05,3.93
1998-11-04,1.50,1.51,1.52,1.47,6056,7139000.00,3.33,0.67,0.01,2.02
1998-11-05,1.51,1.52,1.53,1.48,6437,7629000.00,3.31,0.66,0.01,2.15
1998-11-06,1.53,1.52,1.56,1.52,9703,11656000.00,2.63,0.00,0.00,3.23
1998-11-09,1.54,1.62,1.65,1.53,14242,17722000.00,7.89,6.58,0.10,4.75
1998-11-10,1.62,1.60,1.62,1.59,5112,6316000.00,1.85,-1.23,-0.02,1.70
1998-11-11,1.60,1.60,1.64,1.60,5201,6455000.00,2.50,0.00,0.00,1.73
1998-11-12,1.60,1.55,1.60,1.55,4771,5808000.00,3.13,-3.13,-0.05,1.59
1998-11-13,1.55,1.53,1.56,1.51,3540,4242000.00,3.23,-1.29,-0.02,1.18
1998-11-16,1.55,1.67,1.67,1.55,5933,7352000.00,7.84,9.15,0.14,1.98
1998-11-17,1.67,1.74,1.80,1.61,8985,11515000.00,11.38,4.19,0.07,3.00
1998-11-18,1.71,1.69,1.71,1.66,6366,8181000.00,2.87,-2.87,-0.05,2.12
1998-11-19,1.67,1.64,1.67,1.63,1925,2434000.00,2.37,-2.96,-0.05,0.64
1998-11-20,1.61,1.61,1.66,1.61,2727,3407000.00,3.05,-1.83,-0.03,0.91
1998-11-23,1.64,1.60,1.64,1.58,2229,2752000.00,3.73,-0.62,-0.01,0.74
1998-11-24,1.60,1.59,1.63,1.59,1384,1717000.00,2.50,-0.63,-0.01,0.46
1998-11-25,1.60,1.58,1.60,1.57,1574,1934000.00,1.89,-0.63,-0.01,0.52
1998-11-26,1.58,1.55,1.58,1.55,1822,2220000.00,1.90,-1.90,-0.03,0.61
1998-11-27,1.55,1.52,1.55,1.51,2168,2608000.00,2.58,-1.94,-0.03,0.72
1998-11-30,1.51,1.55,1.55,1.46,2143,2536000.00,5.92,1.97,0.03,0.71
1998-12-01,1.55,1.51,1.55,1.51,1201,1435000.00,2.58,-2.58,-0.04,0.40
1998-12-02,1.72,1.56,1.72,1.53,4831,5965000.00,12.58,3.31,0.05,1.61
1998-12-03,1.67,1.58,1.67,1.55,2455,3020000.00,7.69,1.28,0.02,0.82
1998-12-04,1.58,1.51,1.58,1.51,1695,2023000.00,4.43,-4.43,-0.07,0.57
1998-12-07,1.53,1.45,1.57,1.45,2844,3325000.00,7.95,-3.97,-0.06,0.95
1998-12-08,1.45,1.46,1.50,1.43,1155,1329000.00,4.83,0.69,0.01,0.39
1998-12-09,1.46,1.48,1.48,1.46,573,667000.00,1.37,1.37,0.02,0.19
1998-12-10,1.46,1.47,1.49,1.46,557,649000.00,2.03,-0.68,-0.01,0.19
1998-12-11,1.47,1.49,1.49,1.44,763,883000.00,3.40,1.36,0.02,0.25
1998-12-14,1.49,1.45,1.49,1.45,469,545000.00,2.68,-2.68,-0.04,0.16
1998-12-15,1.45,1.43,1.45,1.41,1287,1463000.00,2.76,-1.38,-0.02,0.43
1998-12-16,1.45,1.43,1.45,1.43,644,738000.00,1.40,0.00,0.00,0.21
1998-12-17,1.43,1.37,1.43,1.37,1138,1280000.00,4.20,-4.20,-0.06,0.38
1998-12-18,1.37,1.33,1.37,1.33,1147,1254000.00,2.92,-2.92,-0.04,0.38
1998-12-21,1.32,1.30,1.32,1.29,681,729000.00,2.26,-2.26,-0.03,0.23
1998-12-22,1.30,1.39,1.39,1.30,2570,2809000.00,6.92,6.92,0.09,0.86
1998-12-23,1.39,1.37,1.40,1.36,1001,1111000.00,2.88,-1.44,-0.02,0.33
1998-12-24,1.36,1.37,1.38,1.34,641,705000.00,2.92,0.00,0.00,0.21
1998-12-25,1.40,1.36,1.40,1.36,635,703000.00,2.92,-0.73,-0.01,0.21
1998-12-28,1.36,1.36,1.39,1.36,603,666000.00,2.21,0.00,0.00,0.20
1998-12-29,1.30,1.33,1.39,1.30,418,453000.00,6.62,-2.21,-0.03,0.14
1998-12-30,1.34,1.33,1.36,1.30,828,897000.00,4.51,0.00,0.00,0.28
1998-12-31,1.36,1.34,1.36,1.33,314,344000.00,2.26,0.75,0.01,0.10