2023-01-03,9.40,9.59,9.63,9.33,8453,8045839.00,3.19,2.02,0.19,0.50
2023-01-04,9.55,9.68,9.73,9.52,8362,8070125.00,2.19,0.94,0.09,0.49
2023-01-05,9.68,9.69,9.70,9.55,5842,5636288.00,1.55,0.10,0.01,0.35
2023-01-06,9.69,9.65,9.78,9.61,4328,4194512.00,1.75,-0.41,-0.04,0.26
2023-01-09,9.69,9.65,9.75,9.58,9720,9389897.00,1.76,0.00,0.00,0.58
2023-01-10,9.65,9.65,9.71,9.56,9799,9445851.00,1.55,0.00,0.00,0.58
2023-01-11,9.66,9.50,9.70,9.48,7662,7349578.00,2.28,-1.55,-0.15,0.45
2023-01-12,9.55,9.45,9.59,9.43,6792,6445794.00,1.68,-0.53,-0.05,0.40
2023-01-13,9.48,9.39,9.50,9.35,4678,4404437.00,1.59,-0.63,-0.06,0.28
2023-01-16,9.44,9.63,9.63,9.44,7254,6931886.00,2.02,2.56,0.24,0.43
2023-01-17,9.57,9.66,9.75,9.57,7490,7234925.00,1.87,0.31,0.03,0.44
2023-01-18,9.66,9.85,9.92,9.64,13304,13077265.00,2.90,1.97,0.19,0.79
2023-01-19,9.84,10.00,10.04,9.75,13340,13256987.00,2.94,1.52,0.15,0.79
2023-01-20,9.94,9.99,10.05,9.91,7953,7950624.00,1.40,-0.10,-0.01,0.47
2023-01-30,10.04,10.07,10.16,9.99,6841,6884114.00,1.70,0.80,0.08,0.40
2023-01-31,10.04,10.22,10.36,10.00,17186,17537799.00,3.57,1.49,0.15,1.02
2023-02-01,10.25,10.41,10.44,10.15,14734,15237264.00,2.84,1.86,0.19,0.87
2023-02-02,10.40,10.52,10.58,10.32,12617,13270923.00,2.50,1.06,0.11,0.75
2023-02-03,10.51,10.57,10.65,10.47,9870,10421549.00,1.71,0.48,0.05,0.58
2023-02-06,10.59,10.66,10.75,10.59,11640,12423951.00,1.51,0.85,0.09,0.69
2023-02-07,10.69,10.64,10.70,10.51,8674,9202108.00,1.78,-0.19,-0.02,0.51
2023-02-08,10.64,10.69,10.80,10.61,9194,9832253.00,1.79,0.47,0.05,0.54
2023-02-09,10.74,10.65,10.74,10.57,7351,7813725.00,1.59,-0.37,-0.04,0.43
2023-02-10,10.64,11.20,11.30,10.60,58995,64464392.00,6.57,5.16,0.55,3.49
2023-02-13,11.06,11.03,11.06,10.78,33331,36240571.00,2.50,-1.52,-0.17,1.97
2023-02-14,10.89,10.84,10.90,10.73,17543,18949027.00,1.54,-1.72,-0.19,1.04
2023-02-15,10.81,10.91,11.14,10.74,28149,30809240.00,3.69,0.65,0.07,1.67
2023-02-16,10.98,10.68,11.11,10.68,20773,22570406.00,3.94,-2.11,-0.23,1.23
2023-02-17,10.70,10.82,10.83,10.63,15817,16958581.00,1.87,1.31,0.14,0.94
2023-02-20,10.80,10.78,10.84,10.55,11541,12386333.00,2.68,-0.37,-0.04,0.68
2023-02-21,10.71,10.82,10.86,10.71,7688,8309455.00,1.39,0.37,0.04,0.45
2023-02-22,10.82,10.79,10.84,10.69,5248,5653917.00,1.39,-0.28,-0.03,0.31
2023-02-23,10.78,10.73,10.84,10.70,7061,7590932.00,1.30,-0.56,-0.06,0.42
2023-02-24,10.75,10.71,10.89,10.69,7179,7733718.00,1.86,-0.19,-0.02,0.42
2023-02-27,10.73,10.68,10.87,10.61,23744,25594080.00,2.43,-0.28,-0.03,1.40
2023-02-28,10.73,10.91,10.94,10.73,15124,16417189.00,1.97,2.15,0.23,0.89
2023-03-01,10.91,10.99,11.05,10.86,13683,14973280.00,1.74,0.73,0.08,0.81
2023-03-02,10.99,11.21,11.38,10.97,24806,27763200.00,3.73,2.00,0.22,1.47
2023-03-03,11.29,11.39,11.65,11.29,38796,44414394.00,3.21,1.61,0.18,2.30
2023-03-06,11.40,11.79,12.16,11.22,53568,63303316.00,8.25,3.51,0.40,3.17
2023-03-07,11.74,11.52,11.87,11.45,16151,18761369.00,3.56,-2.29,-0.27,0.96
2023-03-08,11.50,11.62,11.62,11.32,13810,15842174.00,2.60,0.87,0.10,0.82
2023-03-09,11.56,11.72,11.72,11.38,12728,14719745.00,2.93,0.86,0.10,0.75
2023-03-10,11.62,11.59,11.83,11.48,8299,9612071.00,2.99,-1.11,-0.13,0.49
2023-03-13,11.65,11.80,11.84,11.48,15350,17964910.00,3.11,1.81,0.21,0.91
2023-03-14,11.80,11.73,11.96,11.65,17188,20254521.00,2.63,-0.59,-0.07,1.02
2023-03-15,11.71,11.86,11.93,11.71,11594,13715589.00,1.88,1.11,0.13,0.69
2023-03-16,11.85,11.69,11.93,11.59,13041,15344135.00,2.87,-1.43,-0.17,0.77
2023-03-17,11.69,11.34,11.84,11.13,25172,28585474.00,6.07,-2.99,-0.35,1.49
2023-03-20,11.34,11.13,11.36,10.63,25392,27831890.00,6.44,-1.85,-0.21,1.50
2023-03-21,11.21,11.34,11.47,11.06,17397,19668430.00,3.68,1.89,0.21,1.03
2023-03-22,11.48,11.29,11.56,11.20,8221,9326010.00,3.17,-0.44,-0.05,0.49
2023-03-23,11.29,11.33,11.58,11.29,13712,15638001.00,2.57,0.35,0.04,0.81
2023-03-24,11.45,11.42,11.53,11.32,11218,12805212.00,1.85,0.79,0.09,0.66
2023-03-27,11.44,11.49,11.78,11.39,19290,22363532.00,3.42,0.61,0.07,1.14
2023-03-28,11.64,11.08,11.64,11.08,18812,21299384.00,4.87,-3.57,-0.41,1.11
2023-03-29,11.16,10.79,11.26,10.76,14951,16328509.00,4.51,-2.62,-0.29,0.88
2023-03-30,10.78,10.73,11.05,10.67,14251,15437044.00,3.52,-0.56,-0.06,0.84
2023-03-31,10.98,10.91,11.12,10.74,12165,13294212.00,3.54,1.68,0.18,0.72
2023-04-03,11.15,11.46,11.55,11.10,30055,34124816.00,4.12,5.04,0.55,1.78
2023-04-04,11.46,11.48,11.66,11.25,20366,23267255.00,3.58,0.17,0.02,1.21
2023-04-06,11.45,11.40,11.52,11.18,25946,29571223.00,2.96,-0.70,-0.08,1.54
2023-04-07,11.45,11.66,11.75,11.30,21985,25468769.00,3.95,2.28,0.26,1.30
2023-04-10,11.66,11.15,11.74,11.13,17361,19632938.00,5.23,-4.37,-0.51,1.03
2023-04-11,11.20,10.92,11.23,10.83,14021,15427730.00,3.59,-2.06,-0.23,0.83
2023-04-12,11.00,11.65,11.85,10.87,35294,40083558.00,8.97,6.68,0.73,2.09
2023-04-13,11.68,11.38,11.68,11.18,28423,32280529.00,4.29,-2.32,-0.27,1.68
2023-04-14,11.40,11.17,11.60,11.12,11188,12649403.00,4.22,-1.85,-0.21,0.66
2023-04-17,11.16,11.18,11.40,11.00,12688,14254026.00,3.58,0.09,0.01,0.75
2023-04-18,11.15,11.10,11.22,10.93,14704,16258452.00,2.59,-0.72,-0.08,0.87
2023-04-19,10.87,11.16,11.45,10.87,21030,23590800.00,5.23,0.54,0.06,1.24
2023-04-20,11.20,11.25,11.39,11.05,14819,16577044.00,3.05,0.81,0.09,0.88
2023-04-21,11.20,10.84,11.30,10.73,13095,14423580.00,5.07,-3.64,-0.41,0.77
2023-04-24,10.84,10.89,11.00,10.64,24202,26104054.00,3.32,0.46,0.05,1.43
2023-04-25,10.80,10.83,11.23,10.64,26698,29189739.00,5.42,-0.55,-0.06,1.58
2023-04-26,10.79,10.62,10.80,10.30,23977,25150063.00,4.62,-1.94,-0.21,1.42
2023-04-27,10.48,10.68,10.70,10.20,32208,33708214.00,4.71,0.56,0.06,1.91
2023-04-28,10.58,11.03,11.19,10.58,60163,65174817.00,5.71,3.28,0.35,3.56
2023-05-04,11.13,11.03,11.42,10.71,32895,36384767.00,6.44,0.00,0.00,1.95
2023-05-05,10.99,10.96,11.00,10.86,14981,16365874.00,1.27,-0.63,-0.07,0.89
2023-05-10,11.99,12.06,12.06,11.05,120785,142997059.00,9.22,10.04,1.10,7.15
2023-05-11,12.09,12.12,12.44,11.82,111746,135861831.00,5.14,0.50,0.06,6.61
2023-05-12,11.96,11.44,12.22,11.34,59374,69658392.00,7.26,-5.61,-0.68,3.51
2023-05-15,11.43,11.22,11.43,10.91,46461,51896978.00,4.55,-1.92,-0.22,2.75
2023-05-16,11.22,10.57,11.30,10.50,35734,38659654.00,7.13,-5.79,-0.65,2.11
2023-05-17,10.44,11.63,11.63,10.36,30882,34240243.00,12.02,10.03,1.06,1.83
2023-05-18,12.14,12.79,12.79,11.86,145476,180462663.00,8.00,9.97,1.16,8.61
2023-05-19,12.80,12.50,13.00,12.47,108786,137814466.00,4.14,-2.27,-0.29,6.44
2023-05-22,12.65,12.64,12.76,12.33,73244,92004936.00,3.44,1.12,0.14,4.33
2023-05-23,12.64,13.55,13.90,12.60,122369,162161131.00,10.28,7.20,0.91,7.24
2023-05-24,12.95,13.60,14.39,12.90,140907,193578849.00,11.00,0.37,0.05,8.34
2023-05-25,13.22,13.30,13.55,12.80,83429,110029508.00,5.51,-2.21,-0.30,4.94
2023-05-26,13.13,13.32,13.46,12.93,52648,69479246.00,3.98,0.15,0.02,3.12
2023-05-29,13.33,13.12,13.40,13.02,34294,44987575.00,2.85,-1.50,-0.20,2.03
2023-05-30,13.08,13.21,13.53,13.01,35261,46519867.00,3.96,0.69,0.09,2.09
2023-05-31,13.19,13.28,13.52,13.10,25886,34301890.00,3.18,0.53,0.07,1.53
2023-06-01,13.48,13.30,13.48,13.10,26006,34633461.00,2.86,0.15,0.02,1.54
2023-06-02,13.41,13.75,13.75,13.28,43937,59753477.00,3.53,3.38,0.45,2.60
2023-06-05,13.76,13.74,13.98,13.61,31219,42947578.00,2.69,-0.07,-0.01,1.85
2023-06-06,13.65,13.90,14.09,13.54,29048,40224385.00,4.00,1.16,0.16,1.72
2023-06-07,13.99,14.55,14.55,13.75,51974,73732202.00,5.76,4.68,0.65,3.08
2023-06-08,14.56,14.46,14.66,14.13,37083,53438671.00,3.64,-0.62,-0.09,2.19
2023-06-09,14.16,15.91,15.91,14.04,57784,88120923.00,12.93,10.03,1.45,3.42
2023-06-12,16.30,17.08,17.50,15.29,107299,176738048.00,13.89,7.35,1.17,6.35
2023-06-13,16.55,16.42,16.73,16.00,74681,122058553.00,4.27,-3.86,-0.66,4.42
2023-06-14,16.34,16.48,17.20,16.04,63949,106865962.00,7.06,0.37,0.06,3.78
2023-06-15,16.30,15.93,16.49,15.77,58603,93925243.00,4.37,-3.34,-0.55,3.47
2023-06-16,15.80,15.45,16.00,15.31,48823,76088350.00,4.33,-3.01,-0.48,2.89
2023-06-19,15.53,15.83,15.88,15.00,40882,63795289.00,5.70,2.46,0.38,2.42
2023-06-20,15.83,15.68,16.01,15.54,25135,39666875.00,2.97,-0.95,-0.15,1.49
2023-06-21,15.85,15.18,15.92,15.11,21515,33091705.00,5.17,-3.19,-0.50,1.27
2023-06-26,15.24,15.20,15.48,15.00,22417,34109505.00,3.16,0.13,0.02,1.33
2023-06-27,15.26,15.44,15.84,15.10,29641,45995296.00,4.87,1.58,0.24,1.75
2023-06-28,15.50,15.82,15.93,14.99,39138,60940249.00,6.09,2.46,0.38,2.32
2023-06-29,15.68,15.49,16.32,15.33,44707,70127617.00,6.26,-2.09,-0.33,2.65
2023-06-30,15.49,15.10,15.64,15.05,29122,44589729.00,3.81,-2.52,-0.39,1.72
2023-07-03,15.41,15.34,15.50,15.03,24805,38055397.00,3.11,1.59,0.24,1.47
2023-07-04,15.25,15.16,15.27,14.73,23420,35174163.00,3.52,-1.17,-0.18,1.39
2023-07-05,15.10,14.87,15.15,14.86,14290,21375824.00,1.91,-1.91,-0.29,0.85
2023-07-06,14.91,14.84,15.10,14.78,15839,23651080.00,2.15,-0.20,-0.03,0.94
2023-07-07,14.83,14.77,14.93,14.50,15187,22325185.00,2.90,-0.47,-0.07,0.90
2023-07-10,14.77,14.56,14.89,14.34,13908,20219460.00,3.72,-1.42,-0.21,0.82
2023-07-11,14.69,14.71,14.75,14.41,7295,10696992.00,2.34,1.03,0.15,0.43
2023-07-12,14.85,14.57,14.85,14.38,16225,23565342.00,3.20,-0.95,-0.14,0.96
2023-07-13,14.50,14.97,15.05,14.50,12689,18912164.00,3.77,2.75,0.40,0.75
2023-07-14,15.12,14.97,15.12,14.79,8185,12215494.00,2.20,0.00,0.00,0.48
2023-07-17,15.04,14.89,15.04,14.62,7774,11476898.00,2.81,-0.53,-0.08,0.46
2023-07-18,15.00,14.96,15.27,14.81,10686,16115736.00,3.09,0.47,0.07,0.63
2023-07-19,15.04,14.82,15.34,14.80,13228,19937494.00,3.61,-0.94,-0.14,0.78
2023-07-20,14.92,14.70,14.92,14.62,9137,13445278.00,2.02,-0.81,-0.12,0.54
2023-07-21,14.68,14.61,14.71,14.47,10058,14656899.00,1.63,-0.61,-0.09,0.60
2023-07-24,14.62,14.61,14.76,14.44,10193,14878358.00,2.19,0.00,0.00,0.60
2023-07-25,14.55,14.86,14.98,14.55,10522,15558408.00,2.94,1.71,0.25,0.62
2023-07-26,14.98,14.24,14.98,14.24,11960,17221033.00,4.98,-4.17,-0.62,0.71
2023-07-27,14.24,14.21,14.42,14.00,11698,16602939.00,2.95,-0.21,-0.03,0.69
2023-07-28,14.14,14.18,14.58,14.10,10607,15146099.00,3.38,-0.21,-0.03,0.63
2023-07-31,14.26,14.31,14.66,14.25,10576,15262070.00,2.89,0.92,0.13,0.63
2023-08-01,14.49,15.74,15.74,14.31,53300,82048292.00,9.99,9.99,1.43,3.15
2023-08-02,15.78,15.68,15.95,15.50,45318,71309082.00,2.86,-0.38,-0.06,2.68
2023-08-03,15.64,15.22,15.64,15.03,27885,42517754.00,3.89,-2.93,-0.46,1.65
2023-08-04,15.35,15.48,15.70,15.15,28956,44750522.00,3.61,1.71,0.26,1.71
2023-08-07,15.50,15.31,15.55,15.15,17679,27004382.00,2.58,-1.10,-0.17,1.05
2023-08-08,15.34,15.39,15.64,15.22,16566,25579489.00,2.74,0.52,0.08,0.98
2023-08-09,15.49,15.22,15.58,15.11,10439,15876624.00,3.05,-1.10,-0.17,0.62
2023-08-10,15.22,15.27,15.42,15.13,8304,12689924.00,1.91,0.33,0.05,0.49
2023-08-11,15.27,15.18,15.40,15.11,9808,14984571.00,1.90,-0.59,-0.09,0.58
2023-08-14,15.18,16.20,16.57,15.12,53756,85903389.00,9.55,6.72,1.02,3.18
2023-08-15,15.90,15.42,16.00,15.36,32774,51312098.00,3.95,-4.81,-0.78,1.94
2023-08-16,15.32,14.90,15.53,14.87,19317,29294144.00,4.28,-3.37,-0.52,1.14
2023-08-17,14.82,15.62,15.66,14.66,21004,32122673.00,6.71,4.83,0.72,1.24
2023-08-18,15.56,15.33,15.76,15.32,11994,18618247.00,2.82,-1.86,-0.29,0.71
2023-08-21,15.30,15.20,15.62,15.16,9150,14015795.00,3.00,-0.85,-0.13,0.54
2023-08-22,15.30,15.24,15.30,14.88,9598,14470354.00,2.76,0.26,0.04,0.57
2023-08-23,15.24,14.85,15.26,14.70,10434,15515076.00,3.67,-2.56,-0.39,0.62
2023-08-24,14.47,14.79,15.19,14.47,5885,8694348.00,4.85,-0.40,-0.06,0.35
2023-08-25,14.67,14.28,14.76,14.15,8836,12724482.00,4.12,-3.45,-0.51,0.52
2023-08-28,14.97,13.92,15.00,13.92,13490,19192777.00,7.56,-2.52,-0.36,0.80
2023-08-29,13.88,14.44,14.60,13.88,20949,30085154.00,5.17,3.74,0.52,1.24
2023-08-30,14.40,14.66,15.16,14.40,13638,20074543.00,5.26,1.52,0.22,0.81
2023-08-31,14.52,14.67,15.01,14.52,9532,14076692.00,3.34,0.07,0.01,0.56
2023-09-01,14.72,14.86,14.99,14.65,7895,11683115.00,2.32,1.30,0.19,0.47
2023-09-04,14.78,15.46,15.66,14.78,16507,25215748.00,5.92,4.04,0.60,0.98
2023-09-05,15.41,15.57,15.98,15.39,18803,29420276.00,3.82,0.71,0.11,1.11
2023-09-06,15.76,15.43,15.84,15.33,9482,14650333.00,3.28,-0.90,-0.14,0.56
2023-09-07,15.48,15.30,15.60,15.22,8099,12443839.00,2.46,-0.84,-0.13,0.48
2023-09-08,15.11,15.31,15.40,15.11,6697,10250929.00,1.90,0.07,0.01,0.40
2023-09-11,15.31,15.54,15.65,15.22,14902,23134401.00,2.81,1.50,0.23,0.88
2023-09-12,15.69,15.38,15.69,15.35,6680,10294233.00,2.19,-1.03,-0.16,0.40
2023-09-13,15.38,15.23,15.49,15.14,7880,12044859.00,2.28,-0.98,-0.15,0.47
2023-09-14,15.35,15.10,15.35,15.05,5133,7774715.00,1.97,-0.85,-0.13,0.30
2023-09-15,15.15,15.22,15.31,15.05,6170,9371361.00,1.72,0.79,0.12,0.37
2023-09-18,15.17,15.34,15.55,15.05,8323,12721953.00,3.29,0.79,0.12,0.49
2023-09-19,15.41,15.11,15.45,15.06,5922,8995027.00,2.54,-1.50,-0.23,0.35
2023-09-20,15.08,15.02,15.25,14.92,4202,6345854.00,2.18,-0.60,-0.09,0.25
2023-09-21,15.01,15.02,15.17,14.91,4552,6837111.00,1.73,0.00,0.00,0.27
2023-09-22,14.92,15.30,15.43,14.92,9441,14368041.00,3.40,1.86,0.28,0.56
2023-09-25,15.37,14.75,15.37,14.70,8069,12075518.00,4.38,-3.59,-0.55,0.48
2023-09-26,14.74,14.47,14.82,14.38,17101,24963806.00,2.98,-1.90,-0.28,1.01
2023-09-27,14.53,14.34,14.74,14.30,13742,19903797.00,3.04,-0.90,-0.13,0.81
2023-09-28,14.39,14.66,14.85,14.39,13866,20256523.00,3.21,2.23,0.32,0.82
2023-10-09,14.74,14.89,15.12,14.71,17929,26620355.00,2.80,1.57,0.23,1.06
2023-10-10,14.95,15.09,15.25,14.70,28496,42754322.00,3.69,1.34,0.20,1.69
2023-10-11,15.09,15.08,15.14,14.86,14612,21911725.00,1.86,-0.07,-0.01,0.86
2023-10-12,15.14,15.18,15.30,14.94,16273,24573383.00,2.39,0.66,0.10,0.96
2023-10-13,15.10,14.90,15.13,14.86,9641,14409151.00,1.78,-1.84,-0.28,0.57
2023-10-16,14.96,15.01,15.14,14.81,8898,13335471.00,2.21,0.74,0.11,0.53
2023-10-17,15.01,14.96,15.06,14.77,8320,12378411.00,1.93,-0.33,-0.05,0.49
2023-10-18,14.99,14.69,15.04,14.68,7033,10375911.00,2.41,-1.80,-0.27,0.42
2023-10-19,14.69,14.71,14.98,14.61,5038,7441481.00,2.52,0.14,0.02,0.30
2023-10-20,14.71,14.57,14.88,14.46,6651,9737446.00,2.86,-0.95,-0.14,0.39
2023-10-23,14.31,14.07,14.56,13.98,9719,13812280.00,3.98,-3.43,-0.50,0.58
2023-10-24,14.12,14.60,14.61,14.07,7601,10940653.00,3.84,3.77,0.53,0.45
2023-10-25,14.66,14.70,14.80,14.54,4529,6648371.00,1.78,0.68,0.10,0.27
2023-10-26,14.67,14.74,14.85,14.55,6894,10136651.00,2.04,0.27,0.04,0.41
2023-10-27,14.47,14.76,14.81,14.36,9974,14632525.00,3.05,0.14,0.02,0.59
2023-10-30,14.73,14.64,14.88,14.51,8370,12251153.00,2.51,-0.81,-0.12,0.50
2023-10-31,14.71,14.86,14.99,14.65,11370,16812443.00,2.32,1.50,0.22,0.67
2023-11-01,14.92,14.91,15.05,14.32,12067,17938976.00,4.91,0.34,0.05,0.71
2023-11-02,14.87,14.71,15.04,14.69,8853,13106408.00,2.35,-1.34,-0.20,0.52
2023-11-03,14.70,14.94,15.23,14.66,11710,17592337.00,3.87,1.56,0.23,0.69
2023-11-06,15.10,15.09,15.10,14.79,11266,16861693.00,2.07,1.00,0.15,0.67
2023-11-07,15.09,15.11,15.14,14.90,7590,11413543.00,1.59,0.13,0.02,0.45
2023-11-08,15.12,15.14,15.28,14.99,9453,14308112.00,1.92,0.20,0.03,0.56
2023-11-09,15.14,15.03,15.21,14.92,8052,12119797.00,1.92,-0.73,-0.11,0.48
2023-11-10,15.04,15.13,15.20,14.89,7320,11066194.00,2.06,0.67,0.10,0.43
2023-11-13,15.13,15.24,15.27,15.02,9696,14743161.00,1.65,0.73,0.11,0.57
2023-11-14,15.24,15.32,15.38,15.18,11289,17258429.00,1.31,0.52,0.08,0.67
2023-11-15,15.39,15.21,15.41,15.17,8544,13022849.00,1.57,-0.72,-0.11,0.51
2023-11-16,15.21,15.06,15.26,15.06,6291,9534263.00,1.31,-0.99,-0.15,0.37
2023-11-17,15.12,15.15,15.20,14.95,6920,10455660.00,1.66,0.60,0.09,0.41
2023-11-20,15.10,15.23,15.38,15.09,12084,18363780.00,1.91,0.53,0.08,0.72
2023-11-21,15.14,15.01,15.21,15.01,8900,13422839.00,1.31,-1.44,-0.22,0.53
2023-11-22,15.01,14.82,15.13,14.81,6562,9794468.00,2.13,-1.27,-0.19,0.39
2023-11-23,14.85,15.16,15.35,14.85,13628,20635536.00,3.37,2.29,0.34,0.81
2023-11-24,15.17,14.92,15.17,14.87,9405,14055022.00,1.98,-1.58,-0.24,0.56
2023-11-27,14.93,14.96,15.07,14.76,8253,12323222.00,2.08,0.27,0.04,0.49
2023-11-28,15.15,15.38,15.39,14.91,13745,20938767.00,3.21,2.81,0.42,0.81
2023-11-29,15.39,15.62,15.90,15.39,15930,24880817.00,3.32,1.56,0.24,0.94
2023-11-30,15.58,15.11,15.61,14.98,11247,17065371.00,4.03,-3.27,-0.51,0.67
2023-12-01,15.11,15.12,15.23,14.81,10093,15179470.00,2.78,0.07,0.01,0.60
2023-12-04,15.12,15.33,15.41,15.01,11635,17778511.00,2.65,1.39,0.21,0.69
2023-12-05,15.30,15.04,15.34,15.01,5730,8637432.00,2.15,-1.89,-0.29,0.34
2023-12-06,15.04,15.25,15.30,15.02,7621,11572360.00,1.86,1.40,0.21,0.45
2023-12-07,15.25,15.09,15.25,15.01,7168,10806672.00,1.57,-1.05,-0.16,0.42
2023-12-08,15.02,14.84,15.22,14.82,9300,13917144.00,2.65,-1.66,-0.25,0.55
2023-12-11,14.93,15.07,15.10,14.78,8901,13318372.00,2.16,1.55,0.23,0.53
2023-12-12,15.15,15.01,15.18,14.87,7454,11151460.00,2.06,-0.40,-0.06,0.44
2023-12-13,15.05,14.94,15.13,14.83,5428,8146252.00,2.00,-0.47,-0.07,0.32
2023-12-14,14.94,15.03,15.17,14.91,5025,7553880.00,1.74,0.60,0.09,0.30
2023-12-15,15.06,14.93,15.07,14.86,5949,8882025.00,1.40,-0.67,-0.10,0.35
2023-12-18,15.02,14.91,15.02,14.67,7878,11715370.00,2.34,-0.13,-0.02,0.47
2023-12-19,14.89,15.02,15.13,14.81,8211,12298741.00,2.15,0.74,0.11,0.49
2023-12-20,15.02,15.00,15.39,14.96,10734,16321868.00,2.86,-0.13,-0.02,0.64
2023-12-21,14.93,15.34,15.35,14.80,15938,24046588.00,3.67,2.27,0.34,0.94
2023-12-22,15.39,14.93,15.42,14.87,12151,18311070.00,3.59,-2.67,-0.41,0.72