MjAwMy0wMS0wMiwzLjE0LDMuMjMsMy4yOCwzLjA3LDM0MDUsMzI0NTg5OC4wMCw2LjU4LDEuMjUsMC4wNCwxLjMy
2003-01-03,3.20,3.29,3.29,3.20,2504,2448893.00,2.79,1.86,0.06,0.97
2003-01-06,3.29,3.32,3.32,3.27,2070,2046572.00,1.52,0.91,0.03,0.80
2003-01-07,3.33,3.30,3.33,3.25,2072,2039625.00,2.41,-0.60,-0.02,0.80
2003-01-08,3.30,3.32,3.32,3.23,2013,1973980.00,2.73,0.61,0.02,0.78
2003-01-09,3.30,3.36,3.37,3.28,2979,2962791.00,2.71,1.20,0.04,1.16
2003-01-10,3.36,3.34,3.40,3.32,2986,3007584.00,2.38,-0.60,-0.02,1.16
2003-01-13,3.33,3.34,3.38,3.30,973,973985.00,2.40,0.00,0.00,0.38
2003-01-14,3.34,3.45,3.51,3.33,4482,4602230.00,5.39,3.29,0.11,1.74
2003-01-15,3.45,3.43,3.49,3.43,3410,3525258.00,1.74,-0.58,-0.02,1.32
2003-01-16,3.43,3.49,3.53,3.43,2338,2440082.00,2.92,1.75,0.06,0.91
2003-01-17,3.49,3.64,3.66,3.48,7086,7639964.00,5.16,4.30,0.15,2.75
2003-01-20,3.63,3.72,3.82,3.62,10793,12177480.00,5.49,2.20,0.08,4.19
2003-01-21,3.72,3.64,3.77,3.63,4651,5140669.00,3.76,-2.15,-0.08,1.81
2003-01-22,3.62,3.66,3.73,3.57,4339,4749410.00,4.40,0.55,0.02,1.69
2003-01-23,3.64,3.55,3.71,3.50,4018,4330625.00,5.74,-3.01,-0.11,1.56
2003-01-24,3.73,3.65,3.73,3.57,3511,3827581.00,4.51,2.82,0.10,1.36
2003-01-27,3.63,3.71,3.77,3.63,3174,3534654.00,3.84,1.64,0.06,1.23
2003-01-28,3.72,3.69,3.72,3.66,2112,2331936.00,1.62,-0.54,-0.02,0.82
2003-01-29,3.67,3.64,3.70,3.64,1946,2135039.00,1.63,-1.36,-0.05,0.76
2003-02-10,3.65,3.59,3.69,3.57,1068,1159685.00,3.30,-1.37,-0.05,0.41
2003-02-11,3.57,3.60,3.61,3.56,565,609197.00,1.39,0.28,0.01,0.22
2003-02-12,3.63,3.66,3.69,3.59,1546,1681177.00,2.78,1.67,0.06,0.60
2003-02-13,3.64,3.72,3.80,3.64,5001,5608043.00,4.37,1.64,0.06,1.94
2003-02-14,3.72,3.75,3.78,3.72,2417,2724318.00,1.61,0.81,0.03,0.94
2003-02-17,3.80,3.71,3.80,3.69,1762,1980213.00,2.93,-1.07,-0.04,0.68
2003-02-18,3.70,3.74,3.79,3.70,2086,2344768.00,2.43,0.81,0.03,0.81
2003-02-19,3.73,3.74,3.75,3.71,1456,1623822.00,1.07,0.00,0.00,0.57
2003-02-20,3.76,3.72,3.76,3.72,714,798224.00,1.07,-0.53,-0.02,0.28
2003-02-21,3.72,3.65,3.72,3.62,2004,2198556.00,2.69,-1.88,-0.07,0.78
2003-02-24,3.64,3.63,3.70,3.63,892,977124.00,1.92,-0.55,-0.02,0.35
2003-02-25,3.64,3.67,3.68,3.63,1297,1427262.00,1.38,1.10,0.04,0.50
2003-02-27,3.67,3.69,3.73,3.67,1251,1387443.00,1.63,0.54,0.02,0.49
2003-02-28,3.68,3.66,3.70,3.65,709,780321.00,1.36,-0.81,-0.03,0.28
2003-03-03,3.66,3.68,3.68,3.62,1248,1367677.00,1.64,0.55,0.02,0.48
2003-03-04,3.70,3.70,3.74,3.68,1690,1880863.00,1.63,0.54,0.02,0.66
2003-03-05,3.68,3.69,3.73,3.67,1075,1186077.00,1.62,-0.27,-0.01,0.42
2003-03-06,3.69,3.65,3.73,3.63,1315,1443074.00,2.71,-1.08,-0.04,0.51
2003-03-07,3.64,3.60,3.67,3.59,1591,1725566.00,2.19,-1.37,-0.05,0.62
2003-03-10,3.62,3.53,3.63,3.52,1361,1457186.00,3.06,-1.94,-0.07,0.53
2003-03-11,3.52,3.56,3.59,3.52,845,901676.00,1.98,0.85,0.03,0.33
2003-03-12,3.58,3.55,3.59,3.53,1141,1213473.00,1.69,-0.28,-0.01,0.44
2003-03-13,3.57,3.54,3.57,3.53,1205,1281139.00,1.13,-0.28,-0.01,0.47
2003-03-14,3.53,3.55,3.56,3.53,973,1034680.00,0.85,0.28,0.01,0.38
2003-03-17,3.59,3.53,3.59,3.49,631,665296.00,2.82,-0.56,-0.02,0.25
2003-03-18,3.55,3.45,3.55,3.44,1284,1349300.00,3.12,-2.27,-0.08,0.50
2003-03-19,3.45,3.48,3.49,3.43,1019,1057769.00,1.74,0.87,0.03,0.40
2003-03-20,3.45,3.43,3.47,3.42,1581,1631190.00,1.44,-1.44,-0.05,0.61
2003-03-21,3.45,3.47,3.49,3.43,1188,1233424.00,1.75,1.17,0.04,0.46
2003-03-24,3.47,3.64,3.65,3.47,5102,5539711.00,5.19,4.90,0.17,1.98
2003-03-25,3.63,3.66,3.70,3.63,3640,3991616.00,1.92,0.55,0.02,1.41
2003-03-26,3.73,3.64,3.75,3.60,3292,3614272.00,4.10,-0.55,-0.02,1.28
2003-03-27,3.64,3.80,3.82,3.64,9935,11251952.00,4.95,4.40,0.16,3.86
2003-03-28,3.77,3.78,3.84,3.73,4802,5460746.00,2.89,-0.53,-0.02,1.87
2003-04-01,3.90,3.83,3.92,3.78,6281,7231088.00,3.70,1.32,0.05,2.44
2003-04-02,3.83,3.76,3.84,3.75,3161,3590659.00,2.35,-1.83,-0.07,1.23
2003-04-03,3.76,3.73,3.76,3.71,2219,2477986.00,1.33,-0.80,-0.03,0.86
2003-04-04,3.73,3.78,3.81,3.71,1910,2168605.00,2.68,1.34,0.05,0.74
2003-04-07,3.80,3.79,3.92,3.75,3871,4460551.00,4.50,0.26,0.01,1.50
2003-04-08,3.79,3.75,3.81,3.73,1390,1567430.00,2.11,-1.06,-0.04,0.54
2003-04-09,3.73,3.72,3.75,3.64,2995,3309578.00,2.93,-0.80,-0.03,1.16
2003-04-10,3.73,3.67,3.73,3.64,2740,3009628.00,2.42,-1.34,-0.05,1.06
2003-04-11,3.67,3.70,3.72,3.66,2468,2724355.00,1.63,0.82,0.03,0.96
2003-04-14,3.70,3.85,3.89,3.70,6556,7471864.00,5.14,4.05,0.15,2.55
2003-04-15,3.85,3.81,3.88,3.79,4079,4668877.00,2.34,-1.04,-0.04,1.58
2003-04-16,3.80,3.92,3.99,3.80,10870,12762001.00,4.99,2.89,0.11,4.22
2003-04-17,3.94,3.96,4.07,3.93,10239,12296717.00,3.57,1.02,0.04,3.98
2003-04-18,3.98,3.90,4.03,3.89,3850,4529078.00,3.54,-1.52,-0.06,1.50
2003-04-21,3.93,3.80,3.93,3.77,2950,3375238.00,4.10,-2.56,-0.10,1.15
2003-04-22,3.77,3.76,3.86,3.76,2730,3107574.00,2.63,-1.05,-0.04,1.06
2003-04-23,3.76,3.70,3.82,3.70,2877,3218070.00,3.19,-1.60,-0.06,1.12
2003-04-24,3.70,3.53,3.70,3.47,3861,4155709.00,6.22,-4.59,-0.17,1.50
2003-04-25,3.49,3.40,3.56,3.38,3459,3579245.00,5.10,-3.68,-0.13,1.34
2003-04-28,3.33,3.40,3.40,3.21,5752,5720549.00,5.59,0.00,0.00,2.23
2003-04-29,3.43,3.31,3.43,3.30,1673,1672388.00,3.82,-2.65,-0.09,0.65
2003-04-30,3.28,3.30,3.38,3.28,2241,2227610.00,3.02,-0.30,-0.01,0.87
2003-05-12,3.27,3.03,3.30,3.02,3250,3018364.00,8.48,-8.18,-0.27,1.26
2003-05-13,3.00,3.06,3.12,2.93,2566,2344374.00,6.27,0.99,0.03,1.00
2003-05-14,3.06,3.15,3.15,3.02,1988,1847088.00,4.25,2.94,0.09,0.77
2003-05-15,3.19,3.25,3.25,3.10,1906,1814558.00,4.76,3.17,0.10,0.74
2003-05-16,3.23,3.17,3.23,3.10,2775,2631689.00,4.00,-2.46,-0.08,1.08
2003-05-19,3.18,3.26,3.30,3.17,1665,1620965.00,4.10,2.84,0.09,0.65
2003-05-20,3.26,3.18,3.26,3.12,1050,1003895.00,4.29,-2.45,-0.08,0.41
2003-05-21,3.18,3.15,3.21,3.12,978,924938.00,2.83,-0.94,-0.03,0.38
2003-05-22,3.11,3.13,3.18,3.11,638,603167.00,2.22,-0.63,-0.02,0.25
2003-05-23,3.13,3.14,3.19,3.10,1631,1532769.00,2.88,0.32,0.01,0.63
2003-05-26,3.17,3.11,3.17,3.11,1623,1518857.00,1.91,-0.96,-0.03,0.63
2003-05-27,3.11,3.14,3.16,3.10,856,802887.00,1.93,0.96,0.03,0.33
2003-05-28,3.18,3.13,3.18,3.12,1618,1528939.00,1.91,-0.32,-0.01,0.63
2003-05-29,3.16,3.18,3.19,3.12,1205,1137142.00,2.24,1.60,0.05,0.47
2003-05-30,3.18,3.36,3.39,3.18,4341,4324353.00,6.60,5.66,0.18,1.69
2003-06-02,3.35,3.32,3.37,3.29,1819,1811150.00,2.38,-1.19,-0.04,0.71
2003-06-03,3.32,3.35,3.51,3.32,2762,2822266.00,5.72,0.90,0.03,1.07
2003-06-04,3.34,3.30,3.34,3.27,1442,1424315.00,2.09,-1.49,-0.05,0.56
2003-06-05,3.31,3.26,3.32,3.26,962,945336.00,1.82,-1.21,-0.04,0.37
2003-06-06,3.26,3.18,3.26,3.17,1079,1035411.00,2.76,-2.45,-0.08,0.42
2003-06-09,3.17,3.14,3.17,3.13,1078,1015983.00,1.26,-1.26,-0.04,0.42
2003-06-10,3.18,3.17,3.18,3.14,709,670514.00,1.27,0.96,0.03,0.28
2003-06-11,3.26,3.28,3.30,3.22,1779,1744697.00,2.52,3.47,0.11,0.69
2003-06-12,3.29,3.33,3.40,3.29,3656,3681178.00,3.35,1.52,0.05,1.42
2003-06-13,3.27,3.30,3.33,3.27,948,938864.00,1.80,-0.90,-0.03,0.37
2003-06-16,3.32,3.29,3.36,3.28,1135,1127818.00,2.42,-0.30,-0.01,0.44
2003-06-17,3.33,3.41,3.47,3.33,4165,4232317.00,4.26,3.65,0.12,1.62
2003-06-18,3.41,3.35,3.41,3.33,1663,1674759.00,2.35,-1.76,-0.06,0.65
2003-06-19,3.35,3.29,3.35,3.23,2405,2365025.00,3.58,-1.79,-0.06,0.93
2003-06-20,3.27,3.24,3.30,3.24,916,894854.00,1.82,-1.52,-0.05,0.36
2003-06-23,3.25,3.16,3.25,3.14,1169,1119073.00,3.40,-2.47,-0.08,0.45
2003-06-24,3.16,3.18,3.20,3.15,589,559630.00,1.58,0.63,0.02,0.23
2003-06-25,3.17,3.12,3.18,3.11,849,801090.00,2.20,-1.89,-0.06,0.33
2003-06-27,3.22,3.10,3.22,3.09,1344,1260081.00,4.17,-0.64,-0.02,0.52
2003-06-30,2.97,3.03,3.13,2.97,572,525080.00,5.16,-2.26,-0.07,0.22
2003-07-01,3.02,3.04,3.06,3.02,1095,1000155.00,1.32,0.33,0.01,0.43
2003-07-02,3.07,3.08,3.15,3.04,846,777516.00,3.62,1.32,0.04,0.33
2003-07-03,3.08,3.11,3.11,3.06,320,296565.00,1.62,0.97,0.03,0.12
2003-07-04,3.07,3.10,3.12,3.07,375,346723.00,1.61,-0.32,-0.01,0.15
2003-07-07,3.09,3.05,3.09,3.04,359,329371.00,1.61,-1.61,-0.05,0.14
2003-07-08,2.96,3.06,3.09,2.96,655,593580.00,4.26,0.33,0.01,0.25
2003-07-09,3.06,3.03,3.06,3.00,948,858286.00,1.96,-0.98,-0.03,0.37
2003-07-10,3.00,3.04,3.06,3.00,2219,2012954.00,1.98,0.33,0.01,0.86
2003-07-11,3.03,3.03,3.06,3.03,823,749316.00,0.99,-0.33,-0.01,0.32
2003-07-14,3.04,3.01,3.04,3.00,443,401629.00,1.32,-0.66,-0.02,0.17
2003-07-15,3.01,3.00,3.03,3.00,543,490416.00,1.00,-0.33,-0.01,0.21
2003-07-16,3.00,3.11,3.12,3.00,5248,4860777.00,4.00,3.67,0.11,2.04
2003-07-17,3.09,3.05,3.09,3.05,1786,1646576.00,1.29,-1.93,-0.06,0.69
2003-07-18,3.05,3.02,3.05,3.00,1104,1001085.00,1.64,-0.98,-0.03,0.43
2003-07-21,2.99,2.94,3.00,2.92,1180,1042168.00,2.65,-2.65,-0.08,0.46
2003-07-22,2.97,2.96,3.00,2.93,991,885116.00,2.38,0.68,0.02,0.39
2003-07-23,2.98,2.97,2.98,2.89,1875,1647987.00,3.04,0.34,0.01,0.73
2003-07-24,3.09,2.94,3.09,2.90,2055,1826310.00,6.40,-1.01,-0.03,0.80
2003-07-25,2.91,2.91,2.93,2.89,2141,1869095.00,1.36,-1.02,-0.03,0.83
2003-07-28,2.87,2.89,2.93,2.82,2023,1733785.00,3.78,-0.69,-0.02,0.79
2003-07-29,2.84,2.89,2.91,2.83,269,230860.00,2.77,0.00,0.00,0.10
2003-07-30,2.88,2.85,2.90,2.83,515,438748.00,2.42,-1.38,-0.04,0.20
2003-07-31,2.84,2.84,2.87,2.84,374,320084.00,1.05,-0.35,-0.01,0.15
2003-08-01,2.85,2.82,2.85,2.79,810,682917.00,2.11,-0.70,-0.02,0.31
2003-08-04,2.80,2.87,2.96,2.74,2271,1924485.00,7.80,1.77,0.05,0.88
2003-08-05,2.85,2.86,2.89,2.83,720,616687.00,2.09,-0.35,-0.01,0.28
2003-08-06,2.86,2.83,2.86,2.81,549,464629.00,1.75,-1.05,-0.03,0.21
2003-08-07,2.82,2.85,2.86,2.80,653,557387.00,2.12,0.71,0.02,0.25
2003-08-08,2.82,2.81,2.86,2.81,407,343987.00,1.75,-1.40,-0.04,0.16
2003-08-11,2.83,2.81,2.83,2.80,428,361500.00,1.07,0.00,0.00,0.17
2003-08-12,2.79,2.83,2.86,2.79,592,501181.00,2.49,0.71,0.02,0.23
2003-08-13,2.82,2.80,2.85,2.80,246,207993.00,1.77,-1.06,-0.03,0.10
2003-08-14,2.78,2.80,2.83,2.78,279,234956.00,1.79,0.00,0.00,0.11
2003-08-15,2.77,2.70,2.79,2.68,1177,964213.00,3.93,-3.57,-0.10,0.46
2003-08-18,2.69,2.69,2.73,2.69,801,649039.00,1.48,-0.37,-0.01,0.31
2003-08-19,2.70,2.73,2.73,2.70,403,327549.00,1.12,1.49,0.04,0.16
2003-08-20,2.73,2.70,2.73,2.67,578,467047.00,2.20,-1.10,-0.03,0.22
2003-08-21,2.68,2.73,2.73,2.68,558,456172.00,1.85,1.11,0.03,0.22
2003-08-22,2.73,2.74,2.76,2.70,594,488931.00,2.20,0.37,0.01,0.23
2003-08-25,2.76,2.76,2.82,2.75,2090,1744543.00,2.55,0.73,0.02,0.81
2003-08-26,2.75,2.71,2.79,2.69,979,795139.00,3.62,-1.81,-0.05,0.38
2003-08-27,2.73,2.77,2.78,2.70,920,760468.00,2.95,2.21,0.06,0.36
2003-08-28,2.75,2.72,2.75,2.72,554,453496.00,1.08,-1.81,-0.05,0.22
2003-08-29,2.66,2.71,2.72,2.66,535,433120.00,2.21,-0.37,-0.01,0.21
2003-09-01,2.70,2.76,2.77,2.70,1269,1041698.00,2.58,1.85,0.05,0.49
2003-09-02,2.76,2.76,2.76,2.72,1201,988509.00,1.45,0.00,0.00,0.47
2003-09-03,2.72,2.84,2.91,2.71,4649,3955625.00,7.25,2.90,0.08,1.81
2003-09-04,2.82,2.78,2.83,2.76,1891,1582347.00,2.46,-2.11,-0.06,0.73
2003-09-05,2.77,2.73,2.77,2.72,1279,1048668.00,1.80,-1.80,-0.05,0.50
2003-09-08,2.74,2.76,2.79,2.73,257,212127.00,2.20,1.10,0.03,0.10
2003-09-09,2.75,2.73,2.77,2.71,500,407946.00,2.17,-1.09,-0.03,0.19
2003-09-10,2.72,2.73,2.74,2.70,229,186408.00,1.47,0.00,0.00,0.09
2003-09-11,2.71,2.74,2.75,2.71,314,257078.00,1.47,0.37,0.01,0.12
2003-09-12,2.72,2.70,2.73,2.70,399,323761.00,1.09,-1.46,-0.04,0.16
2003-09-15,2.67,2.66,2.73,2.66,491,395359.00,2.59,-1.48,-0.04,0.19
2003-09-16,2.66,2.65,2.67,2.60,945,746064.00,2.63,-0.38,-0.01,0.37
2003-09-17,2.63,2.58,2.63,2.57,781,609155.00,2.26,-2.64,-0.07,0.30
2003-09-18,2.57,2.58,2.60,2.53,342,264084.00,2.71,0.00,0.00,0.13
2003-09-19,2.59,2.59,2.61,2.55,365,282300.00,2.33,0.39,0.01,0.14
2003-09-22,2.58,2.57,2.60,2.57,554,428623.00,1.16,-0.77,-0.02,0.22
2003-09-23,2.59,2.61,2.63,2.55,374,290536.00,3.11,1.56,0.04,0.15
2003-09-24,2.57,2.64,2.67,2.57,1260,997707.00,3.83,1.15,0.03,0.49
2003-09-25,2.64,2.58,2.64,2.58,1204,936814.00,2.27,-2.27,-0.06,0.47
2003-09-26,2.57,2.59,2.62,2.57,122,94406.00,1.94,0.39,0.01,0.05
2003-09-29,2.57,2.61,2.61,2.56,342,264152.00,1.93,0.77,0.02,0.13
2003-09-30,2.61,2.61,2.66,2.59,730,573852.00,2.68,0.00,0.00,0.28
2003-10-08,2.67,2.70,2.71,2.63,3382,2722831.00,3.07,3.45,0.09,1.31
2003-10-09,2.67,2.64,2.69,2.63,768,613127.00,2.22,-2.22,-0.06,0.30
2003-10-10,2.62,2.69,2.70,2.62,1254,1002466.00,3.03,1.89,0.05,0.49
2003-10-13,2.71,2.69,2.75,2.67,993,804916.00,2.97,0.00,0.00,0.39
2003-10-14,2.69,2.66,2.71,2.65,419,336465.00,2.23,-1.12,-0.03,0.16
2003-10-15,2.66,2.66,2.73,2.66,507,408034.00,2.63,0.00,0.00,0.20
2003-10-16,2.49,2.58,2.71,2.49,655,511794.00,8.27,-3.01,-0.08,0.25
2003-10-17,2.54,2.56,2.60,2.53,433,333151.00,2.71,-0.78,-0.02,0.17
2003-10-20,2.56,2.52,2.58,2.52,439,334339.00,2.34,-1.56,-0.04,0.17
2003-10-21,2.51,2.53,2.53,2.50,353,265728.00,1.19,0.40,0.01,0.14
2003-10-22,2.54,2.59,2.60,2.53,556,428280.00,2.77,2.37,0.06,0.22
2003-10-23,2.57,2.58,2.62,2.56,638,495576.00,2.32,-0.39,-0.01,0.25
2003-10-24,2.59,2.50,2.59,2.50,355,269568.00,3.49,-3.10,-0.08,0.14
2003-10-27,2.50,2.40,2.51,2.39,1023,750493.00,4.80,-4.00,-0.10,0.40
2003-10-28,2.36,2.33,2.40,2.30,1119,786131.00,4.17,-2.92,-0.07,0.43
2003-10-29,2.33,2.25,2.33,2.21,1147,777489.00,5.15,-3.43,-0.08,0.45
2003-10-30,2.25,2.27,2.27,2.22,474,320970.00,2.22,0.89,0.02,0.18
2003-10-31,2.27,2.29,2.30,2.26,680,464802.00,1.76,0.88,0.02,0.26
2003-11-03,2.27,2.27,2.30,2.25,336,229144.00,2.18,-0.87,-0.02,0.13
2003-11-04,2.33,2.32,2.37,2.26,801,558464.00,4.85,2.20,0.05,0.31
2003-11-05,2.33,2.27,2.33,2.24,1318,902025.00,3.88,-2.16,-0.05,0.51
2003-11-06,2.16,2.06,2.21,2.05,1794,1136320.00,7.05,-9.25,-0.21,0.70
2003-11-07,2.06,1.99,2.09,1.92,2014,1199112.00,8.25,-3.40,-0.07,0.78
2003-11-10,1.97,1.98,2.00,1.93,442,259974.00,3.52,-0.50,-0.01,0.17
2003-11-11,1.94,1.99,2.00,1.94,498,294803.00,3.03,0.51,0.01,0.19
2003-11-12,1.92,1.87,2.00,1.85,634,367948.00,7.54,-6.03,-0.12,0.25
2003-11-13,1.85,1.93,1.96,1.85,1080,616541.00,5.88,3.21,0.06,0.42
2003-11-14,1.91,1.98,2.00,1.90,793,468422.00,5.18,2.59,0.05,0.31
2003-11-17,1.93,2.00,2.06,1.93,1200,725473.00,6.57,1.01,0.02,0.47
2003-11-18,1.98,1.99,2.00,1.95,354,209610.00,2.50,-0.50,-0.01,0.14
2003-11-19,1.99,2.03,2.03,1.97,1028,620157.00,3.02,2.01,0.04,0.40
2003-11-20,2.00,2.14,2.18,2.00,2836,1781843.00,8.87,5.42,0.11,1.10
2003-11-21,2.17,2.06,2.17,2.06,2033,1284637.00,5.14,-3.74,-0.08,0.79
2003-11-24,2.12,2.13,2.13,2.05,1965,1238680.00,3.88,3.40,0.07,0.76
2003-11-25,2.13,2.18,2.26,2.13,3142,2080692.00,6.10,2.35,0.05,1.22
2003-11-26,2.18,2.23,2.27,2.17,2950,1973140.00,4.59,2.29,0.05,1.15
2003-11-27,2.23,2.11,2.23,2.10,2759,1763464.00,5.83,-5.38,-0.12,1.07
2003-11-28,2.12,2.14,2.15,2.11,1521,972061.00,1.90,1.42,0.03,0.59
2003-12-01,2.15,2.20,2.21,2.15,1431,938850.00,2.80,2.80,0.06,0.56
2003-12-02,2.20,2.23,2.24,2.17,2162,1437288.00,3.18,1.36,0.03,0.84
2003-12-03,2.22,2.21,2.26,2.17,1658,1107897.00,4.04,-0.90,-0.02,0.64
2003-12-04,2.20,2.20,2.23,2.18,1257,831984.00,2.26,-0.45,-0.01,0.49
2003-12-05,2.18,2.23,2.23,2.18,1434,949946.00,2.27,1.36,0.03,0.56
2003-12-08,2.24,2.17,2.25,2.15,1221,798826.00,4.48,-2.69,-0.06,0.47
2003-12-09,2.17,2.19,2.25,2.16,845,557376.00,4.15,0.92,0.02,0.33
2003-12-10,2.17,2.19,2.22,2.15,1195,780427.00,3.20,0.00,0.00,0.46
2003-12-11,2.17,2.19,2.20,2.17,1635,1072349.00,1.37,0.00,0.00,0.64
2003-12-12,2.20,2.26,2.34,2.19,8784,5957375.00,6.85,3.20,0.07,3.41
2003-12-15,2.25,2.24,2.29,2.18,3683,2492851.00,4.87,-0.88,-0.02,1.43
2003-12-16,2.23,2.36,2.40,2.15,12854,8864082.00,11.16,5.36,0.12,4.99
2003-12-17,2.33,2.60,2.60,2.33,31659,23933094.00,11.44,10.17,0.24,12.30
2003-12-18,2.58,2.64,2.80,2.50,37008,29778654.00,11.54,1.54,0.04,14.38
2003-12-19,2.56,2.41,2.67,2.38,19085,14239663.00,10.98,-8.71,-0.23,7.41
2003-12-22,2.39,2.40,2.43,2.17,12220,8535600.00,10.79,-0.41,-0.01,4.75
2003-12-23,2.37,2.46,2.49,2.31,9442,6844387.00,7.50,2.50,0.06,3.67
2003-12-24,2.46,2.37,2.46,2.34,6196,4418877.00,4.88,-3.66,-0.09,2.41
2003-12-25,2.37,2.40,2.52,2.33,6975,5073686.00,8.02,1.27,0.03,2.71
2003-12-26,2.37,2.35,2.45,2.33,4891,3474919.00,5.00,-2.08,-0.05,1.90
2003-12-29,2.33,2.23,2.33,2.20,4742,3207524.00,5.53,-5.11,-0.12,1.84
2003-12-30,2.24,2.25,2.28,2.22,2261,1521177.00,2.69,0.90,0.02,0.88
2003-12-31,2.26,2.18,2.26,2.17,2740,1805872.00,4.00,-3.11,-0.07,1.06