2007-03-23,2.66,2.66,2.66,2.66,3355,2677059.00,0.00,5.14,0.13,1.30
2007-03-26,2.79,2.79,2.79,2.79,1814,1520241.00,0.00,4.89,0.13,0.70
2007-03-27,2.93,2.93,2.93,2.93,4417,3886872.00,0.00,5.02,0.14,1.72
2007-03-28,3.08,3.08,3.08,3.08,1524,1408148.00,0.00,5.12,0.15,0.59
2007-03-29,3.23,3.23,3.23,3.23,557,540406.00,0.00,4.87,0.15,0.22
2007-03-30,3.40,3.40,3.40,3.40,1675,1706489.00,0.00,5.26,0.17,0.65
2007-04-02,3.57,3.57,3.57,3.57,829,887490.00,0.00,5.00,0.17,0.32
2007-04-03,3.75,3.75,3.75,3.75,503,565855.00,0.00,5.04,0.18,0.20
2007-04-04,3.93,3.93,3.93,3.93,320,377388.00,0.00,4.80,0.18,0.12
2007-04-05,4.13,3.74,4.13,3.74,40954,47583079.00,9.92,-4.83,-0.19,15.91
2007-04-06,3.55,3.55,3.63,3.55,46399,49492207.00,2.14,-5.08,-0.19,18.03
2007-04-09,3.47,3.49,3.60,3.39,30952,32244850.00,5.92,-1.69,-0.06,12.02
2007-04-10,3.50,3.54,3.56,3.38,27563,28572023.00,5.16,1.43,0.05,10.71
2007-04-11,3.63,3.47,3.63,3.38,19071,19910418.00,7.06,-1.98,-0.07,7.41
2007-04-12,3.41,3.47,3.53,3.41,17345,18026662.00,3.46,0.00,0.00,6.74
2007-04-13,3.47,3.63,3.64,3.43,38793,41671358.00,6.05,4.61,0.16,15.07
2007-04-16,3.60,3.79,3.81,3.55,32676,36692132.00,7.16,4.41,0.16,12.69
2007-04-17,3.82,3.91,3.93,3.72,29379,33744980.00,5.54,3.17,0.12,11.41
2007-04-18,4.10,4.10,4.10,3.84,27936,33272641.00,6.65,4.86,0.19,10.85
2007-04-19,4.19,4.20,4.31,4.05,50733,64316621.00,6.34,2.44,0.10,19.71
2007-04-20,4.14,4.24,4.32,4.08,29533,37069839.00,5.71,0.95,0.04,11.47
2007-04-23,4.20,4.16,4.28,4.07,32062,39731291.00,4.95,-1.89,-0.08,12.46
2007-04-24,4.07,3.96,4.15,3.96,24294,29152499.00,4.57,-4.81,-0.20,9.44
2007-04-25,3.85,3.79,3.93,3.77,17961,20665738.00,4.04,-4.29,-0.17,6.98
2007-04-26,3.83,3.98,3.98,3.80,17415,20667968.00,4.75,5.01,0.19,6.77
2007-04-27,4.10,4.02,4.17,4.00,25330,31134576.00,4.27,1.01,0.04,9.84
2007-05-08,4.03,3.94,4.03,3.84,33628,39723710.00,4.73,-1.99,-0.08,13.06
2007-05-09,3.95,4.13,4.13,3.95,33281,40970368.00,4.57,4.82,0.19,12.93
2007-05-10,4.19,4.34,4.34,4.19,8444,10955151.00,3.63,5.08,0.21,3.28
2007-05-11,4.56,4.56,4.56,4.43,11290,15404862.00,3.00,5.07,0.22,4.39
2007-05-14,4.78,4.40,4.78,4.37,48540,67780161.00,8.99,-3.51,-0.16,18.86
2007-05-15,4.35,4.24,4.46,4.22,33143,42662096.00,5.45,-3.64,-0.16,12.88
2007-05-16,4.27,4.45,4.45,4.26,20331,27053606.00,4.48,4.95,0.21,7.90
2007-05-17,4.63,4.67,4.67,4.45,7935,11058524.00,4.94,4.94,0.22,3.08
2007-05-18,4.90,4.91,4.91,4.69,43932,63495250.00,4.71,5.14,0.24,17.07
2007-05-21,4.76,5.15,5.15,4.70,32246,49134216.00,9.16,4.89,0.24,12.53
2007-05-22,5.35,5.41,5.41,5.20,37099,59764901.00,4.08,5.05,0.26,14.41
2007-05-23,5.56,5.34,5.66,5.33,37656,61861456.00,6.10,-1.29,-0.07,14.63
2007-05-24,5.15,5.29,5.37,5.07,36821,57008112.00,5.62,-0.94,-0.05,14.31
2007-05-25,5.27,5.36,5.38,5.13,20948,33262654.00,4.73,1.32,0.07,8.14
2007-05-28,5.35,5.37,5.59,5.30,18930,30860092.00,5.41,0.19,0.01,7.35
2007-05-29,5.37,5.19,5.49,5.14,16576,26124341.00,6.52,-3.35,-0.18,6.44
2007-05-30,4.93,4.93,5.02,4.93,9851,14611220.00,1.73,-5.01,-0.26,3.83
2007-05-31,4.68,4.68,4.68,4.68,2389,3354156.00,0.00,-5.07,-0.25,0.93
2007-06-01,4.45,4.45,4.45,4.45,2653,3539102.00,0.00,-4.91,-0.23,1.03
2007-06-04,4.22,4.22,4.22,4.22,994,1259398.00,0.00,-5.17,-0.23,0.39
2007-06-05,4.01,4.01,4.01,4.01,549,660996.00,0.00,-4.98,-0.21,0.21
2007-06-06,3.81,3.81,4.07,3.81,27221,31704520.00,6.48,-4.99,-0.20,10.58
2007-06-07,3.63,3.93,3.96,3.63,25073,28284358.00,8.66,3.15,0.12,9.74
2007-06-08,3.97,4.13,4.13,3.90,17503,21347447.00,5.85,5.09,0.20,6.80
2007-06-11,4.16,4.19,4.31,3.96,21544,26609394.00,8.47,1.45,0.06,8.37
2007-06-12,4.12,4.00,4.22,3.98,15292,18473226.00,5.73,-4.53,-0.19,5.94
2007-06-13,4.01,4.20,4.20,4.00,20433,25258620.00,5.00,5.00,0.20,7.94
2007-06-14,4.20,4.02,4.25,4.01,13486,16770494.00,5.71,-4.29,-0.18,5.24
2007-06-15,4.00,3.87,4.03,3.82,17215,19992994.00,5.22,-3.73,-0.15,6.69
2007-06-18,3.87,3.94,4.00,3.83,10140,11919754.00,4.39,1.81,0.07,3.94
2007-06-19,3.94,4.05,4.10,3.90,10196,12229723.00,5.08,2.79,0.11,3.96
2007-06-20,4.10,3.89,4.12,3.85,10285,12384289.00,6.67,-3.95,-0.16,4.00
2007-06-21,3.85,3.80,3.89,3.69,13570,15300568.00,5.14,-2.31,-0.09,5.27
2007-06-22,3.78,3.61,3.81,3.61,11586,12701369.00,5.26,-5.00,-0.19,4.50
2007-06-25,3.51,3.43,3.60,3.43,8918,9206743.00,4.71,-4.99,-0.18,3.46
2007-06-26,3.29,3.26,3.39,3.26,11406,11247382.00,3.79,-4.96,-0.17,4.43
2007-06-27,3.20,3.30,3.33,3.09,13718,13215883.00,7.36,1.23,0.04,5.33
2007-06-28,3.32,3.47,3.47,3.29,29781,30732830.00,5.45,5.15,0.17,11.57
2007-06-29,3.29,3.46,3.63,3.29,19290,19600607.00,9.80,-0.29,-0.01,7.49
2007-07-02,3.40,3.31,3.49,3.28,8842,8825855.00,6.07,-4.34,-0.15,3.44
2007-07-03,3.31,3.14,3.31,3.14,12660,11981021.00,5.14,-5.14,-0.17,4.92
2007-07-04,3.16,3.05,3.20,3.04,4955,4607460.00,5.10,-2.87,-0.09,1.93
2007-07-05,3.05,2.90,3.05,2.90,7148,6268014.00,4.92,-4.92,-0.15,2.78
2007-07-06,2.80,2.94,2.96,2.76,15306,12880145.00,6.90,1.38,0.04,5.95
2007-07-09,2.90,3.00,3.05,2.84,17212,15171135.00,7.14,2.04,0.06,6.69
2007-07-10,3.00,2.85,3.00,2.85,17439,15050450.00,5.00,-5.00,-0.15,6.78
2007-07-11,2.99,2.99,2.99,2.99,2322,2082682.00,0.00,4.91,0.14,0.90
2007-07-12,3.14,3.14,3.14,3.14,1113,1048003.00,0.00,5.02,0.15,0.43
2007-07-13,3.30,3.30,3.30,3.17,20417,20173361.00,4.14,5.10,0.16,7.93
2007-07-16,3.35,3.45,3.46,3.21,40574,41407108.00,7.58,4.55,0.15,15.76
2007-07-17,3.45,3.63,3.63,3.45,9735,10503820.00,5.22,5.22,0.18,3.78
2007-07-18,3.81,3.70,3.81,3.46,40732,45306806.00,9.64,1.93,0.07,15.82
2007-07-19,3.60,3.58,3.73,3.54,13456,14492145.00,5.14,-3.24,-0.12,5.23
2007-07-20,3.59,3.60,3.63,3.53,14940,16038331.00,2.79,0.56,0.02,5.80
2007-07-23,3.55,3.66,3.73,3.55,16238,17767156.00,5.00,1.67,0.06,6.31
2007-07-24,3.63,3.85,3.85,3.62,20011,22804988.00,6.28,5.19,0.19,7.77
2007-07-25,3.83,3.95,4.00,3.74,17302,20383309.00,6.75,2.60,0.10,6.72
2007-07-26,3.97,3.96,4.04,3.94,8519,10174722.00,2.53,0.25,0.01,3.31
2007-07-27,3.96,4.16,4.16,3.87,15137,18697790.00,7.32,5.05,0.20,5.88
2007-07-30,4.19,4.25,4.35,4.19,11699,15074322.00,3.85,2.16,0.09,4.54
2007-07-31,4.28,4.19,4.28,4.10,9618,12028734.00,4.24,-1.41,-0.06,3.74
2007-08-01,4.17,3.99,4.35,3.99,12217,15279741.00,8.59,-4.77,-0.20,4.75
2007-08-02,3.96,4.03,4.10,3.90,7822,9433448.00,5.01,1.00,0.04,3.04
2007-08-03,4.03,4.01,4.10,3.91,7832,9426080.00,4.71,-0.50,-0.02,3.04
2007-08-06,4.01,4.00,4.16,3.91,7392,8813570.00,6.23,-0.25,-0.01,2.87
2007-08-07,3.93,3.93,4.00,3.90,12357,14602356.00,2.50,-1.75,-0.07,4.80
2007-08-08,3.91,3.97,4.09,3.87,9727,11673560.00,5.60,1.02,0.04,3.78
2007-08-09,4.03,4.02,4.10,3.97,7780,9427453.00,3.27,1.26,0.05,3.02
2007-08-10,4.00,4.22,4.22,3.98,12423,15326191.00,5.97,4.98,0.20,4.83
2007-08-13,4.31,4.43,4.43,4.22,17589,23217578.00,4.98,4.98,0.21,6.83
2007-08-14,4.45,4.65,4.65,4.42,13675,18984903.00,5.19,4.97,0.22,5.31
2007-08-15,4.65,4.66,4.71,4.41,23376,31628684.00,6.45,0.22,0.01,9.08
2007-08-16,4.63,4.61,4.63,4.44,11980,16265587.00,4.08,-1.07,-0.05,4.65
2007-08-17,4.57,4.74,4.77,4.48,18085,25348273.00,6.29,2.82,0.13,7.03
2007-08-20,4.74,4.78,4.88,4.60,21003,29949728.00,5.91,0.84,0.04,8.16
2007-08-21,4.67,4.68,4.87,4.62,10062,14166701.00,5.23,-2.09,-0.10,3.91
2007-08-22,4.63,4.53,4.66,4.52,12746,17455756.00,2.99,-3.21,-0.15,4.95
2007-08-23,4.53,4.69,4.73,4.50,11017,15310029.00,5.08,3.53,0.16,4.28
2007-08-24,4.73,4.72,4.86,4.63,11214,15921679.00,4.90,0.64,0.03,4.36
2007-08-27,4.78,4.95,4.95,4.72,20734,30534422.00,4.87,4.87,0.23,8.06
2007-08-28,5.13,4.90,5.13,4.87,17352,26050364.00,5.25,-1.01,-0.05,6.74
2007-08-29,4.73,4.70,4.96,4.66,11201,15957580.00,6.12,-4.08,-0.20,4.35
2007-08-30,4.70,4.77,4.83,4.70,9352,13389559.00,2.77,1.49,0.07,3.63
2007-08-31,4.75,5.01,5.01,4.75,11268,16843284.00,5.45,5.03,0.24,4.38
2007-09-03,5.13,4.97,5.26,4.93,21406,32647804.00,6.59,-0.80,-0.04,8.32
2007-09-04,4.97,4.99,5.17,4.89,11936,18040425.00,5.63,0.40,0.02,4.64
2007-09-05,5.03,5.13,5.14,4.97,14956,22720589.00,3.41,2.81,0.14,5.81
2007-09-06,5.07,5.22,5.33,5.03,13213,20706659.00,5.85,1.75,0.09,5.13
2007-09-07,5.17,5.13,5.29,5.03,15273,23633684.00,4.98,-1.72,-0.09,5.93
2007-09-10,5.13,5.28,5.33,4.88,15641,23696850.00,8.77,2.92,0.15,6.08
2007-09-11,5.29,5.01,5.43,5.01,12102,19057668.00,7.95,-5.11,-0.27,4.70
2007-09-12,4.77,4.79,5.00,4.76,16149,23235457.00,4.79,-4.39,-0.22,6.27
2007-09-13,4.67,4.89,4.95,4.60,6088,8891766.00,7.31,2.09,0.10,2.37
2007-09-14,4.95,4.93,5.02,4.79,7158,10576732.00,4.70,0.82,0.04,2.78
2007-09-17,4.93,4.88,4.99,4.85,8236,12086712.00,2.84,-1.01,-0.05,3.20
2007-09-18,4.87,4.77,4.93,4.68,8949,12838216.00,5.12,-2.25,-0.11,3.48
2007-09-19,4.85,4.80,4.86,4.73,5752,8255049.00,2.73,0.63,0.03,2.23
2007-09-20,4.82,4.86,4.93,4.80,6997,10241534.00,2.71,1.25,0.06,2.72
2007-09-21,4.90,4.80,4.93,4.77,6217,8985028.00,3.29,-1.23,-0.06,2.42
2007-09-24,4.77,4.81,4.87,4.69,7103,10163695.00,3.75,0.21,0.01,2.76
2007-09-25,4.84,5.00,5.03,4.75,11051,16378906.00,5.82,3.95,0.19,4.29
2007-09-26,4.96,4.82,5.03,4.80,5079,7518603.00,4.60,-3.60,-0.18,1.97
2007-09-27,4.82,4.94,5.00,4.80,6463,9581928.00,4.15,2.49,0.12,2.51
2007-09-28,5.00,4.99,5.01,4.89,11355,16875855.00,2.43,1.01,0.05,4.41
2007-10-08,5.03,4.84,5.03,4.84,5854,8611811.00,3.81,-3.01,-0.15,2.27
2007-10-09,4.80,4.90,4.91,4.77,5022,7293754.00,2.89,1.24,0.06,1.95
2007-10-10,4.87,4.84,4.99,4.84,9711,14404174.00,3.06,-1.22,-0.06,3.77
2007-10-11,4.89,4.60,4.89,4.60,10677,15064081.00,5.99,-4.96,-0.24,4.15
2007-10-12,4.60,4.47,4.60,4.37,11815,15626797.00,5.00,-2.83,-0.13,4.59
2007-10-15,4.70,4.70,4.70,4.67,4440,6256172.00,0.67,5.15,0.23,1.73
2007-10-16,4.90,4.93,4.93,4.90,1606,2375440.00,0.64,4.89,0.23,0.62
2007-10-17,5.18,5.18,5.18,5.18,1937,3008860.00,0.00,5.07,0.25,0.75
2007-10-18,5.44,5.38,5.44,5.01,21857,35417717.00,8.30,3.86,0.20,8.49
2007-10-19,5.45,5.16,5.62,5.11,16274,25704908.00,9.48,-4.09,-0.22,6.32
2007-10-22,5.13,5.01,5.15,4.97,5892,8937190.00,3.49,-2.91,-0.15,2.29
2007-10-23,5.03,4.83,5.05,4.77,5229,7638539.00,5.59,-3.59,-0.18,2.03
2007-10-24,4.84,4.87,5.05,4.83,3444,5119083.00,4.55,0.83,0.04,1.34
2007-10-25,4.67,4.63,4.86,4.63,5846,8167759.00,4.72,-4.93,-0.24,2.27
2007-10-26,4.60,4.62,4.65,4.40,6226,8333722.00,5.40,-0.22,-0.01,2.42
2007-10-29,4.56,4.85,4.85,4.56,6831,9900424.00,6.28,4.98,0.23,2.65
2007-10-31,5.10,4.95,5.10,4.67,7418,11055189.00,8.87,2.06,0.10,2.88
2007-11-01,4.99,4.93,4.99,4.76,6557,9660953.00,4.65,-0.40,-0.02,2.55
2007-11-02,4.95,5.10,5.12,4.83,11058,16665312.00,5.88,3.45,0.17,4.30
2007-11-05,5.00,4.85,5.10,4.85,7168,10669989.00,4.90,-4.90,-0.25,2.78
2007-11-06,4.83,4.77,4.83,4.70,3402,4859340.00,2.68,-1.65,-0.08,1.32
2007-11-07,4.83,4.94,4.99,4.78,3845,5654608.00,4.40,3.56,0.17,1.49
2007-11-08,4.97,4.71,4.97,4.70,3386,4889163.00,5.47,-4.66,-0.23,1.32
2007-11-09,4.71,4.66,4.78,4.62,3229,4540138.00,3.40,-1.06,-0.05,1.25
2007-11-12,4.66,4.43,4.66,4.43,4583,6128835.00,4.94,-4.94,-0.23,1.78
2007-11-13,4.46,4.47,4.63,4.40,2808,3776743.00,5.19,0.90,0.04,1.09
2007-11-14,4.49,4.60,4.62,4.44,2184,2978928.00,4.03,2.91,0.13,0.85
2007-11-15,4.50,4.51,4.59,4.43,2438,3290337.00,3.48,-1.96,-0.09,0.95
2007-11-16,4.48,4.44,4.48,4.37,2806,3706766.00,2.44,-1.55,-0.07,1.09
2007-11-19,4.44,4.53,4.56,4.44,1621,2195558.00,2.70,2.03,0.09,0.63
2007-11-20,4.56,4.61,4.65,4.50,2551,3515081.00,3.31,1.77,0.08,0.99
2007-11-21,4.61,4.64,4.74,4.53,3021,4210785.00,4.56,0.65,0.03,1.17
2007-11-22,4.56,4.41,4.63,4.41,2973,3974425.00,4.74,-4.96,-0.23,1.15
2007-11-23,4.37,4.48,4.49,4.34,2510,3327355.00,3.40,1.59,0.07,0.97
2007-11-26,4.53,4.42,4.53,4.40,1854,2476494.00,2.90,-1.34,-0.06,0.72
2007-12-14,4.64,4.64,4.64,4.64,304,422892.00,0.00,4.98,0.22,0.12
2007-12-17,4.87,4.87,4.87,4.87,226,329792.00,0.00,4.96,0.23,0.09
2007-12-18,5.11,4.76,5.11,4.69,9575,14143336.00,8.62,-2.26,-0.11,3.72
2007-12-19,4.67,4.82,4.89,4.67,5602,8107592.00,4.62,1.26,0.06,2.18
2007-12-20,4.76,4.86,4.88,4.73,5245,7606723.00,3.11,0.83,0.04,2.04
2007-12-21,4.76,4.89,4.89,4.76,5448,7941337.00,2.67,0.62,0.03,2.12
2007-12-24,5.00,4.96,5.09,4.91,4520,6769096.00,3.68,1.43,0.07,1.76
2007-12-25,4.93,4.93,5.00,4.90,2945,4366183.00,2.02,-0.60,-0.03,1.14
2007-12-26,4.93,5.00,5.06,4.91,5043,7526150.00,3.04,1.42,0.07,1.96
2007-12-27,5.00,5.19,5.25,5.00,10043,15611023.00,5.00,3.80,0.19,3.90
2007-12-28,5.17,5.09,5.17,5.05,5786,8848758.00,2.31,-1.93,-0.10,2.25