MjAxNS0wMi0wMywxLjg0LDEuOTMsMi4wMCwxLjg0LDI3MjgzNywxMzQ5ODg3ODAuMDAsNy43MywtNi43NiwtMC4xNCwzLjM5
2015-02-04,1.91,2.03,2.10,1.91,233765,117899455.00,9.84,5.18,0.10,2.91
2015-02-05,2.04,2.03,2.05,1.96,115488,59335375.00,4.43,0.00,0.00,1.44
2015-02-06,2.03,2.01,2.03,1.98,182488,93290757.00,2.46,-0.99,-0.02,2.27
2015-02-09,2.02,2.08,2.08,2.01,205764,106641650.00,3.48,3.48,0.07,2.56
2015-02-10,2.08,2.19,2.23,2.07,209120,114436966.00,7.69,5.29,0.11,2.60
2015-02-11,2.20,2.20,2.30,2.13,354303,200919913.00,7.76,0.46,0.01,4.41
2015-02-12,2.17,2.18,2.28,2.14,177312,99098573.00,6.36,-0.91,-0.02,2.21
2015-02-13,2.19,2.22,2.27,2.18,107582,60256574.00,4.13,1.83,0.04,1.34
2015-02-16,2.20,2.16,2.25,2.16,123974,68903409.00,4.05,-2.70,-0.06,1.54
2015-02-17,2.16,2.16,2.19,2.11,145292,78412802.00,3.70,0.00,0.00,1.81
2015-02-25,2.16,2.15,2.22,2.13,123732,67319272.00,4.17,-0.46,-0.01,1.54
2015-02-26,2.14,2.18,2.18,2.12,180674,98331080.00,2.79,1.40,0.03,2.25
2015-02-27,2.16,2.28,2.30,2.16,260289,144909229.00,6.42,4.59,0.10,3.24
2015-03-02,2.28,2.36,2.37,2.24,223526,130441394.00,5.70,3.51,0.08,2.78
2015-03-03,2.34,2.38,2.43,2.33,243563,144950881.00,4.24,0.85,0.02,3.03
2015-03-04,2.38,2.49,2.49,2.34,151500,92130860.00,6.30,4.62,0.11,1.88
2015-03-05,2.49,2.65,2.70,2.46,191165,122655375.00,9.64,6.43,0.16,2.38
2015-03-06,2.63,2.67,2.75,2.57,284246,188024987.00,6.79,0.75,0.02,3.54
2015-03-09,2.59,2.53,2.66,2.43,213524,133732761.00,8.61,-5.24,-0.14,2.66
2015-03-10,2.51,2.53,2.56,2.50,77469,48672530.00,2.37,0.00,0.00,0.96
2015-03-11,2.53,2.61,2.62,2.51,158749,100957291.00,4.35,3.16,0.08,1.97
2015-03-12,2.59,2.75,2.76,2.59,233639,154607110.00,6.51,5.36,0.14,2.91
2015-03-13,2.75,2.80,2.81,2.71,202273,137207845.00,3.64,1.82,0.05,2.52
2015-03-16,2.81,2.84,2.88,2.75,291019,202029517.00,4.64,1.43,0.04,3.62
2015-03-17,2.85,2.81,2.88,2.76,367999,254454958.00,4.23,-1.06,-0.03,4.58
2015-03-18,2.79,2.81,2.90,2.72,445775,307506576.00,6.41,0.00,0.00,5.54
2015-03-19,2.80,2.68,2.80,2.63,233694,155406004.00,6.05,-4.63,-0.13,2.91
2015-03-20,2.65,2.68,2.70,2.64,177268,116453317.00,2.24,0.00,0.00,2.20
2015-03-23,2.68,2.66,2.71,2.63,223461,146194619.00,2.99,-0.75,-0.02,2.78
2015-03-24,2.66,2.68,2.80,2.62,435092,289784704.00,6.77,0.75,0.02,5.41
2015-03-25,2.68,2.56,2.68,2.52,498795,316961808.00,5.97,-4.48,-0.12,6.20
2015-03-26,2.54,2.56,2.57,2.50,230725,144236540.00,2.73,0.00,0.00,2.87
2015-03-27,2.54,2.54,2.58,2.50,273857,171907771.00,3.13,-0.78,-0.02,3.41
2015-03-30,2.53,2.55,2.56,2.50,394535,248122755.00,2.36,0.39,0.01,4.91
2015-03-31,2.56,2.52,2.58,2.50,319820,200620160.00,3.14,-1.18,-0.03,3.98
2015-04-01,2.52,2.54,2.54,2.51,232225,145682951.00,1.19,0.79,0.02,2.89
2015-04-02,2.56,2.53,2.57,2.51,259993,162902966.00,2.36,-0.39,-0.01,3.23
2015-04-03,2.52,2.54,2.55,2.47,358192,223757206.00,3.16,0.40,0.01,4.46
2015-04-07,2.54,2.71,2.72,2.54,654683,421156480.00,7.09,6.69,0.17,8.14
2015-04-08,2.71,2.63,2.72,2.59,449176,292673008.00,4.80,-2.95,-0.08,5.59
2015-04-09,2.67,2.50,2.68,2.45,366743,230014842.00,8.75,-4.94,-0.13,4.56
2015-04-10,2.50,2.54,2.58,2.45,301956,189058683.00,5.20,1.60,0.04,3.76
2015-04-13,2.53,2.56,2.59,2.53,316158,200296543.00,2.36,0.79,0.02,3.93
2015-04-14,2.54,2.57,2.60,2.50,377566,238144519.00,3.91,0.39,0.01,4.70
2015-04-15,2.57,2.43,2.57,2.43,295212,182183357.00,5.45,-5.45,-0.14,3.67
2015-04-16,2.23,2.35,2.37,2.22,448236,258572033.00,6.17,-3.29,-0.08,5.58
2015-04-17,2.37,2.41,2.45,2.32,360411,214365396.00,5.53,2.55,0.06,4.48
2015-04-20,2.40,2.35,2.44,2.32,351211,208663155.00,4.98,-2.49,-0.06,4.37
2015-04-21,2.33,2.44,2.45,2.32,291042,174445854.00,5.53,3.83,0.09,3.62
2015-04-22,2.46,2.53,2.54,2.46,372029,231714923.00,3.28,3.69,0.09,4.63
2015-04-23,2.53,2.65,2.67,2.52,626804,405354896.00,5.93,4.74,0.12,7.80
2015-04-24,2.63,2.58,2.63,2.53,375876,240142913.00,3.77,-2.64,-0.07,4.68
2015-04-27,2.58,2.65,2.66,2.54,520713,335977264.00,4.65,2.71,0.07,6.48
2015-04-28,2.68,2.63,2.84,2.60,648309,432409648.00,9.06,-0.75,-0.02,8.06
2015-04-29,2.57,2.59,2.61,2.51,272918,173340391.00,3.80,-1.52,-0.04,3.39
2015-04-30,2.59,2.49,2.59,2.49,269214,169459940.00,3.86,-3.86,-0.10,3.35
2015-05-04,2.52,2.55,2.59,2.48,231947,146357515.00,4.42,2.41,0.06,2.88
2015-05-05,2.55,2.37,2.58,2.34,236016,145465703.00,9.41,-7.06,-0.18,2.94
2015-05-06,2.36,2.36,2.44,2.33,211432,126054367.00,4.64,-0.42,-0.01,2.63
2015-05-07,2.36,2.16,2.37,2.15,194782,109276680.00,9.32,-8.47,-0.20,2.42
2015-05-08,2.17,2.22,2.23,2.16,135504,75011203.00,3.24,2.78,0.06,1.69
2015-05-11,2.24,2.30,2.31,2.22,171021,97205176.00,4.05,3.60,0.08,2.13
2015-05-12,2.31,2.32,2.33,2.28,174434,100893576.00,2.17,0.87,0.02,2.17
2015-05-13,2.32,2.33,2.35,2.28,164245,95639145.00,3.02,0.43,0.01,2.04
2015-05-14,2.32,2.31,2.32,2.25,164389,94336897.00,3.00,-0.86,-0.02,2.04
2015-05-15,2.30,2.23,2.30,2.18,142826,80613484.00,5.19,-3.46,-0.08,1.78
2015-05-18,2.21,2.28,2.29,2.19,137808,78234431.00,4.48,2.24,0.05,1.71
2015-05-19,2.28,2.37,2.38,2.26,185685,108645602.00,5.26,3.95,0.09,2.31
2015-05-20,2.38,2.38,2.43,2.35,203305,121802534.00,3.38,0.42,0.01,2.53
2015-05-21,2.37,2.41,2.41,2.34,172715,102577599.00,2.94,1.26,0.03,2.15
2015-05-22,2.42,2.51,2.56,2.42,327399,202952226.00,5.81,4.15,0.10,4.07
2015-05-25,2.52,2.63,2.64,2.52,398889,255956256.00,4.78,4.78,0.12,4.96
2015-05-26,2.65,2.74,2.75,2.63,466241,308775952.00,4.56,4.18,0.11,5.80
2015-05-27,2.76,2.95,3.04,2.65,713724,495395200.00,14.23,7.66,0.21,8.88
2015-05-28,2.92,2.63,2.94,2.63,606011,418773824.00,10.51,-10.85,-0.32,7.54
2015-05-29,2.59,2.70,2.72,2.42,445553,286540672.00,11.41,2.66,0.07,5.54
2015-06-01,2.72,2.90,2.91,2.64,494817,341885520.00,10.00,7.41,0.20,6.15
2015-06-02,2.93,3.13,3.16,2.87,583490,426344976.00,10.00,7.93,0.23,7.26
2015-06-03,3.13,3.21,3.23,2.98,588252,448383776.00,7.99,2.56,0.08,7.32
2015-06-04,3.17,3.33,3.35,3.02,566807,439974544.00,10.28,3.74,0.12,7.05
2015-06-05,3.40,3.56,3.68,3.27,643368,540936832.00,12.31,6.91,0.23,8.00
2015-06-08,3.54,3.41,3.63,3.37,545140,452461568.00,7.30,-4.21,-0.15,6.78
2015-06-09,3.40,3.38,3.54,3.33,379320,312441888.00,6.16,-0.88,-0.03,4.72
2015-06-10,3.35,3.44,3.49,3.27,339151,278606544.00,6.51,1.78,0.06,4.22
2015-06-11,3.41,3.44,3.47,3.36,248020,204105553.00,3.20,0.00,0.00,3.08
2015-06-12,3.42,3.63,3.72,3.42,462535,393523360.00,8.72,5.52,0.19,5.75
2015-06-15,3.59,3.79,3.99,3.58,593947,532940032.00,11.29,4.41,0.16,7.39
2015-06-16,3.72,3.48,3.76,3.41,444582,380009888.00,9.23,-8.18,-0.31,5.53
2015-06-17,3.54,3.61,3.63,3.19,411313,338897792.00,12.64,3.74,0.13,5.12
2015-06-18,3.61,3.48,3.77,3.43,398982,346043392.00,9.42,-3.60,-0.13,4.96
2015-06-19,3.32,3.16,3.46,3.10,273038,216634115.00,10.34,-9.20,-0.32,3.40
2015-06-23,3.16,3.51,3.51,3.03,414917,333195328.00,15.19,11.08,0.35,5.16
2015-06-24,3.68,3.76,3.86,3.57,806445,713702000.00,8.26,7.12,0.25,10.03
2015-06-25,3.73,3.90,4.12,3.63,820532,750993088.00,13.03,3.72,0.14,10.21
2015-06-26,3.71,3.48,3.87,3.48,594497,521876800.00,10.00,-10.77,-0.42,7.39
2015-06-29,3.51,3.46,3.68,3.10,606092,500845360.00,16.67,-0.57,-0.02,7.54
2015-06-30,3.45,3.42,3.53,3.08,537126,429467856.00,13.01,-1.16,-0.04,6.68
2015-07-01,3.32,3.04,3.44,3.04,420361,331143792.00,11.70,-11.11,-0.38,5.23
2015-07-02,2.95,2.71,2.95,2.71,287235,194871674.00,7.89,-10.86,-0.33,3.57
2015-07-03,2.43,2.40,2.62,2.40,232570,141389167.00,8.12,-11.44,-0.31,2.89
2015-07-06,2.63,2.13,2.63,2.13,363265,211055900.00,20.83,-11.25,-0.27,4.52
2015-07-07,1.95,1.88,1.95,1.88,130479,63536324.00,3.29,-11.74,-0.25,1.62
2015-07-13,2.11,2.11,2.11,2.11,12670,6765748.00,0.00,12.23,0.23,0.16
2015-07-14,2.35,2.35,2.35,2.35,19168,11251798.00,0.00,11.37,0.24,0.24
2015-07-15,2.35,2.08,2.35,2.08,300895,166686879.00,11.49,-11.49,-0.27,3.74
2015-07-16,1.84,2.05,2.18,1.84,324260,166439339.00,16.35,-1.44,-0.03,4.03
2015-07-17,2.05,2.25,2.27,2.01,338580,183484368.00,12.68,9.76,0.20,4.21
2015-07-20,2.27,2.30,2.43,2.18,355409,204042768.00,11.11,2.22,0.05,4.42
2015-07-21,2.24,2.56,2.56,2.20,378787,229333981.00,15.65,11.30,0.26,4.71
2015-07-22,2.59,2.60,2.74,2.41,597612,374605040.00,12.89,1.56,0.04,7.43
2015-07-23,2.52,2.61,2.69,2.50,428436,277068288.00,7.31,0.38,0.01,5.33
2015-07-24,2.56,2.48,2.66,2.45,347813,222084471.00,8.05,-4.98,-0.13,4.33
2015-07-27,2.41,2.20,2.53,2.20,306580,180423034.00,13.31,-11.29,-0.28,3.81
2015-07-28,2.00,2.04,2.24,1.95,285809,149091367.00,13.18,-7.27,-0.16,3.55
2015-07-29,2.11,2.28,2.28,2.06,342640,188124991.00,10.78,11.76,0.24,4.26
2015-07-30,2.29,2.33,2.53,2.27,348888,209195335.00,11.40,2.19,0.05,4.34
2015-07-31,2.26,2.36,2.45,2.26,199038,118473282.00,8.15,1.29,0.03,2.48
2015-08-03,2.27,2.50,2.58,2.27,354291,218065365.00,13.14,5.93,0.14,4.41
2015-08-04,2.45,2.62,2.66,2.40,348965,218622547.00,10.40,4.80,0.12,4.34
2015-08-05,2.59,2.62,2.71,2.52,319009,207047083.00,7.25,0.00,0.00,3.97
2015-08-06,2.53,2.52,2.65,2.49,153105,97639332.00,6.11,-3.82,-0.10,1.90
2015-08-07,2.55,2.57,2.63,2.54,137250,87608292.00,3.57,1.98,0.05,1.71
2015-08-10,2.63,2.67,2.72,2.54,430828,280151808.00,7.00,3.89,0.10,5.36
2015-08-11,2.69,2.70,2.78,2.56,455605,300475040.00,8.24,1.12,0.03,5.67
2015-08-12,2.61,2.58,2.76,2.57,318882,208856858.00,7.04,-4.44,-0.12,3.97
2015-08-13,2.53,2.63,2.64,2.48,300644,191067190.00,6.20,1.94,0.05,3.74
2015-08-14,2.66,2.60,2.66,2.59,266893,172615841.00,2.66,-1.14,-0.03,3.32
2015-08-17,2.60,2.72,2.73,2.54,300334,196547975.00,7.31,4.62,0.12,3.74
2015-08-18,2.72,2.72,2.94,2.59,821344,563848464.00,12.87,0.00,0.00,10.22
2015-08-19,2.76,3.02,3.02,2.72,968287,698480288.00,11.03,11.03,0.30,12.04
2015-08-20,3.25,3.24,3.36,3.13,1467308,1166510096.00,7.62,7.28,0.22,18.25
2015-08-21,3.03,2.88,3.11,2.88,903883,644967808.00,7.10,-11.11,-0.36,11.24
2015-08-24,2.57,2.57,2.68,2.57,88270,56180230.00,3.82,-10.76,-0.31,1.10
2015-08-25,2.28,2.28,2.28,2.28,26445,15126540.00,0.00,-11.28,-0.29,0.33
2015-08-26,2.02,2.02,2.25,2.02,778269,408309264.00,10.09,-11.40,-0.26,9.68
2015-08-27,1.95,1.93,2.09,1.79,527436,259636093.00,14.85,-4.46,-0.09,6.56
2015-08-28,1.98,2.16,2.16,1.92,540198,278311120.00,12.44,11.92,0.23,6.72
2015-08-31,2.10,1.96,2.10,1.94,398486,204886729.00,7.41,-9.26,-0.20,4.96
2015-09-01,1.97,1.86,2.07,1.84,359828,179522118.00,11.73,-5.10,-0.10,4.48
2015-09-02,1.69,1.68,1.90,1.66,274799,125454536.00,12.90,-9.68,-0.18,3.42
2015-09-07,1.70,1.73,1.80,1.68,213759,96764784.00,7.14,2.98,0.05,2.66
2015-09-08,1.71,1.82,1.83,1.68,198182,90733649.00,8.67,5.20,0.09,2.46
2015-09-09,1.83,1.92,1.98,1.80,282241,137183044.00,9.89,5.49,0.10,3.51
2015-09-10,1.86,1.83,1.92,1.82,171515,82604948.00,5.21,-4.69,-0.09,2.13
2015-09-11,1.83,1.83,1.86,1.79,118566,56074802.00,3.83,0.00,0.00,1.47
2015-09-14,1.85,1.62,1.88,1.62,227401,103589866.00,14.21,-11.48,-0.21,2.83
2015-09-15,1.59,1.44,1.64,1.43,173043,70132136.00,12.96,-11.11,-0.18,2.15
2015-09-16,1.44,1.61,1.62,1.44,190960,77283940.00,12.50,11.81,0.17,2.38
2015-09-17,1.60,1.56,1.68,1.54,186953,79935499.00,8.70,-3.11,-0.05,2.33
2015-09-18,1.56,1.56,1.59,1.52,102975,42457764.00,4.49,0.00,0.00,1.28
2015-09-21,1.52,1.63,1.65,1.52,130363,55398702.00,8.33,4.49,0.07,1.62
2015-09-22,1.63,1.65,1.68,1.61,150562,65205715.00,4.29,1.23,0.02,1.87
2015-09-23,1.63,1.58,1.63,1.56,109593,46202537.00,4.24,-4.24,-0.07,1.36
2015-09-24,1.58,1.61,1.63,1.58,95744,40524460.00,3.16,1.90,0.03,1.19
2015-09-25,1.60,1.53,1.62,1.52,120626,50073699.00,6.21,-4.97,-0.08,1.50
2015-09-28,1.53,1.68,1.72,1.51,189035,79878049.00,13.73,9.80,0.15,2.35
2015-09-29,1.61,1.70,1.84,1.60,317186,143396044.00,14.29,1.19,0.02,3.95
2015-09-30,1.71,1.83,1.86,1.66,302375,140578207.00,11.76,7.65,0.13,3.76
2015-10-08,1.84,1.84,1.88,1.76,257906,121775163.00,6.56,0.55,0.01,3.21
2015-10-09,1.81,1.78,1.82,1.72,361369,165426409.00,5.43,-3.26,-0.06,4.49
2015-10-12,1.77,1.85,1.88,1.76,314349,148368569.00,6.74,3.93,0.07,3.91
2015-10-13,1.83,1.85,1.87,1.81,189944,90293313.00,3.24,0.00,0.00,2.36
2015-10-14,1.86,1.83,1.93,1.82,196298,94862678.00,5.95,-1.08,-0.02,2.44
2015-10-15,1.82,1.89,1.92,1.77,227793,109059707.00,8.20,3.28,0.06,2.83
2015-10-16,1.90,1.93,1.99,1.87,308738,152100659.00,6.35,2.12,0.04,3.84
2015-10-19,1.92,1.93,1.97,1.86,277565,135525156.00,5.70,0.00,0.00,3.45
2015-10-20,1.91,1.93,1.96,1.89,246302,121969498.00,3.63,0.00,0.00,3.06
2015-10-21,1.92,1.71,1.96,1.71,263777,125256053.00,12.95,-11.40,-0.22,3.28
2015-10-22,1.69,1.76,1.76,1.68,170810,77010521.00,4.68,2.92,0.05,2.12
2015-10-23,1.76,1.80,1.81,1.75,158606,73435222.00,3.41,2.27,0.04,1.97
2015-10-26,1.82,1.80,1.84,1.78,134584,62917152.00,3.33,0.00,0.00,1.67
2015-10-27,1.79,1.83,1.83,1.69,154102,70403530.00,7.78,1.67,0.03,1.92
2015-10-28,1.79,1.83,1.93,1.78,190965,91366931.00,8.20,0.00,0.00,2.38
2015-10-29,1.85,1.83,1.86,1.80,144103,68108645.00,3.28,0.00,0.00,1.79
2015-10-30,1.83,1.82,1.84,1.78,97044,45453000.00,3.28,-0.55,-0.01,1.21
2015-11-02,1.77,1.80,1.85,1.77,101137,47571523.00,4.40,-1.10,-0.02,1.26
2015-11-03,1.81,1.82,1.88,1.77,109367,51779753.00,6.11,1.11,0.02,1.36
2015-11-04,1.83,1.92,1.93,1.81,262700,126599276.00,6.59,5.49,0.10,3.27
2015-11-05,1.91,2.02,2.10,1.88,399416,202048872.00,11.46,5.21,0.10,4.97
2015-11-06,1.98,2.07,2.08,1.94,458129,233599656.00,6.93,2.48,0.05,5.70
2015-11-09,2.00,2.02,2.04,1.98,310167,158793959.00,2.90,-2.42,-0.05,3.86
2015-11-10,2.00,2.03,2.05,1.99,220944,113841946.00,2.97,0.50,0.01,2.75
2015-11-11,2.02,2.04,2.09,2.00,253728,131934298.00,4.43,0.49,0.01,3.16
2015-11-12,2.03,2.01,2.06,1.99,204510,105398826.00,3.43,-1.47,-0.03,2.54
2015-11-13,1.98,1.98,2.03,1.95,168994,86094016.00,3.98,-1.49,-0.03,2.10
2015-11-16,1.95,2.08,2.12,1.93,300079,156153438.00,9.60,5.05,0.10,3.73
2015-11-17,2.10,2.10,2.17,2.04,280360,150110949.00,6.25,0.96,0.02,3.49
2015-11-18,2.09,2.20,2.25,2.09,342014,188928539.00,7.62,4.76,0.10,4.25
2015-11-19,2.18,2.45,2.45,2.16,473491,278747696.00,13.18,11.36,0.25,5.89
2015-11-20,2.45,2.50,2.58,2.41,453075,280237072.00,6.94,2.04,0.05,5.64
2015-11-23,2.50,2.54,2.64,2.46,285809,180305408.00,7.20,1.60,0.04,3.55
2015-11-24,2.51,2.66,2.71,2.50,269883,174739520.00,8.27,4.72,0.12,3.36
2015-11-25,2.66,2.64,2.71,2.54,307662,198280398.00,6.39,-0.75,-0.02,3.83
2015-11-26,2.60,2.57,2.65,2.53,189988,121511848.00,4.55,-2.65,-0.07,2.36
2015-11-27,2.57,2.48,2.73,2.46,297329,189003954.00,10.51,-3.50,-0.09,3.70
2015-11-30,2.49,2.54,2.58,2.40,265605,165664906.00,7.26,2.42,0.06,3.30
2015-12-01,2.54,2.65,2.69,2.52,203825,131523107.00,6.69,4.33,0.11,2.54
2015-12-02,2.63,2.72,2.75,2.54,242234,157331670.00,7.92,2.64,0.07,3.01
2015-12-03,2.70,2.75,2.83,2.67,172028,116992382.00,5.88,1.10,0.03,2.14
2015-12-04,2.73,2.70,2.75,2.65,180586,119731186.00,3.64,-1.82,-0.05,2.25
2015-12-07,2.69,2.82,2.83,2.65,141072,95620157.00,6.67,4.44,0.12,1.75
2015-12-08,2.81,2.80,2.84,2.74,140628,96150432.00,3.55,-0.71,-0.02,1.75
2015-12-09,2.79,2.70,2.81,2.69,135734,91028222.00,4.29,-3.57,-0.10,1.69
2015-12-10,2.68,2.63,2.73,2.60,139360,91112158.00,4.81,-2.59,-0.07,1.73
2015-12-11,2.63,2.61,2.65,2.50,144428,91537712.00,5.70,-0.76,-0.02,1.80
2015-12-14,2.57,2.61,2.63,2.49,97346,61741578.00,5.36,0.00,0.00,1.21
2015-12-15,2.61,2.64,2.68,2.58,62011,40339196.00,3.83,1.15,0.03,0.77
2015-12-16,2.64,2.66,2.69,2.62,72534,47544161.00,2.65,0.76,0.02,0.90
2015-12-17,2.65,2.73,2.76,2.63,115364,76790581.00,4.89,2.63,0.07,1.43
2015-12-18,2.77,2.76,2.82,2.73,151239,103143600.00,3.30,1.10,0.03,1.88
2015-12-21,2.73,2.90,2.93,2.71,138789,97611247.00,7.97,5.07,0.14,1.73
2015-12-22,2.93,2.86,2.97,2.84,209721,148573923.00,4.48,-1.38,-0.04,2.61
2015-12-23,2.85,2.83,2.90,2.77,115901,80573426.00,4.55,-1.05,-0.03,1.44
2015-12-24,2.79,2.81,2.86,2.74,60336,41285259.00,4.24,-0.71,-0.02,0.75
2015-12-25,2.95,2.84,2.95,2.82,80637,56530645.00,4.63,1.07,0.03,1.00
2015-12-28,2.83,2.78,2.86,2.74,93246,63731845.00,4.23,-2.11,-0.06,1.16
2015-12-29,2.77,2.80,2.80,2.72,49417,33462092.00,2.88,0.72,0.02,0.61
2015-12-30,2.81,2.78,2.85,2.77,63731,43829266.00,2.86,-0.71,-0.02,0.79
2015-12-31,2.79,2.79,2.83,2.75,33369,22839147.00,2.88,0.36,0.01,0.42