2025-01-02,61.99,60.06,63.27,59.21,45279,391460542.00,6.54,-3.24,-2.01,5.17
2025-01-03,60.34,58.74,60.82,58.72,33696,282041945.95,3.50,-2.20,-1.32,3.84
2025-01-06,58.29,58.42,59.36,57.65,26808,219906293.68,2.91,-0.54,-0.32,3.06
2025-01-07,58.50,64.29,64.29,58.50,70540,615737665.57,9.91,10.05,5.87,8.05
2025-01-08,64.47,65.48,66.21,63.19,96661,882224646.80,4.70,1.85,1.19,11.03
2025-01-09,64.87,64.97,66.23,64.19,57474,527698317.73,3.12,-0.78,-0.51,6.56
2025-01-10,64.79,62.50,65.71,62.49,49031,441477062.96,4.96,-3.80,-2.47,5.59
2025-01-13,61.83,60.88,62.54,60.42,38616,331870583.20,3.39,-2.59,-1.62,4.41
2025-01-14,61.53,65.70,66.21,60.34,75671,682996660.57,9.64,7.92,4.82,8.63
2025-01-15,66.44,66.76,67.82,64.79,72770,676373025.28,4.61,1.61,1.06,8.30
2025-01-16,66.53,63.36,66.76,62.90,97914,884233168.05,5.78,-5.09,-3.40,11.17
2025-01-17,64.07,65.39,66.36,62.74,87861,801102761.91,5.71,3.20,2.03,10.03
2025-01-20,66.21,67.79,69.43,65.51,115058,1098664505.98,5.99,3.67,2.40,13.13
2025-01-21,68.07,69.76,70.41,68.00,104148,1010745841.91,3.56,2.91,1.97,11.88
2025-01-22,68.71,67.74,70.85,67.29,71165,684115684.91,5.10,-2.90,-2.02,8.12
2025-01-23,68.36,66.14,68.57,66.13,56094,530692264.04,3.60,-2.36,-1.60,6.40
2025-01-24,66.15,72.78,72.78,65.79,91951,897648710.56,10.57,10.04,6.64,10.49
2025-01-27,73.36,74.35,76.13,69.43,129317,1333401022.62,9.21,2.16,1.57,14.76
2025-02-05,75.50,73.92,79.78,70.86,113884,1180299742.35,12.00,-0.58,-0.43,13.00
2025-02-06,73.01,75.99,76.94,72.41,86313,910113806.29,6.13,2.80,2.07,9.85
2025-02-07,75.76,75.22,77.67,73.69,88060,938238128.25,5.24,-1.01,-0.77,10.05
2025-02-10,74.54,74.71,77.57,73.06,67850,716425640.06,6.00,-0.68,-0.51,7.74
2025-02-11,74.07,73.15,75.10,72.72,49992,515064026.85,3.19,-2.09,-1.56,5.70
2025-02-12,73.61,77.58,79.75,73.04,103978,1123586953.28,9.17,6.06,4.43,11.86
2025-02-13,77.36,73.93,78.36,73.84,72054,763881981.04,5.83,-4.70,-3.65,8.22
2025-02-14,73.00,78.59,79.07,71.46,105481,1124026977.66,10.29,6.30,4.66,12.04
2025-02-17,80.50,84.93,86.21,79.79,109282,1266303722.30,8.17,8.07,6.34,12.47
2025-02-18,83.36,83.50,87.57,82.25,79843,947262567.17,6.26,-1.68,-1.43,9.11
2025-02-19,84.43,87.61,89.16,84.21,67039,819255813.26,5.93,4.92,4.11,7.65
2025-02-20,86.39,86.65,89.07,84.86,58569,717995124.72,4.81,-1.10,-0.96,6.68
2025-02-21,91.41,95.34,95.34,91.41,64540,856505327.14,4.54,10.03,8.69,7.36
2025-02-24,101.13,104.89,104.89,100.11,120856,1767758306.25,5.01,10.02,9.55,13.79
2025-02-25,104.89,103.84,110.81,100.26,170456,2507335582.65,10.06,-1.00,-1.05,19.45
2025-02-26,104.07,106.54,107.52,99.91,121499,1767754374.78,7.33,2.60,2.70,13.86
2025-02-27,110.50,113.06,114.27,106.69,119628,1853679198.34,7.11,6.12,6.52,13.65
2025-02-28,111.93,112.29,116.63,106.91,123627,1950754698.46,8.60,-0.68,-0.77,14.11
2025-03-03,111.14,101.04,112.21,101.04,122410,1794559581.38,9.95,-10.02,-11.25,13.97
2025-03-04,98.36,103.33,104.77,95.50,117599,1658355722.03,9.17,2.27,2.29,13.42
2025-03-05,103.00,102.42,104.70,98.99,77171,1098405927.54,5.53,-0.88,-0.91,8.81
2025-03-06,103.35,102.91,105.43,101.93,74039,1078095471.29,3.42,0.48,0.49,8.45
2025-03-07,101.44,110.26,113.23,100.41,128857,1956629184.46,12.46,7.14,7.35,14.70
2025-03-10,108.80,109.43,112.36,106.21,77642,1184472570.86,5.58,-0.75,-0.83,8.86
2025-03-11,106.93,107.45,108.34,104.21,53638,798985546.75,3.77,-1.81,-1.98,6.12
2025-03-12,107.64,108.21,111.50,107.23,54793,838475869.40,3.97,0.71,0.76,6.25
2025-03-13,109.07,99.63,110.14,99.27,74268,1069272820.55,10.05,-7.93,-8.58,8.47
2025-03-14,99.79,103.96,104.55,99.78,66439,957928511.60,4.79,4.35,4.33,7.58
2025-03-17,103.58,107.71,108.67,102.71,63697,953981135.00,5.73,3.61,3.75,7.27
2025-03-18,107.68,106.71,110.55,106.49,47146,715117222.30,3.77,-0.93,-1.00,5.38
2025-03-19,106.21,101.94,106.92,101.76,52388,759078040.15,4.84,-4.47,-4.77,5.98
2025-03-20,101.53,100.13,102.34,99.71,40245,569085647.70,2.58,-1.78,-1.81,4.59
2025-03-21,99.43,95.75,100.10,94.57,62786,852072274.90,5.52,-4.37,-4.38,7.16
2025-03-24,95.50,94.14,96.64,91.66,54361,714666564.53,5.20,-1.68,-1.61,6.20
2025-03-25,95.14,89.43,95.43,89.07,59530,759213259.90,6.76,-5.00,-4.71,6.79
2025-03-26,87.73,89.41,90.91,87.73,39259,494872113.00,3.56,-0.02,-0.02,4.48
2025-03-27,89.89,91.03,94.98,89.44,57977,749042319.82,6.20,1.81,1.62,6.62
2025-03-28,91.81,91.05,93.00,90.03,40762,523209677.32,3.26,0.02,0.02,4.65
2025-03-31,91.04,92.76,94.43,89.14,48728,626088486.95,5.81,1.88,1.71,5.56
2025-04-01,92.99,90.26,93.37,89.34,45470,578300133.20,4.34,-2.70,-2.50,5.19
2025-04-02,90.25,92.21,95.41,89.75,56371,732880336.15,6.27,2.16,1.95,6.43
2025-04-03,91.21,90.26,92.99,89.15,40532,515816786.00,4.16,-2.11,-1.95,4.63
2025-04-07,81.35,81.21,84.07,81.21,22021,253301147.00,3.17,-10.03,-9.05,2.51
2025-04-08,77.67,73.81,80.21,73.06,97975,1026681526.55,8.80,-9.11,-7.40,11.18
2025-04-09,72.26,79.40,80.19,68.85,85333,906035569.10,15.36,7.57,5.59,9.74
2025-04-10,81.86,82.34,85.01,81.51,66818,778444993.34,4.41,3.70,2.94,7.62
2025-04-11,80.91,87.41,89.77,80.51,79859,966460985.68,11.25,6.16,5.07,9.11
2025-04-14,90.91,91.07,91.21,87.66,55081,694724541.30,4.06,4.19,3.66,6.29
2025-04-15,91.07,91.49,93.98,89.72,53396,687549822.92,4.68,0.46,0.42,6.09
2025-04-16,91.14,90.49,92.64,88.74,50070,637732100.30,4.26,-1.09,-1.00,5.71
2025-04-17,89.44,95.48,98.54,89.06,70764,942721965.40,10.48,5.51,4.99,8.07
2025-04-18,94.62,92.39,96.57,91.93,48770,641396083.69,4.86,-3.24,-3.09,5.57
2025-04-21,91.21,94.51,96.18,89.07,60991,791023047.80,7.70,2.29,2.12,6.96
2025-04-22,93.93,92.64,94.44,91.13,40911,529865234.09,3.50,-1.98,-1.87,4.67
2025-04-23,92.18,92.19,93.07,91.36,38005,491918838.40,1.85,-0.49,-0.45,4.34
2025-04-24,92.15,90.78,92.18,89.79,37994,483614365.28,2.59,-1.53,-1.41,4.34
2025-04-25,91.06,91.29,92.87,90.50,35494,455647259.30,2.61,0.56,0.51,4.05
2025-04-28,89.19,87.13,90.14,85.54,59243,729076547.24,5.04,-4.56,-4.16,6.76
2025-04-29,87.33,90.20,90.47,86.79,43977,546343497.66,4.22,3.52,3.07,5.02
2025-04-30,86.21,90.86,91.50,84.79,69099,860492672.06,7.44,0.73,0.66,7.88
2025-05-06,90.86,92.38,92.88,88.95,50060,643685212.17,4.33,1.67,1.52,5.71
2025-05-07,93.36,90.93,94.00,90.18,30852,395933719.54,4.14,-1.57,-1.45,3.52
2025-05-08,90.57,91.51,92.34,89.65,29601,377470971.36,2.96,0.64,0.58,3.38
2025-05-09,90.86,88.00,91.50,87.81,31609,393584576.60,4.03,-3.84,-3.51,3.61
2025-05-12,88.21,89.86,92.29,88.12,32821,415679584.88,4.74,2.11,1.86,3.75
2025-05-13,90.79,91.56,94.78,90.14,55890,727909069.78,5.16,1.89,1.70,6.38
2025-05-14,91.65,90.77,94.53,89.44,39319,505477819.33,5.56,-0.86,-0.79,4.49
2025-05-15,90.76,88.05,91.00,88.00,26643,333224038.74,3.31,-3.00,-2.72,3.04
2025-05-16,87.95,85.26,87.95,83.49,34962,420624210.66,5.07,-3.17,-2.79,3.99
2025-05-19,85.50,84.42,85.79,83.07,24147,284558287.52,3.19,-0.99,-0.84,2.76
2025-05-20,84.07,84.30,84.96,83.78,14335,169626573.64,1.40,-0.14,-0.12,1.64
2025-05-21,83.86,83.03,84.06,81.95,20802,241803579.40,2.50,-1.51,-1.27,2.37
2025-05-22,82.64,80.43,83.96,80.29,29608,339619618.30,4.42,-3.13,-2.60,3.38
2025-05-23,80.36,79.24,81.39,79.21,24604,277229660.20,2.71,-1.48,-1.19,2.81
2025-05-26,79.50,79.79,80.41,77.51,25318,281508496.30,3.66,0.69,0.55,2.89
2025-05-27,79.78,77.08,79.96,76.86,26480,289209612.34,3.89,-3.40,-2.71,3.02
2025-05-28,77.08,76.07,77.50,75.58,25404,271883809.70,2.49,-1.31,-1.01,2.90
2025-05-29,76.21,78.14,78.86,76.21,33195,362897899.70,3.48,2.72,2.07,3.79
2025-05-30,77.64,75.59,77.64,75.14,19698,210107776.00,3.20,-3.26,-2.55,2.25
2025-06-03,75.14,75.44,76.66,74.56,16856,179344068.90,2.78,-0.20,-0.15,1.92
2025-06-04,75.55,79.57,81.93,75.55,51926,577342924.57,8.46,5.47,4.13,5.93
2025-06-05,80.14,87.55,87.55,80.14,76765,910052249.37,9.31,10.03,7.98,8.76
2025-06-06,87.64,84.97,88.55,83.65,58683,702925903.42,5.60,-2.95,-2.58,6.70
2025-06-09,85.49,86.11,88.21,84.20,45035,541852660.78,4.72,1.34,1.14,5.14
2025-06-10,85.49,84.44,86.07,83.12,32706,387465483.10,3.43,-1.94,-1.67,3.73
2025-06-11,84.26,85.77,89.07,84.18,52995,648189136.31,5.79,1.58,1.33,6.05
2025-06-12,86.29,87.38,88.60,85.82,38791,474239626.32,3.24,1.88,1.61,4.43
2025-06-13,85.51,85.34,86.57,84.50,21823,261778940.84,2.37,-2.33,-2.04,2.49
2025-06-16,84.72,86.17,88.36,84.72,32301,394205889.00,4.27,0.97,0.83,3.69
2025-06-17,87.09,90.76,90.79,84.50,65852,814480478.82,7.30,5.33,4.59,7.51
2025-06-18,89.99,94.82,96.94,89.62,88222,1153802032.94,8.07,4.47,4.06,10.07
2025-06-19,94.74,93.01,95.60,92.29,46873,616753293.16,3.49,-1.91,-1.81,5.35
2025-06-20,93.01,88.54,94.07,88.36,45698,577049831.84,6.14,-4.81,-4.47,5.21
2025-06-23,86.93,88.07,90.21,86.59,40049,497700745.46,4.09,-0.53,-0.47,4.57
2025-06-24,88.77,88.39,89.70,86.44,44011,541528196.07,3.70,0.36,0.32,5.02
2025-06-25,88.61,90.71,90.71,87.15,50990,639003255.38,4.03,2.62,2.32,5.82
2025-06-26,91.07,88.27,91.19,87.84,45861,575337448.36,3.69,-2.69,-2.44,5.23
2025-06-27,88.28,88.00,89.59,87.14,38305,474171063.64,2.78,-0.31,-0.27,4.37
2025-06-30,87.79,84.31,88.71,83.58,72406,872912190.54,5.83,-4.19,-3.69,8.26
2025-07-01,84.08,84.56,85.86,83.13,44966,532634426.30,3.24,0.30,0.25,4.39
2025-07-02,84.78,86.93,88.61,84.07,66321,806701491.18,5.37,2.80,2.37,6.48
2025-07-03,86.93,84.29,87.29,83.77,61790,735304331.62,4.05,-3.04,-2.64,6.03
2025-07-04,84.29,86.49,87.64,81.47,78762,933329217.68,7.32,2.61,2.20,7.69
2025-07-07,85.50,86.76,89.74,84.94,62112,762682698.14,5.55,0.31,0.27,6.07
2025-07-08,86.78,86.46,87.39,85.21,48246,584816591.64,2.51,-0.35,-0.30,4.71
2025-07-09,86.43,86.79,88.76,85.50,45789,559792538.88,3.77,0.38,0.33,4.47
2025-07-10,86.80,83.10,86.80,82.51,76701,642487738.84,4.94,-4.25,-3.69,5.35
2025-07-11,82.52,81.10,82.52,80.53,73727,597248489.92,2.39,-2.41,-2.00,5.14
2025-07-14,80.70,83.30,84.59,80.02,67038,554802109.02,5.64,2.71,2.20,4.68
2025-07-15,83.29,82.96,83.56,81.20,47012,387574994.45,2.83,-0.41,-0.34,3.28
2025-07-16,83.44,83.56,86.30,83.23,60549,512983938.60,3.70,0.72,0.60,4.22
2025-07-17,83.40,83.67,85.00,82.03,51670,432364416.69,3.55,0.13,0.11,3.60
2025-07-18,83.03,82.22,84.49,82.02,41741,345838552.75,2.95,-1.73,-1.45,2.91
2025-07-21,82.23,81.70,82.60,81.61,33763,276481441.42,1.20,-0.63,-0.52,2.36
2025-07-22,81.60,79.13,81.60,78.79,75598,603878869.62,3.44,-3.15,-2.57,5.27
2025-07-23,79.12,83.90,85.50,79.11,134615,1124469031.56,8.08,6.03,4.77,8.43
2025-07-24,83.91,84.19,85.87,81.76,85964,723103817.73,4.90,0.35,0.29,5.38
2025-07-25,83.50,87.30,87.80,83.41,99960,857764709.14,5.21,3.69,3.11,6.26
2025-07-28,87.50,86.38,88.80,85.50,83191,722745794.18,3.78,-1.05,-0.92,5.21
2025-07-29,86.00,86.64,87.24,85.56,61578,531118979.93,1.94,0.30,0.26,3.85
2025-07-30,86.64,85.10,87.90,84.63,73972,637316768.14,3.77,-1.78,-1.54,4.63
2025-07-31,84.25,85.45,87.96,84.25,78635,680895821.07,4.36,0.41,0.35,4.92
2025-08-01,85.45,87.93,89.79,84.40,100666,872962404.87,6.31,2.90,2.48,6.30
2025-08-04,87.24,88.53,88.80,87.05,62608,551347935.17,1.99,0.68,0.60,3.92
2025-08-05,89.21,87.88,90.97,87.06,59314,525431173.82,4.42,-0.73,-0.65,3.71
2025-08-06,87.90,87.50,88.77,87.06,50266,440186856.81,1.95,-0.43,-0.38,3.15
2025-08-07,87.06,87.89,90.10,86.25,85092,749681938.31,4.40,0.45,0.39,5.33
2025-08-08,87.10,89.64,90.00,86.20,88718,783678633.31,4.32,1.99,1.75,5.55
2025-08-11,91.61,93.93,94.83,91.00,160739,1497664900.48,4.27,4.79,4.29,10.06
2025-08-12,94.16,95.78,98.98,94.16,142851,1375362464.18,5.13,1.97,1.85,8.94
2025-08-13,95.08,93.84,95.80,93.80,92405,874402702.92,2.09,-2.03,-1.94,5.78
2025-08-14,94.31,92.71,95.19,92.68,73795,693406750.53,2.67,-1.20,-1.13,4.62
2025-08-15,91.78,92.75,93.30,91.09,76350,704326809.42,2.38,0.04,0.04,4.78
2025-08-18,92.79,93.11,94.77,92.00,78386,730078879.57,2.99,0.39,0.36,4.91
2025-08-19,92.00,91.02,93.72,89.00,100024,915900827.73,5.07,-2.24,-2.09,6.26
2025-08-20,90.80,91.55,91.55,89.70,76064,687856689.20,2.03,0.58,0.53,4.76
2025-08-21,92.00,96.60,100.71,91.80,242752,2370386122.41,9.73,5.52,5.05,15.19
2025-08-22,96.11,98.92,100.46,94.80,169039,1662324677.75,5.86,2.40,2.32,10.58
2025-08-25,99.03,99.61,102.97,97.14,144725,1436100869.90,5.89,0.70,0.69,9.06
2025-08-26,99.61,98.27,101.70,98.02,100981,1005509288.62,3.69,-1.35,-1.34,6.32
2025-08-27,98.27,96.88,100.22,96.52,107978,1063199841.85,3.77,-1.41,-1.39,6.76
2025-08-28,96.00,98.00,98.00,93.20,108976,1048322265.82,4.95,1.16,1.12,6.82
2025-08-29,97.02,94.32,97.20,93.88,93070,882251066.36,3.39,-3.76,-3.68,5.83
2025-09-01,102.02,101.97,103.75,96.69,253017,2561274719.40,7.49,8.11,7.65,15.84
2025-09-02,99.00,95.40,100.00,94.23,163051,1581793286.46,5.66,-6.44,-6.57,10.21
2025-09-03,95.00,92.09,95.34,91.88,82213,767511275.62,3.63,-3.47,-3.31,5.15
2025-09-04,91.29,86.88,92.50,85.25,94614,840395627.28,7.87,-5.66,-5.21,5.92
2025-09-05,87.72,95.57,95.57,86.55,144309,1337567766.24,10.38,10.00,8.69,9.03
2025-09-08,95.10,95.72,96.10,93.04,99514,941603948.73,3.20,0.16,0.15,6.23
2025-09-09,95.24,92.85,95.50,92.69,63683,597590257.54,2.94,-3.00,-2.87,3.99
2025-09-10,93.02,94.92,97.30,92.67,77999,743937476.09,4.99,2.23,2.07,4.88
2025-09-11,94.91,99.80,101.00,94.32,139238,1369221049.25,7.04,5.14,4.88,8.71
2025-09-12,104.70,109.78,109.78,104.70,165325,1805077494.92,5.09,10.00,9.98,10.35
2025-09-15,117.40,117.91,120.76,114.00,356432,4199800689.89,6.16,7.41,8.13,22.31
2025-09-16,120.00,125.50,129.00,120.00,248364,3095908975.86,7.63,6.44,7.59,15.54
2025-09-17,125.50,131.49,132.98,123.79,268174,3432384095.90,7.32,4.77,5.99,16.78
2025-09-18,136.00,128.19,138.00,126.00,256570,3400312627.99,9.13,-2.51,-3.30,16.06
2025-09-19,135.00,141.01,141.01,133.01,204957,2864618049.35,6.24,10.00,12.82,12.83
2025-09-22,150.00,155.11,155.11,148.00,93736,1436673840.16,5.04,10.00,14.10,5.87
2025-09-23,162.96,170.62,170.62,159.81,304172,5040461043.97,6.97,10.00,15.51,19.04
2025-09-24,168.61,182.00,185.00,166.90,287402,5116602995.57,10.61,6.67,11.38,17.99
2025-09-25,174.20,177.27,182.30,174.20,208874,3711046241.15,4.45,-2.60,-4.73,13.07
2025-09-26,177.27,172.30,183.00,172.30,169119,3011917897.44,6.04,-2.80,-4.97,10.58
2025-09-29,180.00,186.08,189.53,178.00,195119,3617086870.58,6.69,8.00,13.78,12.21
2025-09-30,200.00,204.69,204.69,198.00,62653,1274351329.86,3.60,10.00,18.61,3.92
2025-10-09,222.21,208.08,225.09,201.00,263103,5575096987.72,11.77,1.66,3.39,16.41
2025-10-10,200.07,198.00,203.81,187.40,235946,4592120803.35,7.89,-4.84,-10.08,14.71
2025-10-13,184.81,191.00,198.00,183.58,226561,4318959953.73,7.28,-3.54,-7.00,14.13
2025-10-14,202.08,174.98,203.00,172.72,265547,4949631586.78,15.85,-8.39,-16.02,16.56
2025-10-15,177.79,178.60,179.99,173.00,159581,2811803324.60,3.99,2.07,3.62,9.95
2025-10-16,183.96,196.46,196.46,183.00,190978,3672868296.34,7.54,10.00,17.86,11.91
2025-10-17,191.11,183.03,194.86,181.70,205753,3843619018.54,6.70,-6.84,-13.43,12.83
2025-10-20,186.00,181.04,189.98,175.00,155389,2856790210.12,8.18,-1.09,-1.99,9.69
2025-10-21,185.03,189.19,195.93,185.00,163373,3099630009.79,6.04,4.50,8.15,10.19
2025-10-22,187.81,189.43,191.00,181.21,115567,2155463838.22,5.17,0.13,0.24,7.21
2025-10-23,188.51,197.20,199.90,186.21,202109,3900883534.59,7.23,4.10,7.77,12.60
2025-10-24,209.00,216.92,216.92,201.43,233521,4873232463.41,7.85,10.00,19.72,14.56
2025-10-27,229.59,238.61,238.61,219.79,222069,5062736491.65,8.68,10.00,21.69,13.85
2025-10-28,224.50,231.11,233.89,222.21,184924,4230740798.84,4.90,-3.14,-7.50,11.53
2025-10-29,231.11,237.21,247.80,228.00,192051,4553177123.63,8.57,2.64,6.10,11.97
2025-10-30,247.20,226.09,248.21,225.99,226033,5299382855.86,9.37,-4.69,-11.12,14.09
2025-10-31,230.01,228.24,235.08,216.00,200963,4560189674.93,8.44,0.95,2.15,12.53
2025-11-03,220.00,238.00,241.25,216.90,184884,4257342111.62,10.67,4.28,9.76,11.53
2025-11-04,238.16,224.00,238.16,219.88,159081,3610542292.24,7.68,-5.88,-14.00,9.92
2025-11-05,207.15,224.67,224.67,205.00,129235,2781703902.06,8.78,0.30,0.67,8.06
2025-11-06,245.00,247.14,247.14,240.00,137744,3384382775.80,3.18,10.00,22.47,8.59
2025-11-07,253.34,267.01,271.85,253.34,227464,6056300486.41,7.49,8.04,19.87,14.18
2025-11-10,277.69,282.74,288.00,267.20,201983,5587323844.38,7.79,5.89,15.73,12.56
2025-11-11,287.74,274.43,298.33,271.97,196532,5558372434.38,9.32,-2.94,-8.31,12.22
2025-11-12,272.00,291.07,301.28,270.27,205845,5932009339.63,11.30,6.06,16.64,12.80
2025-11-13,289.00,292.03,306.00,286.77,178041,5260084957.80,6.61,0.33,0.96,11.07
2025-11-14,262.83,270.00,276.23,262.83,186196,4995523210.61,4.59,-7.54,-22.03,11.57
2025-11-17,273.88,264.08,282.20,262.50,156100,4219747379.68,7.30,-2.19,-5.92,9.70
2025-11-18,261.11,257.42,266.60,253.30,159832,4141504527.03,5.04,-2.52,-6.66,9.94
2025-11-19,253.98,263.71,272.00,252.74,153049,4030034110.01,7.48,2.44,6.29,9.51
2025-11-20,271.00,247.46,271.50,245.00,173715,4366630372.58,10.05,-6.16,-16.25,10.80
2025-11-21,222.71,222.71,229.99,222.71,129028,2889337079.28,2.94,-10.00,-24.75,8.02
2025-11-24,219.31,218.11,221.98,210.08,154808,3344280395.51,5.34,-2.07,-4.60,9.62
2025-11-25,230.05,221.06,232.00,220.13,144757,3248692207.61,5.44,1.35,2.95,9.00
2025-11-26,219.03,217.35,222.70,213.60,135117,2939826226.09,4.12,-1.68,-3.71,8.40
2025-11-27,217.35,214.18,221.99,214.00,118769,2586914952.73,3.68,-1.46,-3.17,7.38
2025-11-28,213.15,219.90,225.00,210.08,171449,3724379959.68,6.97,2.67,5.72,10.66
2025-12-01,220.62,214.12,222.73,210.11,161967,3483993431.30,5.74,-2.63,-5.78,10.07
2025-12-02,212.01,207.72,213.00,206.00,126444,2636552325.06,3.27,-2.99,-6.40,7.86
2025-12-03,207.50,205.00,208.35,203.21,79331,1626827924.38,2.47,-1.31,-2.72,4.93
2025-12-04,203.70,202.41,204.99,199.00,86068,1734350893.67,2.92,-1.26,-2.59,5.35
2025-12-05,206.41,202.20,207.99,201.66,96530,1966958487.76,3.13,-0.10,-0.21,6.00
2025-12-08,206.25,222.42,222.42,206.25,171447,3714521262.24,8.00,10.00,20.22,10.66
2025-12-09,223.00,222.70,233.50,218.55,225481,5110250523.52,6.72,0.13,0.28,14.02
2025-12-10,221.23,217.18,224.90,211.34,127689,2770473117.60,6.09,-2.48,-5.52,7.94
2025-12-11,221.88,217.09,224.19,216.30,121178,2664506632.65,3.63,-0.04,-0.09,7.53
2025-12-12,218.00,214.69,221.00,210.60,115262,2481853837.02,4.79,-1.11,-2.40,7.16
2025-12-15,207.33,204.10,207.99,200.30,111924,2283692851.91,3.58,-4.93,-10.59,6.96
2025-12-16,205.00,199.50,206.18,195.67,88691,1771254469.11,5.15,-2.25,-4.60,5.51
2025-12-17,199.58,204.38,204.48,198.00,80254,1619339380.84,3.25,2.45,4.88,4.99
2025-12-18,205.80,205.66,209.50,202.00,114508,2350718649.96,3.67,0.63,1.28,7.12
2025-12-19,209.00,191.25,209.89,191.00,165541,3235650856.13,9.19,-7.01,-14.41,10.29
2025-12-22,196.50,200.45,200.88,195.28,132656,2632866754.95,2.93,4.81,9.20,8.25