2021-01-04,16.37,17.10,17.21,16.10,17136,42002693.00,6.78,4.52,0.74,3.10
2021-01-05,17.10,17.42,17.65,16.91,15621,39056873.00,4.33,1.87,0.32,2.82
2021-01-06,17.40,17.47,17.58,17.07,14663,36826880.00,2.93,0.29,0.05,2.65
2021-01-07,17.36,16.90,17.55,16.77,14484,35686310.00,4.46,-3.26,-0.57,2.62
2021-01-08,16.79,16.31,16.93,16.21,13539,32189478.00,4.26,-3.49,-0.59,2.45
2021-01-11,16.32,15.67,16.36,15.57,14171,32634524.00,4.84,-3.92,-0.64,2.56
2021-01-12,15.50,16.29,16.45,15.38,13250,31119856.00,6.83,3.96,0.62,2.40
2021-01-13,16.42,15.93,16.42,15.86,8430,19586151.00,3.44,-2.21,-0.36,1.52
2021-01-14,15.88,16.65,16.82,15.87,13611,32567017.00,5.96,4.52,0.72,2.46
2021-01-15,16.70,17.35,17.72,16.57,22537,56432428.00,6.91,4.20,0.70,4.07
2021-01-18,16.63,18.04,18.05,16.63,20311,51881438.00,8.18,3.98,0.69,3.67
2021-01-19,17.96,18.65,19.52,17.85,34890,94760815.00,9.26,3.38,0.61,6.31
2021-01-20,18.61,18.67,18.85,18.35,24753,66509683.00,2.68,0.11,0.02,4.47
2021-01-21,18.18,20.43,20.57,18.17,51016,143625123.00,12.85,9.43,1.76,9.22
2021-01-22,20.25,18.35,21.68,18.33,76415,215252986.00,16.40,-10.18,-2.08,13.81
2021-01-25,16.45,16.72,17.22,16.45,36820,89241010.00,4.20,-8.88,-1.63,6.66
2021-01-26,16.43,16.54,16.90,16.43,14906,35953525.00,2.81,-1.08,-0.18,2.69
2021-01-27,16.28,16.45,16.77,16.17,12988,30952688.00,3.63,-0.54,-0.09,2.35
2021-01-28,16.30,16.14,16.42,16.02,10104,23710291.00,2.43,-1.88,-0.31,1.83
2021-01-29,16.15,16.13,16.33,15.60,15511,35732253.00,4.52,-0.06,-0.01,2.80
2021-02-01,16.33,17.80,17.80,16.32,27259,68667274.00,9.18,10.35,1.67,4.93
2021-02-02,18.32,18.13,18.60,17.70,30923,81173564.00,5.06,1.85,0.33,5.59
2021-02-03,17.87,17.74,18.30,17.64,15797,40814483.00,3.64,-2.15,-0.39,2.86
2021-02-04,17.70,18.13,18.44,17.68,23098,60318610.00,4.28,2.20,0.39,4.18
2021-02-05,18.02,17.54,18.30,17.47,14931,38597690.00,4.58,-3.25,-0.59,2.70
2021-02-08,17.67,17.80,18.08,17.25,11778,30304569.00,4.73,1.48,0.26,2.13
2021-02-09,17.79,17.84,18.07,17.61,11524,29796806.00,2.58,0.22,0.04,2.08
2021-02-10,17.84,18.77,19.04,17.62,21110,56157379.00,7.96,5.21,0.93,3.82
2021-02-18,19.28,18.80,19.29,18.52,19863,53998497.00,4.10,0.16,0.03,3.59
2021-02-19,18.65,19.41,19.51,18.47,22208,60954381.00,5.53,3.24,0.61,4.01
2021-02-22,19.52,19.16,19.89,19.16,24994,70470649.00,3.76,-1.29,-0.25,4.52
2021-02-23,19.12,19.10,19.33,18.62,13791,37766249.00,3.71,-0.31,-0.06,2.49
2021-02-24,18.90,18.70,19.07,18.57,13661,36996732.00,2.62,-2.09,-0.40,2.47
2021-02-25,18.81,18.30,18.82,18.05,12978,34504616.00,4.12,-2.14,-0.40,2.35
2021-02-26,18.07,18.34,18.54,17.90,10815,28634500.00,3.50,0.22,0.04,1.96
2021-03-01,18.45,18.85,18.92,18.42,12651,34159753.00,2.73,2.78,0.51,2.29
2021-03-02,19.04,18.55,19.04,18.45,10223,27454827.00,3.13,-1.59,-0.30,1.85
2021-03-03,18.58,18.70,18.81,18.35,10540,28384462.00,2.48,0.81,0.15,1.91
2021-03-04,18.56,18.22,18.65,18.14,13297,35271800.00,2.73,-2.57,-0.48,2.40
2021-03-05,18.10,18.28,18.36,17.85,6796,17892995.00,2.80,0.33,0.06,1.23
2021-03-08,18.48,18.03,18.57,17.94,9391,24848880.00,3.45,-1.37,-0.25,1.70
2021-03-09,17.97,17.06,18.31,16.88,13962,35197239.00,7.93,-5.38,-0.97,2.52
2021-03-10,17.77,18.58,18.82,17.68,45876,122660024.00,6.68,8.91,1.52,8.29
2021-03-11,17.95,18.13,18.16,17.57,29732,77198874.00,3.18,-2.42,-0.45,5.37
2021-03-12,18.10,17.72,18.10,17.67,17261,44418801.00,2.37,-2.26,-0.41,3.12
2021-03-15,17.68,17.86,18.17,17.50,13234,34171251.00,3.78,0.79,0.14,2.39
2021-03-16,17.77,17.90,17.96,17.72,8609,22247990.00,1.34,0.22,0.04,1.56
2021-03-17,18.15,18.63,18.65,18.06,20992,55805764.00,3.30,4.08,0.73,3.79
2021-03-18,18.52,18.70,18.71,18.41,15700,42166225.00,1.61,0.38,0.07,2.84
2021-03-19,18.55,18.93,19.20,18.50,21279,58210576.00,3.74,1.23,0.23,3.85
2021-03-22,18.93,19.12,19.40,18.93,16538,45776591.00,2.48,1.00,0.19,2.99
2021-03-23,18.99,19.95,20.00,18.99,29343,83497118.00,5.28,4.34,0.83,5.30
2021-03-24,19.94,19.85,20.25,19.49,19795,56647341.00,3.81,-0.50,-0.10,3.58
2021-03-25,19.82,19.07,20.07,19.05,17284,48477589.00,5.14,-3.93,-0.78,3.12
2021-03-26,19.41,19.42,19.52,19.15,14036,39305278.00,1.94,1.84,0.35,2.54
2021-03-29,19.46,19.47,19.52,19.08,12259,34116128.00,2.27,0.26,0.05,2.22
2021-03-30,19.62,19.54,19.72,19.27,14940,42024207.00,2.31,0.36,0.07,2.70
2021-03-31,20.18,19.40,20.39,19.25,27482,78457302.00,5.83,-0.72,-0.14,4.97
2021-04-01,19.31,19.07,19.52,19.07,16208,45065225.00,2.32,-1.70,-0.33,2.93
2021-04-02,19.29,19.29,19.38,18.97,11295,31311472.00,2.15,1.15,0.22,2.04
2021-04-06,19.28,19.32,19.47,19.12,9049,25174053.00,1.81,0.16,0.03,1.64
2021-04-07,19.32,19.22,19.32,19.15,9700,26889917.00,0.88,-0.52,-0.10,1.75
2021-04-08,19.15,18.80,19.15,18.80,14110,38535073.00,1.82,-2.19,-0.42,2.55
2021-04-09,18.89,18.88,18.95,18.72,5674,15453047.00,1.22,0.43,0.08,1.03
2021-04-12,18.70,18.20,18.77,18.17,13132,34892034.00,3.18,-3.60,-0.68,2.37
2021-04-13,18.22,18.17,18.32,18.07,5478,14404932.00,1.37,-0.16,-0.03,0.99
2021-04-14,18.04,18.47,18.50,18.04,6474,17136320.00,2.53,1.65,0.30,1.17
2021-04-15,18.39,18.37,18.49,18.27,4475,11883109.00,1.19,-0.54,-0.10,0.81
2021-04-16,18.49,18.57,18.65,18.36,6122,16403316.00,1.58,1.09,0.20,1.11
2021-04-19,18.50,18.97,19.24,18.47,11049,30009302.00,4.15,2.15,0.40,2.00
2021-04-20,19.12,18.62,19.17,18.58,10709,29090517.00,3.11,-1.85,-0.35,1.94
2021-04-21,18.55,18.56,18.68,18.39,5471,14633595.00,1.56,-0.32,-0.06,0.99
2021-04-22,18.65,18.52,18.68,18.43,4474,11978010.00,1.35,-0.22,-0.04,0.81
2021-04-23,18.52,18.18,18.55,18.12,7091,18720683.00,2.32,-1.84,-0.34,1.28
2021-04-26,18.18,18.27,18.53,18.15,5116,13586581.00,2.09,0.50,0.09,0.92
2021-04-27,18.25,18.12,18.25,17.90,5497,14353323.00,1.92,-0.82,-0.15,0.99
2021-04-28,18.12,18.36,18.38,17.97,5423,14332349.00,2.26,1.32,0.24,0.98
2021-04-29,18.25,18.17,18.32,18.04,6149,16135120.00,1.53,-1.03,-0.19,1.11
2021-04-30,16.97,16.29,16.97,16.29,25453,60413105.00,3.74,-10.35,-1.88,4.60
2021-05-06,16.28,15.96,16.29,15.68,11222,26076238.00,3.74,-2.03,-0.33,2.03
2021-05-07,16.02,15.86,16.11,15.82,7253,16801493.00,1.82,-0.63,-0.10,1.31
2021-05-10,15.82,15.80,15.87,15.68,5746,13170437.00,1.20,-0.38,-0.06,1.04
2021-05-11,15.76,15.87,15.88,15.68,4584,10503122.00,1.27,0.44,0.07,0.83
2021-05-12,15.87,16.07,16.07,15.76,4757,11020108.00,1.95,1.26,0.20,0.86
2021-05-13,16.06,15.89,16.06,15.84,5129,11874441.00,1.37,-1.12,-0.18,0.93
2021-05-14,16.07,16.01,16.07,15.88,5355,12444224.00,1.20,0.76,0.12,0.97
2021-05-17,16.01,15.95,16.08,15.92,5593,12968369.00,1.00,-0.37,-0.06,1.01
2021-05-18,16.00,15.79,16.00,15.69,6107,13993608.00,1.94,-1.00,-0.16,1.10
2021-05-19,15.79,15.52,15.80,15.50,8084,18376550.00,1.90,-1.71,-0.27,1.46
2021-05-20,15.52,15.22,15.52,15.13,8543,18947481.00,2.51,-1.93,-0.30,1.54
2021-05-21,15.18,15.32,15.40,15.18,3967,8843252.00,1.45,0.66,0.10,0.72
2021-05-24,15.32,15.46,15.49,15.19,3797,8503432.00,1.96,0.91,0.14,0.69
2021-05-25,15.45,15.52,15.58,15.40,5263,11855310.00,1.16,0.39,0.06,0.95
2021-05-26,15.52,15.73,15.82,15.44,5535,12623796.00,2.45,1.35,0.21,1.00
2021-05-27,15.70,15.75,15.80,15.66,4561,10420906.00,0.89,0.13,0.02,0.82
2021-05-28,15.81,15.60,15.81,15.56,4366,9941151.00,1.59,-0.95,-0.15,0.79
2021-05-31,15.60,15.66,15.67,15.50,3306,7511421.00,1.09,0.38,0.06,0.60
2021-06-01,15.70,15.77,15.79,15.60,4067,9295064.00,1.21,0.70,0.11,0.74
2021-06-02,15.79,15.76,15.87,15.73,6111,14024694.00,0.89,-0.06,-0.01,1.10
2021-06-03,15.81,15.82,15.98,15.75,6027,13868834.00,1.46,0.38,0.06,1.09
2021-06-04,15.75,15.72,15.87,15.67,3609,8253118.00,1.26,-0.63,-0.10,0.65
2021-06-07,15.72,16.20,16.27,15.72,12131,28278229.00,3.50,3.05,0.48,2.19
2021-06-08,16.25,16.08,16.35,15.98,6180,14437121.00,2.28,-0.74,-0.12,1.12
2021-06-09,16.00,15.95,16.07,15.82,3768,8726327.00,1.55,-0.81,-0.13,0.68
2021-06-10,15.88,15.98,15.99,15.79,5512,12719477.00,1.25,0.19,0.03,1.00
2021-06-11,16.14,15.95,16.32,15.90,8946,20936206.00,2.63,-0.19,-0.03,1.62
2021-06-15,15.97,16.18,16.19,15.83,6347,14777751.00,2.26,1.44,0.23,1.15
2021-06-16,16.11,15.66,16.11,15.57,9314,21304954.00,3.34,-3.21,-0.52,1.68
2021-06-17,15.68,15.62,15.75,15.52,7698,17499315.00,1.47,-0.26,-0.04,1.39
2021-06-18,15.62,15.71,15.93,15.61,4994,7981664.00,2.05,0.58,0.09,0.64
2021-06-21,15.35,15.42,15.66,15.29,7062,11066535.00,2.36,-1.85,-0.29,0.91
2021-06-22,15.66,15.47,15.66,15.36,5522,8660552.00,1.95,0.32,0.05,0.71
2021-06-23,15.42,15.37,15.52,15.35,6772,10600407.00,1.10,-0.65,-0.10,0.87
2021-06-24,15.43,15.12,15.43,15.10,9558,14781218.00,2.15,-1.63,-0.25,1.23
2021-06-25,15.28,15.14,15.28,14.91,6500,9949478.00,2.45,0.13,0.02,0.84
2021-06-28,15.18,15.33,15.35,14.94,7075,10906511.00,2.71,1.25,0.19,0.91
2021-06-29,15.31,15.21,15.43,15.17,5015,7780894.00,1.70,-0.78,-0.12,0.65
2021-06-30,15.24,15.10,15.26,15.07,6269,9644838.00,1.25,-0.72,-0.11,0.81
2021-07-01,15.15,14.86,15.22,14.83,7732,11786774.00,2.58,-1.59,-0.24,1.00
2021-07-02,14.86,14.49,14.86,14.45,8626,12810318.00,2.76,-2.49,-0.37,1.11
2021-07-05,14.59,14.63,14.63,14.40,4999,7381066.00,1.59,0.97,0.14,0.65
2021-07-06,14.68,14.77,14.97,14.60,5184,7778825.00,2.53,0.96,0.14,0.67
2021-07-07,14.75,15.27,15.74,14.60,17805,27763028.00,7.72,3.39,0.50,2.30
2021-07-08,15.34,15.17,15.58,15.03,7726,11961226.00,3.60,-0.65,-0.10,1.00
2021-07-09,15.07,15.01,15.25,14.91,7647,11670119.00,2.24,-1.05,-0.16,0.99
2021-07-12,15.09,15.11,15.19,14.94,7540,11540829.00,1.67,0.67,0.10,0.97
2021-07-13,15.11,14.96,15.17,14.91,5764,8790323.00,1.72,-0.99,-0.15,0.74
2021-07-14,14.91,14.85,15.03,14.83,4691,7109786.00,1.34,-0.74,-0.11,0.61
2021-07-15,14.85,14.72,14.85,14.57,5861,8737288.00,1.89,-0.88,-0.13,0.76
2021-07-16,14.71,14.54,14.72,14.51,5884,8722141.00,1.43,-1.22,-0.18,0.76
2021-07-19,14.66,14.86,15.15,14.50,14454,21928347.00,4.47,2.20,0.32,1.87
2021-07-20,14.93,14.68,14.93,14.60,5383,8066979.00,2.22,-1.21,-0.18,0.70
2021-07-21,14.69,14.76,15.03,14.69,6863,10366254.00,2.32,0.54,0.08,0.89
2021-07-22,14.76,14.80,14.90,14.64,5430,8156223.00,1.76,0.27,0.04,0.70
2021-07-23,14.80,14.55,14.84,14.54,7719,11470205.00,2.03,-1.69,-0.25,1.00
2021-07-26,14.54,14.13,14.65,14.07,8202,11929612.00,3.99,-2.89,-0.42,1.06
2021-07-27,14.13,13.91,14.25,13.87,6768,9680807.00,2.69,-1.56,-0.22,0.87
2021-07-28,13.96,13.59,14.03,13.57,6613,9219376.00,3.31,-2.30,-0.32,0.85
2021-07-29,13.75,13.72,14.23,13.66,4276,5985249.00,4.19,0.96,0.13,0.55
2021-07-30,13.73,13.84,13.84,13.57,8713,12110247.00,1.97,0.87,0.12,1.13
2021-08-02,13.79,13.98,14.05,13.51,8866,12406954.00,3.90,1.01,0.14,1.14
2021-08-03,14.00,14.24,14.24,13.87,10099,14511893.00,2.65,1.86,0.26,1.30
2021-08-04,13.77,13.57,13.77,13.42,27560,38047958.00,2.46,-4.71,-0.67,3.56
2021-08-05,13.53,13.34,13.53,13.28,12621,17161279.00,1.84,-1.69,-0.23,1.63
2021-08-06,13.33,13.00,13.33,13.00,12166,16233494.00,2.47,-2.55,-0.34,1.57
2021-08-09,12.97,13.33,13.39,12.86,12394,16657210.00,4.08,2.54,0.33,1.60
2021-08-10,13.34,13.39,13.47,13.20,8289,11286476.00,2.03,0.45,0.06,1.07
2021-08-11,13.37,13.28,13.44,13.21,7587,10279745.00,1.72,-0.82,-0.11,0.98
2021-08-12,13.28,13.28,13.42,13.21,11471,15563963.00,1.58,0.00,0.00,1.48
2021-08-13,13.33,13.43,13.63,13.25,15023,20574490.00,2.86,1.13,0.15,1.94
2021-08-16,13.40,13.48,13.54,13.21,10846,14795958.00,2.46,0.37,0.05,1.40
2021-08-17,13.32,13.08,13.46,13.05,13216,17849261.00,3.04,-2.97,-0.40,1.66
2021-08-18,13.08,13.16,13.24,12.98,8099,10841375.00,1.99,0.61,0.08,1.02
2021-08-19,13.02,12.95,13.16,12.94,10400,13826346.00,1.67,-1.60,-0.21,1.30
2021-08-20,12.95,12.58,12.95,12.48,13198,16958992.00,3.63,-2.86,-0.37,1.66
2021-08-23,12.63,13.00,13.03,12.63,11271,14803919.00,3.18,3.34,0.42,1.41
2021-08-24,13.03,13.08,13.21,12.99,8864,11830684.00,1.69,0.62,0.08,1.11
2021-08-25,13.03,13.18,13.22,12.94,6660,8909883.00,2.14,0.76,0.10,0.84
2021-08-26,13.07,13.14,13.22,12.94,7724,10297648.00,2.12,-0.30,-0.04,0.97
2021-08-27,13.05,13.02,13.07,12.89,7162,9463608.00,1.37,-0.91,-0.12,0.90
2021-08-30,13.02,12.87,13.02,12.73,7061,9241586.00,2.23,-1.15,-0.15,0.89
2021-08-31,12.91,12.88,13.00,12.71,6280,8215143.00,2.25,0.08,0.01,0.79
2021-09-01,12.88,13.11,13.13,12.78,10683,14111774.00,2.72,1.79,0.23,1.34
2021-09-02,13.05,13.04,13.06,12.91,6762,8955404.00,1.14,-0.53,-0.07,0.85
2021-09-03,12.90,13.28,13.39,12.90,13535,18250157.00,3.76,1.84,0.24,1.70
2021-09-06,13.42,13.55,13.61,13.23,16643,22796307.00,2.86,2.03,0.27,2.09
2021-09-07,13.55,13.99,14.13,13.53,32767,46046734.00,4.43,3.25,0.44,4.11
2021-09-08,13.94,13.88,13.99,13.78,18651,26319773.00,1.50,-0.79,-0.11,2.34
2021-09-09,13.88,13.97,14.02,13.77,13772,19498858.00,1.80,0.65,0.09,1.73
2021-09-10,13.99,14.08,14.41,13.88,24296,34917588.00,3.79,0.79,0.11,3.05
2021-09-13,14.08,14.60,14.74,13.84,33175,48318752.00,6.39,3.69,0.52,4.16
2021-09-14,14.60,14.24,14.65,14.18,23284,34011233.00,3.22,-2.47,-0.36,2.92
2021-09-15,14.14,14.24,14.42,14.12,12230,17744805.00,2.11,0.00,0.00,1.53
2021-09-16,14.20,14.83,15.45,14.20,55641,84729416.00,8.78,4.14,0.59,6.98
2021-09-17,14.75,15.34,15.58,14.72,49462,76943078.00,5.80,3.44,0.51,3.11
2021-09-22,14.75,14.96,15.20,14.43,38616,57758278.00,5.02,-2.48,-0.38,2.43
2021-09-23,14.90,14.58,15.12,14.45,30403,45478505.00,4.48,-2.54,-0.38,1.91
2021-09-24,14.42,13.94,14.54,13.80,24683,35304827.00,5.08,-4.39,-0.64,1.55
2021-09-27,13.83,13.04,13.93,12.95,22187,29989028.00,7.03,-6.46,-0.90,1.39
2021-09-28,13.19,13.17,13.30,12.85,11273,15071753.00,3.45,1.00,0.13,0.71
2021-09-29,13.15,12.85,13.15,12.76,8797,11590909.00,2.96,-2.43,-0.32,0.55
2021-09-30,12.94,13.37,13.60,12.88,15027,20369296.00,5.60,4.05,0.52,0.94
2021-10-08,13.38,13.46,13.60,13.26,8743,11921169.00,2.54,0.67,0.09,0.55
2021-10-11,13.49,13.41,13.54,13.35,7229,9883741.00,1.41,-0.37,-0.05,0.45
2021-10-12,13.45,13.18,13.45,13.08,6730,9049158.00,2.76,-1.72,-0.23,0.42
2021-10-13,13.22,13.20,13.22,13.01,5837,7805093.00,1.59,0.15,0.02,0.37
2021-10-14,13.15,13.20,13.27,13.08,6238,8361983.00,1.44,0.00,0.00,0.39
2021-10-15,13.20,12.99,13.20,12.96,7036,9360028.00,1.82,-1.59,-0.21,0.44
2021-10-18,12.99,13.02,13.10,12.90,4858,6447239.00,1.54,0.23,0.03,0.31
2021-10-19,13.03,12.98,13.04,12.95,6644,8795156.00,0.69,-0.31,-0.04,0.42
2021-10-20,12.98,12.79,12.98,12.71,9499,12387986.00,2.08,-1.46,-0.19,0.60
2021-10-21,12.87,12.55,12.94,12.52,9850,12704603.00,3.28,-1.88,-0.24,0.62
2021-10-22,12.60,12.40,12.63,12.39,8325,10618449.00,1.91,-1.20,-0.15,0.52
2021-10-25,12.42,12.40,12.45,12.26,6179,7795314.00,1.53,0.00,0.00,0.39
2021-10-26,12.41,12.23,12.47,12.22,7249,9095915.00,2.02,-1.37,-0.17,0.46
2021-10-27,12.23,11.85,12.23,11.82,9820,11993452.00,3.35,-3.11,-0.38,0.62
2021-10-28,11.75,12.20,12.59,11.52,24917,31038891.00,9.03,2.95,0.35,1.57
2021-10-29,12.16,12.00,12.16,11.90,10264,12559587.00,2.13,-1.64,-0.20,0.65
2021-11-01,12.04,12.00,12.07,11.88,6411,7841300.00,1.58,0.00,0.00,0.40
2021-11-02,11.96,11.74,12.12,11.64,9533,11545346.00,4.00,-2.17,-0.26,0.60
2021-11-03,11.70,11.80,11.86,11.64,9377,11226107.00,1.87,0.51,0.06,0.59
2021-11-04,11.76,11.85,11.87,11.73,6337,7635695.00,1.19,0.42,0.05,0.40
2021-11-05,11.79,11.97,12.07,11.75,8616,10526582.00,2.70,1.01,0.12,0.54
2021-11-08,12.12,11.96,12.12,11.90,5012,6116652.00,1.84,-0.08,-0.01,0.32
2021-11-09,11.96,12.04,12.11,11.91,5605,6866289.00,1.67,0.67,0.08,0.35
2021-11-10,11.98,12.06,12.08,11.81,5554,6787304.00,2.24,0.17,0.02,0.35
2021-11-11,12.05,12.23,12.30,11.95,8570,10680034.00,2.90,1.41,0.17,0.54
2021-11-12,12.24,12.26,12.31,12.13,5320,6637983.00,1.47,0.25,0.03,0.33
2021-11-15,12.34,12.62,12.67,12.26,14015,17923995.00,3.34,2.94,0.36,0.88
2021-11-16,12.61,12.51,12.70,12.45,5951,7615374.00,1.98,-0.87,-0.11,0.37
2021-11-17,12.51,12.69,12.71,12.43,7565,9736297.00,2.24,1.44,0.18,0.48
2021-11-18,12.64,12.46,12.73,12.45,5981,7665936.00,2.21,-1.81,-0.23,0.38
2021-11-19,12.52,12.53,12.64,12.21,10782,13659769.00,3.45,0.56,0.07,0.68
2021-11-22,12.59,12.58,12.72,12.55,6710,8636641.00,1.36,0.40,0.05,0.42
2021-11-23,12.59,12.63,12.70,12.25,9641,12324931.00,3.58,0.40,0.05,0.61
2021-11-24,12.63,12.85,12.93,12.57,16708,21750065.00,2.85,1.74,0.22,1.05
2021-11-25,12.89,12.79,12.89,12.72,5427,7083937.00,1.32,-0.47,-0.06,0.34
2021-11-26,12.85,12.90,13.01,12.73,13885,18244315.00,2.19,0.86,0.11,0.87
2021-11-29,12.85,12.56,12.85,12.42,10482,13437385.00,3.33,-2.64,-0.34,0.66
2021-11-30,12.57,12.97,13.11,12.57,17108,22565640.00,4.30,3.26,0.41,1.08
2021-12-01,13.07,13.19,13.25,12.90,23897,31939993.00,2.70,1.70,0.22,1.50
2021-12-02,13.21,13.12,13.21,13.00,8039,10728674.00,1.59,-0.53,-0.07,0.51
2021-12-03,13.12,13.01,13.20,12.95,7552,10026814.00,1.91,-0.84,-0.11,0.47
2021-12-06,13.06,12.66,13.06,12.58,11911,15453290.00,3.69,-2.69,-0.35,0.75
2021-12-07,12.66,12.50,12.81,12.41,10051,12844725.00,3.16,-1.26,-0.16,0.63
2021-12-08,12.48,12.52,12.65,12.39,10280,13120383.00,2.08,0.16,0.02,0.65
2021-12-09,12.50,12.53,12.59,12.43,12381,15795346.00,1.28,0.08,0.01,0.78
2021-12-10,12.49,12.66,12.74,12.47,12702,16319482.00,2.15,1.04,0.13,0.80
2021-12-13,12.68,12.64,12.75,12.60,7120,9195096.00,1.18,-0.16,-0.02,0.45
2021-12-14,12.63,12.65,12.71,12.57,7230,9317250.00,1.11,0.08,0.01,0.45
2021-12-15,12.64,12.84,12.88,12.63,13173,17169853.00,1.98,1.50,0.19,0.83
2021-12-16,12.88,13.20,13.51,12.82,27423,36905090.00,5.37,2.80,0.36,1.72
2021-12-17,13.23,13.12,13.38,13.06,13805,18498729.00,2.42,-0.61,-0.08,0.87
2021-12-20,13.12,13.14,13.23,13.00,14849,19878169.00,1.75,0.15,0.02,0.93
2021-12-21,13.12,13.26,13.35,13.09,11577,15625874.00,1.98,0.91,0.12,0.73
2021-12-22,13.26,13.13,13.28,13.10,16760,22442544.00,1.36,-0.98,-0.13,1.05
2021-12-23,13.17,13.26,13.75,13.06,30756,42204585.00,5.26,0.99,0.13,1.93
2021-12-24,13.26,12.92,13.43,12.91,20097,26714652.00,3.92,-2.56,-0.34,1.26
2021-12-27,12.98,13.23,13.29,12.84,12424,16634399.00,3.48,2.40,0.31,0.78
2021-12-28,13.13,13.59,13.69,13.08,25610,35328805.00,4.61,2.72,0.36,1.61
2021-12-29,13.55,13.39,13.60,13.28,17514,23982048.00,2.35,-1.47,-0.20,1.10
2021-12-30,13.39,13.40,13.50,13.31,9630,13121072.00,1.42,0.07,0.01,0.61
2021-12-31,13.43,13.36,13.44,13.26,11395,15469696.00,1.34,-0.30,-0.04,0.72