2014-01-02,994.98,994.98,994.98,994.98,318073,328271490.00,0.00,1.21,11.93,0.29
2014-01-03,981.92,981.92,981.92,981.92,314167,324567795.00,0.00,-1.31,-13.06,0.29
2014-01-06,969.33,969.33,969.33,969.33,436317,399370177.00,0.00,-1.28,-12.59,0.40
2014-01-07,966.66,966.66,966.66,966.66,343563,293364573.00,0.00,-0.28,-2.67,0.32
2014-01-08,976.44,976.44,976.44,976.44,433123,364358456.00,0.00,1.01,9.78,0.40
2014-01-09,959.44,959.44,959.44,959.44,406456,365877507.00,0.00,-1.74,-17.00,0.38
2014-01-10,972.04,972.04,972.04,972.04,747172,751786715.00,0.00,1.31,12.60,0.69
2014-01-13,964.53,964.53,964.53,964.53,1006454,938605261.00,0.00,-0.77,-7.51,0.93
2014-01-14,965.06,965.06,965.06,965.06,627433,561883017.00,0.00,0.05,0.53,0.58
2014-01-15,978.53,978.53,978.53,978.53,509292,454763788.00,0.00,1.40,13.47,0.47
2014-01-16,976.68,976.68,976.68,976.68,427384,398950084.00,0.00,-0.19,-1.85,0.39
2014-01-17,964.45,964.45,964.45,964.45,373812,359918581.00,0.00,-1.25,-12.23,0.35
2014-01-20,954.81,954.81,954.81,954.81,251403,231975156.00,0.00,-1.00,-9.64,0.23
2014-01-21,970.40,970.40,970.40,970.40,273105,264759594.00,0.00,1.63,15.59,0.25
2014-01-22,1001.05,1001.05,1001.05,1001.05,476758,471874203.00,0.00,3.16,30.65,0.44
2014-01-23,1007.68,1007.68,1007.68,1007.68,484123,474227294.00,0.00,0.66,6.63,0.45
2014-01-24,1019.00,1019.00,1019.00,1019.00,591355,580049358.00,0.00,1.12,11.32,0.55
2014-01-27,1023.71,1023.71,1023.71,1023.71,488928,501094343.00,0.00,0.46,4.71,0.45
2014-01-28,1030.21,1030.21,1030.21,1030.21,433831,464139557.00,0.00,0.63,6.50,0.40
2014-01-29,1038.79,1038.79,1038.79,1038.79,405244,440247103.00,0.00,0.83,8.58,0.37
2014-01-30,1027.43,1027.43,1027.43,1027.43,352827,396589520.00,0.00,-1.09,-11.36,0.33
2014-02-07,1056.63,1056.63,1056.63,1056.63,571476,672328939.00,0.00,2.84,29.20,0.53
2014-02-10,1082.01,1082.01,1082.01,1082.01,823011,978045581.00,0.00,2.40,25.38,0.76
2014-02-11,1074.29,1074.29,1074.29,1074.29,688151,818172031.00,0.00,-0.71,-7.72,0.64
2014-02-12,1082.24,1082.24,1082.24,1082.24,616235,734817686.00,0.00,0.74,7.95,0.57
2014-02-13,1069.55,1069.55,1069.55,1069.55,467408,474300865.00,0.00,-1.17,-12.69,0.43
2014-02-14,1095.46,1095.46,1095.46,1095.46,355822,358163114.00,0.00,2.42,25.91,0.33
2014-02-17,1123.83,1123.83,1123.83,1123.83,409955,440257646.00,0.00,2.59,28.37,0.38
2014-02-18,1110.55,1110.55,1110.55,1110.55,328300,375928089.00,0.00,-1.18,-13.28,0.30
2014-02-19,1101.07,1101.07,1101.07,1101.07,946909,1157761743.00,0.00,-0.85,-9.48,0.87
2014-02-20,1075.85,1075.85,1075.85,1075.85,682898,811072280.00,0.00,-2.29,-25.22,0.63
2014-02-21,1090.26,1090.26,1090.26,1090.26,803780,998579557.00,0.00,1.34,14.41,0.74
2014-02-24,1090.51,1090.51,1090.51,1090.51,609184,773780591.00,0.00,0.02,0.25,0.56
2014-02-25,1048.30,1048.30,1048.30,1048.30,990520,1293811115.00,0.00,-3.87,-42.21,0.91
2014-02-26,1054.50,1054.50,1054.50,1054.50,607856,751302210.00,0.00,0.59,6.20,0.56
2014-02-27,1040.47,1040.47,1040.47,1040.47,600490,771582820.00,0.00,-1.33,-14.03,0.55
2014-02-28,1050.57,1050.57,1050.57,1050.57,524710,649194580.00,0.00,0.97,10.10,0.48
2014-03-03,1074.99,1074.99,1074.99,1074.99,542676,668457716.00,0.00,2.32,24.42,0.50
2014-03-04,1075.75,1075.75,1075.75,1075.75,655529,796336453.00,0.00,0.07,0.76,0.61
2014-03-05,1076.87,1076.87,1076.87,1076.87,449608,566298727.00,0.00,0.10,1.12,0.42
2014-03-06,1083.78,1083.78,1083.78,1083.78,636165,826885199.00,0.00,0.64,6.91,0.59
2014-03-07,1090.29,1090.29,1090.29,1090.29,858754,1080737721.00,0.00,0.60,6.51,0.79
2014-03-10,1056.81,1056.81,1056.81,1056.81,591852,707871294.00,0.00,-3.07,-33.48,0.55
2014-03-11,1057.33,1057.33,1057.33,1057.33,495077,595888646.00,0.00,0.05,0.52,0.46
2014-03-12,1041.58,1041.58,1041.58,1041.58,470879,565699829.00,0.00,-1.49,-15.75,0.43
2014-03-13,1052.37,1052.37,1052.37,1052.37,426584,523472872.00,0.00,1.04,10.79,0.39
2014-03-14,1047.50,1047.50,1047.50,1047.50,508092,623233094.00,0.00,-0.46,-4.87,0.47
2014-03-17,1064.60,1064.60,1064.60,1064.60,431699,531286839.00,0.00,1.63,17.10,0.40
2014-03-18,1079.55,1079.55,1079.55,1079.55,525068,635503208.00,0.00,1.40,14.95,0.48
2014-03-19,1084.47,1084.47,1084.47,1084.47,605095,754067822.00,0.00,0.46,4.92,0.56
2014-03-20,1052.84,1052.84,1052.84,1052.84,581642,737382997.00,0.00,-2.92,-31.63,0.54
2014-03-21,1076.25,1076.25,1076.25,1076.25,470447,586314693.00,0.00,2.22,23.41,0.43
2014-03-24,1086.14,1086.14,1086.14,1086.14,377900,468691603.00,0.00,0.92,9.89,0.35
2014-03-25,1086.89,1086.89,1086.89,1086.89,336277,404434036.00,0.00,0.07,0.75,0.31
2014-03-26,1091.51,1091.51,1091.51,1091.51,259556,295188625.00,0.00,0.43,4.62,0.24
2014-03-27,1076.12,1076.12,1076.12,1076.12,426282,509766543.00,0.00,-1.41,-15.39,0.39
2014-03-28,1047.96,1047.96,1047.96,1047.96,441109,525365266.00,0.00,-2.62,-28.16,0.41
2014-03-31,1041.87,1041.87,1041.87,1041.87,281813,315616746.00,0.00,-0.58,-6.09,0.26
2014-04-01,1063.49,1063.49,1063.49,1063.49,216454,246476034.00,0.00,2.08,21.62,0.20
2014-04-02,1060.83,1060.83,1060.83,1060.83,288695,328123844.00,0.00,-0.25,-2.66,0.27
2014-04-03,1061.53,1061.53,1061.53,1061.53,204110,228428956.00,0.00,0.07,0.70,0.19
2014-04-04,1078.20,1078.20,1078.20,1078.20,222889,258141799.00,0.00,1.57,16.67,0.21
2014-04-08,1095.78,1095.78,1095.78,1095.78,389865,410313184.00,0.00,1.63,17.58,0.36
2014-04-09,1102.68,1102.68,1102.68,1102.68,581698,652365512.00,0.00,0.63,6.90,0.54
2014-04-10,1097.12,1097.12,1097.12,1097.12,444833,504276200.00,0.00,-0.50,-5.56,0.41
2014-04-11,1089.90,1089.90,1089.90,1089.90,244141,294347139.00,0.00,-0.66,-7.22,0.23
2014-04-14,1117.85,1117.85,1117.85,1117.85,329234,366140698.00,0.00,2.56,27.95,0.30
2014-04-15,1107.13,1107.13,1107.13,1107.13,604552,740197457.00,0.00,-0.96,-10.72,0.56
2014-04-16,1122.19,1122.19,1122.19,1122.19,484079,573805911.00,0.00,1.36,15.06,0.45
2014-04-17,1117.90,1117.90,1117.90,1117.90,426034,464082281.00,0.00,-0.38,-4.29,0.39
2014-04-18,1123.33,1123.33,1123.33,1123.33,267138,265743140.00,0.00,0.49,5.43,0.25
2014-04-21,1096.41,1096.41,1096.41,1096.41,467352,565371374.00,0.00,-2.40,-26.92,0.43
2014-04-22,1086.36,1086.36,1086.36,1086.36,472349,544232499.00,0.00,-0.92,-10.05,0.44
2014-04-23,1073.90,1073.90,1073.90,1073.90,303440,347858249.00,0.00,-1.15,-12.46,0.28
2014-04-24,1058.20,1058.20,1058.20,1058.20,236559,258437536.00,0.00,-1.46,-15.70,0.22
2014-04-25,1047.19,1047.19,1047.19,1047.19,180271,199814742.00,0.00,-1.04,-11.01,0.17
2014-04-28,999.75,999.75,999.75,999.75,223477,235653814.00,0.00,-4.53,-47.44,0.21
2014-04-29,1014.92,1014.92,1014.92,1014.92,217083,249321675.00,0.00,1.52,15.17,0.20
2014-04-30,1021.45,1021.45,1021.45,1021.45,212073,247842905.00,0.00,0.64,6.53,0.20
2014-05-05,1029.66,1029.66,1029.66,1029.66,171935,190644472.00,0.00,0.80,8.21,0.16
2014-05-06,1034.64,1034.64,1034.64,1034.64,156659,176132860.00,0.00,0.48,4.98,0.14
2014-05-07,1026.52,1026.52,1026.52,1026.52,195719,221105103.00,0.00,-0.78,-8.12,0.18
2014-05-08,1031.60,1031.60,1031.60,1031.60,281383,328724006.00,0.00,0.49,5.08,0.26
2014-05-09,1023.36,1023.36,1023.36,1023.36,274995,309786608.00,0.00,-0.80,-8.24,0.25
2014-05-12,1042.28,1042.28,1042.28,1042.28,451744,536579771.00,0.00,1.85,18.92,0.42
2014-05-13,1030.50,1030.50,1030.50,1030.50,320393,373668970.00,0.00,-1.13,-11.78,0.30
2014-05-14,1038.02,1038.02,1038.02,1038.02,151902,158276588.00,0.00,0.73,7.52,0.14
2014-05-15,1016.20,1016.20,1016.20,1016.20,183385,194689643.00,0.00,-2.10,-21.82,0.17
2014-05-16,1018.68,1018.68,1018.68,1018.68,178084,181483713.00,0.00,0.24,2.48,0.16
2014-05-19,1017.80,1017.80,1017.80,1017.80,163883,168065779.00,0.00,-0.09,-0.88,0.15
2014-05-20,1011.71,1011.71,1011.71,1011.71,231732,273126923.00,0.00,-0.60,-6.09,0.21
2014-05-21,1014.22,1014.22,1014.22,1014.22,141559,152737032.00,0.00,0.25,2.51,0.13
2014-05-22,1007.63,1007.63,1007.63,1007.63,228125,254547546.00,0.00,-0.65,-6.59,0.21
2014-05-23,1012.40,1012.40,1012.40,1012.40,243548,258318874.00,0.00,0.47,4.77,0.22
2014-05-26,1023.80,1023.80,1023.80,1023.80,214963,228395685.00,0.00,1.13,11.40,0.20
2014-05-27,1025.77,1025.77,1025.77,1025.77,493456,560530729.00,0.00,0.19,1.97,0.46
2014-05-28,1041.11,1041.11,1041.11,1041.11,468718,544528379.00,0.00,1.50,15.34,0.43
2014-05-29,1032.32,1032.32,1032.32,1032.32,299743,334473135.00,0.00,-0.84,-8.79,0.28
2014-05-30,1041.96,1041.96,1041.96,1041.96,368877,405907071.00,0.00,0.93,9.64,0.34
2014-06-03,1048.78,1048.78,1048.78,1048.78,298065,338311994.00,0.00,0.65,6.82,0.28
2014-06-04,1037.84,1037.84,1037.84,1037.84,234447,250517610.00,0.00,-1.04,-10.94,0.22
2014-06-05,1070.32,1070.32,1070.32,1070.32,465744,491166508.00,0.00,3.13,32.48,0.43
2014-06-06,1072.33,1072.33,1072.33,1072.33,452142,506377981.00,0.00,0.19,2.01,0.42
2014-06-09,1063.26,1063.26,1063.26,1063.26,464838,533162667.00,0.00,-0.85,-9.07,0.43
2014-06-10,1071.69,1071.69,1071.69,1071.69,589625,712778595.00,0.00,0.79,8.43,0.54
2014-06-11,1072.49,1072.49,1072.49,1072.49,341773,393438274.00,0.00,0.07,0.80,0.32
2014-06-12,1067.63,1067.63,1067.63,1067.63,311563,346100498.00,0.00,-0.45,-4.86,0.29
2014-06-13,1086.43,1086.43,1086.43,1086.43,417708,483537527.00,0.00,1.76,18.80,0.39
2014-06-16,1106.55,1106.55,1106.55,1106.55,607619,754416692.00,0.00,1.85,20.12,0.56
2014-06-17,1100.41,1100.41,1100.41,1100.41,617587,765210887.00,0.00,-0.55,-6.14,0.57
2014-06-18,1105.27,1105.27,1105.27,1105.27,475069,545809778.00,0.00,0.44,4.86,0.44
2014-06-19,1086.60,1086.60,1086.60,1086.60,632633,719844479.00,0.00,-1.69,-18.67,0.58
2014-06-20,1100.71,1100.71,1100.71,1100.71,335448,396634736.00,0.00,1.30,14.11,0.31
2014-06-23,1115.93,1115.93,1115.93,1115.93,409810,490098648.00,0.00,1.38,15.22,0.38
2014-06-24,1123.08,1123.08,1123.08,1123.08,351046,417513146.00,0.00,0.64,7.15,0.32
2014-06-25,1109.88,1109.88,1109.88,1109.88,259626,300025572.00,0.00,-1.18,-13.20,0.24
2014-06-26,1129.01,1129.01,1129.01,1129.01,293032,341294455.00,0.00,1.72,19.13,0.27
2014-06-27,1150.19,1150.19,1150.19,1150.19,461832,574391649.00,0.00,1.88,21.18,0.43
2014-06-30,1157.48,1157.48,1157.48,1157.48,415373,526939849.00,0.00,0.63,7.29,0.38
2014-07-01,1173.70,1173.70,1173.70,1173.70,716242,926453804.00,0.00,1.40,16.22,0.66
2014-07-02,1174.43,1174.43,1174.43,1174.43,471195,613393238.00,0.00,0.06,0.73,0.43
2014-07-03,1175.40,1175.40,1175.40,1175.40,370919,466449440.00,0.00,0.08,0.97,0.34
2014-07-04,1177.47,1177.47,1177.47,1177.47,532900,705738836.00,0.00,0.18,2.07,0.49
2014-07-07,1190.14,1190.14,1190.14,1190.14,456150,587065730.00,0.00,1.08,12.67,0.42
2014-07-08,1213.57,1213.57,1213.57,1213.57,415310,555394202.00,0.00,1.97,23.43,0.38
2014-07-09,1195.87,1195.87,1195.87,1195.87,655367,803503498.00,0.00,-1.46,-17.70,0.60
2014-07-10,1193.14,1193.14,1193.14,1193.14,362223,436444125.00,0.00,-0.23,-2.73,0.33
2014-07-11,1199.05,1199.05,1199.05,1199.05,295318,348448944.00,0.00,0.50,5.91,0.27
2014-07-14,1209.76,1209.76,1209.76,1209.76,305578,365780961.00,0.00,0.89,10.71,0.28
2014-07-15,1185.79,1185.79,1185.79,1185.79,332964,416591139.00,0.00,-1.98,-23.97,0.31
2014-07-16,1178.61,1178.61,1178.61,1178.61,536418,702854712.00,0.00,-0.61,-7.18,0.50
2014-07-17,1188.92,1188.92,1188.92,1188.92,355374,435163798.00,0.00,0.87,10.31,0.33
2014-07-18,1190.65,1190.65,1190.65,1190.65,237834,287688948.00,0.00,0.15,1.73,0.22
2014-07-21,1168.58,1168.58,1168.58,1168.58,311073,363627442.00,0.00,-1.85,-22.07,0.29
2014-07-22,1187.59,1187.59,1187.59,1187.59,254286,317034895.00,0.00,1.63,19.01,0.23
2014-07-23,1170.20,1170.20,1170.20,1170.20,243323,282737467.00,0.00,-1.46,-17.39,0.22
2014-07-24,1157.60,1157.60,1157.60,1157.60,258772,299203290.00,0.00,-1.08,-12.60,0.24
2014-07-25,1166.76,1166.76,1166.76,1166.76,223376,258194401.00,0.00,0.79,9.16,0.21
2014-07-28,1197.20,1197.20,1197.20,1197.20,400671,442451058.00,0.00,2.61,30.44,0.37
2014-07-29,1215.20,1215.20,1215.20,1215.20,439171,542487717.00,0.00,1.50,18.00,0.41
2014-07-30,1222.62,1222.62,1222.62,1222.62,427632,453177543.00,0.00,0.61,7.42,0.39
2014-07-31,1227.24,1227.24,1227.24,1227.24,380658,402428957.00,0.00,0.38,4.62,0.35
2014-08-01,1213.03,1213.03,1213.03,1213.03,454378,503737578.00,0.00,-1.16,-14.21,0.42
2014-08-04,1235.95,1235.95,1235.95,1235.95,439747,502653938.00,0.00,1.89,22.92,0.41
2014-08-05,1241.26,1241.26,1241.26,1241.26,640538,751126906.00,0.00,0.43,5.31,0.59
2014-08-06,1257.09,1257.09,1257.09,1257.09,472066,570949063.00,0.00,1.28,15.83,0.44
2014-08-07,1250.29,1250.29,1250.29,1250.29,544700,654694022.00,0.00,-0.54,-6.80,0.50
2014-08-08,1257.25,1257.25,1257.25,1257.25,388885,426099352.00,0.00,0.56,6.96,0.36
2014-08-11,1270.38,1270.38,1270.38,1270.38,437116,545073608.00,0.00,1.04,13.13,0.40
2014-08-12,1280.04,1280.04,1280.04,1280.04,379074,486044000.00,0.00,0.76,9.66,0.35
2014-08-13,1265.86,1265.86,1265.86,1265.86,457880,592216283.00,0.00,-1.11,-14.18,0.42
2014-08-14,1252.68,1252.68,1252.68,1252.68,401249,517110026.00,0.00,-1.04,-13.18,0.37
2014-08-15,1266.91,1266.91,1266.91,1266.91,377878,479710784.00,0.00,1.14,14.23,0.35
2014-08-18,1295.79,1295.79,1295.79,1295.79,488658,612365297.00,0.00,2.28,28.88,0.45
2014-08-19,1297.41,1297.41,1297.41,1297.41,408997,526902481.00,0.00,0.13,1.62,0.38
2014-08-20,1289.34,1289.34,1289.34,1289.34,490458,557005488.00,0.00,-0.62,-8.07,0.45
2014-08-21,1301.49,1301.49,1301.49,1301.49,474496,615115229.00,0.00,0.94,12.15,0.44
2014-08-22,1314.71,1314.71,1314.71,1314.71,420147,550223324.00,0.00,1.02,13.22,0.39
2014-08-25,1314.32,1314.32,1314.32,1314.32,412202,549449300.00,0.00,-0.03,-0.39,0.38
2014-08-26,1282.89,1282.89,1282.89,1282.89,414742,519096822.00,0.00,-2.39,-31.43,0.38
2014-08-27,1293.29,1293.29,1293.29,1293.29,401865,514247847.00,0.00,0.81,10.40,0.37
2014-08-28,1288.12,1288.12,1288.12,1288.12,266174,322070340.00,0.00,-0.40,-5.17,0.25
2014-08-29,1305.01,1305.01,1305.01,1305.01,232402,282458482.00,0.00,1.31,16.89,0.21
2014-09-01,1339.26,1339.26,1339.26,1339.26,510778,661075400.00,0.00,2.62,34.25,0.47
2014-09-02,1358.40,1358.40,1358.40,1358.40,562692,661903677.00,0.00,1.43,19.14,0.52
2014-09-03,1365.06,1365.06,1365.06,1365.06,673791,860604542.00,0.00,0.49,6.66,0.62
2014-09-04,1390.89,1390.89,1390.89,1390.89,611339,844650410.00,0.00,1.89,25.83,0.56
2014-09-05,1415.50,1415.50,1415.50,1415.50,614718,864405077.00,0.00,1.77,24.61,0.57
2014-09-09,1441.34,1441.34,1441.34,1441.34,490737,706453324.00,0.00,1.83,25.84,0.45
2014-09-10,1440.03,1440.03,1440.03,1440.03,431354,600151875.00,0.00,-0.09,-1.31,0.40
2014-09-11,1451.45,1451.45,1451.45,1451.45,594000,837505455.00,0.00,0.79,11.42,0.55
2014-09-12,1462.47,1462.47,1462.47,1462.47,476242,665153854.00,0.00,0.76,11.02,0.44
2014-09-15,1461.52,1461.52,1461.52,1461.52,391194,544581593.00,0.00,-0.06,-0.95,0.36
2014-09-16,1397.03,1397.03,1397.03,1397.03,545731,763728497.00,0.00,-4.41,-64.49,0.50
2014-09-17,1412.77,1412.77,1412.77,1412.77,323456,454920838.00,0.00,1.13,15.74,0.30
2014-09-18,1413.08,1413.08,1413.08,1413.08,325084,473772987.00,0.00,0.02,0.31,0.30
2014-09-19,1430.11,1430.11,1430.11,1430.11,417059,610921845.00,0.00,1.21,17.03,0.39
2014-09-22,1430.04,1430.04,1430.04,1430.04,449264,661732130.00,0.00,0.00,-0.07,0.41
2014-09-23,1464.62,1464.62,1464.62,1464.62,548924,750031089.00,0.00,2.42,34.58,0.51
2014-09-24,1491.23,1491.23,1491.23,1491.23,537576,794208769.00,0.00,1.82,26.61,0.50
2014-09-25,1486.63,1486.63,1486.63,1486.63,410887,573255002.00,0.00,-0.31,-4.60,0.38
2014-09-26,1519.96,1519.96,1519.96,1519.96,575406,825221738.00,0.00,2.24,33.33,0.53
2014-09-29,1543.58,1543.58,1543.58,1543.58,554130,805896070.00,0.00,1.55,23.62,0.51
2014-09-30,1535.60,1535.60,1535.60,1535.60,346303,506823394.00,0.00,-0.52,-7.98,0.32
2014-10-08,1538.43,1538.43,1538.43,1538.43,346039,466627110.00,0.00,0.18,2.83,0.32
2014-10-09,1532.41,1532.41,1532.41,1532.41,409953,610249212.00,0.00,-0.39,-6.02,0.38
2014-10-10,1514.69,1514.69,1514.69,1514.69,331843,487864646.00,0.00,-1.16,-17.72,0.31
2014-10-13,1486.01,1486.01,1486.01,1486.01,261065,444581157.00,0.00,-1.89,-28.68,0.24
2014-10-14,1530.86,1530.86,1530.86,1530.86,581771,976704611.00,0.00,3.02,44.85,0.54
2014-10-15,1516.72,1516.72,1516.72,1516.72,261138,439076721.00,0.00,-0.92,-14.14,0.24
2014-10-16,1514.76,1514.76,1514.76,1514.76,321529,557800760.00,0.00,-0.13,-1.96,0.30
2014-10-17,1485.90,1485.90,1485.90,1485.90,275151,455121889.00,0.00,-1.91,-28.86,0.25
2014-10-20,1505.09,1505.09,1505.09,1505.09,157292,263596110.00,0.00,1.29,19.19,0.15
2014-10-21,1475.45,1475.45,1475.45,1475.45,200313,332450509.00,0.00,-1.97,-29.64,0.18
2014-10-22,1445.01,1445.01,1445.01,1445.01,245175,403811364.00,0.00,-2.06,-30.44,0.23
2014-10-23,1421.39,1421.39,1421.39,1421.39,197748,319391926.00,0.00,-1.63,-23.62,0.18
2014-10-24,1431.22,1431.22,1431.22,1431.22,127211,204908629.00,0.00,0.69,9.83,0.12
2014-10-27,1443.88,1443.88,1443.88,1443.88,122848,201828715.00,0.00,0.88,12.66,0.11
2014-10-28,1494.36,1494.36,1494.36,1494.36,271447,455629905.00,0.00,3.50,50.48,0.25
2014-10-29,1529.84,1529.84,1529.84,1529.84,390827,664436117.00,0.00,2.37,35.48,0.36
2014-10-30,1550.65,1550.65,1550.65,1550.65,314154,549288055.00,0.00,1.36,20.81,0.29
2014-10-31,1544.31,1544.31,1544.31,1544.31,305021,498779968.00,0.00,-0.41,-6.34,0.28
2014-11-03,1544.62,1622.76,1622.76,1544.62,236554,415013490.00,5.06,5.08,78.45,0.22
2014-11-04,1619.55,1610.36,1646.36,1602.14,273998,468682562.00,2.72,-0.76,-12.40,0.25
2014-11-05,1614.84,1619.68,1621.99,1587.48,176571,295800542.00,2.14,0.58,9.32,0.16
2014-11-06,1610.24,1660.64,1669.71,1610.24,303562,509327784.00,3.67,2.53,40.96,0.28
2014-11-07,1670.24,1614.03,1680.09,1614.03,333494,564100521.00,3.98,-2.81,-46.61,0.31
2014-11-10,1608.12,1603.69,1621.29,1571.08,202854,345865983.00,3.11,-0.64,-10.34,0.19
2014-11-11,1657.63,1619.80,1676.60,1585.44,414906,703844500.00,5.68,1.00,16.11,0.38
2014-11-12,1605.42,1633.91,1634.43,1591.67,147988,247422734.00,2.64,0.87,14.11,0.14
2014-11-13,1620.30,1593.78,1631.27,1579.74,248272,400072879.00,3.15,-2.46,-40.13,0.23
2014-11-14,1579.55,1585.23,1596.90,1559.73,108362,183154527.00,2.33,-0.54,-8.55,0.10
2014-11-17,1579.69,1622.27,1636.12,1572.62,140308,249709339.00,4.01,2.34,37.04,0.13
2014-11-18,1619.99,1617.78,1644.18,1606.51,162316,279023989.00,2.32,-0.28,-4.49,0.15
2014-11-19,1615.17,1625.39,1626.97,1600.69,151053,261883345.00,1.62,0.47,7.61,0.14
2014-11-20,1621.19,1655.79,1670.72,1610.65,159210,291194752.00,3.70,1.87,30.40,0.15
2014-11-21,1653.12,1676.42,1695.59,1653.12,148854,284022784.00,2.56,1.25,20.63,0.14
2014-11-24,1686.03,1687.37,1701.07,1661.96,240616,419676040.00,2.33,0.65,10.95,0.22
2014-11-25,1684.29,1703.96,1705.54,1677.40,213899,363425187.00,1.67,0.98,16.59,0.20
2014-11-26,1722.60,1679.13,1742.48,1662.82,248732,440348187.00,4.67,-1.46,-24.83,0.23
2014-11-27,1684.57,1656.60,1685.63,1651.31,230344,392228668.00,2.04,-1.34,-22.53,0.21
2014-11-28,1652.91,1638.17,1663.65,1622.53,247954,424182896.00,2.48,-1.11,-18.43,0.23
2014-12-01,1643.66,1552.59,1643.66,1546.84,402469,747980992.00,5.91,-5.22,-85.58,0.37
2014-12-02,1569.53,1591.46,1599.43,1566.54,326927,520332512.00,2.12,2.50,38.87,0.30
2014-12-03,1594.45,1600.43,1603.42,1573.52,265123,422561584.00,1.88,0.56,8.97,0.24
2014-12-04,1604.41,1615.37,1621.35,1590.46,306323,494346416.00,1.93,0.93,14.94,0.28
2014-12-05,1619.36,1696.09,1744.92,1595.44,652512,1087631376.00,9.25,5.00,80.72,0.60
2014-12-08,1684.14,1694.10,1711.04,1659.22,388239,656236544.00,3.06,-0.12,-1.99,0.36
2014-12-09,1693.08,1592.18,1701.08,1585.38,596393,1046704560.00,6.83,-6.02,-101.92,0.55
2014-12-10,1579.33,1657.17,1658.80,1552.31,373164,641122918.00,6.69,4.08,64.99,0.34
2014-12-11,1644.03,1646.25,1669.56,1620.56,303173,529119777.00,2.96,-0.66,-10.92,0.28
2014-12-12,1631.64,1630.55,1650.27,1615.45,246496,434452832.00,2.12,-0.95,-15.70,0.23
2014-12-15,1626.79,1707.09,1712.55,1626.79,306368,551888772.00,5.26,4.69,76.54,0.28
2014-12-16,1710.61,1689.63,1710.61,1685.31,312942,557269923.00,1.48,-1.02,-17.46,0.29
2014-12-17,1680.11,1649.70,1691.63,1640.25,267831,462334282.00,3.04,-2.36,-39.93,0.25
2014-12-18,1640.46,1636.04,1659.62,1622.90,240909,409913968.00,2.23,-0.83,-13.66,0.22
2014-12-19,1629.18,1630.06,1659.26,1609.04,268296,458696581.00,3.07,-0.37,-5.98,0.25
2014-12-22,1630.06,1547.16,1630.06,1539.76,291575,477430526.00,5.54,-5.09,-82.90,0.27
2014-12-23,1553.15,1546.11,1568.72,1533.08,179004,290553993.00,2.30,-0.07,-1.05,0.17
2014-12-24,1550.58,1583.27,1588.79,1530.24,143119,237746065.00,3.79,2.40,37.16,0.13
2014-12-25,1588.09,1616.85,1621.00,1588.09,157956,274261041.00,2.08,2.12,33.58,0.15
2014-12-26,1616.74,1689.84,1709.88,1608.53,273876,503535450.00,6.27,4.51,72.99,0.25
2014-12-29,1690.36,1658.00,1695.02,1641.89,218937,376423256.00,3.14,-1.88,-31.84,0.20
2014-12-30,1655.69,1591.64,1672.09,1586.20,252553,410568310.00,5.18,-4.00,-66.36,0.23
2014-12-31,1593.87,1598.93,1616.58,1581.57,132480,216325419.00,2.20,0.46,7.29,0.12