2026-01-05,3527.25,3549.17,3556.09,3517.19,1082966,1522318115.00,1.11,0.83,29.24,3.03
2026-01-06,3554.96,3569.35,3584.91,3551.22,954654,1452296079.00,0.95,0.57,20.18,2.67
2026-01-07,3579.80,3604.43,3632.06,3571.51,1256534,2007896609.00,1.70,0.98,35.08,3.51
2026-01-08,3593.08,3600.68,3614.20,3589.72,1068779,1740345109.00,0.68,-0.10,-3.75,2.99
2026-01-09,3602.88,3615.04,3615.11,3577.94,1221072,1778902670.00,1.03,0.40,14.36,3.41
2026-01-12,3613.99,3648.91,3653.59,3600.21,1706194,2456673610.00,1.48,0.94,33.87,4.77
2026-01-13,3660.32,3623.90,3687.74,3618.83,1546295,2341599290.00,1.89,-0.69,-25.01,4.32
2026-01-14,3620.31,3678.75,3717.53,3617.83,1752382,2762640051.00,2.75,1.51,54.85,4.90
2026-01-15,3716.76,3759.65,3759.65,3712.97,1321728,2396045539.00,1.27,2.20,80.90,3.70
2026-01-16,3757.10,3711.56,3767.77,3680.72,1804108,3115861087.00,2.32,-1.28,-48.09,5.04
2026-01-19,3695.14,3745.78,3746.51,3672.01,1446133,2382739154.00,2.01,0.92,34.22,4.04
2026-01-20,3750.98,3789.15,3808.98,3750.98,2149410,3685659533.00,1.55,1.16,43.37,6.01
2026-01-21,3791.26,3806.42,3806.42,3756.85,1624231,2714815445.00,1.31,0.46,17.27,4.54
2026-01-22,3796.53,3837.42,3837.42,3777.71,1766398,2852858534.00,1.57,0.81,31.00,4.94
2026-01-23,3846.05,3902.45,3911.03,3843.24,2278778,3776465837.00,1.77,1.69,65.03,6.37
2026-01-26,3924.44,3899.33,3946.08,3870.24,2642592,4308614951.00,1.94,-0.08,-3.12,7.39
2026-01-27,3877.61,3890.71,3901.69,3814.00,2010472,3405535389.00,2.25,-0.22,-8.62,5.62
2026-01-28,3873.98,3848.38,3895.86,3842.44,1940903,3484047431.00,1.37,-1.09,-42.33,5.43
2026-01-29,3830.06,3780.92,3864.27,3758.96,1936755,3400468486.00,2.74,-1.75,-67.46,5.42
2026-01-30,3755.71,3768.82,3795.56,3712.94,1645735,2714915199.00,2.19,-0.32,-12.10,4.60
2026-02-02,3752.29,3664.56,3757.49,3662.79,1556598,2305146102.00,2.51,-2.77,-104.26,4.35
2026-02-03,3699.63,3781.34,3781.34,3688.17,1450327,2412671845.00,2.54,3.19,116.78,4.06
2026-02-04,3781.91,3790.03,3807.21,3748.26,1463572,2447477137.00,1.56,0.23,8.69,4.09
2026-02-05,3777.85,3751.87,3795.30,3739.80,1140002,1839165578.00,1.46,-1.01,-38.16,3.19
2026-02-06,3734.58,3809.24,3855.38,3722.97,1187123,2264617622.00,3.53,1.53,57.37,3.32
2026-02-09,3850.22,3868.71,3878.74,3837.73,1433968,2599418450.00,1.08,1.56,59.47,4.01
2026-02-10,3872.62,3815.27,3872.62,3813.08,1092557,1872944531.00,1.54,-1.38,-53.44,3.06
2026-02-11,3810.41,3794.71,3836.21,3789.79,920280,1614536013.00,1.22,-0.54,-20.56,2.57
2026-02-12,3782.04,3756.97,3789.63,3736.77,953785,1561226648.00,1.39,-0.99,-37.74,2.67
2026-02-13,3744.34,3730.04,3783.89,3725.62,887291,1381805749.00,1.55,-0.72,-26.93,2.48
2026-02-24,3767.57,3811.69,3823.09,3762.18,1013454,1506593244.00,1.63,2.19,81.65,2.83
2026-02-25,3825.80,3841.50,3853.78,3802.94,1185574,1863432011.00,1.33,0.78,29.81,3.32
2026-02-26,3847.17,3834.00,3849.97,3792.82,1076643,1628970740.00,1.49,-0.20,-7.50,3.01
2026-02-27,3823.44,3832.85,3832.85,3796.91,980592,1447603783.00,0.94,-0.03,-1.15,2.74
2026-03-02,3798.07,3756.20,3843.56,3745.29,1423423,2463112400.00,2.56,-2.00,-76.65,3.98
2026-03-03,3760.55,3598.62,3781.92,3593.62,1346308,2085936913.00,5.01,-4.20,-157.58,3.76
2026-03-04,3563.27,3534.20,3601.25,3516.37,855600,1294280668.00,2.36,-1.79,-64.42,2.39
2026-03-05,3587.86,3591.88,3611.95,3569.51,793820,1231703967.00,1.20,1.63,57.68,2.22
2026-03-06,3577.86,3702.92,3708.78,3573.44,993754,1491144856.00,3.77,3.09,111.04,2.78
2026-03-09,3663.78,3648.72,3666.73,3578.52,918725,1448966515.00,2.38,-1.46,-54.20,2.57
2026-03-10,3675.64,3727.34,3727.80,3670.72,807962,1314954175.00,1.56,2.15,78.62,2.26
2026-03-11,3734.29,3695.45,3749.18,3677.46,812854,1340557291.00,1.92,-0.86,-31.89,2.27
2026-03-12,3696.23,3672.51,3711.65,3659.22,925431,1448505281.00,1.42,-0.62,-22.94,2.59
2026-03-13,3663.89,3689.73,3729.26,3656.84,1120786,1745543086.00,1.97,0.47,17.22,3.13
2026-03-16,3703.39,3711.03,3734.58,3674.41,1030080,1677503500.00,1.63,0.58,21.30,2.88
2026-03-17,3708.84,3636.82,3744.88,3633.80,1137528,1853097189.00,2.99,-2.00,-74.21,3.18
2026-03-18,3644.76,3665.06,3668.35,3604.58,797628,1159152160.00,1.75,0.78,28.24,2.23
2026-03-19,3637.11,3531.18,3640.98,3516.23,830404,1214685712.00,3.40,-3.65,-133.88,2.32
2026-03-20,3542.94,3417.11,3552.28,3416.51,944322,1362288183.00,3.84,-3.23,-114.07,2.64
2026-03-23,3357.14,3202.33,3361.47,3184.26,1089135,1456722646.00,5.19,-6.29,-214.78,3.05
2026-03-24,3272.57,3344.97,3344.97,3213.04,843079,1062364074.00,4.12,4.45,142.64,2.36
2026-03-25,3358.57,3403.36,3426.82,3357.47,674012,943974627.00,2.07,1.75,58.39,1.88
2026-03-26,3418.17,3361.19,3444.65,3338.60,642432,937162503.00,3.12,-1.24,-42.17,1.80
2026-03-27,3339.98,3427.08,3434.16,3327.98,659642,906098056.00,3.16,1.96,65.89,1.84
2026-03-30,3403.05,3417.37,3418.71,3366.12,695383,882222659.00,1.53,-0.28,-9.71,1.94
2026-03-31,3419.70,3354.99,3451.57,3351.38,702795,946612864.00,2.93,-1.83,-62.38,1.97
2026-04-01,3413.99,3402.97,3428.12,3385.42,799082,2346767510.00,1.27,1.43,47.98,2.23
2026-04-02,3399.91,3341.28,3405.43,3306.05,702873,1775361352.00,2.92,-1.81,-61.69,1.97
2026-04-03,3344.29,3287.80,3347.77,3269.11,792249,1673792006.00,2.35,-1.60,-53.48,2.22
2026-04-07,3290.02,3385.24,3389.67,3284.61,984108,1694245481.00,3.20,2.96,97.44,2.75
2026-04-08,3424.88,3495.70,3495.70,3422.42,1047539,2056520490.00,2.16,3.26,110.46,2.93
2026-04-09,3479.33,3445.12,3484.10,3432.21,771641,1536305539.00,1.48,-1.45,-50.58,2.16
2026-04-10,3470.85,3470.87,3511.08,3465.31,932036,1563255847.00,1.33,0.75,25.75,2.61
2026-04-13,3463.34,3482.45,3483.48,3433.16,954148,1570359164.00,1.45,0.33,11.58,2.67
2026-04-14,3501.62,3512.30,3523.90,3479.09,1058237,1723921990.00,1.29,0.86,29.85,2.96
2026-04-15,3516.63,3516.27,3557.34,3504.29,934923,1862341115.00,1.51,0.11,3.97,2.61
2026-04-16,3517.56,3574.97,3581.54,3488.85,1152631,2116380951.00,2.64,1.67,58.70,3.22
2026-04-17,3574.02,3600.48,3613.31,3556.09,1038134,1825829119.00,1.60,0.71,25.51,2.90
2026-04-20,3602.96,3652.81,3652.98,3589.54,1115429,2130724032.00,1.76,1.45,52.33,3.12
2026-04-21,3646.48,3713.54,3726.96,3642.81,1513517,2827330764.00,2.30,1.66,60.73,4.23
2026-04-22,3698.60,3690.25,3720.54,3681.70,1558376,2612609579.00,1.05,-0.63,-23.29,4.36
2026-04-23,3678.56,3651.07,3684.99,3617.55,1191699,2189600446.00,1.83,-1.06,-39.18,3.33
2026-04-24,3632.53,3674.34,3689.62,3621.31,1029823,1874623919.00,1.87,0.64,23.27,2.88
2026-04-27,3677.11,3781.90,3787.66,3676.99,1843151,3148568238.00,3.01,2.93,107.56,5.15
2026-04-28,3774.73,3766.67,3805.56,3751.09,2375726,3767218516.00,1.44,-0.40,-15.23,6.64
2026-04-29,3728.08,3805.81,3829.51,3722.32,1813466,3097014083.00,2.85,1.04,39.14,5.07
2026-04-30,3797.14,3823.33,3834.80,3797.14,1476704,2417908941.00,0.99,0.46,17.52,4.13