2025-01-02,6.47,6.27,6.56,6.24,119215,79287970.00,4.92,-3.54,-0.23,0.75
2025-01-03,6.36,6.28,6.46,6.27,109892,72647797.00,3.03,0.16,0.01,0.69
2025-01-06,6.28,6.30,6.41,6.19,101081,66233404.00,3.50,0.32,0.02,0.64
2025-01-07,6.30,6.16,6.33,6.09,94207,60675529.00,3.81,-2.22,-0.14,0.59
2025-01-08,6.15,6.09,6.18,5.99,91082,57764471.00,3.08,-1.14,-0.07,0.57
2025-01-09,6.08,5.99,6.09,5.99,68844,43342713.00,1.64,-1.64,-0.10,0.43
2025-01-10,6.00,5.89,6.05,5.89,65200,40604844.00,2.67,-1.67,-0.10,0.41
2025-01-13,5.87,6.00,6.01,5.86,61382,38116619.00,2.55,1.87,0.11,0.39
2025-01-14,6.03,6.11,6.11,5.98,68286,43081403.00,2.17,1.83,0.11,0.43
2025-01-15,6.10,6.11,6.11,6.03,54519,34510790.00,1.31,0.00,0.00,0.34
2025-01-16,6.11,6.21,6.28,6.11,71250,46195998.00,2.78,1.64,0.10,0.45
2025-01-17,6.24,6.26,6.29,6.19,55167,35881662.00,1.61,0.81,0.05,0.35
2025-01-20,6.27,6.19,6.29,6.18,51459,33363819.00,1.76,-1.12,-0.07,0.32
2025-01-21,6.24,6.13,6.25,6.10,44317,28416607.00,2.42,-0.97,-0.06,0.28
2025-01-22,6.15,6.11,6.15,6.08,43253,27567014.00,1.14,-0.33,-0.02,0.27
2025-01-23,6.12,6.18,6.23,6.12,51837,33409763.00,1.80,1.15,0.07,0.33
2025-01-24,6.16,6.21,6.24,6.13,61730,39792704.00,1.78,0.49,0.03,0.39
2025-01-27,6.21,6.28,6.38,6.19,71756,47203771.00,3.06,1.13,0.07,0.45
2025-02-05,6.29,6.18,6.32,6.17,72320,46838004.00,2.39,-1.59,-0.10,0.46
2025-02-06,6.18,6.19,6.22,6.13,49310,31727712.00,1.46,0.16,0.01,0.31
2025-02-07,6.20,6.34,6.36,6.17,73964,48428321.00,3.07,2.42,0.15,0.47
2025-02-10,6.32,6.41,6.49,6.28,106092,70687843.00,3.31,1.10,0.07,0.67
2025-02-11,6.43,6.42,6.63,6.40,95192,64318784.00,3.59,0.16,0.01,0.60
2025-02-12,6.41,6.39,6.49,6.34,49074,32699402.00,2.34,-0.47,-0.03,0.31
2025-02-13,6.40,6.36,6.43,6.35,39820,26449115.00,1.25,-0.47,-0.03,0.25
2025-02-14,6.37,6.36,6.41,6.32,44895,29708698.00,1.42,0.00,0.00,0.28
2025-02-17,6.36,6.32,6.38,6.30,49042,32314008.00,1.26,-0.63,-0.04,0.31
2025-02-18,6.36,6.31,6.36,6.26,57392,37667289.00,1.58,-0.16,-0.01,0.36
2025-02-19,6.33,6.25,6.33,6.24,51692,33803028.00,1.43,-0.95,-0.06,0.33
2025-02-20,6.25,6.31,6.32,6.21,48985,31982587.00,1.76,0.96,0.06,0.31
2025-02-21,6.32,6.25,6.34,6.24,49189,32165347.00,1.58,-0.95,-0.06,0.31
2025-02-24,6.25,6.32,6.37,6.20,56027,36814055.00,2.72,1.12,0.07,0.35
2025-02-25,6.31,6.36,6.36,6.24,49622,32683357.00,1.90,0.63,0.04,0.31
2025-02-26,6.36,6.42,6.44,6.34,58351,38921442.00,1.57,0.94,0.06,0.37
2025-02-27,6.41,6.35,6.43,6.28,57138,37673219.00,2.34,-1.09,-0.07,0.36
2025-02-28,6.34,6.30,6.37,6.28,47422,31183569.00,1.42,-0.79,-0.05,0.30
2025-03-03,6.32,6.39,6.44,6.30,60197,39998920.00,2.22,1.43,0.09,0.38
2025-03-04,6.39,6.42,6.45,6.37,45018,30034354.00,1.25,0.47,0.03,0.28
2025-03-05,6.45,6.31,6.45,6.31,40649,26842225.00,2.18,-1.71,-0.11,0.26
2025-03-06,6.33,6.27,6.33,6.26,54953,35940518.00,1.11,-0.63,-0.04,0.35
2025-03-07,6.26,6.24,6.35,6.24,60241,39464304.00,1.75,-0.48,-0.03,0.38
2025-03-10,6.29,6.37,6.42,6.25,79503,52612540.00,2.72,2.08,0.13,0.50
2025-03-11,6.35,6.36,6.38,6.27,55433,36478100.00,1.73,-0.16,-0.01,0.35
2025-03-12,6.38,6.35,6.38,6.31,39526,26116671.00,1.10,-0.16,-0.01,0.25
2025-03-13,6.35,6.47,6.50,6.34,119724,80135652.00,2.52,1.89,0.12,0.75
2025-03-14,6.45,6.49,6.50,6.41,91092,61199706.00,1.39,0.31,0.02,0.57
2025-03-17,6.48,6.51,6.54,6.46,66813,45186890.00,1.23,0.31,0.02,0.42
2025-03-18,6.49,6.46,6.51,6.41,49041,32945443.00,1.54,-0.77,-0.05,0.31
2025-03-19,6.45,6.47,6.49,6.43,49098,32988334.00,0.93,0.15,0.01,0.31
2025-03-20,6.49,6.53,6.57,6.46,80823,54886675.00,1.70,0.93,0.06,0.51
2025-03-21,6.48,6.54,6.59,6.46,80474,54728119.00,1.99,0.15,0.01,0.51
2025-03-24,6.54,6.57,6.59,6.49,80135,54526595.00,1.53,0.46,0.03,0.50
2025-03-25,6.57,6.72,6.76,6.55,141719,98437346.00,3.20,2.28,0.15,0.89
2025-03-26,6.74,6.73,6.74,6.67,82354,57404505.00,1.04,0.15,0.01,0.52
2025-03-27,6.74,6.75,6.89,6.64,116238,81643990.00,3.71,0.30,0.02,0.73
2025-03-28,6.73,6.56,6.75,6.56,103557,71336342.00,2.81,-2.81,-0.19,0.65
2025-03-31,6.61,6.69,6.75,6.52,132127,91861990.00,3.51,1.98,0.13,0.83
2025-04-01,6.69,6.73,6.78,6.69,69008,48268312.00,1.35,0.60,0.04,0.43
2025-04-02,6.74,6.69,6.79,6.67,48697,33935678.00,1.78,-0.59,-0.04,0.31
2025-04-03,6.60,6.70,6.72,6.60,57537,39887350.00,1.79,0.15,0.01,0.36
2025-04-07,6.54,6.00,6.64,6.00,177401,116295020.00,9.55,-10.45,-0.70,1.12
2025-04-08,6.00,6.08,6.26,5.99,162933,103724710.00,4.50,1.33,0.08,1.03
2025-04-09,5.94,6.02,6.06,5.82,124341,77157797.00,3.95,-0.99,-0.06,0.78
2025-04-10,6.12,6.05,6.14,6.04,105630,67022267.00,1.66,0.50,0.03,0.67
2025-04-11,6.00,6.08,6.13,6.00,58328,37024889.00,2.15,0.50,0.03,0.37
2025-04-14,6.14,6.25,6.26,6.11,83064,53487931.00,2.47,2.80,0.17,0.52
2025-04-15,6.24,6.21,6.26,6.18,46696,30234744.00,1.28,-0.64,-0.04,0.29
2025-04-16,6.20,6.22,6.25,6.13,54975,35439493.00,1.93,0.16,0.01,0.35
2025-04-17,6.18,6.18,6.27,6.18,41808,27118278.00,1.45,-0.64,-0.04,0.26
2025-04-18,6.19,6.17,6.23,6.10,40553,25993991.00,2.10,-0.16,-0.01,0.26
2025-04-21,6.17,6.24,6.26,6.16,51468,33380519.00,1.62,1.13,0.07,0.32
2025-04-22,6.22,6.26,6.29,6.21,44833,29216164.00,1.28,0.32,0.02,0.28
2025-04-23,6.28,6.21,6.32,6.21,39363,25605153.00,1.76,-0.80,-0.05,0.25
2025-04-24,6.22,6.24,6.28,6.18,48599,31599600.00,1.61,0.48,0.03,0.31
2025-04-25,6.22,6.26,6.28,6.19,39676,25828723.00,1.44,0.32,0.02,0.25
2025-04-28,6.08,5.70,6.08,5.67,214900,129521441.00,6.55,-8.95,-0.56,1.35
2025-04-29,5.65,5.68,5.69,5.61,80367,47573235.00,1.40,-0.35,-0.02,0.51
2025-04-30,5.69,5.78,5.85,5.68,109657,66203355.00,2.99,1.76,0.10,0.69
2025-05-06,5.81,5.79,5.86,5.76,85768,51928012.00,1.73,0.17,0.01,0.54
2025-05-07,5.85,5.82,5.89,5.80,78991,48089081.00,1.55,0.52,0.03,0.50
2025-05-08,5.80,5.82,5.87,5.79,70896,43147353.00,1.37,0.00,0.00,0.45
2025-05-09,5.84,5.80,5.94,5.78,76978,46853859.00,2.75,-0.34,-0.02,0.48
2025-05-12,5.84,5.82,5.84,5.79,47365,28810770.00,0.86,0.34,0.02,0.30
2025-05-13,5.84,5.91,6.16,5.82,151433,93648893.00,5.84,1.55,0.09,0.95
2025-05-14,5.88,6.00,6.01,5.86,160820,99401698.00,2.54,1.52,0.09,1.01
2025-05-15,5.97,5.92,6.03,5.91,133135,79474750.00,2.00,-1.33,-0.08,0.84
2025-05-16,5.92,6.13,6.14,5.86,161034,96917479.00,4.73,3.55,0.21,1.01
2025-05-19,6.13,6.06,6.18,5.98,147623,89407037.00,3.26,-1.14,-0.07,0.93
2025-05-20,6.07,6.00,6.07,5.96,96030,57548444.00,1.82,-0.99,-0.06,0.60
2025-05-21,5.99,6.02,6.07,5.99,88422,53334534.00,1.33,0.33,0.02,0.56
2025-05-22,6.00,5.92,6.02,5.92,64444,38360841.00,1.66,-1.66,-0.10,0.41
2025-05-23,5.90,5.88,5.95,5.87,59736,35311843.00,1.35,-0.68,-0.04,0.38
2025-05-26,5.88,5.80,5.88,5.79,70526,41101450.00,1.53,-1.36,-0.08,0.44
2025-05-27,5.81,5.79,5.81,5.71,66097,38028911.00,1.72,-0.17,-0.01,0.42
2025-05-28,5.78,5.80,5.81,5.76,42697,24713948.00,0.86,0.17,0.01,0.27
2025-05-29,5.79,5.83,5.85,5.78,40622,23682272.00,1.21,0.52,0.03,0.26
2025-05-30,5.84,5.74,5.84,5.73,69080,39796958.00,1.89,-1.54,-0.09,0.44
2025-06-03,5.70,5.68,5.74,5.62,92140,52180947.00,2.09,-1.05,-0.06,0.58
2025-06-04,5.68,5.74,5.75,5.67,65127,37170837.00,1.41,1.06,0.06,0.41
2025-06-05,5.73,5.71,5.76,5.68,47736,27238982.00,1.39,-0.52,-0.03,0.30
2025-06-06,5.73,5.73,5.77,5.72,53768,30874918.00,0.88,0.35,0.02,0.34
2025-06-09,5.72,5.77,5.80,5.70,60384,34820359.00,1.75,0.70,0.04,0.38
2025-06-10,5.77,5.77,5.80,5.71,61111,35204117.00,1.56,0.00,0.00,0.38
2025-06-11,5.76,5.81,5.85,5.76,66440,38664945.00,1.56,0.69,0.04,0.42
2025-06-12,5.81,5.80,5.82,5.77,55419,32082920.00,0.86,-0.17,-0.01,0.35
2025-06-13,5.80,5.79,5.84,5.78,81017,47121847.00,1.03,-0.17,-0.01,0.51
2025-06-16,5.83,5.86,5.89,5.81,73576,43075750.00,1.38,1.21,0.07,0.46
2025-06-17,5.86,5.86,5.87,5.81,84007,49003872.00,1.02,0.00,0.00,0.53
2025-06-18,5.84,5.84,5.87,5.79,54916,32001242.00,1.37,-0.34,-0.02,0.35
2025-06-19,5.84,5.76,5.84,5.73,69037,39863427.00,1.88,-1.37,-0.08,0.43
2025-06-20,5.78,5.71,5.80,5.71,51995,29935086.00,1.56,-0.87,-0.05,0.33
2025-06-23,5.78,5.82,5.86,5.73,81411,47259300.00,2.28,1.93,0.11,0.51
2025-06-24,5.80,5.82,5.83,5.76,53750,31221716.00,1.20,0.00,0.00,0.34
2025-06-25,5.83,5.85,5.86,5.78,56988,33201535.00,1.37,0.52,0.03,0.36
2025-06-26,5.85,5.83,5.89,5.82,55534,32527103.00,1.20,-0.34,-0.02,0.35
2025-06-27,5.85,5.91,5.95,5.85,97106,57452568.00,1.72,1.37,0.08,0.61
2025-06-30,5.90,5.89,5.93,5.89,53139,31379128.00,0.68,-0.34,-0.02,0.33
2025-07-01,5.88,5.89,5.93,5.85,55300,32567154.00,1.36,0.00,0.00,0.35
2025-07-02,5.89,6.00,6.02,5.89,90589,54053773.00,2.21,1.87,0.11,0.57
2025-07-03,5.99,5.99,6.03,5.94,57781,34547381.00,1.50,-0.17,-0.01,0.36
2025-07-04,5.97,5.96,6.05,5.96,60516,36302628.00,1.50,-0.50,-0.03,0.38
2025-07-07,5.92,6.00,6.01,5.92,56566,33743056.00,1.51,0.67,0.04,0.36
2025-07-08,5.99,6.00,6.04,5.96,72076,43229233.00,1.33,0.00,0.00,0.45
2025-07-09,6.02,6.01,6.05,5.99,78152,46996432.00,1.00,0.17,0.01,0.49
2025-07-10,6.02,6.11,6.11,6.01,112332,68191931.00,1.66,1.66,0.10,0.71
2025-07-11,6.10,6.06,6.15,6.05,143646,87578336.00,1.64,-0.82,-0.05,0.90
2025-07-14,6.07,6.13,6.29,6.06,148192,91080564.00,3.80,1.16,0.07,0.93
2025-07-15,6.12,5.98,6.12,5.97,121330,73033675.00,2.45,-2.45,-0.15,0.76
2025-07-16,5.98,5.94,6.02,5.93,79711,47538758.00,1.51,-0.67,-0.04,0.50
2025-07-17,5.96,5.92,5.99,5.91,96961,57557001.00,1.35,-0.34,-0.02,0.61
2025-07-18,5.96,6.01,6.04,5.95,89568,53833031.00,1.52,1.52,0.09,0.56
2025-07-21,6.03,6.16,6.18,6.02,134085,82252905.00,2.66,2.50,0.15,0.84
2025-07-22,6.19,6.39,6.48,6.13,314449,199608292.00,5.68,3.73,0.23,1.98
2025-07-23,6.50,6.36,6.54,6.34,228745,146476746.00,3.13,-0.47,-0.03,1.44
2025-07-24,6.37,6.46,6.46,6.27,158736,101107387.00,2.99,1.57,0.10,1.00
2025-07-25,6.45,6.36,6.47,6.34,123465,78886249.00,2.01,-1.55,-0.10,0.78
2025-07-28,6.25,6.18,6.27,6.17,118092,73277771.00,1.57,-2.83,-0.18,0.74
2025-07-29,6.17,6.22,6.23,6.12,94699,58396127.00,1.78,0.65,0.04,0.60
2025-07-30,6.24,6.23,6.30,6.19,86818,54258924.00,1.77,0.16,0.01,0.55
2025-07-31,6.18,6.04,6.20,6.02,138888,84478202.00,2.89,-3.05,-0.19,0.87
2025-08-01,6.02,6.08,6.11,6.02,67256,40877071.00,1.49,0.66,0.04,0.42
2025-08-04,6.05,6.15,6.15,6.05,69899,42597854.00,1.64,1.15,0.07,0.44
2025-08-05,6.13,6.19,6.20,6.12,76498,47137219.00,1.30,0.65,0.04,0.48
2025-08-06,6.19,6.33,6.34,6.17,134128,84147010.00,2.75,2.26,0.14,0.84
2025-08-07,6.32,6.29,6.33,6.23,83286,52359779.00,1.58,-0.63,-0.04,0.52
2025-08-08,6.27,6.31,6.33,6.26,62417,39322555.00,1.11,0.32,0.02,0.39
2025-08-11,6.33,6.29,6.34,6.27,75845,47813126.00,1.11,-0.32,-0.02,0.48
2025-08-12,6.35,6.41,6.42,6.32,92467,58893982.00,1.59,1.91,0.12,0.58
2025-08-13,6.39,6.37,6.40,6.34,73272,46656102.00,0.94,-0.62,-0.04,0.46
2025-08-14,6.36,6.27,6.37,6.24,89533,56475984.00,2.04,-1.57,-0.10,0.56
2025-08-15,6.25,6.33,6.35,6.25,69946,44153574.00,1.59,0.96,0.06,0.44
2025-08-18,6.34,6.25,6.35,6.23,95895,60128972.00,1.90,-1.26,-0.08,0.60
2025-08-19,6.24,6.27,6.35,6.23,75223,47328150.00,1.92,0.32,0.02,0.47
2025-08-20,6.25,6.32,6.33,6.23,57729,36299496.00,1.59,0.80,0.05,0.36
2025-08-21,6.30,6.33,6.36,6.29,72384,45779768.00,1.11,0.16,0.01,0.46
2025-08-22,6.33,6.33,6.36,6.25,84809,53463678.00,1.74,0.00,0.00,0.53
2025-08-25,6.39,6.44,6.51,6.37,178558,114935177.00,2.21,1.74,0.11,1.12
2025-08-26,6.52,6.43,6.52,6.42,117528,76016165.00,1.55,-0.16,-0.01,0.74
2025-08-27,6.40,6.36,6.47,6.35,120556,77444701.00,1.87,-1.09,-0.07,0.76
2025-08-28,6.52,6.55,6.82,6.45,308200,204412806.00,5.82,2.99,0.19,1.94
2025-08-29,6.48,6.53,6.64,6.45,220194,144316352.00,2.90,-0.31,-0.02,1.39
2025-09-01,6.56,6.69,6.75,6.49,195993,130222602.00,3.98,2.45,0.16,1.23
2025-09-02,6.68,6.71,6.75,6.61,122885,82015671.00,2.09,0.30,0.02,0.77
2025-09-03,6.71,6.73,6.79,6.63,121508,81543701.00,2.38,0.30,0.02,0.77
2025-09-04,6.74,6.70,6.79,6.60,151746,101547075.00,2.82,-0.45,-0.03,0.96
2025-09-05,6.68,6.74,6.76,6.61,127524,85348551.00,2.24,0.60,0.04,0.80
2025-09-08,6.74,6.67,6.75,6.65,117606,78657300.00,1.48,-1.04,-0.07,0.74
2025-09-09,6.70,6.78,6.80,6.64,113915,76584623.00,2.40,1.65,0.11,0.72
2025-09-10,6.78,6.77,6.80,6.72,79233,53575822.00,1.18,-0.15,-0.01,0.50
2025-09-11,6.73,6.80,6.81,6.73,85812,58132761.00,1.18,0.44,0.03,0.54
2025-09-12,6.79,6.82,6.85,6.73,99921,67822250.00,1.76,0.29,0.02,0.63
2025-09-15,6.83,6.79,6.83,6.73,86875,58881605.00,1.47,-0.44,-0.03,0.55
2025-09-16,6.86,6.82,6.95,6.78,98403,67262254.00,2.50,0.44,0.03,0.62
2025-09-17,6.81,6.76,6.84,6.73,96430,65380353.00,1.61,-0.88,-0.06,0.61
2025-09-18,6.78,6.61,6.79,6.57,105887,70526443.00,3.25,-2.22,-0.15,0.67
2025-09-19,6.65,6.67,6.70,6.59,81134,53897311.00,1.66,0.91,0.06,0.51
2025-09-22,6.69,6.75,6.76,6.66,95717,64314174.00,1.50,1.20,0.08,0.60
2025-09-23,6.76,6.73,6.76,6.60,91047,60736127.00,2.37,-0.30,-0.02,0.57
2025-09-24,6.70,6.67,6.79,6.55,85521,56760531.00,3.57,-0.89,-0.06,0.54
2025-09-25,6.64,6.65,6.73,6.59,81507,54169270.00,2.10,-0.30,-0.02,0.51
2025-09-26,6.64,6.69,6.72,6.61,64622,43141775.00,1.65,0.60,0.04,0.41