2025-01-02,26.21,25.97,26.70,25.68,11484,30120356.00,3.89,-1.03,-0.27,0.82
2025-01-03,26.22,25.21,26.23,25.08,8260,21167992.00,4.43,-2.93,-0.76,0.59
2025-01-06,25.10,24.70,25.67,24.45,13307,33020666.00,4.84,-2.02,-0.51,0.95
2025-01-07,24.75,25.35,25.39,24.69,7047,17695102.00,2.83,2.63,0.65,0.50
2025-01-08,25.08,25.22,25.45,24.53,7304,18303952.00,3.63,-0.51,-0.13,0.52
2025-01-09,25.22,25.06,25.39,24.81,9150,22913648.00,2.30,-0.63,-0.16,0.65
2025-01-10,24.97,24.52,25.30,24.51,5115,12732979.00,3.15,-2.15,-0.54,0.37
2025-01-13,24.28,24.48,24.86,24.19,5169,12633660.00,2.73,-0.16,-0.04,0.37
2025-01-14,24.49,25.55,25.56,24.49,8633,21747951.00,4.37,4.37,1.07,0.62
2025-01-15,25.55,25.29,25.58,25.20,5026,12751791.00,1.49,-1.02,-0.26,0.36
2025-01-16,25.43,25.26,25.73,25.03,6053,15345102.00,2.77,-0.12,-0.03,0.43