MjAyMS0wMS0wNCwxMS44MiwxMi40MiwxMi40MiwxMS43NCw5NTk0MDgsMTE5MTAxOTk2OC4wMCw2LjAzLDEwLjIwLDEuMTUsMi40Nw==
2021-01-05,12.83,13.46,13.68,12.72,3008108,4067176112.00,7.73,8.37,1.04,7.74
2021-01-06,13.63,13.23,13.99,12.92,2324408,3152209232.00,7.95,-1.71,-0.23,5.98
2021-01-07,13.10,13.15,13.42,12.72,1955744,2591603184.00,5.29,-0.60,-0.08,5.03
2021-01-08,13.02,12.72,13.06,12.23,1476511,1893340048.00,6.31,-3.27,-0.43,3.80
2021-01-11,13.01,12.48,13.08,12.22,1500057,1930717552.00,6.76,-1.89,-0.24,3.86
2021-01-12,12.45,12.92,13.18,12.39,1469558,1920061664.00,6.33,3.53,0.44,3.78
2021-01-13,12.94,12.71,13.13,12.54,1074238,1397013456.00,4.57,-1.63,-0.21,2.77
2021-01-14,12.42,12.23,12.55,11.90,1166022,1452154864.00,5.11,-3.78,-0.48,3.00
2021-01-15,12.20,12.07,12.45,11.82,828994,1019769552.00,5.15,-1.31,-0.16,2.13
2021-01-18,12.21,12.40,12.77,12.20,938319,1190722864.00,4.72,2.73,0.33,2.42
2021-01-19,12.37,12.20,12.62,12.10,582532,729389056.00,4.19,-1.61,-0.20,1.50
2021-01-20,12.12,12.25,12.38,12.05,586213,726000960.00,2.70,0.41,0.05,1.51
2021-01-21,12.22,12.50,12.61,12.01,792642,994841568.00,4.90,2.04,0.25,2.04
2021-01-22,12.42,12.39,12.45,12.04,660119,819560864.00,3.28,-0.88,-0.11,1.70
2021-01-25,12.42,12.56,12.96,12.39,903693,1163730704.00,4.60,1.37,0.17,2.33
2021-01-26,12.28,11.29,12.29,11.29,1078473,1262164816.00,7.96,-10.11,-1.27,2.78
2021-01-27,11.18,11.46,11.62,11.03,600308,692916048.00,5.23,1.51,0.17,1.55
2021-01-28,11.32,11.82,12.60,11.22,1281499,1558560128.00,12.04,3.14,0.36,3.30
2021-01-29,11.83,11.21,11.83,10.93,674054,776188080.00,7.61,-5.16,-0.61,1.74
2021-02-01,11.19,11.43,11.73,11.19,438253,512736464.00,4.82,1.96,0.22,1.13
2021-02-02,11.32,11.71,11.77,11.21,481509,561523424.00,4.90,2.45,0.28,1.24
2021-02-03,11.57,11.53,11.86,11.42,434111,513467024.00,3.76,-1.54,-0.18,1.12
2021-02-04,11.39,11.34,11.69,11.21,408986,476413600.00,4.16,-1.65,-0.19,1.05
2021-02-05,11.39,11.00,11.50,10.97,389145,442816016.00,4.67,-3.00,-0.34,1.00
2021-02-08,10.95,10.84,11.07,10.54,369261,405873232.00,4.82,-1.45,-0.16,0.95
2021-02-09,10.85,11.58,11.70,10.73,448582,516123760.00,8.95,6.83,0.74,1.15
2021-02-10,11.59,11.42,11.60,11.24,267038,308497392.00,3.11,-1.38,-0.16,0.69
2021-02-18,11.60,11.23,11.69,11.08,402097,460327904.00,5.34,-1.66,-0.19,1.04
2021-02-19,11.16,11.37,11.37,11.12,272328,312079376.00,2.23,1.25,0.14,0.70
2021-02-22,11.36,11.27,11.67,11.23,460835,535916352.00,3.87,-0.88,-0.10,1.19
2021-02-23,11.22,12.42,12.42,11.16,480019,583541296.00,11.18,10.20,1.15,1.24
2021-02-24,12.93,12.92,13.68,12.47,1745057,2299269568.00,9.74,4.03,0.50,4.49
2021-02-25,12.41,12.54,12.97,12.32,943446,1210171024.00,5.03,-2.94,-0.38,2.43
2021-02-26,12.37,12.03,12.68,11.92,714886,882886288.00,6.06,-4.07,-0.51,1.84
2021-03-01,12.12,12.29,12.37,11.94,595972,735673248.00,3.57,2.16,0.26,1.53
2021-03-02,12.41,12.51,12.51,11.94,716385,887089664.00,4.64,1.79,0.22,1.84
2021-03-03,12.23,12.74,12.77,12.18,735251,938570576.00,4.72,1.84,0.23,1.89
2021-03-04,12.50,12.37,13.02,12.13,807581,1029821504.00,6.99,-2.90,-0.37,2.08
2021-03-05,12.10,11.92,12.20,11.75,506394,615652224.00,3.64,-3.64,-0.45,1.30
2021-03-08,11.91,10.98,12.18,10.90,855631,991323872.00,10.74,-7.89,-0.94,2.20
2021-03-09,10.82,10.26,10.94,10.15,659989,701044912.00,7.19,-6.56,-0.72,1.70
2021-03-10,10.43,9.87,10.50,9.74,661682,672828320.00,7.41,-3.80,-0.39,1.70
2021-03-11,9.92,9.99,10.04,9.82,418400,423089504.00,2.23,1.22,0.12,1.08
2021-03-12,10.00,9.77,10.04,9.62,471359,468120016.00,4.20,-2.20,-0.22,1.21
2021-03-15,9.81,9.91,9.95,9.65,433923,434311488.00,3.07,1.43,0.14,1.12
2021-03-16,9.91,9.78,9.94,9.72,382966,382694576.00,2.22,-1.31,-0.13,0.99
2021-03-17,9.78,9.81,9.90,9.72,357204,356860432.00,1.84,0.31,0.03,0.92
2021-03-18,9.76,9.61,9.79,9.61,528499,520218832.00,1.83,-2.04,-0.20,1.36
2021-03-19,9.57,9.80,9.94,9.35,721450,710928624.00,6.14,1.98,0.19,1.86
2021-03-22,9.66,9.83,10.02,9.57,477696,477378576.00,4.59,0.31,0.03,1.23
2021-03-23,9.83,9.67,9.83,9.62,318618,314418256.00,2.14,-1.63,-0.16,0.82
2021-03-24,9.62,9.44,9.73,9.38,375955,364126832.00,3.62,-2.38,-0.23,0.97
2021-03-25,9.39,9.35,9.48,9.29,257722,246314937.00,2.01,-0.95,-0.09,0.66
2021-03-26,9.36,9.45,9.49,9.35,248243,238577971.00,1.50,1.07,0.10,0.64
2021-03-29,9.49,9.64,9.85,9.47,447059,441628896.00,4.02,2.01,0.19,1.15
2021-03-30,9.65,9.87,9.95,9.65,592294,594285456.00,3.11,2.39,0.23,1.52
2021-03-31,9.81,9.56,9.81,9.47,381235,370897152.00,3.44,-3.14,-0.31,0.98
2021-04-01,9.91,9.91,10.27,9.87,710694,724037584.00,4.18,3.66,0.35,1.83
2021-04-02,9.82,9.88,9.98,9.75,344135,345046864.00,2.32,-0.30,-0.03,0.89
2021-04-06,10.01,10.03,10.07,9.88,389875,397123840.00,1.92,1.52,0.15,1.00
2021-04-07,9.99,9.90,10.00,9.82,323247,325245088.00,1.79,-1.30,-0.13,0.83
2021-04-08,9.87,9.88,10.02,9.81,294773,297552208.00,2.12,-0.20,-0.02,0.76
2021-04-09,9.95,10.09,10.20,9.95,595855,612482800.00,2.53,2.13,0.21,1.53
2021-04-12,10.07,9.83,10.07,9.74,389740,390774992.00,3.27,-2.58,-0.26,1.00
2021-04-13,9.73,9.60,9.81,9.52,289792,284575776.00,2.95,-2.34,-0.23,0.75
2021-04-14,9.66,9.74,9.77,9.60,183236,181046333.00,1.77,1.46,0.14,0.47
2021-04-15,9.72,9.66,9.75,9.59,168949,166079649.00,1.64,-0.82,-0.08,0.43
2021-04-16,9.66,9.74,9.76,9.57,242079,238477667.00,1.97,0.83,0.08,0.62
2021-04-19,9.71,9.92,9.98,9.67,340017,341256736.00,3.18,1.85,0.18,0.88
2021-04-20,9.88,9.89,10.01,9.81,294760,297250704.00,2.02,-0.30,-0.03,0.76
2021-04-21,9.85,9.83,9.91,9.79,198619,199246203.00,1.21,-0.61,-0.06,0.51
2021-04-22,9.90,9.90,9.94,9.84,185697,186844239.00,1.02,0.71,0.07,0.48
2021-04-23,9.89,9.84,9.89,9.75,202813,202534565.00,1.41,-0.61,-0.06,0.52
2021-04-26,9.91,9.86,10.06,9.84,342505,346208512.00,2.24,0.20,0.02,0.88
2021-04-27,9.82,9.64,9.82,9.60,263748,259838752.00,2.23,-2.23,-0.22,0.68
2021-04-28,9.61,9.67,9.71,9.58,155720,153071442.00,1.35,0.31,0.03,0.40
2021-04-29,9.70,9.69,9.81,9.62,203381,201317913.00,1.96,0.21,0.02,0.52
2021-04-30,9.67,9.57,9.67,9.46,342156,332906816.00,2.17,-1.24,-0.12,0.88
2021-05-06,9.58,9.62,9.71,9.52,217377,213376787.00,1.99,0.52,0.05,0.56
2021-05-07,9.62,9.66,9.77,9.57,255109,251854831.00,2.08,0.42,0.04,0.66
2021-05-10,9.64,9.50,9.64,9.43,246152,238188505.00,2.17,-1.66,-0.16,0.63
2021-05-11,9.44,9.69,9.73,9.42,238267,232953268.00,3.26,2.00,0.19,0.61
2021-05-12,9.67,9.62,9.67,9.55,149189,145750992.00,1.24,-0.72,-0.07,0.38
2021-05-13,9.59,9.71,9.80,9.55,274744,272062528.00,2.60,0.94,0.09,0.71
2021-05-14,9.71,9.90,9.91,9.64,385129,385718384.00,2.78,1.96,0.19,0.99
2021-05-17,10.00,9.81,10.16,9.71,482077,485273024.00,4.55,-0.91,-0.09,1.24
2021-05-18,9.73,10.09,10.20,9.68,650911,662553856.00,5.30,2.85,0.28,1.68
2021-05-19,10.03,10.02,10.12,9.94,336157,342963456.00,1.78,-0.69,-0.07,0.87
2021-05-20,9.95,10.04,10.12,9.95,329761,337568784.00,1.70,0.20,0.02,0.85
2021-05-21,10.09,9.73,10.10,9.69,507444,508732608.00,4.08,-3.09,-0.31,1.31
2021-05-24,9.73,9.89,9.91,9.72,259895,260177889.00,1.95,1.64,0.16,0.67
2021-05-25,9.92,10.18,10.27,9.78,592847,609419680.00,4.95,2.93,0.29,1.53
2021-05-26,10.30,10.26,10.65,10.22,829115,878958368.00,4.22,0.79,0.08,2.13
2021-05-27,10.31,10.32,10.42,10.18,394104,412889232.00,2.34,0.58,0.06,1.01
2021-05-28,10.32,10.38,10.43,10.19,418987,439796096.00,2.33,0.58,0.06,1.08
2021-05-31,10.42,10.48,10.54,10.27,521595,552485504.00,2.60,0.96,0.10,1.34
2021-06-01,10.46,10.29,10.47,10.16,519599,543560880.00,2.96,-1.81,-0.19,1.34
2021-06-02,10.30,10.12,10.41,10.10,343143,357401968.00,3.01,-1.65,-0.17,0.88
2021-06-03,10.13,10.04,10.22,10.00,247884,255179196.00,2.17,-0.79,-0.08,0.64
2021-06-04,10.07,10.08,10.16,9.97,244622,251090858.00,1.89,0.40,0.04,0.63
2021-06-07,10.11,10.23,10.27,10.09,355183,368670160.00,1.79,1.49,0.15,0.91
2021-06-08,10.22,10.26,10.28,10.10,377515,391522496.00,1.76,0.29,0.03,0.97
2021-06-09,10.35,10.23,10.50,10.21,480199,504728848.00,2.83,-0.29,-0.03,1.24
2021-06-10,10.21,10.15,10.27,10.11,391871,405668256.00,1.56,-0.78,-0.08,1.01
2021-06-11,10.17,9.90,10.19,9.78,637441,643124384.00,4.04,-2.46,-0.25,1.64
2021-06-15,9.86,9.75,9.88,9.72,268535,267303669.00,1.62,-1.52,-0.15,0.69
2021-06-16,9.73,9.71,9.84,9.65,270801,269240944.00,1.95,-0.41,-0.04,0.70
2021-06-17,9.76,9.91,9.95,9.73,277637,278637584.00,2.27,2.06,0.20,0.71
2021-06-18,9.94,9.97,10.07,9.89,286665,291509744.00,1.82,0.61,0.06,0.74
2021-06-21,9.97,10.22,10.22,9.93,440844,452649456.00,2.91,2.51,0.25,1.13
2021-06-22,10.27,10.11,10.31,10.05,408899,422003728.00,2.54,-1.08,-0.11,1.05
2021-06-23,10.12,10.06,10.21,10.01,403324,411116912.00,1.98,-0.49,-0.05,1.04
2021-06-24,10.08,10.24,10.56,10.06,791356,827323536.00,4.97,1.79,0.18,2.04
2021-06-25,10.18,10.28,10.31,10.09,443543,457594592.00,2.15,0.39,0.04,1.14
2021-06-28,10.30,10.13,10.39,10.05,398416,409173680.00,3.31,-1.46,-0.15,1.03
2021-06-29,10.11,9.95,10.24,9.91,311419,316034592.00,3.26,-1.78,-0.18,0.80
2021-06-30,9.94,9.97,10.01,9.90,259110,260048385.00,1.11,0.20,0.02,0.67
2021-07-01,10.02,9.68,10.07,9.68,410376,406517008.00,3.91,-2.91,-0.29,1.06
2021-07-02,9.73,9.22,9.78,9.12,619754,586423968.00,6.82,-4.75,-0.46,1.60
2021-07-05,9.25,9.47,9.60,9.23,427566,409159424.00,4.01,2.71,0.25,1.10
2021-07-06,9.45,9.53,9.65,9.45,408138,393871008.00,2.11,0.63,0.06,1.05
2021-07-07,9.53,9.49,9.71,9.40,664886,639988752.00,3.25,-0.42,-0.04,1.71
2021-07-08,9.52,9.64,9.87,9.46,827956,809578528.00,4.32,1.58,0.15,2.13
2021-07-09,9.73,9.42,9.74,9.30,751383,714783728.00,4.56,-2.28,-0.22,1.93
2021-07-12,9.49,9.96,10.15,9.47,1081382,1074951232.00,7.22,5.73,0.54,2.78
2021-07-13,9.98,9.83,10.05,9.76,571200,569228208.00,2.91,-1.31,-0.13,1.47
2021-07-14,9.79,9.61,9.83,9.58,365382,356398528.00,2.54,-2.24,-0.22,0.94
2021-07-15,9.57,9.54,9.71,9.44,372422,358905296.00,2.81,-0.73,-0.07,0.96
2021-07-16,9.55,9.81,9.99,9.50,718182,710692528.00,5.14,2.83,0.27,1.85
2021-07-19,9.83,9.72,9.97,9.63,480234,473111648.00,3.47,-0.92,-0.09,1.24
2021-07-20,9.61,9.80,9.81,9.57,413508,405522944.00,2.47,0.82,0.08,1.06
2021-07-21,9.83,9.94,10.06,9.76,546926,548107808.00,3.06,1.43,0.14,1.41
2021-07-22,9.94,9.89,9.95,9.81,364836,363740080.00,1.41,-0.50,-0.05,0.94
2021-07-23,9.89,10.06,10.18,9.79,687486,692872960.00,3.94,1.72,0.17,1.77
2021-07-26,10.07,10.12,10.56,10.01,1214204,1257184368.00,5.47,0.60,0.06,3.13
2021-07-27,10.13,10.02,10.28,9.90,818075,836284304.00,3.75,-0.99,-0.10,2.11
2021-07-28,9.91,9.61,9.92,9.47,612185,594437440.00,4.49,-4.09,-0.41,1.58
2021-07-29,9.68,9.85,9.92,9.63,509028,504067488.00,3.02,2.50,0.24,1.31
2021-07-30,9.83,9.80,9.96,9.71,394280,391236384.00,2.54,-0.51,-0.05,1.01
2021-08-02,9.83,10.36,10.40,9.81,1003837,1039403536.00,6.02,5.71,0.56,2.58
2021-08-03,10.36,10.31,10.56,10.20,840474,881492384.00,3.47,-0.48,-0.05,2.16
2021-08-04,10.30,10.58,10.68,10.23,783230,833223152.00,4.36,2.62,0.27,2.02
2021-08-05,10.80,11.04,11.45,10.61,1301214,1445492768.00,7.94,4.35,0.46,3.35
2021-08-06,11.10,11.21,11.28,10.89,856627,959097168.00,3.53,1.54,0.17,2.21
2021-08-09,11.35,11.38,12.00,11.23,1136174,1328416944.00,6.87,1.52,0.17,2.92
2021-08-10,11.35,11.64,12.10,11.30,1175082,1392267536.00,7.03,2.28,0.26,3.02
2021-08-11,11.63,11.50,11.71,11.42,828117,961711376.00,2.49,-1.20,-0.14,2.13
2021-08-12,11.51,11.28,11.79,11.23,837166,962401424.00,4.87,-1.91,-0.22,2.15
2021-08-13,11.35,11.36,11.62,11.23,728354,837024176.00,3.46,0.71,0.08,1.87
2021-08-16,11.31,11.19,11.44,11.10,507734,576383584.00,2.99,-1.50,-0.17,1.31
2021-08-17,11.25,10.90,11.37,10.82,669048,747643360.00,4.92,-2.59,-0.29,1.72
2021-08-18,10.88,11.28,11.44,10.86,685325,776493312.00,5.32,3.49,0.38,1.76
2021-08-19,11.20,11.35,11.56,11.01,732416,837867072.00,4.88,0.62,0.07,1.89
2021-08-20,11.25,11.34,11.54,11.16,616263,704896064.00,3.35,-0.09,-0.01,1.59
2021-08-23,11.42,11.64,11.84,11.38,971255,1141688368.00,4.06,2.65,0.30,2.50
2021-08-24,11.30,11.50,11.54,11.00,851406,966671920.00,4.64,-1.20,-0.14,2.19
2021-08-25,11.50,11.84,11.96,11.43,1088273,1285790000.00,4.61,2.96,0.34,2.80
2021-08-26,12.15,13.03,13.03,12.14,1024158,1331631856.00,7.52,10.05,1.19,2.64
2021-08-27,13.12,12.96,13.42,12.57,2054877,2705693488.00,6.52,-0.54,-0.07,5.29
2021-08-30,13.33,13.31,13.86,13.15,1288596,1744538224.00,5.48,2.70,0.35,3.32
2021-08-31,13.30,13.90,14.11,13.24,1132247,1578146064.00,6.54,4.43,0.59,2.91
2021-09-01,13.84,13.41,14.19,13.08,1024504,1396925232.00,7.99,-3.53,-0.49,2.64
2021-09-02,13.60,13.25,13.64,12.96,914710,1220161280.00,5.07,-1.19,-0.16,2.35
2021-09-03,13.21,12.98,13.31,12.75,797263,1042416976.00,4.23,-2.04,-0.27,2.05
2021-09-06,13.01,13.58,13.75,12.87,1043394,1407956720.00,6.78,4.62,0.60,2.69
2021-09-07,13.59,14.33,14.60,13.43,964838,1377332720.00,8.62,5.52,0.75,2.48
2021-09-08,14.28,14.30,14.55,14.00,547420,785497168.00,3.84,-0.21,-0.03,1.41
2021-09-09,14.30,14.43,14.56,13.87,642097,919734352.00,4.83,0.91,0.13,1.65
2021-09-10,14.51,14.09,14.62,13.90,546843,781437648.00,4.99,-2.36,-0.34,1.41
2021-09-13,14.09,14.18,14.31,13.97,388004,553206480.00,2.41,0.64,0.09,1.00
2021-09-14,14.04,13.78,14.85,13.69,725051,1038432928.00,8.18,-2.82,-0.40,1.87
2021-09-15,13.92,13.80,13.97,13.55,488241,676637920.00,3.05,0.15,0.02,1.26
2021-09-16,13.90,13.84,14.32,13.79,507991,716072672.00,3.84,0.29,0.04,1.31
2021-09-17,13.82,13.43,13.90,12.80,848082,1133067616.00,7.95,-2.96,-0.41,2.18
2021-09-22,13.42,13.73,14.00,13.18,498459,685803088.00,6.11,2.23,0.30,1.28
2021-09-23,13.82,13.90,14.02,13.58,527219,733582592.00,3.20,1.24,0.17,1.36
2021-09-24,13.95,14.04,14.18,13.64,492408,693694976.00,3.88,1.01,0.14,1.27
2021-09-27,13.92,13.42,13.99,13.13,488636,664872528.00,6.13,-4.42,-0.62,1.26
2021-09-28,13.40,13.46,13.79,13.30,373091,510042784.00,3.65,0.30,0.04,0.96
2021-09-29,13.20,12.91,13.61,12.85,402048,532610000.00,5.65,-4.09,-0.55,1.03
2021-09-30,13.10,13.14,13.44,12.98,339734,450411568.00,3.56,1.78,0.23,0.87
2021-10-08,13.40,12.78,13.42,12.53,671481,867335392.00,6.77,-2.74,-0.36,1.73
2021-10-11,13.01,13.63,13.81,12.89,604609,822387024.00,7.20,6.65,0.85,1.56
2021-10-12,13.40,13.05,13.41,12.91,457494,605343616.00,3.67,-4.26,-0.58,1.18
2021-10-13,13.04,13.14,13.20,12.41,537217,693928752.00,6.05,0.69,0.09,1.38
2021-10-14,13.04,13.78,14.19,13.01,596099,826841568.00,8.98,4.87,0.64,1.53
2021-10-15,13.91,13.95,14.05,13.63,482816,675114720.00,3.05,1.23,0.17,1.24
2021-10-18,13.95,13.92,14.33,13.77,442170,623372256.00,4.01,-0.22,-0.03,1.14
2021-10-19,13.92,14.14,14.31,13.67,445322,630195696.00,4.60,1.58,0.22,1.15
2021-10-20,14.14,14.30,14.49,14.00,435228,625854112.00,3.47,1.13,0.16,1.12
2021-10-21,14.16,14.25,14.63,14.05,574665,827891808.00,4.06,-0.35,-0.05,1.48
2021-10-22,14.26,14.11,14.38,14.08,338950,485054704.00,2.11,-0.98,-0.14,0.87
2021-10-25,14.08,14.41,14.52,13.68,541340,775345200.00,5.95,2.13,0.30,1.39
2021-10-26,14.20,14.06,14.29,13.70,568672,800209648.00,4.09,-2.43,-0.35,1.46
2021-10-27,14.20,14.27,14.59,14.06,527032,756563984.00,3.77,1.49,0.21,1.36
2021-10-28,14.32,14.15,14.55,14.05,429957,619091632.00,3.50,-0.84,-0.12,1.11
2021-10-29,13.98,15.10,15.18,13.98,834693,1243172080.00,8.48,6.71,0.95,2.15
2021-11-01,15.64,15.33,15.75,14.88,844319,1305135312.00,5.76,1.52,0.23,2.17
2021-11-02,15.26,15.51,16.00,15.16,913640,1425653440.00,5.48,1.17,0.18,2.35
2021-11-03,15.30,15.10,15.35,14.80,556634,841200080.00,3.55,-2.64,-0.41,1.43
2021-11-04,15.10,15.70,15.76,14.83,632213,978685984.00,6.16,3.97,0.60,1.63
2021-11-05,15.66,15.69,16.10,15.24,591826,933977056.00,5.48,-0.06,-0.01,1.52
2021-11-08,15.91,15.68,15.91,15.17,402855,630946416.00,4.72,-0.06,-0.01,1.04
2021-11-09,15.60,15.85,16.18,15.31,644185,1022281472.00,5.55,1.08,0.17,1.66
2021-11-10,15.80,15.75,16.12,15.49,438380,694942192.00,3.97,-0.63,-0.10,1.13
2021-11-11,15.61,15.60,15.94,15.46,429420,678158224.00,3.05,-0.95,-0.15,1.11
2021-11-12,15.60,16.24,16.40,15.46,695384,1117738560.00,6.03,4.10,0.64,1.79
2021-11-15,16.38,16.01,17.39,15.80,1010168,1681413344.00,9.79,-1.42,-0.23,2.60
2021-11-16,16.26,15.08,16.29,15.08,951165,1490700416.00,7.56,-5.81,-0.93,2.45
2021-11-17,15.04,15.42,15.70,14.68,813524,1240085536.00,6.76,2.25,0.34,2.09
2021-11-18,15.41,15.96,16.27,15.10,898258,1428438720.00,7.59,3.50,0.54,2.31
2021-11-19,16.04,15.80,16.30,15.61,481410,770101216.00,4.32,-1.00,-0.16,1.24
2021-11-22,15.80,15.89,16.15,15.28,716156,1126727488.00,5.51,0.57,0.09,1.84
2021-11-23,15.90,15.97,16.40,15.80,478376,775609824.00,3.78,0.50,0.08,1.23
2021-11-24,16.00,15.61,16.28,15.56,509318,813641520.00,4.51,-2.25,-0.36,1.31
2021-11-25,15.53,15.45,15.89,15.26,336481,526009920.00,4.04,-1.02,-0.16,0.87
2021-11-26,15.40,15.60,15.94,15.35,324516,512313088.00,3.82,0.97,0.15,0.84
2021-11-29,15.46,16.02,16.10,15.20,554862,879437680.00,5.77,2.69,0.42,1.43
2021-11-30,16.15,16.90,17.11,16.11,798201,1343107376.00,6.24,5.49,0.88,2.05
2021-12-01,16.61,16.12,16.73,16.00,703611,1150444224.00,4.32,-4.62,-0.78,1.81
2021-12-02,16.13,16.80,16.97,15.86,674127,1116440960.00,6.89,4.22,0.68,1.74
2021-12-03,16.69,17.55,17.75,16.62,800296,1398851856.00,6.73,4.46,0.75,2.06
2021-12-06,17.56,17.89,18.28,17.36,644075,1159128688.00,5.24,1.94,0.34,1.66
2021-12-07,17.82,17.12,18.05,16.63,757396,1304037184.00,7.94,-4.30,-0.77,1.95
2021-12-08,17.27,17.58,17.70,16.95,452704,794368432.00,4.38,2.69,0.46,1.17
2021-12-09,17.50,16.85,17.95,16.60,763017,1300779072.00,7.68,-4.15,-0.73,1.96
2021-12-10,16.65,16.72,16.80,16.41,538984,898380128.00,2.31,-0.77,-0.13,1.39
2021-12-13,16.60,16.60,16.72,16.05,759474,1249562064.00,4.01,-0.72,-0.12,1.95
2021-12-14,16.53,16.89,17.09,16.33,463562,785049488.00,4.58,1.75,0.29,1.19
2021-12-15,16.84,16.86,17.08,16.70,327435,557593840.00,2.25,-0.18,-0.03,0.84
2021-12-16,17.05,17.16,17.27,16.81,322468,554309792.00,2.73,1.78,0.30,0.83
2021-12-17,17.16,16.70,17.33,16.70,318131,542536416.00,3.67,-2.68,-0.46,0.82
2021-12-20,16.53,16.34,16.87,16.30,249969,415026752.00,3.41,-2.16,-0.36,0.64
2021-12-21,16.43,16.26,16.50,15.88,303439,494123216.00,3.79,-0.49,-0.08,0.78
2021-12-22,16.32,16.36,16.53,15.90,260543,426005888.00,3.87,0.62,0.10,0.67
2021-12-23,16.21,17.05,17.62,16.17,622720,1071037360.00,8.86,4.22,0.69,1.60
2021-12-24,16.98,17.19,17.52,16.92,366556,636369120.00,3.52,0.82,0.14,0.94
2021-12-27,17.10,16.89,17.55,16.81,329297,567374496.00,4.30,-1.75,-0.30,0.85
2021-12-28,16.89,16.79,17.14,16.47,396271,668299968.00,3.97,-0.59,-0.10,1.02
2021-12-29,16.70,17.29,17.45,16.64,392231,681350864.00,4.82,2.98,0.50,1.01
2021-12-30,17.23,18.19,18.40,17.11,756212,1367454336.00,7.46,5.21,0.90,1.95
2021-12-31,18.19,18.08,18.55,17.87,453201,828373792.00,3.74,-0.60,-0.11,1.17