MTk5OS0wMS0wNCwwLjE2LDAuMTIsMC4xNiwwLjEwLDEwMzEsODU1MDAwLjAwLDYwLjAwLDIwLjAwLDAuMDIsMC40NA==
1999-01-05,0.12,0.12,0.13,0.08,881,720000.00,41.67,0.00,0.00,0.38
1999-01-06,0.11,0.14,0.16,0.11,764,636000.00,41.67,16.67,0.02,0.33
1999-01-07,0.12,0.13,0.14,0.10,851,702000.00,28.57,-7.14,-0.01,0.36
1999-01-08,0.16,0.20,0.21,0.14,2529,2148000.00,53.85,53.85,0.07,1.08
1999-01-11,0.22,0.34,0.35,0.22,11144,10070000.00,65.00,70.00,0.14,4.76
1999-01-12,0.33,0.25,0.34,0.25,5474,4859000.00,26.47,-26.47,-0.09,2.34
1999-01-13,0.23,0.13,0.23,0.13,5358,4528000.00,40.00,-48.00,-0.12,2.29
1999-01-14,0.11,0.14,0.17,0.11,2332,1932000.00,46.15,7.69,0.01,1.00
1999-01-15,0.01,-0.07,0.04,-0.07,16094,12233000.00,78.57,-150.00,-0.21,4.52
1999-01-18,-0.17,-0.14,-0.14,-0.25,9048,6342000.00,-157.14,-100.00,-0.07,2.54
1999-01-19,-0.15,-0.13,-0.09,-0.17,4634,3346000.00,-57.14,7.14,0.01,1.30
1999-01-20,-0.10,-0.12,-0.10,-0.14,2597,1884000.00,-30.77,7.69,0.01,0.73
1999-01-21,-0.10,-0.12,-0.10,-0.15,3453,2487000.00,-41.67,0.00,0.00,0.97
1999-01-22,-0.11,-0.08,-0.07,-0.14,4666,3431000.00,-58.33,33.33,0.04,1.31
1999-01-25,-0.08,-0.09,-0.07,-0.13,3649,2683000.00,-75.00,-12.50,-0.01,1.02
1999-01-26,-0.07,-0.12,-0.07,-0.13,2006,1466000.00,-66.67,-33.33,-0.03,0.56
1999-01-27,-0.12,-0.10,-0.09,-0.14,3128,2265000.00,-41.67,16.67,0.02,0.88
1999-01-28,-0.09,-0.02,-0.01,-0.09,8048,6046000.00,-80.00,80.00,0.08,2.26
1999-01-29,-0.04,-0.07,-0.03,-0.09,3078,2311000.00,-300.00,-250.00,-0.05,0.86
1999-02-01,-0.06,-0.14,-0.06,-0.14,2698,1965000.00,-114.29,-100.00,-0.07,0.76
1999-02-02,-0.12,-0.10,-0.01,-0.12,3789,2825000.00,-78.57,28.57,0.04,1.06
1999-02-03,-0.10,-0.12,-0.09,-0.14,1748,1272000.00,-50.00,-20.00,-0.02,0.49
1999-02-04,-0.09,-0.11,-0.02,-0.11,2192,1617000.00,-75.00,8.33,0.01,0.62
1999-02-05,-0.12,-0.18,-0.11,-0.18,2868,2047000.00,-63.64,-63.64,-0.07,0.81
1999-02-08,-0.20,-0.26,-0.20,-0.26,2727,1859000.00,-33.33,-44.44,-0.08,0.77
1999-02-09,-0.25,-0.21,-0.19,-0.25,1723,1178000.00,-23.08,19.23,0.05,0.48
1999-03-01,-0.22,-0.16,-0.14,-0.24,1618,1133000.00,-47.62,23.81,0.05,0.45
1999-03-02,-0.19,-0.10,-0.08,-0.19,2869,2096000.00,-68.75,37.50,0.06,0.81
1999-03-03,-0.11,-0.07,-0.06,-0.11,4654,3463000.00,-50.00,30.00,0.03,1.31
1999-03-04,-0.08,-0.04,-0.04,-0.11,4918,3663000.00,-100.00,42.86,0.03,1.38
1999-03-05,-0.04,-0.04,0.02,-0.05,7339,5657000.00,-175.00,0.00,0.00,2.06
1999-03-08,-0.04,-0.04,-0.02,-0.11,4038,3027000.00,-225.00,0.00,0.00,1.13
1999-03-09,-0.04,-0.01,0.06,-0.04,12054,9418000.00,-250.00,75.00,0.03,3.39
1999-03-10,0.01,-0.03,0.01,-0.05,4846,3694000.00,-600.00,-200.00,-0.02,1.36
1999-03-11,-0.03,0.03,0.05,-0.04,9158,7171000.00,-300.00,200.00,0.06,2.57
1999-03-12,0.03,0.02,0.03,-0.01,4911,3828000.00,133.33,-33.33,-0.01,1.38
1999-03-15,0.02,0.01,0.06,0.00,7067,5560000.00,300.00,-50.00,-0.01,1.98
1999-03-16,0.01,0.02,0.08,-0.01,8043,6385000.00,900.00,100.00,0.01,2.26
1999-03-17,0.02,-0.04,0.04,-0.04,6944,5357000.00,400.00,-300.00,-0.06,1.95
1999-03-18,-0.04,-0.08,-0.04,-0.09,5532,4145000.00,-125.00,-100.00,-0.04,1.55
1999-03-19,-0.10,-0.02,-0.02,-0.10,3346,2531000.00,-100.00,75.00,0.06,0.94
1999-03-22,0.03,0.10,0.15,0.03,32587,26718000.00,-600.00,600.00,0.12,9.15
1999-03-23,0.08,0.11,0.12,0.06,10014,8154000.00,60.00,10.00,0.01,2.81
1999-03-24,0.11,0.07,0.11,0.07,5947,4820000.00,36.36,-36.36,-0.04,1.67
1999-03-25,0.07,0.03,0.07,0.02,4881,3862000.00,71.43,-57.14,-0.04,1.37
1999-03-26,0.02,0.04,0.06,0.01,3125,2476000.00,166.67,33.33,0.01,0.88
1999-03-29,0.03,0.06,0.08,0.00,4642,3672000.00,200.00,50.00,0.02,1.30
1999-03-30,0.06,0.02,0.08,0.02,2872,2288000.00,100.00,-66.67,-0.04,0.81
1999-03-31,0.03,0.11,0.12,0.02,8910,7232000.00,500.00,450.00,0.09,2.50
1999-04-01,0.12,0.14,0.15,0.10,9259,7629000.00,45.45,27.27,0.03,2.60
1999-04-02,0.15,0.11,0.16,0.10,6981,5775000.00,42.86,-21.43,-0.03,1.96
1999-04-05,0.11,0.09,0.11,0.06,7562,6122000.00,45.45,-18.18,-0.02,2.12
1999-04-06,0.09,0.12,0.12,0.06,6575,5298000.00,66.67,33.33,0.03,1.85
1999-04-07,0.13,0.08,0.13,0.06,4423,3572000.00,58.33,-33.33,-0.04,1.24
1999-04-08,0.08,0.06,0.11,0.06,4589,3685000.00,62.50,-25.00,-0.02,1.29
1999-04-09,0.06,0.09,0.09,0.02,6830,5429000.00,116.67,50.00,0.03,1.92
1999-04-12,0.08,0.03,0.08,0.02,4781,3785000.00,66.67,-66.67,-0.06,1.34
1999-04-13,0.01,-0.05,0.01,-0.05,6769,5178000.00,200.00,-266.67,-0.08,1.90
1999-04-14,-0.04,-0.02,-0.02,-0.07,3431,2601000.00,-100.00,60.00,0.03,0.96
1999-04-15,-0.02,-0.08,-0.02,-0.09,3524,2652000.00,-350.00,-300.00,-0.06,0.99
1999-04-16,-0.09,-0.11,-0.07,-0.11,4251,3124000.00,-50.00,-37.50,-0.03,1.19
1999-04-19,-0.11,-0.07,-0.05,-0.13,3176,2362000.00,-72.73,36.36,0.04,0.89
1999-04-20,-0.06,0.06,0.07,-0.06,15156,12030000.00,-185.71,185.71,0.13,4.26
1999-04-21,0.07,0.04,0.11,0.04,15210,12303000.00,116.67,-33.33,-0.02,4.27
1999-04-22,-0.12,0.13,0.15,-0.12,22908,18683000.00,675.00,225.00,0.09,6.43
1999-04-23,0.14,0.16,0.20,0.10,21159,17789000.00,76.92,23.08,0.03,5.94
1999-04-26,0.10,0.19,0.22,-0.01,32441,26915937.00,143.75,18.75,0.03,9.11
1999-04-27,0.17,0.11,0.20,0.11,15206,12676000.00,47.37,-42.11,-0.08,4.27
1999-04-28,0.11,0.10,0.20,0.07,13917,11702000.00,118.18,-9.09,-0.01,3.91
1999-04-29,0.08,0.15,0.20,0.08,13212,11158000.00,120.00,50.00,0.05,3.71
1999-04-30,0.17,0.25,0.27,0.16,16792,14564000.00,73.33,66.67,0.10,4.72
1999-05-04,0.26,0.27,0.28,0.22,12315,10808000.00,24.00,8.00,0.02,3.46
1999-05-05,0.25,0.25,0.26,0.20,6401,5563000.00,22.22,-7.41,-0.02,1.80
1999-05-06,0.24,0.30,0.36,0.24,18141,16429000.00,48.00,20.00,0.05,5.10
1999-05-07,0.29,0.34,0.35,0.29,12047,10943000.00,20.00,13.33,0.04,3.38
1999-05-10,0.33,0.31,0.35,0.26,20640,18677000.00,26.47,-8.82,-0.03,5.80
1999-05-11,0.28,0.41,0.42,0.28,10312,9533000.00,45.16,32.26,0.10,2.90
1999-05-12,0.43,0.48,0.53,0.42,19620,19027000.00,26.83,17.07,0.07,5.51
1999-05-13,0.48,0.56,0.59,0.48,21250,21278000.00,22.92,16.67,0.08,5.97
1999-05-14,0.55,0.50,0.64,0.48,39265,39366000.00,28.57,-10.71,-0.06,11.03
1999-05-17,0.55,0.60,0.60,0.39,27554,26773000.00,42.00,20.00,0.10,7.74
1999-05-18,0.60,0.61,0.69,0.58,18631,19297000.00,18.33,1.67,0.01,5.23
1999-05-19,0.56,0.60,0.67,0.55,13020,13282000.00,19.67,-1.64,-0.01,3.66
1999-05-20,0.61,0.68,0.69,0.57,13774,14123000.00,20.00,13.33,0.08,3.87
1999-05-21,0.66,0.62,0.66,0.58,11730,12011000.00,11.76,-8.82,-0.06,3.29
1999-05-24,0.65,0.63,0.71,0.59,23680,24539000.00,19.35,1.61,0.01,6.65
1999-05-25,0.61,0.86,0.88,0.61,41099,45312000.00,42.86,36.51,0.23,11.54
1999-05-26,0.87,0.78,1.04,0.69,58873,65719000.00,40.70,-9.30,-0.08,16.54
1999-05-27,0.80,0.74,0.87,0.69,25413,27390000.00,23.08,-5.13,-0.04,7.14
1999-05-28,0.79,0.74,0.80,0.72,12293,13309000.00,10.81,0.00,0.00,3.45
1999-05-31,0.80,0.97,0.97,0.72,13269,14770000.00,33.78,31.08,0.23,3.73
1999-06-01,0.97,0.98,1.05,0.92,8853,10405000.00,13.40,1.03,0.01,2.49
1999-06-02,0.96,0.97,1.09,0.94,10286,12265000.00,15.31,-1.02,-0.01,2.89
1999-06-03,0.98,1.07,1.07,0.95,5756,6879000.00,12.37,10.31,0.10,1.62
1999-06-04,1.08,1.20,1.20,1.01,17310,21463000.00,17.76,12.15,0.13,4.86
1999-06-07,1.22,1.33,1.46,1.22,11213,14763000.00,20.00,10.83,0.13,3.15
1999-06-08,1.29,1.34,1.34,1.22,6270,8097000.00,9.02,0.75,0.01,1.76
1999-06-09,1.37,1.35,1.39,1.25,5201,6786000.00,10.45,0.75,0.01,1.46
1999-06-10,1.38,1.32,1.40,1.28,6478,8492000.00,8.89,-2.22,-0.03,1.82
1999-06-11,1.32,1.31,1.35,1.24,8612,11236000.00,8.33,-0.76,-0.01,2.42
1999-06-14,1.29,1.29,1.35,1.25,6225,8096000.00,7.63,-1.53,-0.02,1.75
1999-06-15,1.32,1.27,1.49,1.27,11347,15197000.00,17.05,-1.55,-0.02,3.19
1999-06-16,1.26,1.44,1.46,1.25,12304,16300000.00,16.54,13.39,0.17,3.46
1999-06-17,1.21,1.21,1.29,1.10,83175,105435000.00,13.19,-15.97,-0.23,23.36
1999-06-21,1.26,1.17,1.26,1.03,47312,58342000.00,19.01,-3.31,-0.04,13.29
1999-06-22,1.24,1.32,1.48,1.12,32477,42687000.00,30.77,12.82,0.15,9.12
1999-06-23,1.33,1.50,1.53,1.33,16592,22736000.00,15.15,13.64,0.18,4.66
1999-06-24,1.54,1.54,1.70,1.49,14279,20441000.00,14.00,2.67,0.04,4.01
1999-06-25,1.66,1.54,1.69,1.54,13844,19927000.00,9.74,0.00,0.00,3.89
1999-06-28,1.56,1.85,1.85,1.56,32623,48305000.00,18.83,20.13,0.31,9.16
1999-06-29,2.17,2.23,2.23,2.03,17754,29685000.00,10.81,20.54,0.38,4.99
1999-06-30,2.25,2.19,2.32,2.13,8337,13953000.00,8.52,-1.79,-0.04,2.34
1999-07-01,2.13,1.78,2.18,1.78,6389,10118000.00,18.26,-18.72,-0.41,1.79
1999-07-02,2.00,2.14,2.15,1.80,3987,6367000.00,19.66,20.22,0.36,1.12
1999-07-05,2.15,2.36,2.40,2.15,4584,7892000.00,11.68,10.28,0.22,1.29
1999-07-06,2.36,2.22,2.36,2.15,3459,5803000.00,8.90,-5.93,-0.14,0.97
1999-07-07,2.18,2.17,2.32,2.12,4476,7511000.00,9.01,-2.25,-0.05,1.26
1999-07-08,2.18,2.20,2.28,2.16,4543,7637645.00,5.53,1.38,0.03,1.28
1999-07-09,2.20,2.19,2.23,2.18,4618,7723000.00,2.27,-0.45,-0.01,1.30
1999-07-12,2.16,2.03,2.25,2.03,4632,7677596.00,10.05,-7.31,-0.16,1.30
1999-07-13,2.03,2.09,2.09,1.92,6487,10323000.00,8.37,2.96,0.06,1.82
1999-07-14,2.03,2.17,2.17,1.99,5047,8236000.00,8.61,3.83,0.08,1.42
1999-07-15,2.18,2.21,2.21,1.98,6400,10464000.00,10.60,1.84,0.04,1.80
1999-07-16,2.18,2.29,2.29,2.08,8116,13422000.00,9.50,3.62,0.08,2.28
1999-07-19,2.27,2.10,2.27,2.07,3170,5231000.00,8.73,-8.30,-0.19,0.89
1999-07-20,2.09,1.84,2.09,1.70,8968,13567000.00,18.57,-12.38,-0.26,2.52
1999-07-21,1.83,2.21,2.21,1.47,20855,33878000.00,40.22,20.11,0.37,5.86
1999-07-22,2.19,2.49,2.62,2.19,22511,39887000.00,19.46,12.67,0.28,6.32
1999-07-23,2.47,2.89,2.89,2.46,25320,46865000.00,17.27,16.06,0.40,7.11
1999-07-26,2.82,2.78,2.82,2.65,10312,19385000.00,5.88,-3.81,-0.11,2.90
1999-07-27,2.69,2.65,2.69,2.53,5913,10853000.00,5.76,-4.68,-0.13,1.66
1999-07-28,2.57,2.57,2.57,2.46,3480,6256000.00,4.15,-3.02,-0.08,0.98
1999-07-29,2.68,2.32,2.69,2.25,15860,27722000.00,17.12,-9.73,-0.25,4.45
1999-07-30,2.20,2.02,2.34,1.91,14022,22568653.00,18.53,-12.93,-0.30,3.94
1999-08-02,2.02,1.82,2.02,1.82,23433,35772000.00,9.90,-9.90,-0.20,6.58
1999-08-03,1.82,1.72,1.89,1.68,17794,26253000.00,11.54,-5.49,-0.10,5.00
1999-08-04,1.47,1.62,1.73,1.47,99952,139978000.00,15.12,-5.81,-0.10,28.07
1999-08-05,1.61,1.48,1.61,1.41,35575,49140000.00,12.35,-8.64,-0.14,9.99
1999-08-06,1.49,1.56,1.58,1.46,28183,39210000.00,8.11,5.41,0.08,7.92
1999-08-09,1.59,1.49,1.60,1.45,8487,11780000.00,9.62,-4.49,-0.07,2.38
1999-08-10,1.49,1.52,1.53,1.47,6559,9103000.00,4.03,2.01,0.03,1.84
1999-08-11,1.54,1.50,1.55,1.49,6305,8801000.00,3.95,-1.32,-0.02,1.77
1999-08-12,1.50,1.35,1.51,1.34,6634,8963000.00,11.33,-10.00,-0.15,1.86
1999-08-13,1.35,1.23,1.40,1.19,7706,9932000.00,15.56,-8.89,-0.12,2.16
1999-08-16,1.20,1.16,1.22,1.13,5494,6843000.00,7.32,-5.69,-0.07,1.54
1999-08-17,1.14,1.23,1.29,1.14,4236,5437000.00,12.93,6.03,0.07,1.19
1999-08-18,1.23,1.22,1.25,1.14,2613,3276000.00,8.94,-0.81,-0.01,0.73
1999-08-19,1.19,1.34,1.37,1.17,6058,7894000.00,16.39,9.84,0.12,1.70
1999-08-20,1.38,1.39,1.44,1.34,5471,7337000.00,7.46,3.73,0.05,1.54
1999-08-23,1.39,1.34,1.40,1.29,4017,5298000.00,7.91,-3.60,-0.05,1.13
1999-08-24,1.35,1.39,1.39,1.32,3255,4331000.00,5.22,3.73,0.05,0.91
1999-08-25,1.39,1.32,1.41,1.32,2371,3141000.00,6.47,-5.04,-0.07,0.67
1999-08-26,1.29,1.34,1.34,1.29,2689,3516000.00,3.79,1.52,0.02,0.76
1999-08-27,1.37,1.39,1.39,1.33,2294,3040000.00,4.48,3.73,0.05,0.64
1999-08-30,1.36,1.30,1.41,1.30,2103,2774000.00,7.91,-6.47,-0.09,0.59
1999-08-31,1.29,1.26,1.33,1.24,4122,5325000.00,6.92,-3.08,-0.04,1.16
1999-09-01,1.26,1.29,1.33,1.24,13112,16941000.00,7.14,2.38,0.03,3.68
1999-09-02,1.26,1.24,1.29,1.20,7070,9078000.00,6.98,-3.88,-0.05,1.99
1999-09-03,1.28,1.22,1.28,1.19,6224,7876000.00,7.26,-1.61,-0.02,1.75
1999-09-06,1.19,1.19,1.21,1.14,1769,2203000.00,5.74,-2.46,-0.03,0.50
1999-09-07,1.19,1.16,1.20,1.16,1088,1361000.00,3.36,-2.52,-0.03,0.31
1999-09-08,1.16,1.17,1.17,1.14,1532,1904000.00,2.59,0.86,0.01,0.43
1999-09-09,1.20,1.33,1.34,1.20,5435,7088000.00,11.97,13.68,0.16,1.53
1999-09-10,1.34,1.22,1.36,1.20,8855,11449000.00,12.03,-8.27,-0.11,2.49
1999-09-13,1.25,1.31,1.34,1.25,74155,96906000.00,7.38,7.38,0.09,20.83
1999-09-14,1.32,1.43,1.61,1.32,108320,146066000.00,22.14,9.16,0.12,30.42
1999-09-15,1.41,1.43,1.48,1.41,37050,50485000.00,4.90,0.00,0.00,10.41
1999-09-16,1.44,1.37,1.45,1.35,13377,17846000.00,6.99,-4.20,-0.06,3.76
1999-09-17,1.37,1.34,1.39,1.31,10436,13782000.00,5.84,-2.19,-0.03,2.93
1999-09-20,1.34,1.41,1.46,1.34,11487,15484000.00,8.96,5.22,0.07,3.23
1999-09-21,1.42,1.39,1.49,1.38,9849,13398000.00,7.80,-1.42,-0.02,2.77
1999-09-22,1.38,1.33,1.43,1.32,5749,7607000.00,7.91,-4.32,-0.06,1.61
1999-09-23,1.33,1.23,1.36,1.23,5943,7739076.00,9.77,-7.52,-0.10,1.67
1999-09-29,1.14,1.14,1.17,0.92,20435,25094000.00,20.33,-7.32,-0.09,5.74
1999-09-30,1.14,1.18,1.19,1.09,7837,9641000.00,8.77,3.51,0.04,2.20
1999-10-08,1.14,1.12,1.18,1.09,3018,3716000.00,7.63,-5.08,-0.06,0.85
1999-10-11,1.12,1.08,1.12,1.07,3828,4652000.00,4.46,-3.57,-0.04,1.08
1999-10-12,1.09,1.09,1.13,1.05,2972,3589000.00,7.41,0.93,0.01,0.83
1999-10-13,1.11,1.00,1.11,0.97,5375,6366000.00,12.84,-8.26,-0.09,1.51
1999-10-14,0.97,0.95,1.01,0.94,3597,4182000.00,7.00,-5.00,-0.05,1.01
1999-10-15,0.96,1.05,1.05,0.94,3694,4331000.00,11.58,10.53,0.10,1.04
1999-10-18,1.04,0.96,1.04,0.95,3157,3691000.00,8.57,-8.57,-0.09,0.89
1999-10-19,0.92,0.91,0.96,0.90,3622,4180000.00,6.25,-5.21,-0.05,1.02
1999-10-20,0.91,0.97,1.00,0.91,2214,2573000.00,9.89,6.59,0.06,0.62
1999-10-21,0.95,0.92,0.95,0.90,2126,2444000.00,5.15,-5.15,-0.05,0.60
1999-10-22,0.91,0.99,1.00,0.91,2639,3071000.00,9.78,7.61,0.07,0.74
1999-10-25,0.99,0.90,0.99,0.90,2323,2664000.00,9.09,-9.09,-0.09,0.65
1999-10-26,0.92,0.94,0.95,0.91,2281,2624000.00,4.44,4.44,0.04,0.64
1999-10-27,0.96,1.01,1.05,0.94,2739,3236000.00,11.70,7.45,0.07,0.77
1999-10-28,1.03,0.93,1.03,0.92,3023,3500000.00,10.89,-7.92,-0.08,0.85
1999-10-29,0.92,0.91,0.95,0.90,2975,3411000.00,5.38,-2.15,-0.02,0.84
1999-11-02,1.01,0.99,1.01,0.95,2881,3365000.00,6.59,8.79,0.08,0.81
1999-11-03,0.97,1.04,1.04,0.97,3461,4121000.00,7.07,5.05,0.05,0.97
1999-11-04,1.04,1.08,1.09,0.97,5909,7030000.00,11.54,3.85,0.04,1.66
1999-11-05,1.04,1.08,1.09,1.00,7648,9197000.00,8.33,0.00,0.00,2.15
1999-11-08,1.02,0.98,1.02,0.93,4129,3441000.00,8.33,-9.26,-0.10,0.83
1999-11-09,0.98,0.90,0.99,0.85,4742,3843000.00,14.29,-8.16,-0.08,0.95
1999-11-10,0.85,0.81,0.88,0.74,5198,4055000.00,15.56,-10.00,-0.09,1.04
1999-11-11,0.78,0.74,0.82,0.74,2027,1571000.00,9.88,-8.64,-0.07,0.41
1999-11-12,0.74,0.81,0.82,0.68,3805,2945000.00,18.92,9.46,0.07,0.76
1999-11-15,0.76,0.79,0.80,0.71,1589,1225000.00,11.11,-2.47,-0.02,0.32
1999-11-16,0.79,0.81,0.81,0.70,2683,2079000.00,13.92,2.53,0.02,0.54
1999-11-17,0.77,0.78,0.80,0.73,1633,1267000.00,8.64,-3.70,-0.03,0.33
1999-11-18,0.79,0.87,0.94,0.75,5057,4074000.00,24.36,11.54,0.09,1.01
1999-11-19,0.88,0.89,0.93,0.85,3596,2917000.00,9.20,2.30,0.02,0.72
1999-11-22,0.88,0.85,0.88,0.82,2131,1706000.00,6.74,-4.49,-0.04,0.43
1999-11-23,0.85,0.79,0.85,0.76,2328,1827000.00,10.59,-7.06,-0.06,0.47
1999-11-24,0.77,0.76,0.81,0.76,1720,1337000.00,6.33,-3.80,-0.03,0.34
1999-11-25,0.77,0.73,0.77,0.71,1372,1051000.00,7.89,-3.95,-0.03,0.28
1999-11-26,0.72,0.74,0.78,0.72,998,768000.00,8.22,1.37,0.01,0.20
1999-11-29,0.74,0.75,0.77,0.74,975,754000.00,4.05,1.35,0.01,0.20
1999-11-30,0.74,0.75,0.76,0.74,849,656000.00,2.67,0.00,0.00,0.17
1999-12-01,0.75,0.78,0.79,0.75,791,615000.00,5.33,4.00,0.03,0.16
1999-12-02,0.80,0.73,0.81,0.72,1522,1171000.00,11.54,-6.41,-0.05,0.31
1999-12-03,0.73,0.75,0.76,0.71,1827,1396000.00,6.85,2.74,0.02,0.37
1999-12-06,0.73,0.72,0.73,0.71,1591,1212000.00,2.67,-4.00,-0.03,0.32
1999-12-07,0.73,0.71,0.75,0.69,1380,1047000.00,8.33,-1.39,-0.01,0.28
1999-12-08,0.70,0.72,0.78,0.69,1366,1051000.00,12.68,1.41,0.01,0.27
1999-12-09,0.72,0.75,0.75,0.68,1399,1063000.00,9.72,4.17,0.03,0.28
1999-12-10,0.75,0.71,0.75,0.70,1392,1058000.00,6.67,-5.33,-0.04,0.28
1999-12-13,0.71,0.63,0.71,0.63,2687,2002000.00,11.27,-11.27,-0.08,0.54
1999-12-14,0.63,0.63,0.64,0.60,1769,1298000.00,6.35,0.00,0.00,0.35
1999-12-15,0.64,0.71,0.74,0.61,4252,3212000.00,20.63,12.70,0.08,0.85
1999-12-16,0.72,0.66,0.72,0.65,1537,1152000.00,9.86,-7.04,-0.05,0.31
1999-12-17,0.68,0.63,0.68,0.63,1360,1007000.00,7.58,-4.55,-0.03,0.27
1999-12-21,0.61,0.55,0.61,0.53,1544,1106000.00,12.70,-12.70,-0.08,0.31
1999-12-22,0.54,0.52,0.57,0.50,2055,1447000.00,12.73,-5.45,-0.03,0.41
1999-12-23,0.52,0.51,0.55,0.51,929,656000.00,7.69,-1.92,-0.01,0.19
1999-12-24,0.52,0.44,0.54,0.43,1665,1149000.00,21.57,-13.73,-0.07,0.33
1999-12-27,0.44,0.48,0.52,0.42,3440,2387000.00,22.73,9.09,0.04,0.69
1999-12-28,0.48,0.50,0.52,0.48,2131,1490000.00,8.33,4.17,0.02,0.43
1999-12-29,0.33,0.45,0.50,0.33,857,588000.00,34.00,-10.00,-0.05,0.17
1999-12-30,0.45,0.47,0.50,0.45,867,602000.00,11.11,4.44,0.02,0.17