MjAxMS0wMS0wNCw5LjQyLDkuNDYsOS41NCw5LjM0LDM0ODg2LDMyOTU3NTIxLjAwLDIuMTMsMC44NSwwLjA4LDEuMDg=
2011-01-05,9.41,9.50,9.66,9.38,34216,32566752.00,2.96,0.42,0.04,1.06
2011-01-06,9.50,9.31,9.58,9.23,34566,32369400.00,3.68,-2.00,-0.19,1.07
2011-01-07,9.31,9.40,9.53,9.31,39744,37521109.00,2.36,0.97,0.09,1.23
2011-01-10,9.38,9.23,9.45,9.14,31103,28807800.00,3.30,-1.81,-0.17,0.97
2011-01-11,9.16,9.24,9.36,9.16,21552,19920011.00,2.17,0.11,0.01,0.67
2011-01-12,9.20,9.34,9.48,9.20,24172,22610010.00,3.03,1.08,0.10,0.75
2011-01-13,9.28,9.40,9.45,9.28,15713,14741461.00,1.82,0.64,0.06,0.49
2011-01-14,9.35,9.42,9.64,9.30,45442,42996082.00,3.62,0.21,0.02,1.41
2011-01-17,9.40,8.95,9.47,8.95,52704,47852762.00,5.52,-4.99,-0.47,1.64
2011-01-18,8.88,9.00,9.08,8.76,35563,31893495.00,3.58,0.56,0.05,1.10
2011-01-19,9.00,9.30,9.33,8.90,32581,30001970.00,4.78,3.33,0.30,1.01
2011-01-20,9.19,9.14,9.26,9.07,33771,30924629.00,2.04,-1.72,-0.16,1.05
2011-01-21,9.05,9.40,9.49,9.00,40732,37789122.00,5.36,2.84,0.26,1.26
2011-01-24,9.59,9.58,9.87,9.20,71524,68265845.00,7.13,1.91,0.18,2.22
2011-01-25,9.53,9.16,9.62,9.10,68619,64577771.00,5.43,-4.38,-0.42,2.13
2011-01-26,9.01,9.20,9.40,9.00,38471,35445640.00,4.37,0.44,0.04,1.19
2011-01-27,9.20,9.50,9.50,9.16,32910,30945392.00,3.70,3.26,0.30,1.02
2011-01-28,9.56,9.45,9.72,9.44,52230,50137743.00,2.95,-0.53,-0.05,1.62
2011-01-31,9.45,9.82,9.85,9.45,44462,43335857.00,4.23,3.92,0.37,1.38
2011-02-01,9.82,9.90,9.98,9.73,43906,43229008.00,2.55,0.81,0.08,1.36
2011-02-09,9.90,9.86,10.08,9.74,36745,36517946.00,3.43,-0.40,-0.04,1.14
2011-02-10,9.76,9.91,9.98,9.62,41159,40574072.00,3.65,0.51,0.05,1.28
2011-02-11,9.95,10.01,10.07,9.80,54758,54350938.00,2.72,1.01,0.10,1.70
2011-02-14,10.06,10.02,10.08,9.95,48563,48551205.00,1.30,0.10,0.01,1.51
2011-02-15,10.06,10.06,10.29,10.00,61311,62218580.00,2.89,0.40,0.04,1.90
2011-02-16,10.04,10.07,10.09,9.91,42655,42692858.00,1.79,0.10,0.01,1.32
2011-02-17,10.01,10.38,10.53,9.93,108430,111388906.00,5.96,3.08,0.31,3.37
2011-02-18,10.31,10.41,10.52,10.26,50364,52350776.00,2.50,0.29,0.03,1.56
2011-02-21,10.43,10.70,10.84,10.35,60412,64245628.00,4.71,2.79,0.29,1.88
2011-02-22,10.66,10.17,10.77,10.17,83706,86512658.00,5.61,-4.95,-0.53,2.60
2011-02-23,10.00,10.40,10.41,10.00,61219,63036406.00,4.03,2.26,0.23,1.90
2011-02-24,10.38,10.55,10.66,10.31,66776,70216226.00,3.37,1.44,0.15,2.07
2011-02-25,10.51,10.45,10.52,10.28,61514,63884594.00,2.27,-0.95,-0.10,1.91
2011-02-28,10.47,10.50,10.63,10.38,49842,52532264.00,2.39,0.48,0.05,1.55
2011-03-01,10.50,10.55,10.78,10.50,54271,57727891.00,2.67,0.48,0.05,1.69
2011-03-02,10.52,11.08,11.08,10.51,122374,132552487.00,5.40,5.02,0.53,3.80
2011-03-03,11.08,10.89,11.23,10.82,103080,112975254.00,3.70,-1.71,-0.19,3.20
2011-03-04,10.90,11.18,11.40,10.85,124270,138189380.00,5.05,2.66,0.29,3.86
2011-03-22,11.74,11.74,11.74,11.74,2647,3108071.00,0.00,5.01,0.56,0.08
2011-03-23,12.33,12.33,12.33,12.33,1208,1489711.00,0.00,5.03,0.59,0.04
2011-03-24,12.95,12.95,12.95,12.95,2771,3588549.00,0.00,5.03,0.62,0.09
2011-03-25,13.60,13.60,13.60,13.60,5268,7164752.00,0.00,5.02,0.65,0.16
2011-03-28,14.28,14.28,14.28,14.28,7196,10275402.00,0.00,5.00,0.68,0.22
2011-03-29,14.99,14.99,14.99,14.99,12759,19126101.00,0.00,4.97,0.71,0.40
2011-03-30,15.74,15.74,15.74,15.68,468356,737112317.00,0.40,5.00,0.75,14.54
2011-03-31,16.45,15.74,16.48,15.53,582064,937701254.00,6.04,0.00,0.00,18.08
2011-04-01,15.55,16.53,16.53,15.55,279023,454720448.00,6.23,5.02,0.79,8.66
2011-04-06,17.00,17.36,17.36,16.80,95080,163950392.00,3.39,5.02,0.83,2.95
2011-04-07,18.19,17.72,18.23,17.41,326216,586030607.00,4.72,2.07,0.36,10.13
2011-04-11,17.60,17.88,18.58,17.50,127854,230732216.00,6.09,0.90,0.16,3.97
2011-04-12,18.03,18.74,18.77,17.80,170280,314542029.00,5.43,4.81,0.86,5.29
2011-04-13,18.56,18.81,18.88,17.80,138729,254132301.00,5.76,0.37,0.07,4.31
2011-04-14,18.70,18.91,19.28,18.54,89075,168551076.00,3.93,0.53,0.10,2.77
2011-04-15,18.82,18.63,19.17,18.22,83327,155174360.00,5.02,-1.48,-0.28,2.59
2011-04-18,18.31,18.95,19.10,18.31,83900,158378644.00,4.24,1.72,0.32,2.61
2011-04-19,18.91,19.69,19.85,18.81,76650,148884092.00,5.49,3.91,0.74,2.38
2011-04-20,19.51,19.69,20.29,19.51,49334,97607614.00,3.96,0.00,0.00,1.53
2011-04-21,19.70,18.71,19.94,18.71,152130,287780664.00,6.25,-4.98,-0.98,4.72
2011-04-22,18.46,19.54,19.65,18.26,92246,174814315.00,7.43,4.44,0.83,2.86
2011-04-25,19.56,19.85,20.30,19.35,80706,160840801.00,4.86,1.59,0.31,2.51
2011-04-26,19.76,20.12,20.29,19.59,56219,112037998.00,3.53,1.36,0.27,1.75
2011-04-27,20.12,21.13,21.13,20.00,100153,209524349.00,5.62,5.02,1.01,3.11
2011-04-28,21.45,22.19,22.19,21.13,30770,67364303.00,5.02,5.02,1.06,0.96
2011-04-29,22.80,23.08,23.30,21.35,185672,423577864.00,8.79,4.01,0.89,5.77
2011-05-06,22.20,24.23,24.23,21.93,109454,255435867.00,9.97,4.98,1.15,3.40
2011-05-09,24.96,24.24,24.96,23.93,69976,170985362.00,4.25,0.04,0.01,2.17
2011-05-10,23.88,23.03,24.00,23.03,111542,257731852.00,4.00,-4.99,-1.21,3.46
2011-05-11,21.96,21.94,23.36,21.88,132372,295766442.00,6.43,-4.73,-1.09,4.11
2011-05-12,21.86,21.52,22.50,20.85,101248,219110571.00,7.52,-1.91,-0.42,3.14
2011-05-13,21.60,22.21,22.35,21.31,69121,151396720.00,4.83,3.21,0.69,2.15
2011-05-16,22.00,21.56,22.58,21.55,55732,122159923.00,4.64,-2.93,-0.65,1.73
2011-05-17,21.40,21.66,21.90,21.38,34552,74724371.00,2.41,0.46,0.10,1.07
2011-05-18,21.70,20.58,21.84,20.58,83135,173814378.00,5.82,-4.99,-1.08,2.58
2011-05-19,20.30,20.31,20.71,19.55,135279,270480904.00,5.64,-1.31,-0.27,4.20
2011-05-20,20.28,20.03,20.75,19.81,58506,118020241.00,4.63,-1.38,-0.28,1.82
2011-05-23,19.90,19.03,19.99,19.03,76030,145409655.00,4.79,-4.99,-1.00,2.36
2011-05-24,18.80,18.66,18.83,18.08,57719,106147057.00,3.94,-1.94,-0.37,1.79
2011-05-25,18.70,19.59,19.59,18.60,54766,105547055.00,5.31,4.98,0.93,1.70
2011-05-26,19.99,19.95,20.46,19.80,63557,128200156.00,3.37,1.84,0.36,1.97
2011-05-27,19.70,19.47,20.07,19.10,37115,72301442.00,4.86,-2.41,-0.48,1.15
2011-05-30,19.13,19.42,20.27,18.83,53636,104230758.00,7.40,-0.26,-0.05,1.67
2011-05-31,19.33,19.26,19.48,18.86,47143,90631444.00,3.19,-0.82,-0.16,1.46
2011-06-01,19.26,19.23,19.45,18.98,22172,42576475.00,2.44,-0.16,-0.03,0.69
2011-06-02,19.13,18.27,19.13,18.27,47842,88038761.00,4.47,-4.99,-0.96,1.49
2011-06-03,18.21,18.63,18.88,18.10,38585,71567734.00,4.27,1.97,0.36,1.20
2011-06-07,19.09,19.56,19.56,18.60,74217,143934568.00,5.15,4.99,0.93,2.30
2011-06-08,19.55,19.71,20.12,19.40,43266,85218324.00,3.68,0.77,0.15,1.34
2011-06-09,19.79,19.00,20.00,18.75,31129,59808316.00,6.34,-3.60,-0.71,0.97
2011-06-10,18.99,19.09,19.44,18.58,31087,58847552.00,4.53,0.47,0.09,0.97
2011-06-13,18.98,19.18,19.45,18.68,54531,104334954.00,4.03,0.47,0.09,1.69
2011-06-14,19.39,18.94,19.48,18.88,44552,85699518.00,3.13,-1.25,-0.24,1.38
2011-06-15,18.88,18.83,19.19,18.70,33020,62480708.00,2.59,-0.58,-0.11,1.03
2011-06-16,18.73,19.21,19.38,18.50,51908,99141684.00,4.67,2.02,0.38,1.61
2011-06-17,19.10,19.31,19.53,19.06,50069,96825784.00,2.45,0.52,0.10,1.55
2011-06-20,19.31,19.10,19.85,18.86,55384,107341292.00,5.13,-1.09,-0.21,1.72
2011-06-21,18.96,18.15,19.45,18.15,69724,128087912.00,6.81,-4.97,-0.95,2.17
2011-06-22,18.16,18.20,18.35,17.26,33207,59424478.00,6.01,0.28,0.05,1.03
2011-06-23,18.05,18.00,18.25,17.81,19050,34261573.00,2.42,-1.10,-0.20,0.59
2011-06-24,18.00,18.90,18.90,17.82,54014,100666942.00,6.00,5.00,0.90,1.68
2011-06-27,19.00,19.00,19.29,18.75,43008,81822623.00,2.86,0.53,0.10,1.34
2011-06-28,19.20,19.56,19.60,18.95,38821,74912564.00,3.42,2.95,0.56,1.21
2011-06-29,19.65,20.15,20.51,19.40,73399,147812382.00,5.67,3.02,0.59,2.28
2011-07-01,20.50,20.41,21.00,19.70,59019,120710185.00,6.45,1.29,0.26,1.83
2011-07-04,20.49,20.47,20.55,19.96,43625,88351391.00,2.89,0.29,0.06,1.35
2011-07-05,20.40,20.89,21.15,20.27,58958,123125145.00,4.30,2.05,0.42,1.83
2011-07-06,20.80,20.78,20.98,20.50,26048,53851127.00,2.30,-0.53,-0.11,0.81
2011-07-07,20.88,20.89,21.36,20.45,37362,78771735.00,4.38,0.53,0.11,1.16
2011-07-08,21.20,20.98,21.20,20.84,23165,48650164.00,1.72,0.43,0.09,0.72
2011-07-11,21.18,21.11,21.28,20.99,41773,88356948.00,1.38,0.62,0.13,1.30
2011-07-12,20.99,20.19,20.99,20.05,57559,117255443.00,4.45,-4.36,-0.92,1.79
2011-07-13,20.10,20.90,21.13,20.02,47448,97821091.00,5.50,3.52,0.71,1.47
2011-07-14,21.59,21.55,21.79,21.15,60844,130523198.00,3.06,3.11,0.65,1.89
2011-07-15,21.60,21.58,21.65,21.18,27342,58602239.00,2.18,0.14,0.03,0.85
2011-07-18,21.70,21.44,21.70,21.35,28176,60564771.00,1.62,-0.65,-0.14,0.87
2011-07-19,21.44,21.11,21.59,20.90,28916,61081863.00,3.22,-1.54,-0.33,0.90
2011-07-20,21.25,20.90,21.36,20.78,18396,38668633.00,2.75,-0.99,-0.21,0.57
2011-07-21,20.90,20.45,21.00,20.42,20705,42851005.00,2.78,-2.15,-0.45,0.64
2011-07-22,20.41,20.58,20.67,20.21,22680,46598871.00,2.25,0.64,0.13,0.70
2011-07-25,20.49,20.15,20.66,20.06,26427,53548069.00,2.92,-2.09,-0.43,0.82
2011-07-26,20.46,20.32,20.46,20.01,20433,41298880.00,2.23,0.84,0.17,0.63
2011-07-27,20.95,21.28,21.30,20.30,33665,70850515.00,4.92,4.72,0.96,1.05
2011-07-28,21.19,21.34,21.46,21.07,23832,50798661.00,1.83,0.28,0.06,0.74
2011-08-01,21.11,21.75,21.98,21.00,41914,90314355.00,4.59,1.92,0.41,1.30
2011-08-02,21.75,22.84,22.84,21.58,51901,116425902.00,5.79,5.01,1.09,1.61
2011-08-03,23.05,22.80,23.98,22.60,109026,255795324.00,6.04,-0.18,-0.04,3.39
2011-08-04,22.45,22.73,23.10,22.45,47832,109104897.00,2.85,-0.31,-0.07,1.49
2011-08-05,22.10,23.82,23.87,21.80,97081,226362474.00,9.11,4.80,1.09,3.01
2011-08-08,23.82,24.08,24.26,22.70,90631,213649588.00,6.55,1.09,0.26,2.81
2011-08-09,23.66,24.07,24.18,23.10,84690,200648311.00,4.49,-0.04,-0.01,2.63
2011-08-10,23.99,25.27,25.27,23.95,73549,183061973.00,5.48,4.99,1.20,2.28
2011-08-11,25.27,26.15,26.53,25.21,114052,298359582.00,5.22,3.48,0.88,3.54
2011-08-12,26.51,26.60,26.62,25.51,71757,187502358.00,4.24,1.72,0.45,2.23
2011-08-15,26.39,26.96,27.55,26.18,63048,169754606.00,5.15,1.35,0.36,1.96
2011-08-16,27.00,25.61,27.29,25.61,75609,200611402.00,6.23,-5.01,-1.35,2.35
2011-08-17,25.16,25.92,26.64,24.96,89002,228025558.00,6.56,1.21,0.31,2.76
2011-08-18,25.68,26.73,26.90,25.68,64588,171331784.00,4.71,3.13,0.81,2.01
2011-08-19,26.39,26.32,26.89,25.99,43932,116137078.00,3.37,-1.53,-0.41,1.36
2011-08-22,26.32,25.29,26.48,25.06,60783,156014542.00,5.40,-3.91,-1.03,1.89
2011-08-23,25.12,24.03,25.85,24.03,125457,305869602.00,7.20,-4.98,-1.26,3.90
2011-08-24,23.70,24.03,24.24,23.00,106164,249256984.00,5.16,0.00,0.00,3.30
2011-08-25,24.10,24.45,24.79,23.69,56436,137134890.00,4.58,1.75,0.42,1.75
2011-08-26,24.02,24.47,24.75,23.98,41192,100593956.00,3.15,0.08,0.02,1.28
2011-08-29,24.12,24.13,24.48,24.10,29739,72105071.00,1.55,-1.39,-0.34,0.92
2011-08-30,24.13,24.51,25.04,24.13,30303,74746611.00,3.77,1.57,0.38,0.94
2011-08-31,24.65,24.31,24.71,23.85,23821,57750975.00,3.51,-0.82,-0.20,0.74
2011-09-01,24.31,24.19,24.68,23.85,13884,33667030.00,3.41,-0.49,-0.12,0.43
2011-09-02,24.11,23.01,24.26,22.98,51698,120422314.00,5.29,-4.88,-1.18,1.61
2011-09-05,22.98,23.09,23.44,22.52,34323,79075568.00,4.00,0.35,0.08,1.07
2011-09-06,23.02,23.05,23.52,22.82,23371,54186320.00,3.03,-0.17,-0.04,0.73
2011-09-07,23.10,23.82,23.98,23.05,40327,95247444.00,4.03,3.34,0.77,1.25
2011-09-08,23.80,24.57,25.00,23.61,47071,115590415.00,5.84,3.15,0.75,1.46
2011-09-09,24.63,24.17,24.88,23.98,25769,62769690.00,3.66,-1.63,-0.40,0.80
2011-09-13,24.20,22.96,24.20,22.96,50848,117765017.00,5.13,-5.01,-1.21,1.58
2011-09-14,23.60,23.16,23.60,22.68,22452,51629334.00,4.01,0.87,0.20,0.70
2011-09-15,23.26,23.86,24.08,23.16,25451,60405268.00,3.97,3.02,0.70,0.79
2011-09-16,24.10,23.59,24.10,23.18,17320,40892576.00,3.86,-1.13,-0.27,0.54
2011-09-19,23.40,23.20,23.80,23.18,11053,25842171.00,2.63,-1.65,-0.39,0.34
2011-09-20,23.10,23.09,23.39,22.87,15390,35527890.00,2.24,-0.47,-0.11,0.48
2011-09-21,23.09,23.52,23.65,23.00,17658,41389041.00,2.82,1.86,0.43,0.55
2011-09-22,23.46,23.08,23.46,22.88,18015,41501419.00,2.47,-1.87,-0.44,0.56
2011-09-23,22.41,22.88,23.30,22.41,16604,37847017.00,3.86,-0.87,-0.20,0.52
2011-09-26,22.90,22.77,23.25,22.71,14413,32993805.00,2.36,-0.48,-0.11,0.45
2011-09-27,22.92,23.30,23.35,21.85,35874,80798156.00,6.59,2.33,0.53,1.11
2011-09-28,23.10,23.21,23.68,22.97,23750,55436037.00,3.05,-0.39,-0.09,0.74
2011-09-29,23.22,23.10,23.45,22.75,25999,60223953.00,3.02,-0.47,-0.11,0.81
2011-09-30,22.91,23.08,23.28,22.35,19018,43577953.00,4.03,-0.09,-0.02,0.59
2011-10-10,23.09,23.83,23.88,23.09,35943,85086624.00,3.42,3.25,0.75,1.12
2011-10-11,24.24,24.00,24.24,23.75,26007,62289648.00,2.06,0.71,0.17,0.81
2011-10-12,24.00,24.29,24.60,23.81,35933,86931680.00,3.29,1.21,0.29,1.12
2011-10-13,24.35,24.90,24.99,24.15,41356,102435061.00,3.46,2.51,0.61,1.28
2011-10-14,25.02,25.69,25.80,24.85,57290,144310501.00,3.82,3.17,0.79,1.78
2011-10-17,25.70,26.30,26.90,25.60,49373,130461147.00,5.06,2.37,0.61,1.53
2011-10-18,26.03,24.99,26.40,24.99,44162,113345225.00,5.36,-4.98,-1.31,1.37
2011-10-19,25.30,25.06,25.88,24.95,40687,103024313.00,3.72,0.28,0.07,1.26
2011-10-20,24.86,24.94,25.36,24.40,40957,101505802.00,3.83,-0.48,-0.12,1.27
2011-10-21,25.41,25.44,25.54,24.78,32732,82458067.00,3.05,2.00,0.50,1.02
2011-10-24,25.79,24.44,25.79,24.17,52301,128056496.00,6.37,-3.93,-1.00,1.62
2011-10-25,24.21,24.80,24.90,24.21,24205,59645634.00,2.82,1.47,0.36,0.75
2011-10-26,24.41,24.71,24.98,24.31,26125,64498792.00,2.70,-0.36,-0.09,0.81
2011-10-27,24.87,25.03,25.30,24.68,26751,67070546.00,2.51,1.30,0.32,0.83
2011-10-28,25.08,24.73,25.30,24.51,30239,75020346.00,3.16,-1.20,-0.30,0.94
2011-10-31,25.13,25.80,25.97,24.80,61299,156658329.00,4.73,4.33,1.07,1.90
2011-11-01,25.55,25.93,26.07,25.50,45950,118807010.00,2.21,0.50,0.13,1.43
2011-11-02,25.80,25.83,25.98,25.55,26069,67191419.00,1.66,-0.39,-0.10,0.81
2011-11-03,26.25,25.41,26.25,24.74,57804,147183743.00,5.85,-1.63,-0.42,1.80
2011-11-04,25.30,25.62,26.16,25.21,31033,79534595.00,3.74,0.83,0.21,0.96
2011-11-07,25.70,25.70,25.92,25.38,17700,45284502.00,2.11,0.31,0.08,0.55
2011-11-08,25.60,26.16,26.20,25.60,29927,77688878.00,2.33,1.79,0.46,0.93
2011-11-09,26.20,26.13,26.80,26.00,48039,127306401.00,3.06,-0.11,-0.03,1.49
2011-11-10,25.80,25.69,26.20,25.60,32304,83241084.00,2.30,-1.68,-0.44,1.00
2011-11-11,25.66,25.31,25.88,24.96,30781,78094216.00,3.58,-1.48,-0.38,0.96
2011-11-14,25.31,25.72,25.90,25.09,26937,68626753.00,3.20,1.62,0.41,0.84
2011-11-15,25.59,25.70,25.85,25.50,16918,43410525.00,1.36,-0.08,-0.02,0.53
2011-11-16,25.51,25.55,25.83,25.30,22064,56320747.00,2.06,-0.58,-0.15,0.69
2011-11-17,25.55,26.04,26.12,25.23,34559,88822847.00,3.48,1.92,0.49,1.07
2011-11-18,26.02,25.55,26.40,25.41,28966,75076558.00,3.80,-1.88,-0.49,0.90
2011-11-21,25.50,25.88,26.42,25.30,34270,89028465.00,4.38,1.29,0.33,1.06
2011-11-22,25.77,25.47,26.15,24.80,40795,103305255.00,5.22,-1.58,-0.41,1.27
2011-11-23,25.69,25.35,25.70,24.95,20205,51092863.00,2.94,-0.47,-0.12,0.63
2011-11-24,25.00,25.21,25.47,25.00,15814,39891444.00,1.85,-0.55,-0.14,0.49
2011-11-25,25.21,25.09,25.42,24.83,14726,36909107.00,2.34,-0.48,-0.12,0.46
2011-11-28,25.10,25.19,25.25,24.98,10455,26276343.00,1.08,0.40,0.10,0.32
2011-11-29,25.49,25.38,25.50,25.10,22230,56264129.00,1.59,0.75,0.19,0.69
2011-11-30,25.33,24.94,25.88,24.70,29955,75625534.00,4.65,-1.73,-0.44,0.93
2011-12-01,25.16,25.79,26.12,25.16,49755,128282142.00,3.85,3.41,0.85,1.55
2011-12-02,25.74,25.67,26.12,25.45,26851,69175329.00,2.60,-0.47,-0.12,0.83
2011-12-05,25.53,25.85,26.00,25.35,43143,111514476.00,2.53,0.70,0.18,1.34
2011-12-06,25.88,25.52,25.88,25.20,26996,68842535.00,2.63,-1.28,-0.33,0.84
2011-12-07,25.55,25.37,25.65,25.30,14919,37975259.00,1.37,-0.59,-0.15,0.46
2011-12-08,25.37,25.52,25.80,25.10,17065,43470529.00,2.76,0.59,0.15,0.53
2011-12-09,25.40,25.69,25.83,25.35,16387,42076112.00,1.88,0.67,0.17,0.51
2011-12-12,25.80,24.41,25.80,24.41,42882,106150394.00,5.41,-4.98,-1.28,1.33
2011-12-13,23.19,23.19,23.76,23.19,105808,245609549.00,2.34,-5.00,-1.22,3.29
2011-12-14,22.30,23.09,23.39,22.20,39467,90125996.00,5.13,-0.43,-0.10,1.23
2011-12-15,22.90,22.99,23.30,22.69,30820,70675309.00,2.64,-0.43,-0.10,0.96
2011-12-16,23.05,23.21,23.25,22.72,37479,86098586.00,2.31,0.96,0.22,1.16
2011-12-19,23.39,23.21,23.39,22.80,22444,51691522.00,2.54,0.00,0.00,0.70
2011-12-20,23.00,22.75,23.36,22.51,15314,35173747.00,3.66,-1.98,-0.46,0.48
2011-12-21,22.75,22.69,22.99,22.29,41142,93331503.00,3.08,-0.26,-0.06,1.28
2011-12-22,22.25,22.73,22.88,22.25,34942,79077664.00,2.78,0.18,0.04,1.09
2011-12-23,22.72,23.28,23.45,22.63,19528,45220770.00,3.61,2.42,0.55,0.61
2011-12-26,23.01,23.68,23.81,23.01,34913,82579988.00,3.44,1.72,0.40,1.08
2011-12-27,23.65,23.79,24.08,23.58,27558,65682124.00,2.11,0.46,0.11,0.86
2011-12-28,23.58,23.84,24.00,23.30,29577,70038739.00,2.94,0.21,0.05,0.92
2011-12-29,23.57,23.99,24.13,23.55,17530,42039058.00,2.43,0.63,0.15,0.54
2011-12-30,24.13,22.79,24.38,22.79,31623,74258087.00,6.63,-5.00,-1.20,0.98