2017-01-03,8.68,8.71,8.74,8.64,56991,59757392.00,1.15,0.46,0.04,0.22
2017-01-04,8.71,8.77,8.78,8.65,67817,71414803.00,1.49,0.69,0.06,0.27
2017-01-05,8.76,8.74,8.79,8.73,50680,53491441.00,0.68,-0.34,-0.03,0.20
2017-01-06,8.72,8.75,8.79,8.70,45564,48063956.00,1.03,0.11,0.01,0.18
2017-01-09,8.78,8.85,8.90,8.75,55343,58801725.00,1.71,1.14,0.10,0.22
2017-01-10,8.81,8.88,8.91,8.78,43988,46811497.00,1.47,0.34,0.03,0.17
2017-01-11,8.85,8.77,8.90,8.76,41365,43949318.00,1.58,-1.24,-0.11,0.16
2017-01-12,8.76,8.63,8.83,8.62,50374,52959813.00,2.39,-1.60,-0.14,0.20
2017-01-13,8.63,8.62,8.68,8.46,76296,79118762.00,2.55,-0.12,-0.01,0.30
2017-01-16,8.59,8.79,8.82,8.48,137456,143732887.00,3.94,1.97,0.17,0.54
2017-01-17,8.67,8.75,8.79,8.64,46147,48531005.00,1.71,-0.46,-0.04,0.18
2017-01-18,8.74,8.74,8.77,8.68,38429,40434642.00,1.03,-0.11,-0.01,0.15
2017-01-19,8.74,8.56,8.74,8.52,57225,59672881.00,2.52,-2.06,-0.18,0.22
2017-01-20,8.53,8.64,8.66,8.52,62343,64870744.00,1.64,0.93,0.08,0.24
2017-01-23,8.61,8.62,8.66,8.56,84596,88098963.00,1.16,-0.23,-0.02,0.33
2017-01-24,8.61,8.58,8.64,8.55,52323,54354761.00,1.04,-0.46,-0.04,0.21
2017-01-25,8.52,8.61,8.61,8.52,36007,37407201.00,1.05,0.35,0.03,0.14
2017-01-26,8.62,8.61,8.65,8.59,54050,56324421.00,0.70,0.00,0.00,0.21
2017-02-03,8.56,8.60,8.62,8.56,32277,33536064.00,0.70,-0.12,-0.01,0.13
2017-02-06,8.62,8.68,8.69,8.58,91358,95355461.00,1.28,0.93,0.08,0.36
2017-02-07,8.67,8.79,8.85,8.64,134419,141711885.00,2.42,1.27,0.11,0.53
2017-02-08,8.78,8.85,8.88,8.73,120748,128257808.00,1.71,0.68,0.06,0.47
2017-02-09,8.86,8.83,8.86,8.79,71320,75733910.00,0.79,-0.23,-0.02,0.28
2017-02-10,8.83,8.83,8.86,8.79,71770,76300204.00,0.79,0.00,0.00,0.28
2017-02-13,8.83,8.88,8.88,8.80,66367,70677244.00,0.91,0.57,0.05,0.26
2017-02-14,8.89,8.80,8.90,8.78,78868,83703830.00,1.35,-0.90,-0.08,0.31
2017-02-15,8.80,8.73,8.83,8.71,63861,67571232.00,1.36,-0.80,-0.07,0.25
2017-02-16,8.73,8.84,8.86,8.70,78225,82721703.00,1.83,1.26,0.11,0.31
2017-02-17,8.82,8.74,8.88,8.70,87694,92834310.00,2.04,-1.13,-0.10,0.34
2017-02-20,8.75,8.83,8.84,8.73,93364,98747620.00,1.26,1.03,0.09,0.37
2017-02-21,8.84,8.88,8.89,8.81,139590,148629784.00,0.91,0.57,0.05,0.55
2017-02-22,8.86,8.88,8.91,8.84,97679,104345253.00,0.79,0.00,0.00,0.38
2017-02-23,8.88,8.87,8.89,8.82,94849,101059213.00,0.79,-0.11,-0.01,0.37
2017-02-24,8.87,8.95,8.99,8.85,105531,113195833.00,1.58,0.90,0.08,0.41
2017-02-27,8.94,8.84,9.01,8.82,118542,127116759.00,2.12,-1.23,-0.11,0.47
2017-02-28,8.84,8.88,8.90,8.83,61358,65389549.00,0.79,0.45,0.04,0.24
2017-03-01,8.87,8.87,8.92,8.84,69323,73992149.00,0.90,-0.11,-0.01,0.27
2017-03-02,8.89,8.87,8.92,8.82,76668,81760190.00,1.13,0.00,0.00,0.30
2017-03-03,8.86,8.84,8.87,8.79,54770,58177857.00,0.90,-0.34,-0.03,0.22
2017-03-06,8.83,8.88,8.88,8.80,72126,76821632.00,0.90,0.45,0.04,0.28
2017-03-07,8.86,8.84,8.87,8.82,68094,72438015.00,0.56,-0.45,-0.04,0.27
2017-03-08,8.83,8.77,8.85,8.73,80053,84741526.00,1.36,-0.79,-0.07,0.31
2017-03-09,8.76,8.62,8.76,8.60,73684,77127496.00,1.82,-1.71,-0.15,0.29
2017-03-10,8.60,8.58,8.67,8.55,66841,69487148.00,1.39,-0.46,-0.04,0.26
2017-03-13,8.58,8.62,8.64,8.53,81940,85110650.00,1.28,0.47,0.04,0.32
2017-03-14,8.63,8.60,8.63,8.55,67724,70405800.00,0.93,-0.23,-0.02,0.27
2017-03-15,8.59,8.60,8.64,8.54,59761,62092062.00,1.16,0.00,0.00,0.23
2017-03-16,8.60,8.67,8.67,8.59,73734,76985930.00,0.93,0.81,0.07,0.29
2017-03-17,8.66,8.62,8.71,8.58,70510,73652839.00,1.50,-0.58,-0.05,0.28
2017-03-20,8.62,8.59,8.64,8.53,59225,61516018.00,1.28,-0.35,-0.03,0.23
2017-03-21,8.57,8.58,8.63,8.57,55770,57960736.00,0.70,-0.12,-0.01,0.22
2017-03-22,8.55,8.40,8.57,8.35,101079,103759243.00,2.56,-2.10,-0.18,0.40
2017-03-23,8.42,8.48,8.49,8.40,58106,59585700.00,1.07,0.95,0.08,0.23
2017-03-24,8.47,8.45,8.49,8.36,95617,97849416.00,1.53,-0.35,-0.03,0.38
2017-03-27,8.46,8.44,8.48,8.39,64996,66556003.00,1.07,-0.12,-0.01,0.26
2017-03-28,8.45,8.46,8.48,8.40,57620,59058081.00,0.95,0.24,0.02,0.23
2017-03-29,8.46,8.38,8.47,8.38,58100,59285264.00,1.06,-0.95,-0.08,0.23
2017-03-30,8.38,8.27,8.40,8.20,102972,103652991.00,2.39,-1.31,-0.11,0.40
2017-03-31,8.26,8.24,8.29,8.20,47579,47807391.00,1.09,-0.36,-0.03,0.19
2017-04-05,8.29,8.37,8.38,8.20,72991,73831914.00,2.18,1.58,0.13,0.29
2017-04-06,8.35,8.37,8.40,8.33,64105,65172344.00,0.84,0.00,0.00,0.25
2017-04-07,8.38,8.48,8.57,8.38,131161,134609057.00,2.27,1.31,0.11,0.52
2017-04-10,8.53,8.45,8.56,8.44,100771,103679718.00,1.42,-0.35,-0.03,0.40
2017-04-11,8.41,8.42,8.50,8.29,109467,111721437.00,2.49,-0.36,-0.03,0.43
2017-04-12,8.41,8.43,8.49,8.36,88674,90694809.00,1.54,0.12,0.01,0.35
2017-04-13,8.41,8.43,8.46,8.39,47195,48256168.00,0.83,0.00,0.00,0.19
2017-04-14,8.40,8.31,8.40,8.25,75179,76029677.00,1.78,-1.42,-0.12,0.30
2017-04-17,8.34,8.37,8.48,8.30,74569,75979166.00,2.17,0.72,0.06,0.29
2017-04-18,8.35,8.22,8.38,8.21,69914,70765516.00,2.03,-1.79,-0.15,0.27
2017-04-19,8.21,8.19,8.28,8.03,94391,93770705.00,3.04,-0.36,-0.03,0.37
2017-04-20,8.15,8.19,8.20,8.09,57729,57491307.00,1.34,0.00,0.00,0.23
2017-04-21,8.20,8.24,8.26,8.09,60402,60226699.00,2.08,0.61,0.05,0.24
2017-04-24,8.20,8.20,8.22,7.91,107825,106182893.00,3.76,-0.49,-0.04,0.42
2017-04-25,8.14,8.04,8.15,8.04,41309,40909524.00,1.34,-1.95,-0.16,0.16
2017-04-26,8.05,8.00,8.08,7.99,35346,34752647.00,1.12,-0.50,-0.04,0.14
2017-04-27,8.05,8.00,8.10,7.87,68423,66872508.00,2.88,0.00,0.00,0.27
2017-04-28,7.98,8.00,8.04,7.92,46140,45214238.00,1.50,0.00,0.00,0.18
2017-05-02,8.01,8.03,8.08,7.96,54944,53968107.00,1.50,0.38,0.03,0.22
2017-05-03,8.04,8.03,8.04,7.96,42729,41889659.00,1.00,0.00,0.00,0.17
2017-05-04,8.02,8.03,8.04,7.96,49578,48589484.00,1.00,0.00,0.00,0.19
2017-05-05,8.00,8.03,8.05,7.84,98893,96535509.00,2.62,0.00,0.00,0.39
2017-05-08,7.97,8.13,8.15,7.90,111383,109535915.00,3.11,1.25,0.10,0.44
2017-05-09,8.08,8.08,8.12,8.03,59624,58841670.00,1.11,-0.62,-0.05,0.23
2017-05-10,8.10,7.95,8.11,7.91,62498,61240582.00,2.48,-1.61,-0.13,0.25
2017-05-11,7.88,8.07,8.09,7.86,124659,121873731.00,2.89,1.51,0.12,0.49
2017-05-12,8.01,8.03,8.10,7.97,48600,47814452.00,1.61,-0.50,-0.04,0.19
2017-05-15,8.02,8.03,8.07,7.99,51532,50694988.00,1.00,0.00,0.00,0.20
2017-05-16,8.02,8.08,8.09,7.95,124963,122571390.00,1.74,0.62,0.05,0.49
2017-05-17,8.06,8.06,8.14,8.04,108974,107681023.00,1.24,-0.25,-0.02,0.43
2017-05-18,8.01,7.94,8.04,7.91,75002,73380051.00,1.61,-1.49,-0.12,0.29
2017-05-19,7.93,7.90,8.02,7.86,87698,85295843.00,2.02,-0.50,-0.04,0.34
2017-05-22,7.87,7.68,7.91,7.51,166521,158110973.00,5.06,-2.78,-0.22,0.65
2017-05-23,7.62,7.62,7.65,7.43,132224,123646965.00,2.86,-0.78,-0.06,0.52
2017-05-24,7.54,7.56,7.57,7.45,89651,83566838.00,1.57,-0.79,-0.06,0.35
2017-05-25,7.51,7.60,7.66,7.47,67130,62892996.00,2.51,0.53,0.04,0.26
2017-05-26,7.60,7.61,7.62,7.57,65723,61743889.00,0.66,0.13,0.01,0.26
2017-05-31,7.67,7.72,7.75,7.62,91476,86721808.00,1.71,1.45,0.11,0.36
2017-06-01,7.68,7.75,7.78,7.63,159114,151705127.00,1.94,0.39,0.03,0.63
2017-06-02,7.72,7.78,7.79,7.68,71330,68142058.00,1.42,0.39,0.03,0.28
2017-06-05,7.79,7.76,7.81,7.74,35139,33618998.00,0.90,-0.26,-0.02,0.14
2017-06-06,7.77,7.77,7.78,7.70,60671,57865127.00,1.03,0.13,0.01,0.24
2017-06-07,7.76,7.84,7.85,7.73,91502,87836562.00,1.54,0.90,0.07,0.36
2017-06-08,7.83,7.90,7.92,7.80,78099,75632972.00,1.53,0.77,0.06,0.31
2017-06-09,7.88,7.88,7.92,7.85,87153,84423002.00,0.89,-0.25,-0.02,0.34
2017-06-12,7.88,7.82,7.88,7.76,55277,53105647.00,1.52,-0.76,-0.06,0.22
2017-06-13,7.78,7.91,7.95,7.77,51628,50031694.00,2.30,1.15,0.09,0.20
2017-06-14,7.90,7.89,7.91,7.84,20140,19501526.00,0.88,-0.25,-0.02,0.08
2017-06-15,7.88,7.96,8.01,7.86,45360,44247288.00,1.90,0.89,0.07,0.18
2017-06-16,7.94,8.00,8.03,7.93,39645,38860138.00,1.26,0.50,0.04,0.16
2017-06-19,7.98,8.01,8.02,7.94,26015,25458168.00,1.00,0.13,0.01,0.10
2017-06-20,7.98,7.97,8.02,7.95,34819,34016275.00,0.87,-0.50,-0.04,0.14
2017-06-21,7.97,7.94,8.02,7.93,29229,28538298.00,1.13,-0.38,-0.03,0.11
2017-06-22,7.94,7.91,7.99,7.89,41817,40754084.00,1.26,-0.38,-0.03,0.16
2017-06-23,7.91,7.89,7.92,7.68,47844,46133797.00,3.03,-0.25,-0.02,0.19
2017-06-26,7.86,8.00,8.00,7.84,33111,32328912.00,2.03,1.39,0.11,0.13
2017-06-27,8.00,8.09,8.11,7.98,34490,33957855.00,1.63,1.13,0.09,0.14
2017-06-28,8.08,7.92,8.08,7.92,36203,35463143.00,1.98,-2.10,-0.17,0.14
2017-06-29,7.95,7.99,8.02,7.92,23230,22740809.00,1.26,0.88,0.07,0.09
2017-06-30,7.99,7.96,8.03,7.91,34756,33877261.00,1.50,-0.38,-0.03,0.14
2017-07-03,7.95,7.99,8.02,7.90,41718,40728555.00,1.51,0.38,0.03,0.16
2017-07-04,7.90,8.04,8.07,7.90,57324,56257600.00,2.13,0.63,0.05,0.23
2017-07-05,8.02,8.02,8.05,7.95,30591,29966141.00,1.24,-0.25,-0.02,0.12
2017-07-06,8.06,7.99,8.06,7.94,36560,35798129.00,1.50,-0.37,-0.03,0.14
2017-07-07,7.97,8.01,8.01,7.90,43489,42390924.00,1.38,0.25,0.02,0.17
2017-07-10,8.00,7.88,8.01,7.87,67458,65556772.00,1.75,-1.62,-0.13,0.27
2017-07-11,7.88,7.84,7.93,7.82,47999,46407978.00,1.40,-0.51,-0.04,0.19
2017-07-12,7.87,7.77,7.87,7.71,51803,48804567.00,2.04,-0.89,-0.07,0.20
2017-07-13,7.76,7.74,7.80,7.72,42127,39589083.00,1.03,-0.39,-0.03,0.17
2017-07-14,7.76,7.79,7.81,7.71,36811,34676425.00,1.29,0.65,0.05,0.14
2017-07-17,7.74,7.41,7.79,7.34,84119,77286719.00,5.78,-4.88,-0.38,0.33
2017-07-18,7.40,7.44,7.47,7.36,35016,31773704.00,1.48,0.40,0.03,0.14
2017-07-19,7.45,7.54,7.55,7.40,43457,39658921.00,2.02,1.34,0.10,0.17
2017-07-20,7.54,7.58,7.62,7.46,46410,42766579.00,2.12,0.53,0.04,0.18
2017-07-21,7.58,7.54,7.59,7.52,28017,25800248.00,0.92,-0.53,-0.04,0.11
2017-07-24,7.54,7.54,7.56,7.47,54112,49575469.00,1.19,0.00,0.00,0.21
2017-07-25,7.52,7.57,7.66,7.47,72876,67151161.00,2.52,0.40,0.03,0.29
2017-07-26,7.56,7.48,7.58,7.48,52301,47913435.00,1.32,-1.19,-0.09,0.21
2017-07-27,7.49,7.64,7.68,7.45,82054,75777283.00,3.07,2.14,0.16,0.32
2017-07-28,7.62,7.62,7.67,7.59,38859,36017809.00,1.05,-0.26,-0.02,0.15
2017-07-31,7.64,7.68,7.70,7.60,50285,46838541.00,1.31,0.79,0.06,0.20
2017-08-01,7.67,7.83,7.86,7.65,81788,77161888.00,2.73,1.95,0.15,0.32
2017-08-02,7.80,7.71,7.85,7.70,42157,39742425.00,1.92,-1.53,-0.12,0.17
2017-08-03,7.71,7.78,7.84,7.67,51256,48310685.00,2.20,0.91,0.07,0.20
2017-08-04,7.77,7.68,7.81,7.68,48406,45440510.00,1.67,-1.29,-0.10,0.19
2017-08-07,7.68,7.75,7.77,7.67,38512,36105896.00,1.30,0.91,0.07,0.15
2017-08-08,7.75,7.74,7.76,7.68,32695,30645463.00,1.03,-0.13,-0.01,0.13
2017-08-09,7.74,7.76,7.79,7.70,40839,38385943.00,1.16,0.26,0.02,0.16
2017-08-10,7.75,7.67,7.78,7.66,43433,40662632.00,1.55,-1.16,-0.09,0.17
2017-08-11,7.64,7.60,7.73,7.59,46483,43297984.00,1.83,-0.91,-0.07,0.18
2017-08-14,7.59,7.70,7.74,7.59,38370,35802006.00,1.97,1.32,0.10,0.15
2017-08-15,7.70,7.73,7.76,7.69,49941,46833337.00,0.91,0.39,0.03,0.20
2017-08-16,7.72,7.78,7.80,7.69,69292,65163038.00,1.42,0.65,0.05,0.27
2017-08-17,7.80,7.80,7.81,7.73,49414,46601493.00,1.03,0.26,0.02,0.19
2017-08-18,7.77,7.75,7.81,7.72,41573,39146343.00,1.15,-0.64,-0.05,0.16
2017-08-21,7.75,7.86,7.88,7.73,57804,54754151.00,1.94,1.42,0.11,0.23
2017-08-22,7.85,7.77,7.86,7.74,39741,37600984.00,1.53,-1.15,-0.09,0.16
2017-08-23,7.80,7.72,7.81,7.71,30389,28550093.00,1.29,-0.64,-0.05,0.12
2017-08-24,7.72,7.80,7.80,7.72,40851,38488222.00,1.04,1.04,0.08,0.16
2017-08-25,7.77,7.87,7.88,7.77,55195,52409862.00,1.41,0.90,0.07,0.22
2017-08-28,7.94,7.92,7.98,7.85,97045,92930765.00,1.65,0.64,0.05,0.38
2017-08-29,7.93,7.95,8.05,7.92,75520,72794678.00,1.64,0.38,0.03,0.30
2017-08-30,7.95,8.02,8.07,7.95,62186,60128054.00,1.51,0.88,0.07,0.24
2017-08-31,8.05,7.99,8.05,7.95,45308,43634569.00,1.25,-0.37,-0.03,0.18
2017-09-01,8.01,7.95,8.01,7.91,73757,70823051.00,1.25,-0.50,-0.04,0.29
2017-09-04,7.95,7.95,7.98,7.92,62041,59538898.00,0.75,0.00,0.00,0.24
2017-09-05,7.97,8.07,8.13,7.93,117844,114315144.00,2.52,1.51,0.12,0.46
2017-09-06,8.05,8.07,8.10,8.00,69948,67876311.00,1.24,0.00,0.00,0.27
2017-09-07,8.04,8.07,8.17,8.04,90284,88188856.00,1.61,0.00,0.00,0.35
2017-09-08,8.09,8.07,8.12,8.02,53581,52079388.00,1.24,0.00,0.00,0.21
2017-09-11,8.07,8.09,8.12,8.03,47651,46369316.00,1.12,0.25,0.02,0.19
2017-09-12,8.09,7.98,8.10,7.95,72126,69652408.00,1.85,-1.36,-0.11,0.28
2017-09-13,7.98,7.90,7.98,7.87,71449,68262230.00,1.38,-1.00,-0.08,0.28
2017-09-14,7.88,7.90,7.95,7.88,43612,41714461.00,0.89,0.00,0.00,0.17
2017-09-15,7.93,7.92,8.05,7.88,72382,69505586.00,2.15,0.25,0.02,0.28
2017-09-18,7.93,7.93,7.97,7.89,49769,47647221.00,1.01,0.13,0.01,0.20
2017-09-19,7.94,7.81,7.95,7.78,75707,71997992.00,2.14,-1.51,-0.12,0.30
2017-09-20,7.79,7.82,7.84,7.76,58757,55560444.00,1.02,0.13,0.01,0.23
2017-09-21,7.82,7.78,7.89,7.77,53500,50732013.00,1.53,-0.51,-0.04,0.21
2017-09-22,7.77,7.71,7.79,7.69,58957,55239044.00,1.29,-0.90,-0.07,0.23
2017-09-25,7.71,7.61,7.71,7.58,64044,59553454.00,1.69,-1.30,-0.10,0.25
2017-09-26,7.58,7.60,7.64,7.56,45085,41677241.00,1.05,-0.13,-0.01,0.18
2017-09-27,7.63,7.58,7.67,7.58,54215,50205991.00,1.18,-0.26,-0.02,0.21
2017-09-28,7.60,7.54,7.61,7.53,54064,49845528.00,1.06,-0.53,-0.04,0.21
2017-09-29,7.58,7.60,7.61,7.55,42889,39616230.00,0.80,0.80,0.06,0.17
2017-10-09,7.65,7.68,7.70,7.63,53917,50243346.00,0.92,1.05,0.08,0.21
2017-10-10,7.68,7.74,7.74,7.63,64017,59765343.00,1.43,0.78,0.06,0.25
2017-10-11,7.73,7.69,7.75,7.67,72863,68203260.00,1.03,-0.65,-0.05,0.29
2017-10-12,7.69,7.74,7.80,7.65,73081,68447937.00,1.95,0.65,0.05,0.29
2017-10-13,7.72,7.75,7.76,7.69,59195,55522973.00,0.90,0.13,0.01,0.23
2017-10-16,7.74,7.60,7.75,7.58,75103,69900748.00,2.19,-1.94,-0.15,0.30
2017-10-17,7.58,7.61,7.64,7.56,38128,35246204.00,1.05,0.13,0.01,0.15
2017-10-18,7.60,7.57,7.63,7.56,38213,35331254.00,0.92,-0.53,-0.04,0.15
2017-10-19,7.57,7.49,7.57,7.44,46035,42113449.00,1.72,-1.06,-0.08,0.18
2017-10-20,7.49,7.58,7.58,7.45,30129,27677943.00,1.74,1.20,0.09,0.12
2017-10-23,7.56,7.61,7.64,7.55,42838,39650762.00,1.19,0.40,0.03,0.17
2017-10-24,7.60,7.60,7.61,7.54,38539,35537266.00,0.92,-0.13,-0.01,0.15
2017-10-25,7.59,7.66,7.67,7.57,49298,45721422.00,1.32,0.79,0.06,0.19
2017-10-26,7.66,7.66,7.69,7.61,43094,40070787.00,1.04,0.00,0.00,0.17
2017-10-27,7.64,7.65,7.69,7.62,38538,35855362.00,0.91,-0.13,-0.01,0.15
2017-10-30,7.66,7.53,7.66,7.47,58303,53567827.00,2.48,-1.57,-0.12,0.23
2017-10-31,7.50,7.48,7.51,7.38,65241,59353321.00,1.73,-0.66,-0.05,0.26
2017-11-01,7.48,7.46,7.56,7.41,65905,60053020.00,2.01,-0.27,-0.02,0.26
2017-11-02,7.45,7.32,7.46,7.29,86738,78168699.00,2.28,-1.88,-0.14,0.34
2017-11-03,7.33,7.22,7.35,7.18,62221,55465707.00,2.32,-1.37,-0.10,0.24
2017-11-06,7.25,7.25,7.28,7.17,46444,41210256.00,1.52,0.42,0.03,0.18
2017-11-07,7.28,7.26,7.28,7.19,48344,42935370.00,1.24,0.14,0.01,0.19
2017-11-08,7.26,7.42,7.45,7.25,81094,73395912.00,2.75,2.20,0.16,0.32
2017-11-09,7.43,7.37,7.43,7.33,90057,81139955.00,1.35,-0.67,-0.05,0.35
2017-11-10,7.35,7.34,7.36,7.31,42206,37930723.00,0.68,-0.41,-0.03,0.17
2017-11-13,7.35,7.24,7.36,7.24,50839,45411949.00,1.63,-1.36,-0.10,0.20
2017-11-14,7.27,7.20,7.27,7.17,66058,58478070.00,1.38,-0.55,-0.04,0.26
2017-11-15,7.19,7.21,7.23,7.18,31831,28184834.00,0.69,0.14,0.01,0.13
2017-11-16,7.22,7.12,7.23,7.11,47387,41832250.00,1.66,-1.25,-0.09,0.19
2017-11-17,7.13,6.82,7.14,6.70,86501,74559327.00,6.18,-4.21,-0.30,0.34
2017-11-20,6.78,6.80,6.83,6.73,60520,50980569.00,1.47,-0.29,-0.02,0.24
2017-11-21,6.82,6.81,6.82,6.75,82661,69692589.00,1.03,0.15,0.01,0.32
2017-11-22,6.81,6.77,6.83,6.75,60661,51164658.00,1.17,-0.59,-0.04,0.24
2017-11-23,6.77,6.73,6.79,6.68,71164,59651126.00,1.62,-0.59,-0.04,0.28
2017-11-24,6.73,6.66,6.74,6.58,82982,69028236.00,2.38,-1.04,-0.07,0.33
2017-11-27,6.64,6.63,6.67,6.58,42694,35332829.00,1.35,-0.45,-0.03,0.17
2017-11-28,6.62,6.67,6.70,6.59,45225,37482803.00,1.66,0.60,0.04,0.18
2017-11-29,6.66,6.63,6.67,6.58,39275,32466109.00,1.35,-0.60,-0.04,0.15
2017-11-30,6.63,6.63,6.66,6.60,28647,23726449.00,0.90,0.00,0.00,0.11
2017-12-01,6.62,6.68,6.73,6.62,41891,34911026.00,1.66,0.75,0.05,0.16
2017-12-04,6.65,6.71,6.80,6.63,69190,57980799.00,2.54,0.45,0.03,0.27
2017-12-05,6.71,6.55,6.75,6.51,52920,43757977.00,3.58,-2.38,-0.16,0.21
2017-12-06,6.54,6.62,6.63,6.53,31688,26090264.00,1.53,1.07,0.07,0.12
2017-12-07,6.61,6.65,6.67,6.59,32562,26986611.00,1.21,0.45,0.03,0.13
2017-12-08,6.63,6.69,6.71,6.63,30348,25292886.00,1.20,0.60,0.04,0.12
2017-12-11,6.73,6.83,6.92,6.71,59662,50645195.00,3.14,2.09,0.14,0.23
2017-12-12,6.86,6.74,6.86,6.73,37665,31721747.00,1.90,-1.32,-0.09,0.15
2017-12-13,6.72,6.72,6.77,6.66,26612,22243891.00,1.63,-0.30,-0.02,0.10
2017-12-14,6.72,6.65,6.72,6.62,29212,24279920.00,1.49,-1.04,-0.07,0.11
2017-12-15,6.62,6.66,6.68,6.61,23743,19698775.00,1.05,0.15,0.01,0.09
2017-12-18,6.67,6.60,6.72,6.59,32937,27294093.00,1.95,-0.90,-0.06,0.13
2017-12-19,6.59,6.63,6.67,6.59,39426,32614288.00,1.21,0.45,0.03,0.15
2017-12-20,6.61,6.59,6.63,6.58,27388,22601582.00,0.75,-0.60,-0.04,0.11
2017-12-21,6.58,6.53,6.61,6.43,38026,31089208.00,2.73,-0.91,-0.06,0.15
2017-12-22,6.54,6.61,6.69,6.50,42339,34894331.00,2.91,1.23,0.08,0.17
2017-12-25,6.59,6.45,6.61,6.44,39438,32156489.00,2.57,-2.42,-0.16,0.15
2017-12-26,6.44,6.47,6.48,6.35,41421,33459107.00,2.02,0.31,0.02,0.16
2017-12-27,6.48,6.38,6.49,6.36,40251,32408640.00,2.01,-1.39,-0.09,0.16
2017-12-28,6.46,6.42,6.53,6.37,43042,34870143.00,2.51,0.63,0.04,0.17
2017-12-29,6.41,6.46,6.47,6.40,24150,19517855.00,1.09,0.62,0.04,0.09