2023-01-03,1784.48,1836.42,1844.54,1776.75,494024,693034101.00,3.81,3.15,56.01,1.11
2023-01-04,1834.49,1802.01,1834.49,1796.45,308432,428668575.00,2.07,-1.87,-34.41,0.69
2023-01-05,1805.83,1815.02,1822.88,1793.56,317678,469224596.00,1.63,0.72,13.01,0.71
2023-01-06,1806.09,1835.81,1849.45,1806.09,413802,608279821.00,2.39,1.15,20.79,0.93
2023-01-09,1845.67,1866.69,1878.42,1842.10,488400,747932067.00,1.98,1.68,30.88,1.09
2023-01-10,1865.93,1841.59,1867.54,1831.65,337005,496275349.00,1.92,-1.34,-25.10,0.75
2023-01-11,1840.66,1819.37,1852.60,1817.14,347029,501694827.00,1.93,-1.21,-22.22,0.78
2023-01-12,1825.48,1819.72,1845.28,1816.36,225933,325478703.00,1.59,0.02,0.35,0.51
2023-01-13,1827.05,1809.03,1828.32,1792.48,296306,429669063.00,1.97,-0.59,-10.69,0.66
2023-01-16,1808.79,1829.65,1839.36,1808.79,371103,569170538.00,1.69,1.14,20.62,0.83
2023-01-17,1832.62,1821.87,1835.89,1812.35,238998,363109062.00,1.29,-0.43,-7.78,0.53
2023-01-18,1827.22,1858.27,1862.90,1826.81,378363,585257242.00,1.98,2.00,36.40,0.85
2023-01-19,1853.26,1864.42,1866.15,1846.12,333758,465815079.00,1.08,0.33,6.15,0.75
2023-01-20,1867.32,1902.50,1905.50,1867.32,519019,838308576.00,2.05,2.04,38.08,1.16
2023-01-30,1932.09,1931.14,1953.49,1923.49,661534,1043747738.00,1.58,1.51,28.64,1.48
2023-01-31,1915.12,1952.61,1957.49,1915.12,581361,885166454.00,2.19,1.11,21.47,1.30
2023-02-01,1958.53,2104.86,2122.61,1958.53,1193413,2150951553.00,8.40,7.80,152.25,2.67
2023-02-02,2154.21,2152.36,2180.54,2139.21,1612504,2202081504.00,1.96,2.26,47.50,3.61
2023-02-03,2173.13,2247.71,2268.25,2159.77,1856797,2680469138.00,5.04,4.43,95.35,4.15
2023-02-06,2214.46,2107.50,2214.46,2098.32,1698148,2498544418.00,5.17,-6.24,-140.21,3.80
2023-02-07,2096.89,2176.99,2191.78,2072.97,1666053,2231465364.00,5.64,3.30,69.49,3.73
2023-02-08,2152.42,2115.88,2155.13,2115.59,1028143,1407266829.00,1.82,-2.81,-61.11,2.30
2023-02-09,2132.42,2132.58,2148.74,2124.73,900649,1338477509.00,1.13,0.79,16.70,2.01
2023-02-10,2119.00,2090.28,2119.01,2072.16,772171,1097959910.00,2.20,-1.98,-42.30,1.73
2023-02-13,2090.27,2108.42,2114.47,2079.59,686104,1052689203.00,1.67,0.87,18.14,1.53
2023-02-14,2110.17,2126.30,2147.33,2092.26,917450,1305762823.00,2.61,0.85,17.88,2.05
2023-02-15,2108.23,2101.18,2134.44,2096.58,954748,1368437819.00,1.78,-1.18,-25.12,2.14
2023-02-16,2093.29,2028.50,2106.71,2006.78,996508,1482631993.00,4.76,-3.46,-72.68,2.23
2023-02-17,2033.37,2029.13,2060.53,2020.35,533483,777059263.00,1.98,0.03,0.63,1.19
2023-02-20,2032.81,2047.80,2050.16,2015.07,534960,797174102.00,1.73,0.92,18.67,1.20
2023-02-21,2068.29,2094.96,2122.51,2052.11,980849,1491305202.00,3.44,2.30,47.16,2.19
2023-02-22,2083.37,2082.61,2102.63,2070.65,524522,753079531.00,1.53,-0.59,-12.35,1.17
2023-02-23,2086.30,2089.36,2105.28,2068.41,629180,876757654.00,1.77,0.32,6.75,1.41
2023-02-24,2088.26,2060.09,2088.26,2042.83,499650,747877083.00,2.17,-1.40,-29.27,1.12
2023-02-27,2043.15,2027.30,2057.79,2020.96,430386,618570574.00,1.79,-1.59,-32.79,0.96
2023-02-28,2028.57,2076.23,2077.64,2017.61,790556,972967590.00,2.96,2.41,48.93,1.77
2023-03-01,2086.72,2085.76,2104.99,2074.67,982611,1298515623.00,1.46,0.46,9.53,2.20
2023-03-02,2082.72,2073.00,2086.36,2043.12,898358,1319526972.00,2.07,-0.61,-12.76,2.01
2023-03-03,2064.00,2043.23,2068.71,2030.50,613469,879468529.00,1.84,-1.44,-29.77,1.37
2023-03-06,2043.33,2036.22,2043.33,1991.34,791748,1296098104.00,2.54,-0.34,-7.01,1.77
2023-03-07,2032.19,1966.28,2032.19,1966.28,640846,861771316.00,3.24,-3.43,-69.94,1.43
2023-03-08,1958.77,1947.13,1958.77,1934.17,536273,765588329.00,1.25,-0.97,-19.15,1.20
2023-03-09,1959.34,1921.68,1959.46,1917.89,531548,814150677.00,2.13,-1.31,-25.45,1.19
2023-03-10,1914.78,1873.15,1916.46,1871.22,538303,747437284.00,2.35,-2.53,-48.53,1.20
2023-03-13,1871.80,1886.18,1891.78,1858.19,459532,665693693.00,1.79,0.70,13.03,1.03
2023-03-14,1896.11,1920.72,1962.16,1896.11,1039558,1232692572.00,3.50,1.83,34.54,2.33
2023-03-15,1921.45,1926.60,1951.99,1920.64,747929,892870308.00,1.63,0.31,5.88,1.67
2023-03-16,1913.18,1864.75,1913.18,1860.43,778517,1004020556.00,2.74,-3.21,-61.85,1.74
2023-03-17,1881.62,1889.59,1889.99,1866.26,537904,667861583.00,1.27,1.33,24.84,1.20
2023-03-20,1889.79,1895.24,1907.49,1859.04,743675,954069333.00,2.56,0.30,5.65,1.66
2023-03-21,1899.23,1910.34,1910.34,1871.97,522337,726001260.00,2.02,0.80,15.10,1.17
2023-03-22,1913.64,1901.93,1920.99,1893.25,422466,575719271.00,1.45,-0.44,-8.41,0.95
2023-03-23,1899.61,1898.29,1899.62,1884.55,455863,602582582.00,0.79,-0.19,-3.64,1.02
2023-03-24,1899.53,1883.00,1899.53,1880.38,612293,874972221.00,1.01,-0.81,-15.29,1.37
2023-03-27,1880.16,1875.45,1887.12,1866.95,471626,598501079.00,1.07,-0.40,-7.55,1.05
2023-03-28,1873.49,1831.63,1876.24,1831.63,432993,543971528.00,2.38,-2.34,-43.82,0.97
2023-03-29,1839.10,1823.81,1848.06,1820.39,341560,449217437.00,1.51,-0.43,-7.82,0.76
2023-03-30,1824.73,1829.30,1830.45,1803.86,357110,506761776.00,1.46,0.30,5.49,0.80
2023-03-31,1829.31,1847.98,1854.74,1829.23,402090,527960962.00,1.39,1.02,18.68,0.90
2023-04-03,1842.46,1862.43,1865.75,1833.87,431347,606401796.00,1.73,0.78,14.45,0.96
2023-04-04,1857.73,1810.46,1857.73,1803.04,624168,896370444.00,2.94,-2.79,-51.97,1.40
2023-04-06,1806.99,1822.28,1824.58,1799.63,373834,524878843.00,1.38,0.65,11.82,0.84
2023-04-07,1821.25,1820.70,1825.88,1816.40,281264,374517941.00,0.52,-0.09,-1.58,0.63
2023-04-10,1823.88,1815.10,1833.60,1808.10,361034,500298202.00,1.40,-0.31,-5.60,0.81
2023-04-11,1814.81,1841.19,1841.19,1799.30,405420,541188550.00,2.31,1.44,26.09,0.91
2023-04-12,1839.26,1864.83,1867.90,1839.26,522297,708373822.00,1.56,1.28,23.64,1.17
2023-04-13,1862.80,1871.14,1902.61,1862.80,672189,987000954.00,2.13,0.34,6.31,1.50
2023-04-14,1874.43,1898.24,1901.63,1874.43,609224,886816813.00,1.45,1.45,27.10,1.36
2023-04-17,1898.69,1919.57,1919.57,1884.90,594242,824439867.00,1.83,1.12,21.33,1.33
2023-04-18,1917.86,1941.84,1971.75,1917.86,1056550,1367213721.00,2.81,1.16,22.27,2.36
2023-04-19,1932.65,1924.08,1951.32,1923.74,730666,959027186.00,1.42,-0.91,-17.76,1.63
2023-04-20,1923.64,1899.26,1923.64,1880.20,542159,725513791.00,2.26,-1.29,-24.82,1.21
2023-04-21,1885.98,1824.52,1892.88,1824.52,581340,749367208.00,3.60,-3.94,-74.74,1.30
2023-04-24,1822.06,1803.48,1827.02,1798.43,437395,602295294.00,1.57,-1.15,-21.04,0.98
2023-04-25,1795.92,1717.48,1805.27,1696.30,708207,841225444.00,6.04,-4.77,-86.00,1.58
2023-04-26,1709.66,1747.12,1769.15,1703.73,400649,516231285.00,3.81,1.73,29.64,0.90
2023-04-27,1748.60,1746.82,1762.01,1732.03,362838,442219131.00,1.72,-0.02,-0.30,0.81
2023-04-28,1750.43,1774.80,1779.34,1750.43,357035,478543270.00,1.66,1.60,27.98,0.80
2023-05-04,1771.81,1765.25,1782.71,1756.78,326698,419027967.00,1.46,-0.54,-9.55,0.73
2023-05-05,1761.53,1734.99,1761.53,1725.36,325175,393932012.00,2.05,-1.71,-30.26,0.73
2023-05-08,1736.13,1764.44,1772.94,1736.13,394071,546773899.00,2.12,1.70,29.45,0.88
2023-05-09,1766.35,1756.49,1797.66,1741.46,496859,697299432.00,3.19,-0.45,-7.95,1.11
2023-05-10,1754.35,1769.65,1776.96,1747.90,272132,366678615.00,1.65,0.75,13.16,0.61
2023-05-11,1767.79,1760.70,1771.06,1754.09,298823,396726569.00,0.96,-0.51,-8.95,0.67
2023-05-12,1761.32,1741.72,1761.32,1732.43,286092,372762375.00,1.64,-1.08,-18.98,0.64
2023-05-15,1748.58,1781.16,1781.85,1745.10,397435,632070175.00,2.11,2.26,39.44,0.89
2023-05-16,1786.60,1765.62,1786.60,1759.08,310967,452118941.00,1.55,-0.87,-15.54,0.70
2023-05-17,1762.00,1771.46,1771.82,1756.54,208793,296688255.00,0.87,0.33,5.84,0.47
2023-05-18,1771.99,1771.57,1774.72,1761.11,210589,283308522.00,0.77,0.01,0.11,0.47
2023-05-19,1758.03,1742.20,1758.03,1718.63,354811,563143511.00,2.22,-1.66,-29.37,0.79
2023-05-22,1744.43,1755.25,1757.59,1739.73,230383,350690369.00,1.03,0.75,13.05,0.52
2023-05-23,1760.49,1741.06,1760.49,1741.06,194468,262113096.00,1.11,-0.81,-14.19,0.44
2023-05-24,1737.19,1743.72,1759.23,1727.63,210024,261974966.00,1.81,0.15,2.66,0.47
2023-05-25,1745.28,1722.92,1745.28,1704.21,263255,331635951.00,2.36,-1.19,-20.80,0.59
2023-05-26,1720.61,1718.98,1721.92,1694.52,186965,229602141.00,1.59,-0.23,-3.94,0.42
2023-05-29,1723.90,1698.58,1725.63,1690.79,299002,397025071.00,2.03,-1.19,-20.40,0.67
2023-05-30,1699.82,1699.67,1707.01,1672.18,233327,299413342.00,2.05,0.06,1.09,0.52
2023-05-31,1694.14,1692.91,1699.03,1686.87,209638,282248504.00,0.72,-0.40,-6.76,0.47
2023-06-01,1695.04,1702.99,1715.93,1689.53,260751,335072132.00,1.56,0.60,10.08,0.58
2023-06-02,1706.75,1753.92,1754.25,1706.75,416796,509031170.00,2.79,2.99,50.93,0.93
2023-06-05,1757.06,1737.14,1757.06,1732.37,282983,287031690.00,1.41,-0.96,-16.78,0.63
2023-06-06,1741.80,1710.87,1741.80,1709.78,237810,243507098.00,1.84,-1.51,-26.27,0.53
2023-06-07,1708.31,1709.23,1720.24,1706.16,156578,169750107.00,0.82,-0.10,-1.64,0.35
2023-06-08,1705.26,1708.28,1720.42,1698.83,183388,212466425.00,1.26,-0.06,-0.95,0.41
2023-06-09,1710.63,1708.11,1714.32,1700.70,196581,231334580.00,0.80,-0.01,-0.17,0.44
2023-06-12,1706.15,1716.85,1725.77,1688.01,228688,266867205.00,2.21,0.51,8.74,0.51
2023-06-13,1715.85,1710.35,1724.14,1708.02,192915,211869690.00,0.94,-0.38,-6.50,0.43
2023-06-14,1713.92,1722.69,1730.54,1700.65,263964,308457540.00,1.75,0.72,12.34,0.59
2023-06-15,1724.35,1747.24,1748.95,1711.04,322367,366344187.00,2.20,1.43,24.55,0.72
2023-06-16,1746.35,1756.87,1758.70,1745.54,270705,309895829.00,0.75,0.55,9.63,0.61
2023-06-19,1756.78,1735.73,1756.78,1732.93,258708,305182124.00,1.36,-1.20,-21.14,0.58
2023-06-20,1733.99,1735.47,1746.27,1725.08,203730,235215255.00,1.22,-0.01,-0.26,0.46
2023-06-21,1732.32,1710.30,1743.89,1710.29,212549,235946292.00,1.94,-1.45,-25.17,0.48
2023-06-26,1705.61,1697.64,1718.83,1692.81,218100,243700027.00,1.52,-0.74,-12.66,0.49
2023-06-27,1700.13,1736.03,1740.12,1700.13,233676,246940400.00,2.36,2.26,38.39,0.52
2023-06-28,1735.80,1727.77,1735.80,1699.42,194005,225815068.00,2.10,-0.48,-8.26,0.43
2023-06-29,1726.59,1745.00,1759.01,1723.21,256742,291184878.00,2.07,1.00,17.23,0.57
2023-06-30,1748.70,1768.86,1773.36,1741.12,287876,320839348.00,1.85,1.37,23.86,0.64
2023-07-03,1771.36,1776.28,1786.87,1770.60,323826,372658399.00,0.92,0.42,7.42,0.72
2023-07-04,1804.62,1787.02,1817.98,1780.83,503915,527573114.00,2.09,0.60,10.74,1.13
2023-07-05,1785.04,1876.08,1893.70,1782.95,1453859,1765766735.00,6.20,4.98,89.06,3.25
2023-07-06,1859.60,1836.00,1859.60,1820.47,864033,978215035.00,2.09,-2.14,-40.08,1.93
2023-07-07,1826.28,1819.69,1831.20,1799.51,442667,496284474.00,1.73,-0.89,-16.31,0.99
2023-07-10,1827.78,1807.96,1838.65,1803.33,366614,425563764.00,1.94,-0.64,-11.73,0.82
2023-07-11,1808.38,1817.86,1819.30,1794.38,267268,301860343.00,1.38,0.55,9.90,0.60
2023-07-12,1814.93,1826.30,1848.10,1812.24,425223,471439896.00,1.97,0.46,8.44,0.95
2023-07-13,1837.84,1843.36,1845.62,1835.26,379142,436958453.00,0.57,0.93,17.06,0.85
2023-07-14,1836.34,1822.62,1847.15,1819.86,316494,365228993.00,1.48,-1.13,-20.74,0.71
2023-07-17,1811.48,1804.17,1813.74,1782.55,317432,415182058.00,1.71,-1.01,-18.45,0.71
2023-07-18,1800.81,1808.87,1819.21,1796.02,228031,284558291.00,1.29,0.26,4.70,0.51
2023-07-19,1805.59,1805.82,1812.89,1793.69,196769,235114713.00,1.06,-0.17,-3.05,0.44
2023-07-20,1807.04,1793.02,1814.21,1789.77,214159,242532552.00,1.35,-0.71,-12.80,0.48
2023-07-21,1789.13,1778.06,1799.52,1772.38,230988,248622170.00,1.51,-0.83,-14.96,0.52
2023-07-24,1778.34,1770.18,1784.14,1766.77,204746,226696544.00,0.98,-0.44,-7.88,0.46
2023-07-25,1781.86,1815.72,1819.06,1781.86,349369,397796085.00,2.10,2.57,45.54,0.78
2023-07-26,1818.12,1817.37,1820.82,1805.30,221638,250940987.00,0.85,0.09,1.65,0.50
2023-07-27,1817.44,1802.18,1829.56,1799.55,219312,239124570.00,1.65,-0.84,-15.19,0.49
2023-07-28,1793.69,1818.67,1823.39,1781.97,252609,305889198.00,2.30,0.92,16.49,0.57
2023-07-31,1825.17,1853.80,1863.60,1825.17,506675,632964663.00,2.11,1.93,35.13,1.13
2023-08-01,1858.95,1874.07,1875.72,1854.18,440197,463964439.00,1.16,1.09,20.27,0.98
2023-08-02,1873.72,1868.26,1877.64,1862.01,312335,333291762.00,0.83,-0.31,-5.81,0.70
2023-08-03,1855.66,1859.95,1867.91,1848.17,268928,297588345.00,1.06,-0.44,-8.31,0.60
2023-08-04,1866.26,1848.08,1881.38,1846.06,303733,362157040.00,1.90,-0.64,-11.87,0.68
2023-08-07,1844.89,1843.49,1857.47,1836.27,298434,348078980.00,1.15,-0.25,-4.59,0.67
2023-08-08,1842.08,1862.31,1867.71,1822.60,379874,423073803.00,2.45,1.02,18.82,0.85
2023-08-09,1855.49,1828.38,1855.49,1825.17,319442,314619121.00,1.63,-1.82,-33.93,0.71
2023-08-10,1821.12,1818.91,1833.40,1810.17,225214,232330810.00,1.27,-0.52,-9.47,0.50
2023-08-11,1819.96,1787.00,1825.59,1786.95,231215,249778604.00,2.12,-1.75,-31.91,0.52
2023-08-14,1778.89,1763.35,1786.12,1738.00,373997,412427988.00,2.69,-1.32,-23.65,0.84
2023-08-15,1764.18,1739.75,1766.65,1732.03,208853,232093630.00,1.96,-1.34,-23.60,0.47
2023-08-16,1737.28,1732.43,1751.81,1732.43,178325,204554774.00,1.11,-0.42,-7.32,0.40
2023-08-17,1730.54,1759.71,1761.21,1708.13,214805,233921773.00,3.06,1.57,27.28,0.48
2023-08-18,1762.29,1736.47,1774.82,1736.47,205353,218071114.00,2.18,-1.32,-23.24,0.46
2023-08-21,1733.11,1717.52,1745.42,1716.41,204163,224836441.00,1.67,-1.09,-18.95,0.46
2023-08-22,1722.24,1716.21,1734.13,1687.59,251979,256843745.00,2.71,-0.08,-1.31,0.56
2023-08-23,1714.72,1672.50,1714.72,1668.74,318104,303698703.00,2.68,-2.55,-43.71,0.71
2023-08-24,1682.49,1676.19,1699.63,1666.73,272624,266107493.00,1.97,0.22,3.69,0.61
2023-08-25,1677.21,1653.43,1685.00,1650.06,222973,215252697.00,2.08,-1.36,-22.76,0.50
2023-08-28,1746.58,1683.08,1746.58,1677.90,395799,402210955.00,4.15,1.79,29.65,0.89
2023-08-29,1680.16,1717.17,1724.67,1680.16,311172,326133942.00,2.64,2.03,34.09,0.70
2023-08-30,1721.12,1723.66,1745.97,1718.96,296838,319785177.00,1.57,0.38,6.49,0.66
2023-08-31,1722.68,1702.64,1726.44,1701.14,205744,196596342.00,1.47,-1.22,-21.02,0.46
2023-09-01,1704.55,1727.59,1734.72,1704.55,229894,224492969.00,1.77,1.47,24.95,0.51
2023-09-04,1739.69,1809.10,1809.10,1739.69,759839,772184418.00,4.02,4.72,81.51,1.70
2023-09-05,1803.94,1803.84,1805.19,1792.69,401040,411136312.00,0.69,-0.29,-5.26,0.90
2023-09-06,1799.41,1796.31,1800.45,1780.36,316828,321694174.00,1.11,-0.42,-7.53,0.71
2023-09-07,1790.09,1764.79,1798.06,1763.25,281598,289628960.00,1.94,-1.75,-31.52,0.63
2023-09-08,1757.15,1757.81,1769.90,1756.68,200603,200719298.00,0.75,-0.40,-6.98,0.45
2023-09-11,1764.47,1779.17,1792.80,1746.96,267683,268092288.00,2.61,1.22,21.36,0.60
2023-09-12,1782.45,1774.30,1792.36,1771.39,205767,218716824.00,1.18,-0.27,-4.87,0.46
2023-09-13,1779.79,1761.62,1779.79,1748.24,209521,232085687.00,1.78,-0.71,-12.68,0.47
2023-09-14,1754.56,1760.97,1768.13,1751.88,206087,224683401.00,0.92,-0.04,-0.65,0.46
2023-09-15,1769.71,1773.60,1784.19,1763.66,250835,254570958.00,1.17,0.72,12.63,0.56
2023-09-18,1767.56,1771.10,1784.24,1752.25,267147,281563227.00,1.80,-0.14,-2.50,0.60
2023-09-19,1769.58,1745.44,1769.58,1739.83,237443,276005541.00,1.68,-1.45,-25.66,0.53
2023-09-20,1742.69,1726.04,1742.89,1725.31,223381,197958063.00,1.01,-1.11,-19.40,0.50
2023-09-21,1723.15,1717.06,1735.66,1713.43,189911,191379034.00,1.29,-0.52,-8.98,0.42
2023-09-22,1710.76,1731.80,1732.17,1708.12,212996,211261031.00,1.40,0.86,14.74,0.48
2023-09-25,1733.95,1713.43,1733.95,1708.53,208654,217454634.00,1.47,-1.06,-18.37,0.47
2023-09-26,1711.11,1697.52,1711.11,1695.32,178879,168595262.00,0.92,-0.93,-15.91,0.40
2023-09-27,1697.02,1697.12,1713.53,1685.18,203770,220906747.00,1.67,-0.02,-0.40,0.46
2023-09-28,1699.77,1708.50,1712.63,1699.77,223511,227660137.00,0.76,0.67,11.38,0.50
2023-10-09,1703.00,1696.73,1703.67,1687.00,214645,218908280.00,0.98,-0.69,-11.77,0.48
2023-10-10,1700.37,1700.69,1718.31,1696.84,226692,219083869.00,1.27,0.23,3.96,0.51
2023-10-11,1701.92,1684.83,1701.92,1680.45,258074,264497288.00,1.26,-0.93,-15.86,0.58
2023-10-12,1693.22,1735.10,1741.15,1693.22,425404,426004068.00,2.84,2.98,50.27,0.95
2023-10-13,1727.11,1710.35,1728.05,1703.36,340630,320412151.00,1.42,-1.43,-24.75,0.76
2023-10-16,1716.80,1681.37,1716.80,1672.27,325895,309380208.00,2.60,-1.69,-28.98,0.73
2023-10-17,1690.15,1717.50,1723.46,1681.50,501371,482213510.00,2.50,2.15,36.13,1.12
2023-10-18,1710.73,1681.95,1710.73,1671.17,378054,383974920.00,2.30,-2.07,-35.55,0.85
2023-10-19,1673.93,1667.17,1698.05,1657.81,301373,292101804.00,2.39,-0.88,-14.78,0.67
2023-10-20,1657.94,1670.45,1691.21,1657.94,249230,251483956.00,2.00,0.20,3.28,0.56
2023-10-23,1661.45,1602.73,1661.45,1598.70,381678,360338916.00,3.76,-4.05,-67.72,0.85
2023-10-24,1606.27,1651.02,1656.87,1606.27,330282,336625005.00,3.16,3.01,48.29,0.74
2023-10-25,1658.58,1665.06,1676.59,1658.58,236211,237564883.00,1.09,0.85,14.04,0.53
2023-10-26,1662.76,1676.84,1678.85,1644.67,225927,223719203.00,2.05,0.71,11.78,0.51
2023-10-27,1662.98,1674.89,1680.03,1649.47,533190,527916445.00,1.82,-0.12,-1.95,1.19
2023-10-30,1663.95,1682.97,1682.97,1663.95,431386,418726336.00,1.14,0.48,8.08,0.96
2023-10-31,1678.90,1676.86,1685.56,1669.65,321949,301663710.00,0.95,-0.36,-6.11,0.72
2023-11-01,1681.62,1718.43,1738.13,1678.53,682842,662339477.00,3.55,2.48,41.57,1.53
2023-11-02,1720.83,1696.41,1732.85,1694.11,449383,444674585.00,2.25,-1.28,-22.02,1.01
2023-11-03,1694.17,1716.38,1728.48,1694.17,336680,342753736.00,2.02,1.18,19.97,0.75
2023-11-06,1729.21,1741.56,1744.03,1721.03,509526,534170967.00,1.34,1.47,25.18,1.14
2023-11-07,1739.76,1741.20,1746.87,1723.55,376151,423961479.00,1.34,-0.02,-0.36,0.84
2023-11-08,1735.38,1728.06,1742.13,1718.87,324208,354414800.00,1.34,-0.75,-13.14,0.73
2023-11-09,1727.12,1724.98,1737.92,1719.44,276109,300657189.00,1.07,-0.18,-3.08,0.62
2023-11-10,1725.89,1715.41,1725.89,1710.31,195050,204154531.00,0.90,-0.55,-9.57,0.44
2023-11-13,1718.61,1735.94,1735.94,1716.87,210230,203782194.00,1.11,1.20,20.53,0.47
2023-11-14,1737.55,1725.01,1737.91,1722.44,258455,256928946.00,0.89,-0.63,-10.93,0.58
2023-11-15,1735.21,1750.27,1753.73,1735.21,366263,406760045.00,1.07,1.46,25.26,0.82
2023-11-16,1751.54,1727.95,1751.54,1725.80,244685,257139530.00,1.47,-1.28,-22.32,0.55
2023-11-17,1724.30,1742.36,1743.30,1720.87,216057,220971572.00,1.30,0.83,14.41,0.48
2023-11-20,1747.28,1747.99,1753.01,1734.55,303862,297398826.00,1.06,0.32,5.63,0.68
2023-11-21,1752.05,1740.28,1754.02,1736.60,266132,265259700.00,1.00,-0.44,-7.71,0.60
2023-11-22,1738.27,1722.19,1742.99,1721.71,240755,234588053.00,1.22,-1.04,-18.09,0.54
2023-11-23,1721.96,1731.01,1733.44,1713.88,209743,215431662.00,1.14,0.51,8.82,0.47
2023-11-24,1734.37,1706.30,1734.37,1701.98,260644,249355145.00,1.87,-1.43,-24.71,0.58
2023-11-27,1709.44,1712.40,1721.00,1698.58,238783,234630671.00,1.31,0.36,6.10,0.53
2023-11-28,1712.65,1719.58,1720.06,1700.68,158677,160200080.00,1.13,0.42,7.18,0.35
2023-11-29,1721.28,1718.50,1732.43,1716.31,226448,214974317.00,0.94,-0.06,-1.08,0.51
2023-11-30,1713.38,1699.88,1713.93,1687.15,231574,216166957.00,1.56,-1.08,-18.62,0.52
2023-12-01,1702.86,1702.85,1709.70,1684.13,228796,217846727.00,1.50,0.17,2.97,0.51
2023-12-04,1705.51,1718.88,1726.54,1705.51,287933,278311916.00,1.23,0.94,16.03,0.64
2023-12-05,1713.41,1682.69,1714.43,1681.97,261574,251257131.00,1.89,-2.11,-36.19,0.59
2023-12-06,1680.43,1708.30,1724.33,1680.43,296386,291690506.00,2.61,1.52,25.61,0.66
2023-12-07,1710.81,1695.54,1710.81,1680.10,273968,261308929.00,1.80,-0.75,-12.76,0.61
2023-12-08,1699.45,1673.62,1700.60,1673.13,254249,251079899.00,1.62,-1.29,-21.92,0.57
2023-12-11,1668.04,1680.87,1684.10,1654.19,304943,298662721.00,1.79,0.43,7.25,0.68
2023-12-12,1679.52,1678.24,1680.22,1665.16,177648,174239083.00,0.90,-0.16,-2.63,0.40
2023-12-13,1678.77,1659.35,1678.77,1659.11,207735,198104123.00,1.17,-1.13,-18.89,0.46
2023-12-14,1666.22,1653.76,1674.51,1651.86,242247,229557082.00,1.36,-0.34,-5.59,0.54
2023-12-15,1660.18,1652.53,1671.91,1643.56,309209,307719691.00,1.71,-0.07,-1.23,0.69
2023-12-18,1648.33,1624.35,1648.33,1620.19,250359,222699983.00,1.70,-1.71,-28.18,0.56
2023-12-19,1623.91,1617.18,1623.91,1607.64,171344,157769296.00,1.00,-0.44,-7.17,0.38
2023-12-20,1619.17,1605.82,1624.31,1605.58,179463,165064460.00,1.16,-0.70,-11.36,0.40
2023-12-21,1601.40,1620.17,1627.74,1584.53,217128,197705951.00,2.69,0.89,14.35,0.49
2023-12-22,1624.87,1630.38,1643.30,1603.26,263146,243723547.00,2.47,0.63,10.21,0.59
2023-12-25,1627.21,1632.88,1638.47,1619.55,191898,177444026.00,1.16,0.15,2.50,0.43
2023-12-26,1632.50,1612.76,1632.50,1611.12,120778,108549838.00,1.31,-1.23,-20.12,0.27
2023-12-27,1617.78,1623.68,1630.51,1599.26,121914,117406443.00,1.94,0.68,10.92,0.27
2023-12-28,1631.18,1665.65,1669.60,1629.23,204534,221407356.00,2.49,2.58,41.97,0.46
2023-12-29,1669.70,1692.03,1692.65,1669.70,194848,194273404.00,1.38,1.58,26.38,0.44