2020-08-24,47.13,57.93,60.37,47.13,164751,885465231.00,44.62,95.25,28.26,57.90
2020-08-25,64.13,103.13,103.13,64.13,196703,1493786144.00,67.32,78.03,45.20,69.13
2020-08-26,89.74,84.53,102.13,84.13,171948,1579187468.00,17.45,-18.04,-18.60,60.43
2020-08-27,80.73,70.54,84.12,70.25,116473,887464333.00,16.41,-16.55,-13.99,40.93
2020-08-28,69.10,67.13,73.12,62.54,101427,695671568.00,15.00,-4.83,-3.41,35.65
2020-08-31,67.13,67.33,69.11,64.59,71311,485710088.00,6.73,0.30,0.20,25.06
2020-09-01,66.03,61.28,66.42,60.95,84559,545485227.00,8.12,-8.99,-6.05,29.72
2020-09-02,60.43,60.19,62.33,59.14,59150,364327074.00,5.21,-1.78,-1.09,20.79
2020-09-03,61.13,57.71,62.91,57.41,62197,380195782.00,9.14,-4.12,-2.48,21.86
2020-09-04,55.73,57.01,58.78,55.26,53281,306008576.00,6.10,-1.21,-0.70,18.73
2020-09-07,55.93,54.93,56.67,54.43,49600,279356172.00,3.93,-3.65,-2.08,17.43
2020-09-08,54.63,52.94,55.91,52.86,45108,247739190.00,5.55,-3.62,-1.99,15.85
2020-09-09,52.11,48.88,52.99,48.84,49645,255893636.00,7.84,-7.67,-4.06,17.45
2020-09-10,49.72,47.35,50.01,47.15,39494,196037960.00,5.85,-3.13,-1.53,13.88
2020-09-11,47.18,54.31,54.72,46.20,79568,413752298.00,17.99,14.70,6.96,27.96
2020-09-14,53.13,56.33,57.12,52.94,84820,477488016.00,7.70,3.72,2.02,29.81
2020-09-15,55.28,57.06,61.90,53.63,97295,568925101.00,14.68,1.30,0.73,34.19
2020-09-16,55.74,61.99,64.10,54.64,111444,671152528.00,16.58,8.64,4.93,39.17
2020-09-17,60.11,58.85,65.43,57.83,125123,784669520.00,12.26,-5.07,-3.14,43.97
2020-09-18,57.13,56.20,59.63,55.16,63194,365168163.00,7.60,-4.50,-2.65,22.21
2020-09-21,56.38,59.43,60.43,55.48,63298,374754944.00,8.81,5.75,3.23,22.25
2020-09-22,57.83,60.55,62.63,57.61,76363,471645058.00,8.45,1.88,1.12,26.84
2020-09-23,60.56,61.13,63.13,59.41,70229,438129984.00,6.14,0.96,0.58,24.68
2020-09-24,61.48,73.53,73.53,60.98,119508,817703056.00,20.53,20.28,12.40,42.00
2020-09-25,76.05,67.12,78.03,66.03,134880,957297718.00,16.32,-8.72,-6.41,47.40
2020-09-28,65.14,60.98,66.01,59.23,85818,546458506.00,10.10,-9.15,-6.14,30.16
2020-09-29,61.69,57.52,62.19,57.35,63957,381400518.00,7.94,-5.67,-3.46,22.48
2020-09-30,56.94,57.42,60.08,56.94,53664,318830184.00,5.46,-0.17,-0.10,18.86
2020-10-09,58.97,63.47,65.54,58.34,78498,493948288.00,12.54,10.54,6.05,27.59
2020-10-12,64.19,65.63,67.08,64.14,78234,517145088.00,4.63,3.40,2.16,27.50
2020-10-13,65.46,66.43,68.08,64.29,70610,474411728.00,5.77,1.22,0.80,24.82
2020-10-14,65.63,72.21,79.14,65.59,125671,944031476.00,20.40,8.70,5.78,44.17
2020-10-15,70.63,78.38,84.98,68.13,138811,1053836206.00,23.33,8.54,6.17,48.78
2020-10-16,75.41,74.83,78.12,72.94,99569,761085280.00,6.61,-4.53,-3.55,34.99
2020-10-19,75.14,73.22,82.13,73.13,94101,732382240.00,12.03,-2.15,-1.61,33.07
2020-10-20,70.22,75.94,76.69,70.20,82763,616422096.00,8.86,3.71,2.72,29.09
2020-10-21,75.79,74.63,78.43,72.13,87623,668745504.00,8.30,-1.73,-1.31,30.79
2020-10-22,72.14,70.08,74.51,69.64,65138,476035744.00,6.53,-6.10,-4.55,22.89
2020-10-23,70.98,69.23,72.63,67.83,54240,385035344.00,6.85,-1.21,-0.85,19.06
2020-10-26,69.31,73.02,74.11,68.32,59331,431085312.00,8.36,5.47,3.79,20.85
2020-10-27,71.93,72.14,73.01,69.71,44359,321008464.00,4.52,-1.21,-0.88,15.59
2020-10-28,72.23,71.89,73.23,70.98,41936,306260624.00,3.12,-0.35,-0.25,14.74
2020-10-29,70.63,70.23,73.99,69.98,56316,410043408.00,5.58,-2.31,-1.66,19.79
2020-10-30,70.05,61.80,70.05,60.18,70636,462941840.00,14.05,-12.00,-8.43,24.82
2020-11-02,62.12,63.15,63.33,61.48,30972,195995111.00,2.99,2.18,1.35,10.88
2020-11-03,63.15,63.20,64.00,62.17,28006,179476685.00,2.90,0.08,0.05,9.84
2020-11-04,63.21,62.28,64.31,60.63,34742,219158791.00,5.82,-1.46,-0.92,12.21
2020-11-05,63.01,64.42,64.62,62.34,39480,254764212.00,3.66,3.44,2.14,13.88
2020-11-06,64.58,62.27,64.79,61.36,31579,200717895.00,5.32,-3.34,-2.15,11.10
2020-11-09,62.67,63.84,64.48,62.05,32120,206319890.00,3.90,2.52,1.57,11.29
2020-11-10,63.63,61.89,64.14,61.34,29599,186847847.00,4.39,-3.05,-1.95,10.40
2020-11-11,61.85,59.86,62.31,59.54,25323,156113275.00,4.48,-3.28,-2.03,8.90
2020-11-12,59.74,58.76,60.13,57.71,24921,148633528.00,4.04,-1.84,-1.10,8.76
2020-11-13,58.77,60.46,61.01,58.77,23096,141049269.00,3.81,2.89,1.70,8.12
2020-11-16,61.66,62.33,64.13,61.19,43544,276789344.00,4.86,3.09,1.87,15.30
2020-11-17,62.14,60.79,62.48,59.63,30216,185989836.00,4.57,-2.47,-1.54,10.62
2020-11-18,60.16,59.32,60.57,58.93,22914,138370462.00,2.70,-2.42,-1.47,8.05
2020-11-19,59.33,60.21,60.91,58.14,24662,149586182.00,4.67,1.50,0.89,8.67
2020-11-20,59.36,58.34,59.73,58.14,23446,139804969.00,2.64,-3.11,-1.87,8.24
2020-11-23,58.69,60.18,61.37,58.41,36143,221063996.00,5.07,3.15,1.84,12.70
2020-11-24,59.62,58.52,60.01,58.43,24397,146177801.00,2.63,-2.76,-1.66,8.57
2020-11-25,58.83,57.78,59.03,56.14,27706,161336447.00,4.94,-1.26,-0.74,9.74
2020-11-26,57.12,56.80,58.40,56.63,14536,84678814.00,3.06,-1.70,-0.98,5.11
2020-11-27,57.81,56.55,57.98,55.53,16222,93190044.00,4.31,-0.44,-0.25,5.70
2020-11-30,56.02,57.39,58.43,56.01,18885,109607921.00,4.28,1.49,0.84,6.64
2020-12-01,57.19,57.73,58.60,57.15,17977,105692110.00,2.53,0.59,0.34,6.32
2020-12-02,57.45,58.51,58.51,57.34,19375,114157015.00,2.03,1.35,0.78,6.81
2020-12-03,58.43,62.18,64.03,58.32,54457,341669632.00,9.76,6.27,3.67,19.14
2020-12-04,60.73,61.30,62.17,60.43,28325,175408410.00,2.80,-1.42,-0.88,9.95
2020-12-07,60.89,59.96,61.81,59.73,19642,120325980.00,3.39,-2.19,-1.34,6.90
2020-12-08,59.53,58.77,60.43,58.34,18275,109822901.00,3.49,-1.98,-1.19,6.42
2020-12-09,58.63,56.97,59.02,56.81,18803,109787080.00,3.76,-3.06,-1.80,6.61
2020-12-10,56.69,56.83,58.10,56.13,15688,91125116.00,3.46,-0.25,-0.14,5.51
2020-12-11,56.88,53.97,57.27,53.71,22885,128474075.00,6.26,-5.03,-2.86,8.04
2020-12-14,54.27,54.55,54.91,53.63,14234,78423622.00,2.37,1.07,0.58,5.00
2020-12-15,54.35,54.24,55.10,53.98,11157,61852917.00,2.05,-0.57,-0.31,3.92
2020-12-16,54.13,51.69,54.28,51.45,21804,115838224.00,5.22,-4.70,-2.55,7.66
2020-12-17,51.35,52.50,52.93,51.34,16719,88846650.00,3.08,1.57,0.81,5.88
2020-12-18,52.31,50.51,52.67,50.36,19248,100548040.00,4.40,-3.79,-1.99,6.76
2020-12-21,50.43,51.23,51.70,49.81,14407,74959740.00,3.74,1.43,0.72,5.06
2020-12-22,51.24,54.01,56.73,51.24,46551,257352216.00,10.72,5.43,2.78,16.36
2020-12-23,53.25,52.03,53.62,51.62,28581,152254683.00,3.70,-3.67,-1.98,10.04
2020-12-24,51.95,49.81,51.95,49.81,20111,103313735.00,4.11,-4.27,-2.22,7.07
2020-12-25,49.13,49.97,51.00,49.13,14940,76253042.00,3.75,0.32,0.16,5.25
2020-12-28,50.13,51.64,53.60,50.03,27523,145954968.00,7.14,3.34,1.67,9.67
2020-12-29,50.93,50.53,51.45,49.99,16887,86804678.00,2.83,-2.15,-1.11,5.93
2020-12-30,51.06,50.22,51.06,49.27,15763,80186981.00,3.54,-0.61,-0.31,5.54
2020-12-31,50.13,52.02,52.62,49.79,22003,115543845.00,5.64,3.58,1.80,7.33