MjAyMS0wMS0wNCwxNi44MSwxOS45OCwyMC4wNCwxNi43OCw3ODE1MSwyNzI1NTc4MDguMDAsMTkuNTEsMTkuNTcsMy4yNyw2LjU0
2021-01-05,19.95,20.30,21.25,19.47,81160,307176768.00,8.91,1.60,0.32,6.79
2021-01-06,19.97,19.94,20.22,19.14,55720,202375479.00,5.32,-1.77,-0.36,4.66
2021-01-07,19.65,19.75,20.00,19.41,31049,112790676.00,2.96,-0.95,-0.19,2.60
2021-01-08,19.33,18.66,19.52,18.54,32396,113197631.00,4.96,-5.52,-1.09,2.71
2021-01-11,18.61,18.19,18.77,17.77,28174,94790917.00,5.36,-2.52,-0.47,2.36
2021-01-12,17.98,17.78,18.51,17.66,24423,81335211.00,4.67,-2.25,-0.41,2.04
2021-01-13,17.81,17.30,18.07,17.12,22643,72977533.00,5.34,-2.70,-0.48,1.90
2021-01-14,17.25,17.52,17.96,17.12,21322,69331647.00,4.86,1.27,0.22,1.78
2021-01-15,17.71,18.07,18.56,17.58,21751,73011923.00,5.59,3.14,0.55,1.82
2021-01-18,18.07,18.75,19.14,18.07,27920,96896844.00,5.92,3.76,0.68,2.34
2021-01-19,18.81,18.38,18.91,18.29,16113,55031632.00,3.31,-1.97,-0.37,1.35
2021-01-20,18.37,18.72,19.02,18.02,18179,62286287.00,5.44,1.85,0.34,1.52
2021-01-21,18.56,18.53,18.81,18.47,17006,58514197.00,1.82,-1.01,-0.19,1.42
2021-01-22,18.37,17.95,18.61,17.82,14635,48973763.00,4.26,-3.13,-0.58,1.23
2021-01-25,17.82,17.65,17.97,17.28,15103,49177518.00,3.84,-1.67,-0.30,1.26
2021-01-26,17.75,19.92,20.28,17.65,62519,223705881.00,14.90,12.86,2.27,5.23
2021-01-27,19.22,18.91,19.34,18.52,43630,152461029.00,4.12,-5.07,-1.01,3.65
2021-01-28,18.38,18.31,19.26,18.31,24764,86162252.00,5.02,-3.17,-0.60,2.07
2021-01-29,18.71,17.85,18.82,17.81,19355,64806061.00,5.52,-2.51,-0.46,1.62
2021-02-01,17.53,18.61,18.97,16.87,26065,87812239.00,11.76,4.26,0.76,2.18
2021-02-02,18.50,18.10,18.62,17.85,15721,52834252.00,4.14,-2.74,-0.51,1.32
2021-02-03,17.99,18.79,19.64,17.85,44912,158049409.00,9.89,3.81,0.69,3.76
2021-02-04,18.92,18.01,19.08,17.69,30219,101474960.00,7.40,-4.15,-0.78,2.53
2021-02-05,18.11,18.28,19.04,17.99,23933,81897784.00,5.83,1.50,0.27,2.00
2021-02-08,18.34,18.60,18.94,17.94,23749,81596970.00,5.47,1.75,0.32,1.99
2021-02-09,18.62,18.85,19.00,18.40,21751,75684449.00,3.23,1.34,0.25,1.82
2021-02-10,18.84,19.17,19.48,18.65,23054,81728086.00,4.40,1.70,0.32,1.93
2021-02-18,19.53,19.69,20.13,19.36,33533,122539957.00,4.02,2.71,0.52,2.81
2021-02-19,19.72,20.74,21.17,19.72,52830,200199305.00,7.36,5.33,1.05,4.42
2021-02-22,21.14,21.26,22.08,21.03,75690,300665200.00,5.06,2.51,0.52,6.34
2021-02-23,21.01,21.31,21.44,20.34,50389,193999767.00,5.17,0.24,0.05,4.22
2021-02-24,21.07,21.53,22.05,20.94,43280,172896624.00,5.21,1.03,0.22,3.62
2021-02-25,21.76,20.77,21.86,20.58,24974,96611012.00,5.95,-3.53,-0.76,2.09
2021-02-26,20.77,20.37,21.45,20.32,27784,106709889.00,5.44,-1.93,-0.40,2.33
2021-03-01,20.43,20.24,21.29,20.03,45871,174125899.00,6.19,-0.64,-0.13,3.84
2021-03-02,20.09,20.12,20.45,19.74,31291,116112883.00,3.51,-0.59,-0.12,2.62
2021-03-03,20.12,22.29,22.30,19.93,68459,269417296.00,11.78,10.79,2.17,5.73
2021-03-04,22.03,22.68,23.24,21.69,77688,323061680.00,6.95,1.75,0.39,6.50
2021-03-05,22.42,21.72,22.68,21.59,32337,130617551.00,4.81,-4.23,-0.96,2.71
2021-03-08,21.72,22.37,22.72,21.57,48550,200417766.00,5.29,2.99,0.65,4.06
2021-03-09,22.24,22.75,23.36,21.89,53183,223461317.00,6.57,1.70,0.38,4.45
2021-03-10,22.42,22.18,22.96,21.97,38933,160416049.00,4.35,-2.51,-0.57,3.26
2021-03-11,22.10,22.06,22.29,21.14,30642,123055664.00,5.18,-0.54,-0.12,2.57
2021-03-12,21.83,21.54,22.13,21.27,25321,100242300.00,3.90,-2.36,-0.52,2.12
2021-03-15,21.54,21.42,21.96,21.14,18628,73623428.00,3.81,-0.56,-0.12,1.56
2021-03-16,21.39,22.02,22.36,21.31,23507,94562869.00,4.90,2.80,0.60,1.97
2021-03-17,22.31,21.82,22.41,21.47,19892,80074377.00,4.27,-0.91,-0.20,1.67
2021-03-18,21.49,21.54,21.66,20.98,21993,86628566.00,3.12,-1.28,-0.28,1.84
2021-03-19,21.47,20.91,21.63,20.79,18865,73288632.00,3.90,-2.92,-0.63,1.58
2021-03-22,20.81,21.43,22.08,20.74,29754,117679068.00,6.41,2.49,0.52,2.49
2021-03-23,21.29,20.69,21.43,20.52,20928,80565892.00,4.25,-3.45,-0.74,1.75
2021-03-24,20.69,20.14,20.74,19.93,18309,68371091.00,3.91,-2.66,-0.55,1.53
2021-03-25,20.28,20.16,20.53,20.00,11756,43879206.00,2.63,0.10,0.02,0.98
2021-03-26,20.14,19.97,20.14,19.81,15417,56756824.00,1.64,-0.94,-0.19,1.29
2021-03-29,20.03,20.02,20.14,19.69,13967,51350527.00,2.25,0.25,0.05,1.17
2021-03-30,19.97,20.31,20.47,19.40,25530,93470757.00,5.34,1.45,0.29,2.14
2021-03-31,20.12,20.03,20.25,19.70,15732,57993607.00,2.71,-1.38,-0.28,1.31
2021-04-01,20.04,19.64,20.04,19.31,16498,59707588.00,3.64,-1.95,-0.39,1.38
2021-04-02,19.63,20.06,20.15,19.48,14767,54060570.00,3.41,2.14,0.42,1.23
2021-04-06,20.06,20.27,20.46,19.81,13040,48470681.00,3.24,1.05,0.21,1.09
2021-04-07,20.19,20.14,20.49,19.97,11235,41968268.00,2.57,-0.64,-0.13,0.94
2021-04-08,20.14,19.83,20.14,19.76,10363,38104148.00,1.89,-1.54,-0.31,0.87
2021-04-09,19.83,19.91,20.02,19.48,7366,27030900.00,2.72,0.40,0.08,0.62
2021-04-12,20.03,19.22,20.65,19.03,20988,76403809.00,8.14,-3.47,-0.69,1.75
2021-04-13,19.10,19.23,19.72,19.00,10973,39256995.00,3.75,0.05,0.01,0.92
2021-04-14,19.14,18.85,19.36,18.81,13015,45736374.00,2.86,-1.98,-0.38,1.09
2021-04-15,18.81,18.82,18.96,18.47,9042,31287723.00,2.60,-0.16,-0.03,0.76
2021-04-16,18.89,18.76,18.96,18.47,11150,38505963.00,2.60,-0.32,-0.06,0.93
2021-04-19,18.81,18.85,18.91,18.56,18701,64862369.00,1.87,0.48,0.09,1.56
2021-04-20,18.92,19.05,19.25,18.85,13899,49009635.00,2.12,1.06,0.20,1.16
2021-04-21,18.99,18.56,18.99,18.44,13971,48025204.00,2.89,-2.57,-0.49,1.17
2021-04-22,18.55,18.67,18.89,18.42,16505,56885937.00,2.53,0.59,0.11,1.38
2021-04-23,18.73,18.39,18.92,18.17,18277,62096779.00,4.02,-1.50,-0.28,1.53
2021-04-26,19.00,20.19,20.83,18.89,60670,222745892.00,10.55,9.79,1.80,5.07
2021-04-27,20.04,19.64,20.27,19.51,33142,120225192.00,3.76,-2.72,-0.55,2.77
2021-04-28,19.64,19.57,19.83,19.36,21966,79189468.00,2.39,-0.36,-0.07,1.83
2021-04-29,19.54,19.20,19.54,19.09,17246,61192377.00,2.30,-1.89,-0.37,1.44
2021-04-30,19.19,19.89,20.42,19.13,31342,114940289.00,6.72,3.59,0.69,2.62
2021-05-06,19.72,20.49,20.51,19.57,22170,82872040.00,4.73,3.02,0.60,1.85
2021-05-07,20.38,20.11,20.67,19.72,30179,112111517.00,4.64,-1.85,-0.38,2.52
2021-05-10,20.11,19.86,20.31,19.64,17377,63656731.00,3.33,-1.24,-0.25,1.45
2021-05-11,19.87,19.66,20.07,19.41,16757,60634745.00,3.32,-1.01,-0.20,1.40
2021-05-12,19.55,19.80,19.91,19.28,18711,67301095.00,3.20,0.71,0.14,1.56
2021-05-13,20.00,18.96,20.00,18.62,23795,83834679.00,6.97,-4.24,-0.84,1.99
2021-05-14,18.81,18.79,19.07,18.72,18778,65079705.00,1.85,-0.90,-0.17,1.57
2021-05-17,18.67,19.14,19.37,18.50,25012,87852901.00,4.63,1.86,0.35,2.09
2021-05-18,19.10,19.13,19.62,19.04,14974,53154687.00,3.03,-0.05,-0.01,1.25
2021-05-19,19.11,19.00,19.24,18.78,13326,46658382.00,2.40,-0.68,-0.13,1.11
2021-05-20,18.87,19.03,19.26,18.81,9465,33217659.00,2.37,0.16,0.03,0.79
2021-05-21,19.22,18.92,19.38,18.83,11482,40395833.00,2.89,-0.58,-0.11,0.96
2021-05-24,18.99,18.97,19.08,18.66,10484,36380746.00,2.22,0.26,0.05,0.88
2021-05-25,18.97,18.96,19.06,18.72,9918,34558853.00,1.79,-0.05,-0.01,0.83
2021-05-26,18.94,19.00,19.25,18.72,23880,83287732.00,2.80,0.21,0.04,1.99
2021-05-27,18.99,19.16,19.33,18.83,21595,76056007.00,2.63,0.84,0.16,1.80
2021-05-28,19.17,18.83,19.26,18.64,18966,65796913.00,3.24,-1.72,-0.33,1.58
2021-05-31,18.84,18.88,18.99,18.54,14805,51411495.00,2.39,0.27,0.05,1.24
2021-06-01,18.88,19.02,19.14,18.66,21752,76097251.00,2.54,0.74,0.14,1.82
2021-06-02,19.02,18.89,19.33,18.72,26150,91968989.00,3.21,-0.68,-0.13,2.18
2021-06-03,18.84,18.81,19.21,18.78,16536,57821059.00,2.28,-0.42,-0.08,1.38
2021-06-04,18.83,18.87,18.98,18.67,13061,45280905.00,1.65,0.32,0.06,1.09
2021-06-07,18.79,18.25,18.84,18.12,20519,69372585.00,3.82,-3.29,-0.62,1.71
2021-06-08,18.26,18.23,18.34,18.14,10773,36184249.00,1.10,-0.11,-0.02,0.90
2021-06-09,18.23,18.41,18.51,18.12,10944,37050195.00,2.14,0.99,0.18,0.91
2021-06-10,18.39,18.09,18.39,18.07,13807,46215962.00,1.74,-1.74,-0.32,1.15
2021-06-11,18.25,18.19,18.33,17.98,11772,39409647.00,1.93,0.55,0.10,0.98
2021-06-15,18.21,17.69,18.22,17.58,12715,41503003.00,3.52,-2.75,-0.50,1.06
2021-06-16,17.67,17.37,17.82,17.32,12457,40225329.00,2.83,-1.81,-0.32,1.04
2021-06-17,17.19,17.18,17.46,17.12,11152,35538002.00,1.96,-1.09,-0.19,0.93
2021-06-18,17.12,17.42,17.57,17.02,12971,41545414.00,3.20,1.40,0.24,1.08
2021-06-21,17.39,17.39,17.48,17.26,11065,35468090.00,1.26,-0.17,-0.03,0.92
2021-06-22,17.44,17.38,17.59,17.31,14669,47242180.00,1.61,-0.06,-0.01,1.22
2021-06-23,17.33,17.73,17.81,17.19,16996,54899819.00,3.57,2.01,0.35,1.42
2021-06-24,17.54,17.38,17.62,17.31,14494,46501098.00,1.75,-1.97,-0.35,1.21
2021-06-25,17.32,17.27,17.47,17.22,10008,31998875.00,1.44,-0.63,-0.11,0.84
2021-06-28,17.67,18.54,19.89,17.67,64189,221506919.00,12.85,7.35,1.27,5.36
2021-06-29,17.98,18.14,18.38,17.58,47958,158414909.00,4.31,-2.16,-0.40,4.00
2021-06-30,18.09,17.96,18.16,17.74,21682,71530895.00,2.32,-0.99,-0.18,1.81
2021-07-01,18.09,17.92,18.51,17.81,23942,80037510.00,3.90,-0.22,-0.04,2.00
2021-07-02,17.87,17.48,18.09,17.36,23759,77302757.00,4.07,-2.46,-0.44,1.98
2021-07-05,17.36,17.31,17.50,17.17,18246,58225985.00,1.89,-0.97,-0.17,1.52
2021-07-06,17.33,17.28,17.41,17.07,20524,65175129.00,1.96,-0.17,-0.03,1.71
2021-07-07,17.33,17.39,17.58,17.23,13967,44817712.00,2.03,0.64,0.11,1.17
2021-07-08,17.31,17.20,17.53,17.16,15349,48988153.00,2.13,-1.09,-0.19,1.28
2021-07-09,17.27,17.41,17.56,17.19,16261,52220589.00,2.15,1.22,0.21,1.36
2021-07-12,17.46,17.37,17.51,17.23,15590,49931902.00,1.61,-0.23,-0.04,1.30
2021-07-13,17.25,17.59,17.61,17.25,16002,51622500.00,2.07,1.27,0.22,1.34
2021-07-14,17.47,17.39,17.71,17.27,16745,54030441.00,2.50,-1.14,-0.20,1.40
2021-07-15,17.32,17.27,17.53,17.15,13928,44497359.00,2.19,-0.69,-0.12,1.16
2021-07-16,17.11,16.44,17.28,16.39,36322,112041203.00,5.15,-4.81,-0.83,3.03
2021-07-19,16.50,16.68,16.72,16.17,18196,55349074.00,3.35,1.46,0.24,1.52
2021-07-20,16.46,16.38,16.72,16.22,15138,45983927.00,3.00,-1.80,-0.30,1.26
2021-07-21,16.26,16.58,16.72,16.23,17080,52081093.00,2.99,1.22,0.20,1.43
2021-07-22,16.57,16.33,16.83,16.24,29258,89013095.00,3.56,-1.51,-0.25,2.44
2021-07-23,16.33,15.62,16.39,15.44,35023,102479123.00,5.82,-4.35,-0.71,2.92
2021-07-26,15.66,15.88,16.27,15.53,28882,85032951.00,4.74,1.66,0.26,2.41
2021-07-27,15.83,15.98,16.03,15.50,30383,88580341.00,3.34,0.63,0.10,2.54
2021-07-28,15.94,15.15,15.96,15.02,31853,89868125.00,5.88,-5.19,-0.83,2.66
2021-07-29,15.26,15.26,15.48,15.12,25179,71256234.00,2.38,0.73,0.11,2.10
2021-07-30,15.19,15.26,15.41,15.01,22135,62456488.00,2.62,0.00,0.00,1.85
2021-08-02,15.26,16.03,16.09,15.07,45460,132085551.00,6.68,5.05,0.77,3.80
2021-08-03,15.85,15.84,16.16,15.75,33164,97716508.00,2.56,-1.19,-0.19,2.77
2021-08-04,15.44,14.81,15.46,14.62,69654,191530168.00,5.30,-6.50,-1.03,5.82
2021-08-05,14.63,14.06,14.64,14.02,61512,162387135.00,4.19,-5.06,-0.75,5.14
2021-08-06,14.02,14.08,14.29,13.93,33244,87015870.00,2.56,0.14,0.02,2.78
2021-08-09,14.03,15.25,15.41,14.02,88410,245097411.00,9.87,8.31,1.17,7.38
2021-08-10,15.24,15.03,15.24,14.78,48257,133793628.00,3.02,-1.44,-0.22,4.03
2021-08-11,14.99,14.94,15.09,14.77,29136,80701028.00,2.13,-0.60,-0.09,2.43
2021-08-12,15.13,14.90,15.81,14.90,40429,114081575.00,6.09,-0.27,-0.04,3.38
2021-08-13,14.92,14.97,15.02,14.62,27995,76871114.00,2.68,0.47,0.07,2.34
2021-08-16,14.84,14.74,14.96,14.71,33900,92948841.00,1.67,-1.54,-0.23,2.83
2021-08-17,14.73,14.09,14.74,14.01,58828,156260359.00,4.95,-4.41,-0.65,4.91
2021-08-18,14.06,14.04,14.16,13.78,29646,76930346.00,2.70,-0.35,-0.05,2.48
2021-08-19,14.15,14.39,14.47,13.97,34755,91753877.00,3.56,2.49,0.35,2.90
2021-08-20,14.24,14.16,14.31,13.89,23763,62055984.00,2.92,-1.60,-0.23,1.98
2021-08-23,14.21,14.24,14.34,14.02,15028,39694118.00,2.26,0.56,0.08,1.25
2021-08-24,14.20,14.12,14.32,14.07,18364,48247279.00,1.76,-0.84,-0.12,1.53
2021-08-25,14.13,14.09,14.33,13.92,18046,47440238.00,2.90,-0.21,-0.03,1.51
2021-08-26,14.06,13.83,14.06,13.81,23472,60543119.00,1.77,-1.85,-0.26,1.96
2021-08-27,13.81,13.87,14.04,13.74,17873,46065394.00,2.17,0.29,0.04,1.49
2021-08-30,13.87,13.64,13.98,13.62,14089,35901704.00,2.60,-1.66,-0.23,1.18
2021-08-31,13.68,13.65,13.99,13.52,17696,45086666.00,3.45,0.07,0.01,1.48
2021-09-01,13.56,13.71,13.81,13.45,18220,46188554.00,2.64,0.44,0.06,1.52
2021-09-02,13.62,13.46,13.69,13.45,17900,45001882.00,1.75,-1.82,-0.25,1.49
2021-09-03,13.44,13.71,13.76,13.36,19597,49520488.00,2.97,1.86,0.25,1.64
2021-09-06,13.67,13.78,13.86,13.50,16207,41289622.00,2.63,0.51,0.07,1.35
2021-09-07,13.77,13.87,13.96,13.73,13827,35516414.00,1.67,0.65,0.09,1.15
2021-09-08,13.79,13.96,14.12,13.79,21765,56444793.00,2.38,0.65,0.09,1.82
2021-09-09,13.96,14.41,14.59,13.90,46299,123410423.00,4.94,3.22,0.45,3.87
2021-09-10,14.24,14.20,14.38,14.14,19629,51846616.00,1.67,-1.46,-0.21,1.64
2021-09-13,14.07,14.03,14.17,13.90,18072,46992221.00,1.90,-1.20,-0.17,1.51
2021-09-14,13.98,14.06,14.36,13.98,21994,57907205.00,2.71,0.21,0.03,1.84
2021-09-15,14.06,14.00,14.18,13.97,13295,34648716.00,1.49,-0.43,-0.06,1.11
2021-09-16,14.03,15.01,16.49,13.98,86701,242206350.00,17.93,7.21,1.01,7.24
2021-09-17,14.88,14.52,15.02,14.34,55071,149260498.00,4.53,-3.26,-0.49,4.60
2021-09-22,14.16,13.97,14.33,13.93,30835,80544112.00,2.75,-3.79,-0.55,2.57
2021-09-23,13.97,14.28,14.40,13.94,25983,68219568.00,3.29,2.22,0.31,2.17
2021-09-24,14.14,14.46,14.61,14.05,35796,95571463.00,3.92,1.26,0.18,2.99
2021-09-27,14.34,15.67,15.94,14.22,86321,245435343.00,11.89,8.37,1.21,7.21
2021-09-28,15.19,15.07,15.33,14.88,43823,122515493.00,2.87,-3.83,-0.60,3.66
2021-09-29,14.93,15.83,16.28,14.83,90464,264447513.00,9.62,5.04,0.76,7.55
2021-09-30,15.69,15.90,16.32,15.42,63500,187135498.00,5.69,0.44,0.07,5.30
2021-10-08,15.81,16.18,16.95,15.78,77781,235158486.00,7.36,1.76,0.28,6.49
2021-10-11,16.01,15.83,16.49,15.51,60056,176313018.00,6.06,-2.16,-0.35,5.01
2021-10-12,15.62,15.33,15.81,15.10,40046,114203423.00,4.49,-3.16,-0.50,3.34
2021-10-13,15.47,15.07,15.54,14.79,33606,93593217.00,4.89,-1.70,-0.26,2.81
2021-10-14,15.00,15.38,15.44,14.90,39838,112096214.00,3.58,2.06,0.31,3.33
2021-10-15,15.14,14.93,15.66,14.93,39777,112028367.00,4.75,-2.93,-0.45,3.32
2021-10-18,14.85,15.39,15.46,14.46,38157,106515666.00,6.70,3.08,0.46,3.19
2021-10-19,15.23,16.44,16.62,15.14,81604,244417261.00,9.62,6.82,1.05,6.81
2021-10-20,15.81,16.28,16.53,15.71,59450,177754037.00,4.99,-0.97,-0.16,4.96
2021-10-21,16.34,16.54,17.49,16.12,73599,228396971.00,8.42,1.60,0.26,6.15
2021-10-22,16.49,16.29,16.88,16.22,39318,119328176.00,3.99,-1.51,-0.25,3.28
2021-10-25,16.93,16.30,17.32,16.21,37223,114482041.00,6.81,0.06,0.01,3.11
2021-10-26,16.11,16.52,16.94,16.06,37294,113941364.00,5.40,1.35,0.22,3.11
2021-10-27,16.39,16.41,16.72,16.03,29011,87717071.00,4.18,-0.67,-0.11,2.42
2021-10-28,16.24,16.20,16.66,16.02,27292,82330719.00,3.90,-1.28,-0.21,2.28
2021-10-29,16.20,16.44,16.82,16.20,32933,101011593.00,3.83,1.48,0.24,2.75
2021-11-01,16.36,16.42,16.53,15.95,29465,88593139.00,3.53,-0.12,-0.02,2.46
2021-11-02,16.36,16.77,16.81,16.07,41331,126156356.00,4.51,2.13,0.35,3.45
2021-11-03,16.77,17.14,17.54,16.56,58752,186225530.00,5.84,2.21,0.37,4.91
2021-11-04,16.81,17.56,17.68,16.67,56125,178372066.00,5.89,2.45,0.42,4.69
2021-11-05,17.56,17.13,17.77,16.95,29675,94583486.00,4.67,-2.45,-0.43,2.48
2021-11-08,17.21,16.90,17.31,16.78,21251,66464376.00,3.09,-1.34,-0.23,1.77
2021-11-09,16.56,16.86,16.97,16.11,25480,78160689.00,5.09,-0.24,-0.04,2.13
2021-11-10,16.79,16.90,16.94,16.41,20971,64600676.00,3.14,0.24,0.04,1.75
2021-11-11,16.79,16.96,17.64,16.79,27606,88022142.00,5.03,0.36,0.06,2.31
2021-11-12,16.94,16.95,17.30,16.78,18998,59768458.00,3.07,-0.06,-0.01,1.59
2021-11-15,17.08,16.46,17.22,16.46,23257,71585745.00,4.48,-2.89,-0.49,1.94
2021-11-16,16.46,16.23,16.63,16.22,17058,51487572.00,2.49,-1.40,-0.23,1.42
2021-11-17,16.16,16.27,16.37,15.94,19965,59737224.00,2.65,0.25,0.04,1.67
2021-11-18,16.49,16.08,16.76,16.04,23712,72056666.00,4.43,-1.17,-0.19,1.98
2021-11-19,16.08,15.93,16.19,15.82,18901,55763878.00,2.30,-0.93,-0.15,1.58
2021-11-22,16.09,16.19,16.37,15.84,22290,66489671.00,3.33,1.63,0.26,1.86
2021-11-23,16.10,16.33,16.67,16.02,20978,63592739.00,4.01,0.86,0.14,1.75
2021-11-24,16.25,15.95,16.31,15.88,16448,48716998.00,2.63,-2.33,-0.38,1.37
2021-11-25,15.84,15.99,16.04,15.76,11973,35232051.00,1.76,0.25,0.04,1.00
2021-11-26,15.94,15.68,16.08,15.62,14259,41561808.00,2.88,-1.94,-0.31,1.19
2021-11-29,15.58,16.57,16.69,15.55,33523,100658366.00,7.27,5.68,0.89,2.80
2021-11-30,16.57,16.97,17.14,16.32,28118,87289885.00,4.95,2.41,0.40,2.35
2021-12-01,17.18,19.19,19.53,16.93,100265,342918176.00,15.32,13.08,2.22,8.37
2021-12-02,19.41,19.04,19.78,18.86,60579,216106078.00,4.79,-0.78,-0.15,5.06
2021-12-03,19.14,19.43,20.06,18.89,56310,201302324.00,6.14,2.05,0.39,4.70
2021-12-06,19.46,20.08,20.34,19.00,67214,246390367.00,6.90,3.35,0.65,5.61
2021-12-07,20.04,20.18,20.51,19.67,45323,168001096.00,4.18,0.50,0.10,3.78
2021-12-08,19.90,20.56,20.85,19.90,33255,125507872.00,4.71,1.88,0.38,2.78
2021-12-09,20.56,21.11,21.64,20.52,52457,203890238.00,5.45,2.68,0.55,4.38
2021-12-10,21.14,20.99,21.59,20.83,38987,151932701.00,3.60,-0.57,-0.12,3.26
2021-12-13,21.01,21.07,21.40,20.64,43247,167468667.00,3.62,0.38,0.08,3.61
2021-12-14,21.11,21.29,21.66,20.97,28258,110747296.00,3.27,1.04,0.22,2.36
2021-12-15,21.31,21.07,21.51,20.90,21674,84328568.00,2.87,-1.03,-0.22,1.81
2021-12-16,20.92,21.31,21.44,20.89,21110,82506324.00,2.61,1.14,0.24,1.76
2021-12-17,21.16,20.95,21.47,20.86,21013,81429870.00,2.86,-1.69,-0.36,1.75
2021-12-20,20.78,20.49,21.08,20.21,29021,109537829.00,4.15,-2.20,-0.46,2.42
2021-12-21,20.62,20.36,20.75,20.11,22598,84493707.00,3.12,-0.63,-0.13,1.89
2021-12-22,20.37,20.37,20.63,20.16,22463,84010708.00,2.31,0.05,0.01,1.88
2021-12-23,20.26,20.67,21.22,20.24,36246,138149333.00,4.81,1.47,0.30,3.03
2021-12-24,20.67,20.54,20.87,20.07,24499,92261326.00,3.87,-0.63,-0.13,2.05
2021-12-27,20.56,20.38,21.33,20.29,29708,113574709.00,5.06,-0.78,-0.16,2.48
2021-12-28,20.49,20.17,20.63,19.86,25011,92904771.00,3.78,-1.03,-0.21,2.09
2021-12-29,20.34,19.69,20.71,19.59,25573,93481101.00,5.55,-2.38,-0.48,2.14
2021-12-30,20.11,19.96,20.13,19.59,19960,73157264.00,2.74,1.37,0.27,1.67
2021-12-31,20.06,20.56,21.33,19.79,37670,142940567.00,7.72,3.01,0.60,3.15