MjAwNi0wMS0wNCwyLjU1LDIuNTYsMi41NiwyLjQzLDI1MDYsNzYyMTExLjAwLDUuMDgsMC4wMCwwLjAwLDEuNDQ=
2006-01-05,2.52,2.56,2.58,2.46,2213,671606.00,4.69,0.00,0.00,1.27
2006-01-06,2.55,2.55,2.58,2.51,1435,442419.00,2.73,-0.39,-0.01,0.82
2006-01-09,2.53,2.55,2.56,2.48,1754,532789.00,3.14,0.00,0.00,1.01
2006-01-10,2.54,2.63,2.67,2.51,2526,785421.00,6.27,3.14,0.08,1.45
2006-01-11,2.59,2.59,2.63,2.51,2085,647875.00,4.56,-1.52,-0.04,1.20
2006-01-12,2.55,2.55,2.58,2.49,1615,497214.00,3.47,-1.54,-0.04,0.93
2006-01-13,2.55,2.54,2.60,2.49,2222,682687.00,4.31,-0.39,-0.01,1.28
2006-01-16,2.53,2.55,2.58,2.53,1818,562238.00,1.97,0.39,0.01,1.05
2006-01-17,2.54,2.57,2.58,2.48,1749,531613.00,3.92,0.78,0.02,1.01
2006-01-18,2.55,2.58,2.59,2.54,1613,499627.00,1.95,0.39,0.01,0.93
2006-01-19,2.57,2.57,2.58,2.52,1725,529885.00,2.33,-0.39,-0.01,0.99
2006-01-20,2.58,2.63,2.73,2.57,2602,824295.00,6.23,2.33,0.06,1.50
2006-01-23,2.63,2.47,2.68,2.47,2752,843289.00,7.98,-6.08,-0.16,1.58
2006-01-24,2.52,2.40,2.55,2.39,1692,509929.00,6.48,-2.83,-0.07,0.97
2006-01-25,2.40,2.29,2.45,2.25,2756,779221.00,8.33,-4.58,-0.11,1.58
2006-02-06,2.37,2.35,2.42,2.27,1380,402331.00,6.55,2.62,0.06,0.79
2006-02-07,2.30,2.37,2.39,2.26,1819,515726.00,5.53,0.85,0.02,1.05
2006-02-08,2.36,2.38,2.42,2.34,1824,532880.00,3.38,0.42,0.01,1.05
2006-02-09,2.39,2.39,2.44,2.33,2123,615866.00,4.62,0.42,0.01,1.22
2006-02-10,2.37,2.37,2.37,2.31,2322,666238.00,2.51,-0.84,-0.02,1.33
2006-02-13,2.32,2.34,2.37,2.30,1570,446616.00,2.95,-1.27,-0.03,0.90
2006-02-14,2.35,2.40,2.40,2.30,1992,574378.00,4.27,2.56,0.06,1.14
2006-02-15,2.37,2.39,2.41,2.35,1783,517050.00,2.50,-0.42,-0.01,1.02
2006-02-16,2.38,2.31,2.39,2.30,1444,417308.00,3.77,-3.35,-0.08,0.83
2006-02-17,2.29,2.26,2.31,2.17,1526,417682.00,6.06,-2.16,-0.05,0.88
2006-02-20,2.26,2.23,2.32,2.22,1634,456156.00,4.42,-1.33,-0.03,0.94
2006-02-21,2.19,2.25,2.25,2.15,1684,456238.00,4.48,0.90,0.02,0.97
2006-02-22,2.25,2.30,2.32,2.21,1470,408527.00,4.89,2.22,0.05,0.84
2006-02-23,2.27,2.33,2.35,2.26,1521,429670.00,3.91,1.30,0.03,0.87
2006-02-24,2.34,2.35,2.38,2.31,1730,496976.00,3.00,0.86,0.02,0.99
2006-02-28,2.25,2.41,2.42,2.23,2973,850590.00,8.09,2.55,0.06,1.71
2006-03-01,2.37,2.38,2.44,2.36,2504,736265.00,3.32,-1.24,-0.03,1.44
2006-03-02,2.42,2.33,2.42,2.28,1644,469352.00,5.88,-2.10,-0.05,0.95
2006-03-03,2.32,2.23,2.34,2.21,1694,476641.00,5.58,-4.29,-0.10,0.97
2006-03-06,2.24,2.37,2.37,2.23,1889,536417.00,6.28,6.28,0.14,1.09
2006-03-07,2.52,2.52,2.52,2.52,2410,735108.00,0.00,6.33,0.15,1.39
2006-03-08,2.67,2.55,2.67,2.48,12874,4043743.00,7.54,1.19,0.03,7.40
2006-03-09,2.48,2.48,2.60,2.42,3145,961673.00,7.06,-2.75,-0.07,1.81
2006-03-10,2.48,2.63,2.63,2.48,3354,1045556.00,6.05,6.05,0.15,1.93
2006-03-13,2.65,2.79,2.79,2.65,1833,605049.00,5.32,6.08,0.16,1.05
2006-03-14,2.95,2.93,2.96,2.82,6342,2189449.00,5.02,5.02,0.14,3.64
2006-03-15,2.97,2.93,2.99,2.82,1513,518700.00,5.80,0.00,0.00,0.87
2006-03-16,2.94,2.84,2.97,2.83,1487,508194.00,4.78,-3.07,-0.09,0.85
2006-03-17,2.84,2.89,2.93,2.80,1415,482879.00,4.58,1.76,0.05,0.81
2006-03-20,2.85,2.72,2.87,2.72,2290,752435.00,5.19,-5.88,-0.17,1.32
2006-03-21,2.67,2.61,2.73,2.56,3042,961026.00,6.25,-4.04,-0.11,1.75
2006-03-22,2.62,2.59,2.67,2.51,1361,420090.00,6.13,-0.77,-0.02,0.78
2006-03-23,2.57,2.61,2.62,2.57,1047,327225.00,1.93,0.77,0.02,0.60
2006-03-24,2.61,2.50,2.63,2.48,2026,623934.00,5.75,-4.21,-0.11,1.16
2006-03-27,2.51,2.60,2.60,2.50,1074,329747.00,4.00,4.00,0.10,0.62
2006-03-28,2.57,2.61,2.61,2.54,826,256419.00,2.69,0.38,0.01,0.47
2006-03-29,2.62,2.67,2.67,2.59,1142,361204.00,3.07,2.30,0.06,0.66
2006-03-30,2.69,2.65,2.71,2.57,1228,392342.00,5.24,-0.75,-0.02,0.71
2006-03-31,2.52,2.59,2.64,2.50,957,291895.00,5.28,-2.26,-0.06,0.55
2006-04-03,2.60,2.66,2.74,2.60,1529,489018.00,5.41,2.70,0.07,0.88
2006-04-04,2.59,2.57,2.65,2.50,1308,401626.00,5.64,-3.38,-0.09,0.75
2006-04-05,2.56,2.51,2.60,2.49,1051,323055.00,4.28,-2.33,-0.06,0.60
2006-04-06,2.47,2.46,2.48,2.37,2867,843610.00,4.38,-1.99,-0.05,1.65
2006-04-07,2.50,2.51,2.53,2.39,1850,556410.00,5.69,2.03,0.05,1.06
2006-04-10,2.52,2.66,2.66,2.51,3469,1103257.00,5.98,5.98,0.15,1.99
2006-04-11,2.64,2.65,2.66,2.55,2957,923966.00,4.14,-0.38,-0.01,1.70
2006-04-12,2.65,2.64,2.65,2.52,925,289402.00,4.91,-0.38,-0.01,0.53
2006-04-13,2.54,2.63,2.67,2.54,767,241948.00,4.92,-0.38,-0.01,0.44
2006-04-14,2.62,2.62,2.63,2.57,982,306635.00,2.28,-0.38,-0.01,0.56
2006-04-17,2.64,2.72,2.77,2.64,1965,640254.00,4.96,3.82,0.10,1.13
2006-04-18,2.70,2.87,2.88,2.70,3509,1189324.00,6.62,5.51,0.15,2.02
2006-04-19,2.78,2.82,2.87,2.75,2310,767809.00,4.18,-1.74,-0.05,1.33
2006-04-20,2.87,2.74,2.95,2.72,2047,692197.00,8.16,-2.84,-0.08,1.18
2006-04-21,2.80,2.66,2.80,2.62,2303,738285.00,6.57,-2.92,-0.08,1.32
2006-04-24,2.79,2.56,2.79,2.50,2358,753039.00,10.90,-3.76,-0.10,1.36
2006-04-25,2.49,2.62,2.66,2.49,1754,534859.00,6.64,2.34,0.06,1.01
2006-04-26,2.61,2.52,2.65,2.51,2781,864324.00,5.34,-3.82,-0.10,1.60
2006-04-27,2.48,2.58,2.65,2.39,2565,771946.00,10.32,2.38,0.06,1.47
2006-04-28,2.62,2.53,2.64,2.46,2152,669675.00,6.98,-1.94,-0.05,1.24
2006-05-08,2.48,2.64,2.68,2.43,3119,950812.00,9.88,4.35,0.11,1.79
2006-05-09,2.64,2.67,2.72,2.60,2866,921022.00,4.55,1.14,0.03,1.65
2006-05-10,2.65,2.73,2.74,2.60,4221,1336860.00,5.24,2.25,0.06,2.43
2006-05-11,2.77,2.79,2.82,2.68,3856,1273612.00,5.13,2.20,0.06,2.22
2006-05-12,2.83,2.78,2.83,2.71,3853,1263234.00,4.30,-0.36,-0.01,2.21
2006-05-15,2.72,2.72,2.80,2.67,4948,1619666.00,4.68,-2.16,-0.06,2.84
2006-05-16,2.72,2.80,2.87,2.56,7054,2269439.00,11.40,2.94,0.08,4.05
2006-05-17,2.82,2.97,2.97,2.73,6989,2394103.00,8.57,6.07,0.17,4.02
2006-05-18,2.99,3.05,3.07,2.97,4297,1526156.00,3.37,2.69,0.08,2.47
2006-05-19,3.02,3.02,3.02,2.88,4837,1677513.00,4.59,-0.98,-0.03,2.78
2006-05-22,3.01,3.10,3.17,2.97,3936,1413104.00,6.62,2.65,0.08,2.26
2006-05-24,3.03,2.97,3.15,2.92,2916,1025180.00,7.42,-4.19,-0.13,1.68
2006-05-25,2.97,2.87,2.99,2.81,2549,858682.00,6.06,-3.37,-0.10,1.46
2006-05-26,2.86,3.04,3.04,2.85,3960,1369775.00,6.62,5.92,0.17,2.28
2006-05-29,3.07,3.22,3.22,3.07,2294,846967.00,4.93,5.92,0.18,1.32
2006-05-30,3.41,3.41,3.41,3.41,1336,526274.00,0.00,5.90,0.19,0.77
2006-05-31,3.61,3.61,3.61,3.61,136,56308.00,0.00,5.87,0.20,0.08
2006-06-01,3.82,3.82,3.82,3.68,8303,3609471.00,3.88,5.82,0.21,4.77
2006-06-02,4.03,3.93,4.04,3.93,7245,3287124.00,2.88,2.88,0.11,4.16
2006-06-05,3.93,3.95,4.07,3.82,9553,4306516.00,6.36,0.51,0.02,5.49
2006-06-06,4.03,4.17,4.17,3.92,4358,1998408.00,6.33,5.57,0.22,2.50
2006-06-07,4.38,4.32,4.41,4.18,9513,4682515.00,5.52,3.60,0.15,5.47
2006-06-08,4.29,4.08,4.29,4.08,5316,2456257.00,4.86,-5.56,-0.24,3.06
2006-06-09,4.08,4.31,4.31,3.90,3651,1713402.00,10.05,5.64,0.23,2.10
2006-06-12,4.31,4.55,4.55,4.25,4758,2410291.00,6.96,5.57,0.24,2.73
2006-06-13,4.70,4.76,4.80,4.55,6219,3279813.00,5.49,4.62,0.21,3.57
2006-06-14,4.52,4.50,4.92,4.50,5461,2796688.00,8.82,-5.46,-0.26,3.14
2006-06-15,4.25,4.25,4.40,4.25,5054,2423042.00,3.33,-5.56,-0.25,2.90
2006-06-16,4.02,4.02,4.22,4.01,5190,2370567.00,4.94,-5.41,-0.23,2.98
2006-06-19,4.25,4.25,4.25,3.93,3172,1512638.00,7.96,5.72,0.23,1.82
2006-06-20,4.47,4.49,4.49,4.37,5043,2529885.00,2.82,5.65,0.24,2.90
2006-06-21,4.74,4.48,4.74,4.26,5680,2932314.00,10.69,-0.22,-0.01,3.26
2006-06-22,4.32,4.55,4.64,4.32,2987,1517954.00,7.14,1.56,0.07,1.72
2006-06-23,4.55,4.35,4.57,4.30,4092,2011656.00,5.93,-4.40,-0.20,2.35
2006-06-26,4.38,4.59,4.59,4.38,5246,2665881.00,4.83,5.52,0.24,3.02
2006-06-27,4.67,4.59,4.67,4.50,983,500122.00,3.70,0.00,0.00,0.56
2006-06-28,4.47,4.49,4.59,4.40,1692,857980.00,4.14,-2.18,-0.10,0.97
2006-06-29,4.42,4.57,4.59,4.41,2616,1313015.00,4.01,1.78,0.08,1.50
2006-06-30,4.67,4.83,4.83,4.57,5145,2710125.00,5.69,5.69,0.26,2.96
2006-07-03,4.89,5.10,5.10,4.63,4399,2424397.00,9.73,5.59,0.27,2.53
2006-07-04,5.30,5.22,5.38,5.19,5321,3119240.00,3.73,2.35,0.12,3.06
2006-07-05,4.97,5.28,5.47,4.94,2886,1630347.00,10.15,1.15,0.06,1.66
2006-07-06,5.46,5.52,5.57,5.32,3266,1961570.00,4.73,4.55,0.24,1.88
2006-07-07,5.36,5.29,5.69,5.22,3670,2164360.00,8.51,-4.17,-0.23,2.11
2006-07-10,5.41,5.32,5.54,5.13,1788,1062445.00,7.75,0.57,0.03,1.03
2006-07-11,5.28,5.37,5.45,5.27,2837,1654086.00,3.38,0.94,0.05,1.63
2006-07-12,5.36,5.28,5.48,5.25,2333,1371339.00,4.28,-1.68,-0.09,1.34
2006-07-13,5.10,4.99,5.37,4.99,2073,1162132.00,7.20,-5.49,-0.29,1.19
2006-07-14,4.71,4.94,5.17,4.71,3574,1901625.00,9.22,-1.00,-0.05,2.05
2006-07-17,4.95,5.21,5.21,4.93,2034,1142704.00,5.67,5.47,0.27,1.17
2006-07-18,5.50,5.33,5.50,4.99,2416,1420511.00,9.79,2.30,0.12,1.39
2006-07-19,5.33,5.35,5.37,5.13,2144,1230133.00,4.50,0.38,0.02,1.23
2006-07-20,5.26,5.20,5.46,5.19,1396,823579.00,5.05,-2.80,-0.15,0.80
2006-07-21,5.22,5.29,5.34,5.18,1267,730265.00,3.08,1.73,0.09,0.73
2006-07-24,5.29,5.27,5.56,5.24,1845,1085135.00,6.05,-0.38,-0.02,1.06
2006-07-25,5.19,5.27,5.36,5.19,1381,797561.00,3.23,0.00,0.00,0.79
2006-07-26,5.31,5.16,5.31,5.07,1808,1039790.00,4.55,-2.09,-0.11,1.04
2006-07-27,5.15,5.17,5.23,5.02,1177,659455.00,4.07,0.19,0.01,0.68
2006-07-28,5.17,5.17,5.26,5.15,1638,942668.00,2.13,0.00,0.00,0.94
2006-07-31,5.08,5.14,5.21,4.98,1388,776154.00,4.45,-0.58,-0.03,0.80
2006-08-01,5.15,5.12,5.23,5.00,2517,1424142.00,4.47,-0.39,-0.02,1.45
2006-08-02,5.16,5.17,5.22,5.01,1487,836448.00,4.10,0.98,0.05,0.85
2006-08-03,5.20,5.07,5.25,5.03,1865,1060666.00,4.26,-1.93,-0.10,1.07
2006-08-04,4.97,4.79,5.11,4.79,2669,1452733.00,6.31,-5.52,-0.28,1.53
2006-08-07,4.72,4.52,4.94,4.52,2599,1344415.00,8.77,-5.64,-0.27,1.49
2006-08-08,4.42,4.61,4.64,4.29,2069,1028643.00,7.74,1.99,0.09,1.19
2006-08-09,4.67,4.87,4.87,4.61,2828,1511670.00,5.64,5.64,0.26,1.63
2006-08-10,4.95,5.01,5.07,4.89,1912,1057675.00,3.70,2.87,0.14,1.10
2006-08-11,5.03,5.29,5.29,5.03,4297,2489644.00,5.19,5.59,0.28,2.47
2006-08-14,5.35,5.17,5.35,5.03,2964,1692742.00,6.05,-2.27,-0.12,1.70
2006-08-15,5.25,5.31,5.36,5.17,1187,692886.00,3.68,2.71,0.14,0.68
2006-08-16,5.20,5.29,5.35,5.17,1486,854274.00,3.39,-0.38,-0.02,0.85
2006-08-17,5.29,5.19,5.37,5.13,1806,1047824.00,4.54,-1.89,-0.10,1.04
2006-08-18,5.27,5.48,5.48,5.10,3811,2257339.00,7.32,5.59,0.29,2.19
2006-08-21,5.48,5.78,5.78,5.37,2338,1440193.00,7.48,5.47,0.30,1.34
2006-08-22,6.10,6.04,6.10,6.00,5624,3726579.00,1.73,4.50,0.26,3.23
2006-08-23,5.87,5.97,6.15,5.87,3913,2559451.00,4.64,-1.16,-0.07,2.25
2006-08-24,5.89,6.04,6.11,5.89,1473,962284.00,3.69,1.17,0.07,0.85
2006-08-25,6.07,6.37,6.37,6.07,3436,2354232.00,4.97,5.46,0.33,1.97
2006-08-28,6.47,6.67,6.72,6.47,3123,2248181.00,3.92,4.71,0.30,1.79
2006-08-29,6.67,6.52,6.77,6.40,2293,1622968.00,5.55,-2.25,-0.15,1.32
2006-08-30,6.32,6.31,6.60,6.26,1382,957939.00,5.21,-3.22,-0.21,0.79
2006-09-01,6.65,6.65,6.65,6.65,1254,900372.00,0.00,5.39,0.34,0.72
2006-09-04,7.01,6.69,7.01,6.65,7496,5583586.00,5.41,0.60,0.04,4.31
2006-09-05,6.67,6.54,6.77,6.47,2141,1528367.00,4.48,-2.24,-0.15,1.23
2006-09-06,6.59,6.46,6.67,6.31,3160,2206652.00,5.50,-1.22,-0.08,1.82
2006-09-07,6.44,6.12,6.44,6.11,2630,1755560.00,5.11,-5.26,-0.34,1.51
2006-09-08,6.10,6.13,6.22,5.93,3848,2528681.00,4.74,0.16,0.01,2.21
2006-09-11,6.14,5.96,6.15,5.85,1028,668545.00,4.89,-2.77,-0.17,0.59
2006-09-12,5.87,6.04,6.15,5.87,971,640052.00,4.70,1.34,0.08,0.56
2006-09-13,5.99,6.15,6.25,5.97,1049,699595.00,4.64,1.82,0.11,0.60
2006-09-14,6.15,6.48,6.48,6.15,1275,886361.00,5.37,5.37,0.33,0.73
2006-09-15,6.67,6.47,6.83,6.19,3503,2529773.00,9.88,-0.15,-0.01,2.01
2006-09-18,6.47,6.27,6.47,6.21,2157,1469247.00,4.02,-3.09,-0.20,1.24
2006-09-19,6.21,6.24,6.29,6.21,931,630229.00,1.28,-0.48,-0.03,0.54
2006-09-20,6.31,6.44,6.58,6.27,1207,844431.00,4.97,3.21,0.20,0.69
2006-09-21,6.32,6.42,6.59,6.30,1217,852346.00,4.50,-0.31,-0.02,0.70
2006-09-22,6.33,6.18,6.42,6.17,1138,775881.00,3.89,-3.74,-0.24,0.65
2006-09-25,6.21,6.25,6.35,6.13,773,524306.00,3.56,1.13,0.07,0.44
2006-09-26,6.17,6.27,6.27,6.17,338,227990.00,1.60,0.32,0.02,0.19
2006-09-27,6.27,6.29,6.39,6.17,344,234338.00,3.51,0.32,0.02,0.20
2006-09-28,6.07,6.37,6.46,6.00,1009,696369.00,7.31,1.27,0.08,0.58
2006-09-29,6.32,6.24,6.42,6.16,1494,1011906.00,4.08,-2.04,-0.13,0.86
2006-10-09,6.27,6.32,6.57,6.18,1871,1283388.00,6.25,1.28,0.08,1.08
2006-10-10,6.32,6.37,6.37,6.21,1304,894560.00,2.53,0.79,0.05,0.75
2006-10-11,6.67,6.59,6.69,6.41,2653,1886347.00,4.40,3.45,0.22,1.52
2006-10-12,6.67,6.62,6.77,6.33,2290,1621846.00,6.68,0.46,0.03,1.32
2006-10-13,6.52,6.61,6.67,6.52,1939,1388319.00,2.27,-0.15,-0.01,1.11
2006-10-16,6.61,6.97,6.97,6.48,4568,3368783.00,7.41,5.45,0.36,2.63
2006-10-17,7.12,7.35,7.35,7.12,6333,4961289.00,3.30,5.45,0.38,3.64
2006-10-18,7.46,6.96,7.46,6.96,6454,4873165.00,6.80,-5.31,-0.39,3.71
2006-10-19,6.96,6.97,7.27,6.92,2034,1545000.00,5.03,0.14,0.01,1.17
2006-10-20,6.97,6.86,7.14,6.82,1709,1270059.00,4.59,-1.58,-0.11,0.98
2006-10-23,6.97,6.70,7.00,6.68,1219,901456.00,4.66,-2.33,-0.16,0.70
2006-10-24,6.68,6.85,6.85,6.50,870,622134.00,5.22,2.24,0.15,0.50
2006-10-25,6.91,6.77,6.96,6.59,1741,1272375.00,5.40,-1.17,-0.08,1.00
2006-10-26,6.66,6.72,6.82,6.65,1195,863459.00,2.51,-0.74,-0.05,0.69
2006-10-27,7.08,6.88,7.08,6.62,1740,1285494.00,6.85,2.38,0.16,1.00
2006-10-30,6.70,6.86,6.92,6.68,1625,1189483.00,3.49,-0.29,-0.02,0.93
2006-10-31,6.86,6.86,7.06,6.68,1795,1319432.00,5.54,0.00,0.00,1.03
2006-11-01,6.72,6.92,6.99,6.69,1536,1130806.00,4.37,0.87,0.06,0.88
2006-11-02,6.99,6.84,7.01,6.71,1401,1031744.00,4.34,-1.16,-0.08,0.81
2006-11-03,6.85,6.83,6.89,6.69,2141,1562144.00,2.92,-0.15,-0.01,1.23
2006-11-06,6.87,6.66,6.96,6.62,2882,2093782.00,4.98,-2.49,-0.17,1.66
2006-11-07,6.64,6.33,6.71,6.30,3451,2365602.00,6.16,-4.95,-0.33,1.98
2006-11-08,6.30,6.37,6.45,6.11,1241,854278.00,5.37,0.63,0.04,0.71
2006-11-09,6.19,6.60,6.60,6.19,1058,731600.00,6.44,3.61,0.23,0.61
2006-11-10,6.65,6.55,6.68,6.42,1359,960996.00,3.94,-0.76,-0.05,0.78
2006-11-23,6.87,6.64,6.87,6.20,2959,2104090.00,10.23,1.37,0.09,1.70
2006-11-24,6.54,6.65,6.71,6.47,1099,782520.00,3.61,0.15,0.01,0.63
2006-11-27,6.51,6.48,6.63,6.32,640,446377.00,4.66,-2.56,-0.17,0.37
2006-11-28,6.34,6.33,6.47,6.32,914,628699.00,2.31,-2.31,-0.15,0.53
2006-11-29,6.43,6.29,6.43,6.17,849,583039.00,4.11,-0.63,-0.04,0.49
2006-11-30,6.27,6.37,6.40,6.27,727,500596.00,2.07,1.27,0.08,0.42
2006-12-01,6.56,6.34,6.56,6.27,764,524015.00,4.55,-0.47,-0.03,0.44
2006-12-04,6.20,6.24,6.27,6.14,1600,1075002.00,2.05,-1.58,-0.10,0.92
2006-12-05,6.14,6.10,6.19,6.08,1844,1223638.00,1.76,-2.24,-0.14,1.06
2006-12-06,6.10,6.10,6.26,5.97,3170,2096211.00,4.75,0.00,0.00,1.82
2006-12-07,6.01,6.07,6.15,5.97,1816,1192160.00,2.95,-0.49,-0.03,1.04
2006-12-08,6.10,5.88,6.10,5.86,1302,844010.00,3.95,-3.13,-0.19,0.75
2006-12-11,5.94,5.91,5.95,5.68,1131,727672.00,4.59,0.51,0.03,0.65
2006-12-12,6.02,6.02,6.16,5.87,1914,1258004.00,4.91,1.86,0.11,1.10
2006-12-13,6.09,6.03,6.09,5.97,940,615633.00,1.99,0.17,0.01,0.54
2006-12-14,6.10,6.36,6.36,6.07,3066,2069712.00,4.81,5.47,0.33,1.76
2006-12-15,6.30,6.35,6.50,6.28,1258,868053.00,3.46,-0.16,-0.01,0.72
2006-12-18,6.69,6.49,6.69,6.38,2419,1701769.00,4.88,2.20,0.14,1.39
2006-12-19,6.47,6.38,6.51,6.16,4046,2802948.00,5.39,-1.69,-0.11,2.33
2006-12-20,6.73,6.65,6.73,6.47,5347,3825908.00,4.08,4.23,0.27,3.07