2006-01-04,-3.27,-3.25,-3.25,-3.28,4708,3317952.00,-0.92,0.61,0.02,1.18
2006-01-05,-3.25,-3.23,-3.23,-3.26,6335,4513789.00,-0.92,0.62,0.02,1.58
2006-01-06,-3.23,-3.22,-3.20,-3.25,10564,7681321.00,-1.55,0.31,0.01,2.64
2006-01-09,-3.22,-3.21,-3.19,-3.23,7076,5153746.00,-1.24,0.31,0.01,1.77
2006-01-10,-3.21,-3.19,-3.19,-3.22,8295,6059227.00,-0.93,0.62,0.02,2.07
2006-01-11,-3.20,-3.21,-3.18,-3.22,6304,4632294.00,-1.25,-0.63,-0.02,1.58
2006-01-12,-3.21,-3.19,-3.19,-3.21,5766,4239112.00,-0.62,0.62,0.02,1.44
2006-01-13,-3.19,-3.20,-3.19,-3.21,5645,4146101.00,-0.63,-0.31,-0.01,1.41
2006-01-16,-3.20,-3.22,-3.19,-3.23,5728,4179527.00,-1.25,-0.63,-0.02,1.43
2006-01-17,-3.22,-3.23,-3.22,-3.24,4080,2934665.00,-0.62,-0.31,-0.01,1.02
2006-01-18,-3.24,-3.20,-3.19,-3.24,6689,4897129.00,-1.55,0.93,0.03,1.67
2006-01-19,-3.19,-3.16,-3.16,-3.21,8860,6572461.00,-1.56,1.25,0.04,2.22
2006-01-20,-3.16,-3.17,-3.16,-3.18,6766,5086457.00,-0.63,-0.32,-0.01,1.69
2006-01-23,-3.17,-3.16,-3.16,-3.20,8031,6011048.00,-1.26,0.32,0.01,2.01
2006-01-24,-3.16,-3.17,-3.14,-3.18,8199,6222428.00,-1.27,-0.32,-0.01,2.05
2006-01-25,-3.16,-3.17,-3.16,-3.19,5054,3783333.00,-0.95,0.00,0.00,1.26
2006-02-06,-3.18,-3.15,-3.15,-3.18,8169,6171875.00,-0.95,0.63,0.02,2.04
2006-02-07,-3.15,-3.16,-3.14,-3.17,8380,6376319.00,-0.95,-0.32,-0.01,2.09
2006-02-08,-3.16,-3.12,-3.11,-3.17,11183,8664771.00,-1.90,1.27,0.04,2.80
2006-02-09,-3.12,-3.17,-3.12,-3.17,5012,3839216.00,-1.60,-1.60,-0.05,1.25
2006-02-10,-3.17,-3.16,-3.15,-3.18,4177,3148539.00,-0.95,0.32,0.01,1.04
2006-02-13,-3.17,-3.19,-3.15,-3.20,6612,4914028.00,-1.58,-0.95,-0.03,1.65
2006-02-14,-3.19,-3.18,-3.16,-3.20,4576,3414513.00,-1.25,0.31,0.01,1.14
2006-02-15,-3.18,-3.17,-3.16,-3.18,5539,4163447.00,-0.63,0.31,0.01,1.38
2006-02-16,-3.16,-3.21,-3.16,-3.21,6966,5141882.00,-1.58,-1.26,-0.04,1.74
2006-02-17,-3.21,-3.21,-3.19,-3.21,4155,3035458.00,-0.62,0.00,0.00,1.04
2006-02-20,-3.22,-3.18,-3.16,-3.22,7907,5919398.00,-1.87,0.93,0.03,1.98
2006-02-21,-3.18,-3.18,-3.18,-3.22,3762,2767716.00,-1.26,0.00,0.00,0.94
2006-02-22,-3.18,-3.17,-3.16,-3.19,4914,3677861.00,-0.94,0.31,0.01,1.23
2006-02-23,-3.17,-3.18,-3.17,-3.19,2680,1996322.00,-0.63,-0.32,-0.01,0.67
2006-02-24,-3.18,-3.16,-3.16,-3.19,4541,3397353.00,-0.94,0.63,0.02,1.14
2006-02-27,-3.16,-3.16,-3.15,-3.17,6550,4958969.00,-0.63,0.00,0.00,1.64
2006-02-28,-3.16,-3.18,-3.16,-3.19,3778,2816840.00,-0.95,-0.63,-0.02,0.94
2006-03-01,-3.17,-3.18,-3.17,-3.19,4563,3395899.00,-0.63,0.00,0.00,1.14
2006-03-02,-3.18,-3.20,-3.17,-3.21,4315,3206731.00,-1.26,-0.63,-0.02,1.08
2006-03-03,-3.20,-3.19,-3.18,-3.21,3296,2417470.00,-0.94,0.31,0.01,0.82
2006-03-06,-3.19,-3.20,-3.19,-3.21,1757,1290662.00,-0.63,-0.31,-0.01,0.44
2006-03-07,-3.21,-3.26,-3.21,-3.26,4838,3454120.00,-1.56,-1.88,-0.06,1.21
2006-03-08,-3.25,-3.26,-3.25,-3.27,3034,2119448.00,-0.61,0.00,0.00,0.76
2006-03-09,-3.26,-3.27,-3.25,-3.27,1994,1400366.00,-0.61,-0.31,-0.01,0.50
2006-03-10,-3.25,-3.27,-3.25,-3.27,1823,1274414.00,-0.61,0.00,0.00,0.46
2006-03-13,-3.27,-3.26,-3.25,-3.27,1962,1372017.00,-0.61,0.31,0.01,0.49
2006-03-14,-3.26,-3.25,-3.25,-3.26,2421,1708149.00,-0.31,0.31,0.01,0.61
2006-03-15,-3.26,-3.24,-3.24,-3.26,2434,1719210.00,-0.62,0.31,0.01,0.61
2006-03-16,-3.24,-3.26,-3.24,-3.26,2417,1706128.00,-0.62,-0.62,-0.02,0.60
2006-03-17,-3.26,-3.25,-3.24,-3.26,1899,1341092.00,-0.61,0.31,0.01,0.47
2006-03-20,-3.24,-3.24,-3.24,-3.26,3419,2427110.00,-0.62,0.31,0.01,0.85
2006-03-21,-3.24,-3.24,-3.23,-3.24,4269,3043503.00,-0.31,0.00,0.00,1.07
2006-03-22,-3.22,-3.18,-3.15,-3.23,16503,12358634.00,-2.47,1.85,0.06,4.13
2006-03-23,-3.19,-3.18,-3.16,-3.21,6270,4678988.00,-1.57,0.00,0.00,1.57
2006-03-24,-3.18,-3.18,-3.17,-3.20,4672,3459266.00,-0.94,0.00,0.00,1.17
2006-03-27,-3.19,-3.17,-3.16,-3.19,5396,4047681.00,-0.94,0.31,0.01,1.35
2006-03-28,-3.13,-3.17,-3.11,-3.17,9124,6932131.00,-1.89,0.00,0.00,2.28
2006-03-29,-3.16,-3.13,-3.11,-3.16,21862,16971371.00,-1.58,1.26,0.04,5.47
2006-03-30,-3.12,-3.14,-3.11,-3.14,10610,8236047.00,-0.96,-0.32,-0.01,2.65
2006-03-31,-3.15,-3.14,-3.13,-3.17,7057,5371640.00,-1.27,0.00,0.00,1.76
2006-04-03,-3.13,-3.09,-3.09,-3.14,16392,12876680.00,-1.59,1.59,0.05,4.10
2006-04-04,-3.08,-3.09,-3.08,-3.10,10736,8521730.00,-0.65,0.00,0.00,2.68
2006-04-05,-3.08,-3.09,-3.08,-3.11,9302,7358720.00,-0.97,0.00,0.00,2.33
2006-04-06,-3.09,-3.01,-2.94,-3.10,29723,24802798.00,-5.18,2.59,0.08,7.43
2006-04-07,-3.01,-3.00,-2.98,-3.02,14278,12027096.00,-1.33,0.33,0.01,3.57
2006-04-10,-2.99,-2.98,-2.97,-3.02,11455,9700423.00,-1.67,0.67,0.02,2.86
2006-04-11,-2.97,-3.00,-2.97,-3.01,11327,9614690.00,-1.34,-0.67,-0.02,2.83
2006-04-12,-3.00,-2.93,-2.89,-3.01,18994,16474684.00,-4.00,2.33,0.07,4.75
2006-04-13,-2.95,-3.00,-2.91,-3.01,15236,13236801.00,-3.41,-2.39,-0.07,3.81
2006-04-14,-3.01,-2.96,-2.95,-3.02,12107,10311166.00,-2.33,1.33,0.04,3.03
2006-04-17,-2.93,-2.90,-2.87,-2.95,22508,20222655.00,-2.70,2.03,0.06,5.63
2006-04-18,-2.90,-2.88,-2.88,-2.93,14041,12589853.00,-1.72,0.69,0.02,3.51
2006-04-19,-2.88,-2.88,-2.87,-2.92,9766,8781393.00,-1.74,0.00,0.00,2.44
2006-04-20,-2.88,-2.86,-2.85,-2.92,16319,14798761.00,-2.43,0.69,0.02,4.08
2006-04-21,-2.87,-2.72,-2.69,-2.88,39120,38483885.00,-6.64,4.90,0.14,9.78
2006-04-24,-2.71,-2.62,-2.55,-2.78,32896,33169608.00,-8.46,3.68,0.10,8.22
2006-04-25,-2.66,-2.64,-2.54,-2.71,24590,26153081.00,-6.49,-0.76,-0.02,6.15
2006-04-26,-2.60,-2.61,-2.57,-2.64,17792,18777364.00,-2.65,1.14,0.03,4.45
2006-04-27,-2.61,-2.55,-2.51,-2.64,21849,23533817.00,-4.98,2.30,0.06,5.46
2006-05-08,-2.53,-2.42,-2.37,-2.53,19922,22998215.00,-6.27,5.10,0.13,4.98
2006-05-09,-2.43,-2.36,-2.32,-2.47,24272,28402718.00,-6.20,2.48,0.06,6.07
2006-05-10,-2.36,-2.18,-2.14,-2.39,33441,42708572.00,-10.59,7.63,0.18,8.36
2006-05-11,-2.19,-2.25,-2.09,-2.27,31320,40501965.00,-8.26,-3.21,-0.07,7.83
2006-05-12,-2.26,-2.08,-2.05,-2.28,30995,40223807.00,-10.22,7.56,0.17,7.75
2006-05-15,-2.07,-1.83,-1.83,-2.07,38631,55628691.00,-11.54,12.02,0.25,9.66
2006-05-16,-1.84,-1.98,-1.65,-2.04,37635,54960211.00,-21.31,-8.20,-0.15,9.41
2006-05-17,-2.00,-2.17,-1.89,-2.24,43788,58879482.00,-17.68,-9.60,-0.19,10.95
2006-05-18,-2.18,-2.16,-2.11,-2.29,24348,31531389.00,-8.29,0.46,0.01,6.09
2006-05-19,-2.16,-2.12,-2.09,-2.21,21797,28650969.00,-5.56,1.85,0.04,5.45
2006-05-22,-2.14,-2.13,-2.10,-2.19,18448,24237589.00,-4.25,-0.47,-0.01,4.61
2006-05-23,-2.17,-2.37,-2.17,-2.37,29283,36350569.00,-9.39,-11.27,-0.24,7.32
2006-05-24,-2.36,-2.15,-2.15,-2.37,30281,37440020.00,-9.28,9.28,0.22,7.57
2006-05-25,-2.15,-2.06,-1.95,-2.19,37462,50978305.00,-11.16,4.19,0.09,9.37
2006-05-26,-2.05,-2.07,-1.98,-2.11,19512,26459893.00,-6.31,-0.49,-0.01,4.88
2006-05-29,-2.06,-1.96,-1.93,-2.10,25762,35603358.00,-8.21,5.31,0.11,6.44
2006-05-30,-1.99,-1.91,-1.87,-2.00,23750,34033073.00,-6.63,2.55,0.05,5.94
2006-05-31,-1.91,-2.05,-1.89,-2.07,26317,36518664.00,-9.42,-7.33,-0.14,6.58
2006-06-01,-2.06,-1.95,-1.89,-2.07,24196,34224026.00,-8.78,4.88,0.10,6.05
2006-06-02,-1.93,-1.94,-1.90,-2.01,25983,36537673.00,-5.64,0.51,0.01,6.50
2006-06-05,-1.98,-1.95,-1.94,-2.01,12517,17532828.00,-3.61,-0.52,-0.01,3.13
2006-06-06,-1.96,-1.99,-1.94,-2.01,12452,17411789.00,-3.59,-2.05,-0.04,3.11
2006-06-07,-2.02,-2.25,-2.01,-2.25,24368,31767782.00,-12.06,-13.07,-0.26,6.09
2006-06-08,-2.28,-2.27,-2.20,-2.36,15753,19430913.00,-7.11,-0.89,-0.02,3.94
2006-06-09,-2.29,-2.37,-2.24,-2.37,13330,16292600.00,-5.73,-4.41,-0.10,3.33
2006-06-12,-2.38,-2.39,-2.35,-2.41,10278,12122236.00,-2.53,-0.84,-0.02,2.57
2006-06-13,-2.39,-2.32,-2.30,-2.40,9635,11522889.00,-4.18,2.93,0.07,2.41
2006-06-14,-2.35,-2.33,-2.32,-2.38,7321,8794796.00,-2.59,-0.43,-0.01,1.83
2006-06-15,-2.33,-2.28,-2.24,-2.33,7935,9816166.00,-3.86,2.15,0.05,1.98
2006-06-16,-2.23,-2.05,-2.05,-2.23,31440,42085682.00,-7.89,10.09,0.23,7.86
2006-06-29,-1.80,-1.80,-1.80,-1.93,72021,70651443.00,-6.34,12.20,0.25,12.00
2006-06-30,-1.74,-1.79,-1.69,-1.80,53043,53787007.00,-6.11,0.56,0.01,8.84
2006-07-03,-1.72,-1.52,-1.51,-1.75,55361,59428637.00,-13.41,15.08,0.27,9.23
2006-07-04,-1.52,-1.50,-1.47,-1.58,37643,41242164.00,-7.24,1.32,0.02,6.27
2006-07-05,-1.54,-1.60,-1.52,-1.63,35046,37653785.00,-7.33,-6.67,-0.10,5.84
2006-07-06,-1.60,-1.57,-1.50,-1.60,52169,56600870.00,-6.25,1.88,0.03,8.69
2006-07-27,-2.30,-2.47,-2.30,-2.53,85876,66680111.00,-14.65,-57.32,-0.90,10.68
2006-07-28,-2.52,-2.58,-2.46,-2.67,61601,43835254.00,-8.50,-4.45,-0.11,7.66
2006-07-31,-2.62,-2.76,-2.62,-2.76,35187,23607952.00,-5.43,-6.98,-0.18,4.38
2006-08-01,-2.79,-2.79,-2.70,-2.80,23652,15258540.00,-3.62,-1.09,-0.03,2.94
2006-08-02,-2.80,-2.86,-2.77,-2.89,31050,19142605.00,-4.30,-2.51,-0.07,3.86
2006-08-03,-2.85,-2.82,-2.80,-2.86,20991,13084913.00,-2.10,1.40,0.04,2.61
2006-08-04,-2.82,-2.94,-2.82,-2.95,24541,14806650.00,-4.61,-4.26,-0.12,3.05
2006-08-07,-2.98,-2.97,-2.93,-3.01,20925,11951478.00,-2.72,-1.02,-0.03,2.60
2006-08-08,-2.97,-2.90,-2.90,-2.97,20069,11799095.00,-2.36,2.36,0.07,2.50
2006-08-09,-2.88,-2.74,-2.74,-2.89,56410,35457905.00,-5.17,5.52,0.16,7.02
2006-08-10,-2.71,-2.67,-2.58,-2.76,91425,62812159.00,-6.57,2.55,0.07,11.37
2006-08-11,-2.67,-2.67,-2.67,-2.73,37484,25172538.00,-2.25,0.00,0.00,4.66
2006-08-14,-2.68,-2.77,-2.63,-2.78,37526,24952781.00,-5.62,-3.75,-0.10,4.67
2006-08-15,-2.79,-2.76,-2.75,-2.84,25333,16261941.00,-3.25,0.36,0.01,3.15
2006-08-16,-2.78,-2.74,-2.74,-2.78,22613,14715573.00,-1.45,0.72,0.02,2.81
2006-08-17,-2.75,-2.79,-2.75,-2.81,18154,11613104.00,-2.19,-1.82,-0.05,2.26
2006-08-18,-2.80,-2.82,-2.77,-2.82,16241,10290189.00,-1.79,-1.08,-0.03,2.02
2006-08-21,-2.91,-2.79,-2.77,-2.94,24338,14971490.00,-6.03,1.06,0.03,3.03
2006-08-22,-2.80,-2.80,-2.77,-2.82,15601,9942772.00,-1.79,-0.36,-0.01,1.94
2006-08-23,-2.80,-2.68,-2.62,-2.81,71538,48188736.00,-6.79,4.29,0.12,8.90
2006-08-24,-2.51,-2.57,-2.51,-2.67,90283,64921381.00,-5.97,4.10,0.11,11.23
2006-08-25,-2.57,-2.60,-2.52,-2.61,47220,33745105.00,-3.50,-1.17,-0.03,5.87
2006-08-28,-2.60,-2.54,-2.51,-2.60,50414,36497393.00,-3.46,2.31,0.06,6.27
2006-08-29,-2.53,-2.55,-2.50,-2.55,47153,34629674.00,-1.97,-0.39,-0.01,5.86
2006-08-30,-2.55,-2.46,-2.44,-2.55,49403,37090981.00,-4.31,3.53,0.09,6.14
2006-08-31,-2.44,-2.41,-2.38,-2.45,47676,36883988.00,-2.85,2.03,0.05,5.93
2006-09-01,-2.40,-2.50,-2.40,-2.53,48997,36862515.00,-5.39,-3.73,-0.09,6.09
2006-09-04,-2.50,-2.43,-2.41,-2.52,33304,25415658.00,-4.40,2.80,0.07,4.14
2006-09-05,-2.43,-2.45,-2.43,-2.46,27043,20617096.00,-1.23,-0.82,-0.02,3.36
2006-09-06,-2.45,-2.37,-2.37,-2.45,44594,34674384.00,-3.27,3.27,0.08,5.55
2006-09-07,-2.37,-2.40,-2.37,-2.42,37178,28978763.00,-2.11,-1.27,-0.03,4.62
2006-09-11,-2.34,-2.39,-2.32,-2.44,25277,19796937.00,-5.00,0.42,0.01,3.14
2006-09-12,-2.38,-2.42,-2.37,-2.44,22265,17225818.00,-2.93,-1.26,-0.03,2.77
2006-09-13,-2.43,-2.43,-2.40,-2.44,24471,18808737.00,-1.65,-0.41,-0.01,3.04
2006-09-14,-2.43,-2.34,-2.33,-2.44,50800,39861859.00,-4.53,3.70,0.09,6.32
2006-09-15,-2.34,-2.34,-2.33,-2.39,54624,43398526.00,-2.56,0.00,0.00,6.79
2006-09-18,-2.33,-2.31,-2.29,-2.36,49651,40136970.00,-2.99,1.28,0.03,6.18
2006-09-19,-2.29,-2.24,-2.21,-2.30,80280,66908938.00,-3.90,3.03,0.07,9.99
2006-09-20,-2.24,-2.29,-2.15,-2.29,121858,102439705.00,-6.25,-2.23,-0.05,15.16
2006-09-21,-2.29,-2.06,-2.06,-2.33,121458,57676095.00,-11.79,10.04,0.23,8.31
2006-09-22,-2.04,-2.06,-1.92,-2.11,318289,160598456.00,-9.22,0.00,0.00,21.77
2006-09-25,-2.09,-2.25,-2.09,-2.27,140534,66090548.00,-8.74,-9.22,-0.19,9.61
2006-09-26,-2.25,-2.29,-2.22,-2.37,94734,42320978.00,-6.67,-1.78,-0.04,6.48
2006-09-27,-2.30,-2.25,-2.20,-2.32,68066,31176517.00,-5.24,1.75,0.04,4.66
2006-09-28,-2.24,-2.28,-2.22,-2.30,45693,20686795.00,-3.56,-1.33,-0.03,3.13
2006-09-29,-2.27,-2.27,-2.23,-2.30,58958,26818640.00,-3.07,0.44,0.01,4.03
2006-10-09,-2.24,-2.23,-2.22,-2.28,54247,24834174.00,-2.64,1.76,0.04,3.71
2006-10-10,-2.24,-2.25,-2.21,-2.27,58204,26734877.00,-2.69,-0.90,-0.02,3.98
2006-10-11,-2.23,-2.08,-2.04,-2.25,163248,79009828.00,-9.33,7.56,0.17,11.17
2006-10-12,-2.11,-2.13,-2.06,-2.14,79110,38492738.00,-3.85,-2.40,-0.05,5.41
2006-10-13,-2.15,-2.17,-2.12,-2.19,50729,24204586.00,-3.29,-1.88,-0.04,3.47
2006-10-16,-2.15,-2.17,-2.14,-2.20,38758,18335111.00,-2.76,0.00,0.00,2.65
2006-10-17,-2.17,-2.15,-2.15,-2.19,36069,17090613.00,-1.84,0.92,0.02,2.47
2006-10-18,-2.14,-2.15,-2.12,-2.19,37892,18041813.00,-3.26,0.00,0.00,2.59
2006-10-19,-2.14,-2.17,-2.14,-2.18,42684,20267794.00,-1.86,-0.93,-0.02,2.92
2006-10-20,-2.17,-2.10,-2.07,-2.19,121371,59101100.00,-5.53,3.23,0.07,8.30
2006-10-23,-2.08,-2.14,-2.03,-2.16,134872,66492395.00,-6.19,-1.90,-0.04,9.23
2006-10-24,-2.17,-2.09,-2.07,-2.17,75337,36469411.00,-4.67,2.34,0.05,5.15
2006-10-25,-2.09,-2.16,-2.07,-2.19,58073,27825677.00,-5.74,-3.35,-0.07,3.97
2006-10-26,-2.15,-2.18,-2.14,-2.19,37691,17845557.00,-2.31,-0.93,-0.02,2.58
2006-10-27,-2.18,-2.30,-2.17,-2.30,69852,31902106.00,-5.96,-5.50,-0.12,4.78
2006-10-30,-2.30,-2.34,-2.30,-2.39,55174,24034897.00,-3.91,-1.74,-0.04,3.77
2006-10-31,-2.35,-2.31,-2.31,-2.37,29211,12930541.00,-2.56,1.28,0.03,2.00
2006-11-01,-2.32,-2.22,-2.20,-2.33,57502,26242316.00,-5.63,3.90,0.09,3.93
2006-11-02,-2.21,-2.26,-2.20,-2.29,48902,22426140.00,-4.05,-1.80,-0.04,3.35
2006-11-03,-2.27,-2.28,-2.26,-2.29,27492,12450740.00,-1.33,-0.88,-0.02,1.88
2006-11-06,-2.30,-2.32,-2.29,-2.34,36648,16266822.00,-2.19,-1.75,-0.04,2.51
2006-11-07,-2.33,-2.29,-2.28,-2.37,41934,18512367.00,-3.88,1.29,0.03,2.87
2006-11-08,-2.28,-2.30,-2.28,-2.33,20536,9163481.00,-2.18,-0.44,-0.01,1.40
2006-11-09,-2.28,-2.31,-2.28,-2.34,26783,11916769.00,-2.61,-0.43,-0.01,1.83
2006-11-10,-2.32,-2.28,-2.27,-2.36,65837,29477246.00,-3.90,1.30,0.03,4.50
2006-11-13,-2.31,-2.27,-2.24,-2.31,61400,27844642.00,-3.07,0.44,0.01,4.20
2006-11-14,-2.25,-2.26,-2.23,-2.34,87312,39476783.00,-4.85,0.44,0.01,5.97
2006-11-15,-2.26,-2.27,-2.26,-2.32,32322,14577306.00,-2.65,-0.44,-0.01,2.21
2006-11-16,-2.28,-2.34,-2.28,-2.34,44218,19703487.00,-2.64,-3.08,-0.07,3.02
2006-11-17,-2.35,-2.35,-2.33,-2.39,34408,15025696.00,-2.56,-0.43,-0.01,2.35
2006-11-20,-2.35,-2.38,-2.35,-2.39,43842,18943801.00,-1.70,-1.28,-0.03,3.00
2006-11-21,-2.39,-2.36,-2.33,-2.39,29216,12792481.00,-2.52,0.84,0.02,2.00
2006-11-22,-2.36,-2.33,-2.31,-2.38,40009,17596774.00,-2.97,1.27,0.03,2.74
2006-11-23,-2.34,-2.35,-2.33,-2.37,33348,14561763.00,-1.72,-0.86,-0.02,2.28
2006-11-24,-2.35,-2.26,-2.22,-2.37,76093,34292051.00,-6.38,3.83,0.09,5.21
2006-11-27,-2.29,-2.27,-2.24,-2.29,55121,25116483.00,-2.21,-0.44,-0.01,3.77
2006-11-28,-2.27,-2.15,-2.15,-2.29,130731,61204530.00,-6.17,5.29,0.12,8.94
2006-11-29,-2.18,-2.09,-2.07,-2.29,158787,76998255.00,-10.23,2.79,0.06,10.86
2006-11-30,-2.08,-1.91,-1.84,-2.08,255413,133310878.00,-11.48,8.61,0.18,17.47
2006-12-01,-1.92,-1.91,-1.86,-1.99,166660,87239746.00,-6.81,0.00,0.00,11.40
2006-12-04,-1.91,-1.88,-1.87,-1.94,118898,62667022.00,-3.66,1.57,0.03,8.13
2006-12-05,-1.86,-1.86,-1.84,-1.91,119589,63725957.00,-3.72,1.06,0.02,8.18
2006-12-06,-1.87,-1.68,-1.65,-1.90,279881,156711123.00,-13.44,9.68,0.18,19.15
2006-12-07,-1.68,-1.78,-1.53,-1.80,215762,124656739.00,-16.07,-5.95,-0.10,14.76
2006-12-08,-1.81,-2.05,-1.81,-2.05,146587,75784188.00,-13.48,-15.17,-0.27,10.03
2006-12-11,-2.13,-1.96,-1.96,-2.14,74718,37534177.00,-8.78,4.39,0.09,5.11
2006-12-12,-1.96,-1.99,-1.91,-2.07,64200,32720465.00,-8.16,-1.53,-0.03,4.39
2006-12-13,-1.96,-1.99,-1.95,-2.04,36579,18590096.00,-4.52,0.00,0.00,2.50
2006-12-14,-1.99,-1.94,-1.91,-2.02,65573,33845870.00,-5.53,2.51,0.05,4.49
2006-12-15,-1.92,-1.85,-1.81,-1.93,86866,46711056.00,-6.19,4.64,0.09,5.94
2006-12-18,-1.81,-1.80,-1.74,-1.85,88481,48569116.00,-5.95,2.70,0.05,6.05
2006-12-19,-1.80,-1.89,-1.77,-1.95,84109,44811912.00,-10.00,-5.00,-0.09,5.75
2006-12-20,-1.89,-1.87,-1.85,-1.96,65182,34395181.00,-5.82,1.06,0.02,4.46
2006-12-21,-1.87,-1.79,-1.72,-1.87,141645,78159569.00,-8.02,4.28,0.08,9.69
2006-12-22,-1.81,-1.86,-1.76,-1.88,96638,52434788.00,-6.70,-3.91,-0.07,6.61
2006-12-25,-1.86,-1.85,-1.80,-1.88,53391,28820262.00,-4.30,0.54,0.01,3.65
2006-12-26,-1.85,-1.95,-1.81,-1.99,59043,30948879.00,-9.73,-5.41,-0.10,4.04
2006-12-27,-1.95,-1.97,-1.93,-1.98,47098,24277823.00,-2.56,-1.03,-0.02,3.22
2006-12-28,-1.96,-2.07,-1.94,-2.10,72254,36303174.00,-8.12,-5.08,-0.10,4.94
2006-12-29,-2.07,-2.03,-2.00,-2.10,54881,27366956.00,-4.83,1.93,0.04,3.75