2000-01-04,0.49,0.55,0.56,0.49,9627,16486000.00,14.00,10.00,0.05,1.48
2000-01-05,0.55,0.54,0.56,0.53,4406,7656000.00,5.45,-1.82,-0.01,0.68
2000-01-06,0.54,0.55,0.55,0.53,4817,8309000.00,3.70,1.85,0.01,0.74
2000-01-07,0.55,0.57,0.57,0.55,2872,5058000.00,3.64,3.64,0.02,0.44
2000-01-10,0.58,0.57,0.58,0.56,1837,3297000.00,3.51,0.00,0.00,0.28
2000-01-11,0.57,0.53,0.57,0.53,1106,1924000.00,7.02,-7.02,-0.04,0.17
2000-01-12,0.53,0.54,0.56,0.52,619,1054000.00,7.55,1.89,0.01,0.10
2000-01-13,0.54,0.58,0.58,0.53,7591,13478000.00,9.26,7.41,0.04,1.17
2000-01-14,0.57,0.58,0.61,0.56,12786,23437000.00,8.62,0.00,0.00,1.97
2000-01-17,0.61,0.59,0.61,0.58,5155,9425000.00,5.17,1.72,0.01,0.79
2000-01-18,0.59,0.61,0.62,0.59,10167,19010000.00,5.08,3.39,0.02,1.56
2000-01-19,0.61,0.60,0.62,0.60,4735,8877000.00,3.28,-1.64,-0.01,0.73
2000-01-20,0.60,0.57,0.60,0.53,3758,6720000.00,11.67,-5.00,-0.03,0.58
2000-01-21,0.57,0.55,0.57,0.54,2263,3940000.00,5.26,-3.51,-0.02,0.35
2000-01-24,0.55,0.54,0.55,0.52,2374,4033000.00,5.45,-1.82,-0.01,0.37
2000-01-25,0.54,0.56,0.56,0.54,8735,15298000.00,3.70,3.70,0.02,1.34
2000-01-26,0.58,0.56,0.58,0.55,7476,13292000.00,5.36,0.00,0.00,1.15
2000-01-27,0.56,0.52,0.56,0.49,6740,11366000.00,12.50,-7.14,-0.04,1.04
2000-01-28,0.52,0.52,0.52,0.49,3855,6363000.00,5.77,0.00,0.00,0.59
2000-02-14,0.52,0.59,0.59,0.52,16551,29660000.00,13.46,13.46,0.07,2.55
2000-02-15,0.60,0.64,0.67,0.59,37976,74484000.00,13.56,8.47,0.05,5.84
2000-02-16,0.64,0.64,0.67,0.60,15652,30622000.00,10.94,0.00,0.00,2.41
2000-02-17,0.64,0.57,0.66,0.56,10060,18717000.00,15.63,-10.94,-0.07,1.55
2000-02-18,0.57,0.55,0.57,0.53,3073,5323000.00,7.02,-3.51,-0.02,0.47
2000-02-21,0.56,0.58,0.61,0.55,10918,19754000.00,10.91,5.45,0.03,1.68
2000-02-22,0.58,0.60,0.62,0.57,11308,21042000.00,8.62,3.45,0.02,1.74
2000-02-23,0.60,0.62,0.62,0.60,10546,19845000.00,3.33,3.33,0.02,1.62
2000-02-24,0.61,0.70,0.70,0.61,47012,94379000.00,14.52,12.90,0.08,7.23
2000-02-25,0.71,0.74,0.77,0.70,47838,103533000.00,10.00,5.71,0.04,7.36
2000-02-29,0.76,0.68,0.78,0.64,14756,30813000.00,18.92,-8.11,-0.06,2.27
2000-03-01,0.68,0.63,0.68,0.61,10116,19401000.00,10.29,-7.35,-0.05,1.56
2000-03-02,0.63,0.64,0.65,0.61,8454,16095000.00,6.35,1.59,0.01,1.30
2000-03-03,0.63,0.67,0.68,0.62,16715,32405000.00,9.38,4.69,0.03,2.57
2000-03-06,0.67,0.69,0.72,0.66,20241,41998000.00,8.96,2.99,0.02,3.11
2000-03-07,0.68,0.67,0.68,0.64,4915,9761000.00,5.80,-2.90,-0.02,0.76
2000-03-08,0.66,0.75,0.75,0.66,33002,69542000.00,13.43,11.94,0.08,5.08
2000-03-09,0.77,0.78,0.81,0.73,44250,99779000.00,10.67,4.00,0.03,6.81
2000-03-10,0.79,0.73,0.79,0.71,9879,21617000.00,10.26,-6.41,-0.05,1.52
2000-03-13,0.72,0.77,0.77,0.71,18034,39600000.00,8.22,5.48,0.04,2.77
2000-03-14,0.77,0.76,0.77,0.70,11182,24319000.00,9.09,-1.30,-0.01,1.72
2000-03-15,0.76,0.73,0.79,0.71,24093,53417000.00,10.53,-3.95,-0.03,3.71
2000-03-16,0.72,0.67,0.72,0.66,4330,8803000.00,8.22,-8.22,-0.06,0.67
2000-03-17,0.67,0.70,0.72,0.66,8073,16701000.00,8.96,4.48,0.03,1.24
2000-03-20,0.70,0.71,0.72,0.69,5608,11682000.00,4.29,1.43,0.01,0.86
2000-03-21,0.71,0.71,0.72,0.69,8474,17771000.00,4.23,0.00,0.00,1.30
2000-03-22,0.73,0.71,0.73,0.69,3194,6600000.00,5.63,0.00,0.00,0.49
2000-03-23,0.72,0.71,0.72,0.68,4594,9589000.00,5.63,0.00,0.00,0.71
2000-03-24,0.71,0.70,0.73,0.69,12280,25907000.00,5.63,-1.41,-0.01,1.89
2000-03-27,0.70,0.75,0.75,0.70,20919,44574000.00,7.14,7.14,0.05,3.22
2000-03-28,0.75,0.74,0.76,0.71,12174,26559000.00,6.67,-1.33,-0.01,1.87
2000-03-29,0.73,0.74,0.76,0.71,11149,23963000.00,6.76,0.00,0.00,1.72
2000-03-30,0.74,0.79,0.79,0.74,22609,50117000.00,6.76,6.76,0.05,3.48
2000-03-31,0.79,0.80,0.82,0.72,25425,58469000.00,12.66,1.27,0.01,3.91
2000-04-03,0.80,0.74,0.82,0.73,24983,55798000.00,11.25,-7.50,-0.06,3.84
2000-04-04,0.74,0.70,0.74,0.69,6901,14608000.00,6.76,-5.41,-0.04,1.06
2000-04-05,0.70,0.68,0.72,0.66,10715,22089000.00,8.57,-2.86,-0.02,1.65
2000-04-06,0.68,0.69,0.70,0.67,11971,24562000.00,4.41,1.47,0.01,1.84
2000-04-07,0.69,0.71,0.72,0.67,12608,26235000.00,7.25,2.90,0.02,1.94
2000-04-11,0.66,0.71,0.72,0.66,4813,10132000.00,8.45,0.00,0.00,0.74
2000-04-12,0.71,0.66,0.71,0.64,7471,14895000.00,9.86,-7.04,-0.05,1.15
2000-04-13,0.66,0.62,0.66,0.60,13151,24857000.00,9.09,-6.06,-0.04,2.02
2000-04-14,0.62,0.62,0.63,0.59,15074,28196000.00,6.45,0.00,0.00,2.32
2000-04-17,0.61,0.60,0.62,0.58,5404,9965000.00,6.45,-3.23,-0.02,0.83
2000-04-18,0.60,0.60,0.61,0.59,6232,11565000.00,3.33,0.00,0.00,0.96
2000-04-19,0.60,0.62,0.62,0.60,7991,15051000.00,3.33,3.33,0.02,1.23
2000-04-20,0.61,0.64,0.66,0.60,20766,39793000.00,9.68,3.23,0.02,3.19
2000-04-21,0.64,0.62,0.66,0.62,839,1620166.00,6.25,-3.13,-0.02,0.13
2000-04-24,0.63,0.59,0.63,0.58,3823,7023000.00,8.06,-4.84,-0.03,0.59
2000-04-25,0.59,0.58,0.59,0.58,3093,5589000.00,1.69,-1.69,-0.01,0.48
2000-04-26,0.58,0.59,0.59,0.58,2838,5150000.00,1.72,1.72,0.01,0.44
2000-04-27,0.59,0.59,0.60,0.58,4845,8869000.00,3.39,0.00,0.00,0.75
2000-04-28,0.59,0.60,0.60,0.59,6615,12185000.00,1.69,1.69,0.01,1.02
2000-05-08,0.60,0.59,0.61,0.58,3475,6343000.00,5.00,-1.67,-0.01,0.53
2000-05-09,0.59,0.57,0.59,0.57,45279,80936000.00,3.39,-3.39,-0.02,6.97
2000-05-10,0.58,0.58,0.59,0.57,34826,62777000.00,3.51,1.75,0.01,5.36
2000-05-11,0.58,0.55,0.58,0.55,22045,39691000.00,5.17,-5.17,-0.03,3.39
2000-05-12,0.55,0.52,0.56,0.52,2572,4368000.00,7.27,-5.45,-0.03,0.40
2000-05-15,0.53,0.52,0.53,0.51,2036,3411000.00,3.85,0.00,0.00,0.31
2000-05-16,0.51,0.52,0.53,0.51,818,1377000.00,3.85,0.00,0.00,0.13
2000-05-17,0.53,0.52,0.53,0.52,708,1188000.00,1.92,0.00,0.00,0.11
2000-05-18,0.52,0.54,0.54,0.52,1279,2178000.00,3.85,3.85,0.02,0.20
2000-05-19,0.54,0.54,0.54,0.53,2286,3904000.00,1.85,0.00,0.00,0.35
2000-05-22,0.54,0.57,0.58,0.54,8453,14877000.00,7.41,5.56,0.03,1.30
2000-05-23,0.57,0.56,0.57,0.56,3124,5558000.00,1.75,-1.75,-0.01,0.48
2000-05-24,0.56,0.57,0.57,0.56,7967,14161000.00,1.79,1.79,0.01,1.23
2000-05-25,0.57,0.60,0.60,0.57,18270,33181000.00,5.26,5.26,0.03,2.81
2000-05-26,0.60,0.58,0.61,0.58,11407,21084000.00,5.00,-3.33,-0.02,1.75
2000-05-29,0.59,0.58,0.59,0.58,8333,15196000.00,1.72,0.00,0.00,1.28
2000-05-30,0.58,0.55,0.59,0.55,3218,5719000.00,6.90,-5.17,-0.03,0.50
2000-05-31,0.55,0.55,0.56,0.55,2245,3930000.00,1.82,0.00,0.00,0.35
2000-06-01,0.55,0.59,0.59,0.55,11516,20621000.00,7.27,7.27,0.04,1.77
2000-06-02,0.59,0.61,0.63,0.59,34339,64747000.00,6.78,3.39,0.02,5.28
2000-06-05,0.60,0.59,0.61,0.57,7302,13289000.00,6.56,-3.28,-0.02,1.12
2000-06-06,0.59,0.59,0.60,0.57,5085,9265000.00,5.08,0.00,0.00,0.78
2000-06-07,0.59,0.61,0.61,0.59,17949,33305000.00,3.39,3.39,0.02,2.76
2000-06-08,0.61,0.60,0.62,0.59,10884,20390000.00,4.92,-1.64,-0.01,1.67
2000-06-09,0.60,0.58,0.61,0.57,8609,15759000.00,6.67,-3.33,-0.02,1.32
2000-06-12,0.58,0.59,0.59,0.58,3387,6173000.00,1.72,1.72,0.01,0.52
2000-06-13,0.59,0.61,0.62,0.51,16124,29472000.00,18.64,3.39,0.02,2.48
2000-06-14,0.61,0.58,0.61,0.58,6249,11622000.00,4.92,-4.92,-0.03,0.96
2000-06-15,0.60,0.63,0.64,0.58,53127,100323000.00,10.34,8.62,0.05,8.17
2000-06-16,0.63,0.60,0.64,0.57,113822,206796000.00,11.11,-4.76,-0.03,17.51
2000-06-19,0.58,0.52,0.58,0.52,41004,69796000.00,10.00,-13.33,-0.08,6.31
2000-06-20,0.51,0.52,0.53,0.51,8625,14406000.00,3.85,0.00,0.00,1.33
2000-06-21,0.52,0.54,0.55,0.49,18597,31081000.00,11.54,3.85,0.02,2.86
2000-06-22,0.54,0.54,0.56,0.53,24185,41631000.00,5.56,0.00,0.00,3.72
2000-06-23,0.53,0.52,0.55,0.51,17783,30009000.00,7.41,-3.70,-0.02,2.74
2000-06-26,0.52,0.50,0.52,0.50,13780,22797000.00,3.85,-3.85,-0.02,2.12
2000-06-27,0.50,0.51,0.51,0.50,14874,24496000.00,2.00,2.00,0.01,2.29
2000-06-28,0.51,0.47,0.51,0.47,25299,40608000.00,7.84,-7.84,-0.04,3.89
2000-06-29,0.46,0.48,0.49,0.46,25532,40111000.00,6.38,2.13,0.01,3.93
2000-06-30,0.49,0.49,0.50,0.46,13264,20998000.00,8.33,2.08,0.01,2.04
2000-07-03,0.49,0.46,0.50,0.46,20819,32969000.00,8.16,-6.12,-0.03,3.20
2000-07-04,0.47,0.48,0.48,0.47,4321,6832000.00,2.17,4.35,0.02,0.66
2000-07-05,0.48,0.47,0.49,0.47,15390,24349000.00,4.17,-2.08,-0.01,2.37
2000-07-06,0.47,0.46,0.48,0.45,16384,25691000.00,6.38,-2.13,-0.01,2.52
2000-07-07,0.45,0.44,0.48,0.43,64381,96989000.00,10.87,-4.35,-0.02,9.90
2000-07-10,0.40,0.49,0.51,0.40,141211,207258000.00,25.00,11.36,0.05,21.72
2000-07-11,0.50,0.52,0.53,0.50,33825,56239000.00,6.12,6.12,0.03,5.20
2000-07-12,0.52,0.51,0.53,0.50,17855,29765000.00,5.77,-1.92,-0.01,2.75
2000-07-13,0.52,0.50,0.52,0.50,13467,22207886.00,3.92,-1.96,-0.01,2.07
2000-07-14,0.49,0.50,0.51,0.49,14665,23871000.00,4.00,0.00,0.00,2.26
2000-07-17,0.50,0.49,0.50,0.48,10511,16936000.00,4.00,-2.00,-0.01,1.62
2000-07-18,0.49,0.48,0.49,0.48,8040,12812000.00,2.04,-2.04,-0.01,1.24
2000-07-19,0.49,0.48,0.49,0.47,18587,29507000.00,4.17,0.00,0.00,2.86
2000-07-20,0.48,0.52,0.52,0.46,26697,42221000.00,12.50,8.33,0.04,4.11
2000-07-21,0.52,0.51,0.53,0.50,29177,49128000.00,5.77,-1.92,-0.01,4.49
2000-07-24,0.52,0.51,0.52,0.49,14021,23052000.00,5.88,0.00,0.00,2.16
2000-07-25,0.50,0.51,0.52,0.50,9654,15986000.00,3.92,0.00,0.00,1.49
2000-07-26,0.51,0.52,0.52,0.51,22379,37274000.00,1.96,1.96,0.01,3.44
2000-07-27,0.52,0.50,0.53,0.49,27656,45704000.00,7.69,-3.85,-0.02,4.25
2000-07-28,0.50,0.50,0.51,0.48,29043,46777000.00,6.00,0.00,0.00,4.47
2000-07-31,0.50,0.49,0.50,0.48,14910,23777000.00,4.00,-2.00,-0.01,2.29
2000-08-01,0.49,0.48,0.49,0.46,31480,49262000.00,6.12,-2.04,-0.01,4.84
2000-08-02,0.49,0.48,0.50,0.48,9223,14780000.00,4.17,0.00,0.00,1.42
2000-08-03,0.48,0.48,0.48,0.46,5669,8912000.00,4.17,0.00,0.00,0.87
2000-08-04,0.48,0.48,0.48,0.46,19396,30337000.00,4.17,0.00,0.00,2.98
2000-08-07,0.48,0.48,0.48,0.44,26766,41545000.00,8.33,0.00,0.00,4.12
2000-08-08,0.49,0.47,0.49,0.46,20116,31323000.00,6.25,-2.08,-0.01,3.09
2000-08-09,0.47,0.47,0.47,0.46,15249,23585000.00,2.13,0.00,0.00,2.35
2000-08-10,0.47,0.49,0.49,0.44,80044,122671000.00,10.64,4.26,0.02,12.31
2000-08-11,0.48,0.49,0.49,0.48,20372,30279000.00,2.04,0.00,0.00,2.55
2000-08-14,0.49,0.52,0.52,0.48,27834,42645000.00,8.16,6.12,0.03,3.49
2000-08-15,0.52,0.51,0.53,0.51,11332,17498000.00,3.85,-1.92,-0.01,1.42
2000-08-16,0.51,0.48,0.52,0.47,61735,91623000.00,9.80,-5.88,-0.03,7.74
2000-08-17,0.48,0.49,0.51,0.48,18249,27399000.00,6.25,2.08,0.01,2.29
2000-08-18,0.49,0.48,0.50,0.48,15432,22830000.00,4.08,-2.04,-0.01,1.93
2000-08-21,0.48,0.47,0.48,0.47,12081,17636000.00,2.08,-2.08,-0.01,1.51
2000-08-22,0.47,0.47,0.48,0.47,7944,11673000.00,2.13,0.00,0.00,1.00
2000-08-23,0.47,0.46,0.47,0.44,10816,15550000.00,6.38,-2.13,-0.01,1.36
2000-08-24,0.46,0.48,0.48,0.46,12810,18668000.00,4.35,4.35,0.02,1.61
2000-08-25,0.48,0.49,0.49,0.48,10963,16355000.00,2.08,2.08,0.01,1.37
2000-08-28,0.49,0.51,0.51,0.49,16721,25381000.00,4.08,4.08,0.02,2.10
2000-08-29,0.51,0.50,0.52,0.50,9537,14482000.00,3.92,-1.96,-0.01,1.19
2000-08-30,0.50,0.48,0.50,0.48,6715,9980000.00,4.00,-4.00,-0.02,0.84
2000-08-31,0.48,0.46,0.48,0.46,5785,8452000.00,4.17,-4.17,-0.02,0.72
2000-09-01,0.46,0.46,0.47,0.45,3949,5698000.00,4.35,0.00,0.00,0.49
2000-09-04,0.46,0.47,0.47,0.45,3356,4820000.00,4.35,2.17,0.01,0.42
2000-09-05,0.47,0.46,0.48,0.46,2881,4188000.00,4.26,-2.13,-0.01,0.36
2000-09-06,0.45,0.43,0.46,0.43,5651,7946000.00,6.52,-6.52,-0.03,0.71
2000-09-07,0.43,0.43,0.44,0.42,5890,8128000.00,4.65,0.00,0.00,0.74
2000-09-08,0.44,0.41,0.44,0.41,17310,23742000.00,6.98,-4.65,-0.02,2.17
2000-09-11,0.41,0.39,0.42,0.38,13499,17687000.00,9.76,-4.88,-0.02,1.69
2000-09-12,0.39,0.40,0.40,0.39,6450,8533000.00,2.56,2.56,0.01,0.81
2000-09-13,0.40,0.40,0.40,0.39,11959,15809000.00,2.50,0.00,0.00,1.50
2000-09-14,0.40,0.41,0.41,0.40,4369,5859000.00,2.50,2.50,0.01,0.55
2000-09-15,0.41,0.40,0.41,0.39,3904,5194000.00,4.88,-2.44,-0.01,0.49
2000-09-18,0.40,0.38,0.40,0.38,5740,7474000.00,5.00,-5.00,-0.02,0.72
2000-09-19,0.37,0.34,0.37,0.34,7461,9262000.00,7.89,-10.53,-0.04,0.93
2000-09-20,0.34,0.34,0.35,0.33,5804,7085000.00,5.88,0.00,0.00,0.73
2000-09-21,0.35,0.35,0.36,0.34,5186,6438000.00,5.88,2.94,0.01,0.65
2000-09-22,0.35,0.34,0.35,0.34,2968,3635000.00,2.86,-2.86,-0.01,0.37
2000-09-25,0.34,0.32,0.34,0.32,5552,6659000.00,5.88,-5.88,-0.02,0.70
2000-09-26,0.32,0.32,0.33,0.31,4087,4832000.00,6.25,0.00,0.00,0.51
2000-09-27,0.33,0.33,0.34,0.32,3225,3875000.00,6.25,3.13,0.01,0.40
2000-09-28,0.33,0.33,0.34,0.32,3295,3982000.00,6.06,0.00,0.00,0.41
2000-09-29,0.33,0.34,0.34,0.33,2764,3371000.00,3.03,3.03,0.01,0.35
2000-10-09,0.35,0.34,0.35,0.34,2875,3525000.00,2.94,0.00,0.00,0.36
2000-10-10,0.34,0.35,0.35,0.34,3530,4382000.00,2.94,2.94,0.01,0.44
2000-10-11,0.35,0.34,0.36,0.34,4456,5497000.00,5.71,-2.86,-0.01,0.56
2000-10-12,0.34,0.33,0.34,0.33,4433,5361000.00,2.94,-2.94,-0.01,0.56
2000-10-13,0.33,0.33,0.34,0.33,3388,4083000.00,3.03,0.00,0.00,0.42
2000-10-16,0.33,0.32,0.33,0.32,2892,3438000.00,3.03,-3.03,-0.01,0.36
2000-10-17,0.32,0.33,0.33,0.32,2027,2427000.00,3.13,3.13,0.01,0.25
2000-10-18,0.33,0.35,0.35,0.32,3724,4555000.00,9.09,6.06,0.02,0.47
2000-10-19,0.35,0.34,0.36,0.34,1957,2422000.00,5.71,-2.86,-0.01,0.25
2000-10-20,0.34,0.35,0.35,0.34,4213,5178000.00,2.94,2.94,0.01,0.53
2000-10-23,0.35,0.37,0.37,0.35,8667,10949000.00,5.71,5.71,0.02,1.09
2000-10-24,0.37,0.36,0.37,0.35,5217,6553000.00,5.41,-2.70,-0.01,0.65
2000-10-25,0.36,0.36,0.36,0.34,5029,6291000.00,5.56,0.00,0.00,0.63
2000-10-26,0.36,0.36,0.36,0.35,3317,4159000.00,2.78,0.00,0.00,0.42
2000-10-27,0.36,0.35,0.36,0.35,2890,3581000.00,2.78,-2.78,-0.01,0.36
2000-10-30,0.35,0.34,0.35,0.34,3679,4528000.00,2.86,-2.86,-0.01,0.46
2000-10-31,0.34,0.36,0.37,0.34,6117,7670000.00,8.82,5.88,0.02,0.77
2000-11-01,0.36,0.38,0.38,0.36,9918,12689000.00,5.56,5.56,0.02,1.24
2000-11-02,0.38,0.39,0.41,0.38,25498,33809000.00,7.89,2.63,0.01,3.19
2000-11-03,0.39,0.39,0.39,0.39,6385,8389000.00,0.00,0.00,0.00,0.80
2000-11-06,0.39,0.42,0.42,0.39,11454,15454000.00,7.69,7.69,0.03,1.44
2000-11-07,0.42,0.41,0.42,0.41,8739,11815000.00,2.38,-2.38,-0.01,1.09
2000-11-08,0.41,0.40,0.41,0.39,6292,8369000.00,4.88,-2.44,-0.01,0.79
2000-11-09,0.40,0.40,0.40,0.39,6867,9101000.00,2.50,0.00,0.00,0.86
2000-11-10,0.40,0.40,0.41,0.39,8051,10701000.00,5.00,0.00,0.00,1.01
2000-11-13,0.40,0.40,0.40,0.39,7877,10443000.00,2.50,0.00,0.00,0.99
2000-11-14,0.40,0.41,0.41,0.39,8778,11605000.00,5.00,2.50,0.01,1.10
2000-11-15,0.41,0.41,0.43,0.41,10589,14432000.00,4.88,0.00,0.00,1.33
2000-11-16,0.42,0.41,0.42,0.41,5563,7527000.00,2.44,0.00,0.00,0.70
2000-11-17,0.42,0.41,0.42,0.41,6891,9330000.00,2.44,0.00,0.00,0.86
2000-11-21,0.41,0.40,0.42,0.40,5910,7940000.00,4.88,-2.44,-0.01,0.74
2000-11-22,0.40,0.41,0.42,0.39,6633,8899000.00,7.50,2.50,0.01,0.83
2000-11-23,0.42,0.42,0.42,0.41,8828,12024000.00,2.44,2.44,0.01,1.11
2000-11-24,0.42,0.41,0.43,0.40,15958,21877000.00,7.14,-2.38,-0.01,2.00
2000-11-27,0.39,0.42,0.42,0.39,9247,12559000.00,7.32,2.44,0.01,1.16
2000-11-28,0.43,0.44,0.45,0.43,26677,37301000.00,4.76,4.76,0.02,3.34
2000-11-29,0.45,0.43,0.45,0.42,10449,14580000.00,6.82,-2.27,-0.01,1.31
2000-11-30,0.43,0.42,0.43,0.42,4491,6167000.00,2.33,-2.33,-0.01,0.56
2000-12-01,0.42,0.42,0.43,0.41,5144,7029000.00,4.76,0.00,0.00,0.64
2000-12-04,0.42,0.42,0.43,0.42,3991,5473000.00,2.38,0.00,0.00,0.50
2000-12-05,0.42,0.41,0.43,0.41,4766,6444000.00,4.76,-2.38,-0.01,0.60
2000-12-06,0.41,0.40,0.43,0.40,5246,7051000.00,7.32,-2.44,-0.01,0.66
2000-12-07,0.40,0.39,0.40,0.39,7591,9984000.00,2.50,-2.50,-0.01,0.95
2000-12-08,0.39,0.39,0.40,0.39,3070,4057000.00,2.56,0.00,0.00,0.38
2000-12-11,0.39,0.37,0.39,0.37,5028,6478000.00,5.13,-5.13,-0.02,0.63
2000-12-12,0.37,0.37,0.38,0.36,3646,4643000.00,5.41,0.00,0.00,0.46
2000-12-13,0.37,0.38,0.38,0.37,1922,2491000.00,2.70,2.70,0.01,0.24
2000-12-14,0.38,0.37,0.38,0.37,1825,2349000.00,2.63,-2.63,-0.01,0.23
2000-12-15,0.37,0.36,0.38,0.36,2702,3438000.00,5.41,-2.70,-0.01,0.34
2000-12-18,0.37,0.36,0.37,0.35,3375,4238000.00,5.56,0.00,0.00,0.42
2000-12-19,0.36,0.36,0.37,0.36,3015,3805000.00,2.78,0.00,0.00,0.38
2000-12-20,0.36,0.38,0.38,0.36,3622,4598000.00,5.56,5.56,0.02,0.45
2000-12-21,0.38,0.37,0.38,0.37,3496,4498000.00,2.63,-2.63,-0.01,0.44
2000-12-22,0.38,0.39,0.40,0.38,8354,11033000.00,5.41,5.41,0.02,1.05
2000-12-25,0.40,0.39,0.40,0.39,3706,4888000.00,2.56,0.00,0.00,0.46
2000-12-26,0.39,0.38,0.40,0.38,5369,7021000.00,5.13,-2.56,-0.01,0.67
2000-12-27,0.39,0.38,0.39,0.38,3202,4189000.00,2.63,0.00,0.00,0.40
2000-12-28,0.38,0.39,0.40,0.38,3014,3947000.00,5.26,2.63,0.01,0.38
2000-12-29,0.39,0.39,0.40,0.39,2571,3393000.00,2.56,0.00,0.00,0.32