2020-01-02,15.54,15.47,15.58,15.36,16217,28474105.00,1.43,0.32,0.05,0.16
2020-01-03,15.47,15.52,15.72,15.38,12256,21550506.00,2.20,0.32,0.05,0.12
2020-01-06,15.56,15.15,15.56,15.03,18376,31829387.00,3.41,-2.38,-0.37,0.18
2020-01-07,15.24,15.24,15.34,15.02,24185,41712916.00,2.11,0.59,0.09,0.24
2020-01-08,15.18,15.00,15.24,14.83,15736,26906411.00,2.69,-1.57,-0.24,0.16
2020-01-09,15.03,15.13,15.17,14.98,7327,12573785.00,1.27,0.87,0.13,0.07
2020-01-10,15.10,15.08,15.20,14.98,7355,12616009.00,1.45,-0.33,-0.05,0.07
2020-01-13,15.09,15.02,15.14,14.89,13165,22442465.00,1.66,-0.40,-0.06,0.13
2020-01-14,15.04,15.01,15.14,14.92,11021,18837126.00,1.46,-0.07,-0.01,0.11
2020-01-15,15.01,14.90,15.01,14.84,9913,16834418.00,1.13,-0.73,-0.11,0.10
2020-01-16,14.90,14.88,15.01,14.78,12840,21809439.00,1.54,-0.13,-0.02,0.13
2020-01-17,14.91,14.68,14.97,14.64,14400,24268600.00,2.22,-1.34,-0.20,0.14
2020-01-20,14.74,14.69,14.82,14.62,8219,13814761.00,1.36,0.07,0.01,0.08
2020-01-21,14.71,14.27,14.74,14.17,15102,24813956.00,3.88,-2.86,-0.42,0.15
2020-01-22,14.32,14.01,14.72,13.84,22077,35718753.00,6.17,-1.82,-0.26,0.22
2020-01-23,14.07,13.63,14.19,13.50,23070,36599254.00,4.93,-2.71,-0.38,0.23
2020-02-03,12.20,12.06,12.40,12.06,21670,30736751.00,2.49,-11.52,-1.57,0.22
2020-02-04,11.77,12.20,12.68,11.74,34789,50162892.00,7.79,1.16,0.14,0.35
2020-02-05,12.36,12.60,12.85,12.27,22360,32714006.00,4.75,3.28,0.40,0.22
2020-02-06,12.52,12.85,12.95,12.42,19946,29337953.00,4.21,1.98,0.25,0.20
2020-02-07,12.77,12.61,12.78,12.53,21376,31425850.00,1.95,-1.87,-0.24,0.21
2020-02-10,12.69,12.57,12.69,12.39,24231,35287308.00,2.38,-0.32,-0.04,0.24
2020-02-11,12.61,12.71,12.74,12.50,17476,25767285.00,1.91,1.11,0.14,0.17
2020-02-12,12.72,12.71,12.75,12.59,14347,21138940.00,1.26,0.00,0.00,0.14
2020-02-13,12.71,12.71,13.00,12.63,20705,30846467.00,2.91,0.00,0.00,0.21
2020-02-14,12.73,12.81,12.82,12.54,14342,21195522.00,2.20,0.79,0.10,0.14
2020-02-17,12.78,13.02,13.15,12.66,18378,27727275.00,3.83,1.64,0.21,0.18
2020-02-18,13.01,13.10,13.13,12.92,13640,20591338.00,1.61,0.61,0.08,0.14
2020-02-19,13.07,13.22,13.41,13.01,16621,25486876.00,3.05,0.92,0.12,0.17
2020-02-20,13.22,13.31,13.40,13.03,30206,46094472.00,2.80,0.68,0.09,0.30
2020-02-21,13.27,13.17,13.35,13.12,15344,23454058.00,1.73,-1.05,-0.14,0.15
2020-02-24,13.14,12.88,13.16,12.78,31464,47088340.00,2.89,-2.20,-0.29,0.31
2020-02-25,12.76,12.46,12.76,12.24,37338,54303809.00,4.04,-3.26,-0.42,0.37
2020-02-26,12.26,12.45,12.62,12.26,34114,49591780.00,2.89,-0.08,-0.01,0.34
2020-02-27,12.44,12.68,12.78,12.40,32185,47224457.00,3.05,1.85,0.23,0.32
2020-02-28,12.42,12.08,12.47,12.07,27718,39767175.00,3.15,-4.73,-0.60,0.28
2020-03-02,12.16,12.34,12.41,12.15,24882,35835661.00,2.15,2.15,0.26,0.25
2020-03-03,12.42,12.24,12.44,12.17,31387,45242020.00,2.19,-0.81,-0.10,0.31
2020-03-04,12.21,12.23,12.29,11.97,41368,58682186.00,2.61,-0.08,-0.01,0.41
2020-03-05,12.30,12.66,12.79,12.22,54307,78620180.00,4.66,3.52,0.43,0.54
2020-03-06,12.44,12.37,12.52,12.30,41299,59666497.00,1.74,-2.29,-0.29,0.41
2020-03-09,12.19,11.81,12.20,11.81,34422,48324689.00,3.15,-4.53,-0.56,0.34
2020-03-10,11.78,12.00,12.07,11.70,32413,45235713.00,3.13,1.61,0.19,0.32
2020-03-11,11.99,11.84,12.05,11.84,23570,33035919.00,1.75,-1.33,-0.16,0.23
2020-03-12,11.96,11.46,11.96,11.40,23068,31535244.00,4.73,-3.21,-0.38,0.23
2020-03-13,10.98,11.25,11.31,10.78,31420,41123911.00,4.62,-1.83,-0.21,0.31
2020-03-16,11.32,11.16,11.55,11.04,25640,34408129.00,4.53,-0.80,-0.09,0.25
2020-03-17,11.10,10.91,11.39,10.82,18658,24449649.00,5.11,-2.24,-0.25,0.19
2020-03-18,10.97,10.62,11.10,10.58,21630,27974168.00,4.77,-2.66,-0.29,0.21
2020-03-19,10.44,10.48,10.72,10.33,30241,37996562.00,3.67,-1.32,-0.14,0.30
2020-03-20,10.62,10.77,10.80,10.41,23001,29175197.00,3.72,2.77,0.29,0.23
2020-03-23,10.58,10.50,10.68,10.32,16127,20243964.00,3.34,-2.51,-0.27,0.16
2020-03-24,10.56,10.80,10.81,10.55,16910,21610919.00,2.48,2.86,0.30,0.17
2020-03-25,10.93,11.29,11.37,10.93,25957,34435451.00,4.07,4.54,0.49,0.26
2020-03-26,11.18,11.20,11.29,11.12,11613,15420165.00,1.51,-0.80,-0.09,0.12
2020-03-27,11.30,11.61,11.81,11.30,36893,50316861.00,4.55,3.66,0.41,0.37
2020-03-30,11.37,11.57,11.71,11.32,23546,32125413.00,3.36,-0.34,-0.04,0.23
2020-03-31,11.59,11.12,11.70,11.05,14379,19220562.00,5.62,-3.89,-0.45,0.14
2020-04-01,11.09,10.95,11.22,10.90,18421,24199000.00,2.88,-1.53,-0.17,0.18
2020-04-02,10.95,10.76,11.00,10.59,36086,46094112.00,3.74,-1.74,-0.19,0.36
2020-04-03,10.76,10.59,10.80,10.54,20621,26228200.00,2.42,-1.58,-0.17,0.20
2020-04-07,10.72,10.78,10.84,10.65,21592,27713625.00,1.79,1.79,0.19,0.21
2020-04-08,10.72,10.79,10.86,10.50,22704,28981356.00,3.34,0.09,0.01,0.23
2020-04-09,10.78,10.85,10.91,10.76,22042,28454707.00,1.39,0.56,0.06,0.22
2020-04-10,10.86,11.40,11.42,10.70,49357,64694061.00,6.64,5.07,0.55,0.49
2020-04-13,11.40,11.45,11.57,11.03,45200,60352859.00,4.74,0.44,0.05,0.45
2020-04-14,11.35,11.20,11.45,11.12,35279,46885369.00,2.88,-2.18,-0.25,0.35
2020-04-15,11.21,11.30,11.48,11.05,45014,60146940.00,3.84,0.89,0.10,0.45
2020-04-16,11.29,12.24,12.30,11.25,100267,140532748.00,9.29,8.32,0.94,1.00
2020-04-17,12.20,12.01,12.45,11.98,49263,70458225.00,3.84,-1.88,-0.23,0.49
2020-04-20,12.09,11.59,12.11,11.46,78220,107315288.00,5.41,-3.50,-0.42,0.78
2020-04-21,11.53,11.63,11.75,11.49,31179,42649554.00,2.24,0.35,0.04,0.31
2020-04-22,11.50,12.07,12.16,11.37,47093,65520149.00,6.79,3.78,0.44,0.47
2020-04-23,12.08,12.07,12.32,11.87,25449,35977609.00,3.73,0.00,0.00,0.25
2020-04-24,11.98,11.73,12.05,11.64,15410,21398798.00,3.40,-2.82,-0.34,0.15
2020-04-27,11.79,11.88,12.02,11.74,13921,19435292.00,2.39,1.28,0.15,0.14
2020-04-28,11.97,11.50,11.97,11.34,34355,46929833.00,5.30,-3.20,-0.38,0.34
2020-04-29,11.47,11.79,11.81,11.20,22026,30030523.00,5.30,2.52,0.29,0.22
2020-04-30,11.82,12.46,12.67,11.80,45872,66149873.00,7.38,5.68,0.67,0.46
2020-05-06,12.36,12.31,12.60,11.52,56701,80363559.00,8.67,-1.20,-0.15,0.56
2020-05-07,12.31,12.21,12.37,12.03,23231,33164689.00,2.76,-0.81,-0.10,0.23
2020-05-08,12.22,12.12,12.29,12.07,15584,22180511.00,1.80,-0.74,-0.09,0.15
2020-05-11,12.12,11.92,12.16,11.80,26157,36689700.00,2.97,-1.65,-0.20,0.26
2020-05-12,11.91,11.64,11.92,11.60,30692,42297631.00,2.68,-2.35,-0.28,0.30
2020-05-13,11.58,11.63,11.70,11.55,25616,35065061.00,1.29,-0.09,-0.01,0.25
2020-05-14,11.56,11.48,11.59,11.44,13198,17923101.00,1.29,-1.29,-0.15,0.13
2020-05-15,11.49,11.36,11.54,11.33,19051,25717901.00,1.83,-1.05,-0.12,0.19
2020-05-18,11.38,11.29,11.47,11.24,16201,21754057.00,2.02,-0.62,-0.07,0.16
2020-05-19,11.37,11.32,11.40,11.28,13852,18561125.00,1.06,0.27,0.03,0.14
2020-05-20,11.26,11.33,11.48,11.12,29218,39272227.00,3.18,0.09,0.01,0.29
2020-05-21,11.33,11.12,11.38,11.03,33725,44619541.00,3.09,-1.85,-0.21,0.33
2020-05-22,11.13,10.86,11.13,10.78,24235,31424796.00,3.15,-2.34,-0.26,0.24
2020-05-25,10.84,10.94,10.98,10.81,13277,17240215.00,1.57,0.74,0.08,0.13
2020-05-26,10.97,11.21,11.24,10.92,18599,24603174.00,2.93,2.47,0.27,0.18
2020-05-27,11.36,11.08,11.36,11.08,16324,21674015.00,2.50,-1.16,-0.13,0.16
2020-05-28,11.08,11.26,11.56,11.07,28917,38787724.00,4.42,1.62,0.18,0.29
2020-05-29,11.13,11.15,11.25,11.11,17409,23081554.00,1.24,-0.98,-0.11,0.17
2020-06-01,11.18,11.34,11.41,11.18,31169,41772787.00,2.06,1.70,0.19,0.31
2020-06-02,11.34,11.30,11.48,11.24,32544,43606076.00,2.12,-0.35,-0.04,0.32
2020-06-03,11.32,11.19,11.39,11.19,14520,19365790.00,1.77,-0.97,-0.11,0.14
2020-06-04,11.24,11.25,11.29,11.17,10528,14013444.00,1.07,0.54,0.06,0.10
2020-06-05,11.26,11.13,11.28,10.98,19442,25602261.00,2.67,-1.07,-0.12,0.19
2020-06-08,11.13,11.16,11.29,11.08,14586,19365641.00,1.89,0.27,0.03,0.14
2020-06-09,11.17,11.16,11.23,11.11,14551,19255544.00,1.08,0.00,0.00,0.14
2020-06-10,11.17,11.37,11.38,11.17,19449,26004552.00,1.88,1.88,0.21,0.19
2020-06-11,11.39,11.21,11.39,11.13,19928,26485343.00,2.29,-1.41,-0.16,0.20
2020-06-12,10.96,11.09,11.18,10.92,12856,16883050.00,2.32,-1.07,-0.12,0.13
2020-06-15,10.98,10.92,11.07,10.91,22668,29562712.00,1.44,-1.53,-0.17,0.23
2020-06-16,10.97,11.01,11.04,10.87,14619,19035820.00,1.56,0.82,0.09,0.15
2020-06-17,11.00,11.14,11.37,10.99,23340,30963661.00,3.45,1.18,0.13,0.23
2020-06-18,11.14,11.24,11.32,11.09,22698,30248331.00,2.06,0.90,0.10,0.23
2020-06-19,11.36,11.98,12.00,11.23,87489,120275039.00,6.85,6.58,0.74,0.87
2020-06-22,11.96,11.53,12.12,11.53,67190,92782210.00,4.92,-3.76,-0.45,0.67
2020-06-23,11.53,11.45,11.60,11.38,20108,27229957.00,1.91,-0.69,-0.08,0.20
2020-06-24,11.48,11.46,11.73,11.36,20411,27730758.00,3.23,0.09,0.01,0.20
2020-06-29,11.47,11.22,11.47,11.18,22468,29955412.00,2.53,-2.09,-0.24,0.22
2020-06-30,11.27,11.25,11.35,11.07,22109,29353412.00,2.50,0.27,0.03,0.22
2020-07-01,11.29,11.53,11.58,11.19,29432,39744002.00,3.47,2.49,0.28,0.29
2020-07-02,11.52,11.80,11.86,11.46,45284,62305937.00,3.47,2.34,0.27,0.45
2020-07-03,11.80,11.85,12.00,11.67,37304,51869915.00,2.80,0.42,0.05,0.37
2020-07-06,12.02,12.52,12.64,11.97,100501,145105924.00,5.65,5.65,0.67,1.00
2020-07-07,12.60,12.38,12.85,12.35,72324,105503949.00,3.99,-1.12,-0.14,0.72
2020-07-08,12.33,12.78,12.97,12.22,56838,83157431.00,6.06,3.23,0.40,0.56
2020-07-09,12.71,12.85,12.88,12.58,55907,83067226.00,2.35,0.55,0.07,0.56
2020-07-10,12.80,12.81,13.08,12.60,55511,80796673.00,3.74,-0.31,-0.04,0.55
2020-07-13,12.80,12.98,13.05,12.60,59224,85929626.00,3.51,1.33,0.17,0.59
2020-07-14,12.99,12.76,13.08,12.65,47077,68443711.00,3.31,-1.69,-0.22,0.47
2020-07-15,12.71,12.42,12.89,12.39,39920,57016777.00,3.92,-2.66,-0.34,0.40
2020-07-16,12.43,11.90,12.54,11.90,35268,49045117.00,5.15,-4.19,-0.52,0.35
2020-07-17,11.88,11.63,12.02,11.47,45665,61046984.00,4.62,-2.27,-0.27,0.45
2020-07-20,11.64,12.11,12.16,11.64,45846,62645629.00,4.47,4.13,0.48,0.46
2020-07-21,12.00,12.08,12.22,11.88,40543,55679174.00,2.81,-0.25,-0.03,0.40
2020-07-22,12.04,12.02,12.19,11.87,31465,43314021.00,2.65,-0.50,-0.06,0.31
2020-07-23,12.00,11.94,12.06,11.63,35668,48341714.00,3.58,-0.67,-0.08,0.35
2020-07-24,11.90,11.45,12.08,11.28,46282,61803397.00,6.70,-4.10,-0.49,0.46
2020-07-27,11.50,11.25,11.55,11.21,32535,42311474.00,2.97,-1.75,-0.20,0.32
2020-07-28,11.27,11.29,11.60,11.21,35142,45707198.00,3.47,0.36,0.04,0.35
2020-07-29,11.30,11.49,11.49,11.14,32485,42453159.00,3.10,1.77,0.20,0.32
2020-07-30,11.49,11.56,11.66,11.39,25520,33742551.00,2.35,0.61,0.07,0.25
2020-07-31,11.59,11.55,11.76,11.33,23418,31033564.00,3.72,-0.09,-0.01,0.23
2020-08-03,11.48,11.75,11.77,11.48,28184,37710318.00,2.51,1.73,0.20,0.28
2020-08-04,11.78,11.79,11.87,11.66,26240,35329395.00,1.79,0.34,0.04,0.26
2020-08-05,11.75,11.65,11.75,11.49,23163,30884897.00,2.21,-1.19,-0.14,0.23
2020-08-06,11.72,11.72,11.81,11.49,25942,34638683.00,2.75,0.60,0.07,0.26
2020-08-07,11.72,11.50,11.75,11.43,30205,40028376.00,2.73,-1.88,-0.22,0.30
2020-08-10,11.49,12.07,12.30,11.39,69153,93842720.00,7.91,4.96,0.57,0.69
2020-08-11,11.98,11.74,12.05,11.70,35024,47426841.00,2.90,-2.73,-0.33,0.35
2020-08-12,11.70,11.66,11.88,11.49,33765,45047360.00,3.32,-0.68,-0.08,0.34
2020-08-13,11.67,11.80,11.95,11.60,26790,36172692.00,3.00,1.20,0.14,0.27
2020-08-14,11.80,11.95,11.97,11.70,27685,37466470.00,2.29,1.27,0.15,0.27
2020-08-17,11.96,12.23,12.29,11.87,61497,84940547.00,3.51,2.34,0.28,0.61
2020-08-18,12.15,12.17,12.30,12.04,44678,61817595.00,2.13,-0.49,-0.06,0.44
2020-08-19,12.09,12.17,12.23,11.98,30242,41798588.00,2.05,0.00,0.00,0.30
2020-08-20,12.15,12.27,12.37,12.05,44312,61879882.00,2.63,0.82,0.10,0.44
2020-08-21,12.28,12.48,12.53,12.23,43087,60622266.00,2.44,1.71,0.21,0.43
2020-08-24,12.46,12.18,12.55,12.08,50256,70092676.00,3.77,-2.40,-0.30,0.50
2020-08-25,12.16,12.30,12.74,12.12,73472,103981049.00,5.09,0.99,0.12,0.73
2020-08-26,12.30,11.89,12.34,11.88,35921,49359373.00,3.74,-3.33,-0.41,0.36
2020-08-27,11.92,12.02,12.13,11.86,22173,30284704.00,2.27,1.09,0.13,0.22
2020-08-28,12.03,12.06,12.17,11.96,26378,36343278.00,1.75,0.33,0.04,0.26
2020-08-31,12.30,12.85,12.93,12.25,104544,149948391.00,5.64,6.55,0.79,1.04
2020-09-01,12.73,13.17,13.26,12.68,83533,123539180.00,4.51,2.49,0.32,0.83
2020-09-02,13.00,13.21,13.35,12.96,58278,86617834.00,2.96,0.30,0.04,0.58
2020-09-03,13.30,12.93,13.38,12.79,38729,57209435.00,4.47,-2.12,-0.28,0.38
2020-09-04,12.70,12.75,12.84,12.55,32475,46686716.00,2.24,-1.39,-0.18,0.32
2020-09-07,12.82,11.98,12.95,11.96,84499,118366249.00,7.76,-6.04,-0.77,0.84
2020-09-08,12.00,11.97,12.09,11.77,40315,54791151.00,2.67,-0.08,-0.01,0.40
2020-09-09,11.85,11.82,11.99,11.80,31518,42822563.00,1.59,-1.25,-0.15,0.31
2020-09-10,11.89,11.69,12.01,11.67,30565,41361161.00,2.88,-1.10,-0.13,0.30
2020-09-11,11.73,11.78,11.84,11.52,23064,30889517.00,2.74,0.77,0.09,0.23
2020-09-14,11.84,11.79,11.86,11.69,20320,27361398.00,1.44,0.08,0.01,0.20
2020-09-15,11.77,11.74,11.84,11.67,18303,24591558.00,1.44,-0.42,-0.05,0.18
2020-09-16,11.79,11.72,11.80,11.59,26864,35951167.00,1.79,-0.17,-0.02,0.27
2020-09-17,11.74,12.07,12.16,11.65,42242,57676206.00,4.35,2.99,0.35,0.42
2020-09-18,12.07,12.20,12.20,11.94,21843,30058774.00,2.15,1.08,0.13,0.22
2020-09-21,12.14,11.95,12.14,11.89,19135,26135313.00,2.05,-2.05,-0.25,0.19
2020-09-22,11.89,11.80,11.92,11.76,15423,20844958.00,1.34,-1.26,-0.15,0.15
2020-09-23,11.85,11.82,11.85,11.74,9430,12726626.00,0.93,0.17,0.02,0.09
2020-09-24,11.77,11.95,12.06,11.74,33356,45463539.00,2.71,1.10,0.13,0.33
2020-09-25,11.90,11.56,11.97,11.51,29038,38772143.00,3.85,-3.26,-0.39,0.29
2020-09-28,11.53,11.50,11.64,11.47,10612,14054709.00,1.47,-0.52,-0.06,0.11
2020-09-29,11.58,11.55,11.58,11.45,8699,11487278.00,1.13,0.43,0.05,0.09
2020-09-30,11.55,11.40,11.57,11.30,12449,16388323.00,2.34,-1.30,-0.15,0.12
2020-10-09,11.57,11.60,11.63,11.42,11079,14710157.00,1.84,1.75,0.20,0.11
2020-10-12,11.61,11.75,11.78,11.61,16316,21914282.00,1.47,1.29,0.15,0.16
2020-10-13,11.77,11.63,11.77,11.56,19738,26292716.00,1.79,-1.02,-0.12,0.20
2020-10-14,11.66,11.12,11.66,11.05,80810,104734136.00,5.25,-4.39,-0.51,0.80
2020-10-15,11.13,11.06,11.18,10.96,38864,49578552.00,1.98,-0.54,-0.06,0.39
2020-10-16,11.03,11.19,11.21,11.03,14954,19177387.00,1.63,1.18,0.13,0.15
2020-10-19,11.16,10.90,11.29,10.80,34587,43992200.00,4.38,-2.59,-0.29,0.34
2020-10-20,10.92,11.04,11.05,10.78,19446,24617157.00,2.48,1.28,0.14,0.19
2020-10-21,10.98,11.12,11.20,10.96,21327,27248507.00,2.17,0.72,0.08,0.21
2020-10-22,11.16,11.02,11.16,10.96,11431,14530426.00,1.80,-0.90,-0.10,0.11
2020-10-23,11.05,10.92,11.05,10.90,11268,14271573.00,1.36,-0.91,-0.10,0.11
2020-10-26,10.90,10.85,10.90,10.75,14764,18467855.00,1.37,-0.64,-0.07,0.15
2020-10-27,10.77,10.90,10.95,10.75,10215,12822015.00,1.84,0.46,0.05,0.10
2020-10-28,10.88,10.85,10.94,10.74,10772,13500918.00,1.83,-0.46,-0.05,0.11
2020-10-29,10.71,10.86,10.91,10.60,9602,11998257.00,2.86,0.09,0.01,0.10
2020-10-30,10.85,10.61,10.98,10.60,22669,28298293.00,3.50,-2.30,-0.25,0.23
2020-11-02,10.63,10.72,10.87,10.57,20594,25549954.00,2.83,1.04,0.11,0.20
2020-11-03,10.72,10.96,11.00,10.72,14507,18292306.00,2.61,2.24,0.24,0.14
2020-11-04,11.00,11.02,11.18,10.93,18205,23192334.00,2.28,0.55,0.06,0.18
2020-11-05,11.02,11.04,11.17,10.90,22766,28940412.00,2.45,0.18,0.02,0.23
2020-11-06,11.04,10.80,11.07,10.74,32194,40328100.00,2.99,-2.17,-0.24,0.32
2020-11-09,10.80,11.00,11.04,10.80,19131,24190916.00,2.22,1.85,0.20,0.19
2020-11-10,11.20,11.03,11.22,10.94,29448,37693104.00,2.55,0.27,0.03,0.29
2020-11-11,11.01,10.99,11.07,10.96,19584,24876993.00,1.00,-0.36,-0.04,0.19
2020-11-12,11.03,11.14,11.15,10.97,14301,18255813.00,1.64,1.36,0.15,0.14
2020-11-13,11.06,11.08,11.14,10.96,13812,17617118.00,1.62,-0.54,-0.06,0.14
2020-11-16,11.10,11.43,11.56,11.10,57830,75856105.00,4.15,3.16,0.35,0.57
2020-11-17,11.46,11.48,11.52,11.33,26535,34904322.00,1.66,0.44,0.05,0.26
2020-11-18,11.50,11.48,11.52,11.37,23965,31494470.00,1.31,0.00,0.00,0.24
2020-11-19,11.49,11.45,11.55,11.40,17239,22680848.00,1.31,-0.26,-0.03,0.17
2020-11-20,11.48,11.45,11.48,11.38,14853,19476269.00,0.87,0.00,0.00,0.15
2020-11-23,11.45,11.48,11.60,11.36,22169,29187075.00,2.10,0.26,0.03,0.22
2020-11-24,11.47,11.59,11.60,11.43,20616,27215881.00,1.48,0.96,0.11,0.20
2020-11-25,11.60,11.38,11.63,11.36,14954,19729945.00,2.33,-1.81,-0.21,0.15
2020-11-26,11.36,11.52,11.52,11.20,18874,24670452.00,2.81,1.23,0.14,0.19
2020-11-27,11.55,11.55,11.61,11.43,9546,12629482.00,1.56,0.26,0.03,0.09
2020-11-30,11.55,11.30,11.61,11.28,36895,48409409.00,2.86,-2.16,-0.25,0.37
2020-12-01,11.30,11.37,11.45,11.25,17997,23514801.00,1.77,0.62,0.07,0.18
2020-12-02,11.38,11.30,11.45,11.26,16775,21874503.00,1.67,-0.62,-0.07,0.17
2020-12-03,11.29,11.32,11.36,11.26,11205,14591908.00,0.88,0.18,0.02,0.11
2020-12-04,11.29,11.22,11.35,11.18,15298,19789398.00,1.50,-0.88,-0.10,0.15
2020-12-07,11.24,11.08,11.25,11.05,14322,18359676.00,1.78,-1.25,-0.14,0.14
2020-12-08,11.16,11.15,11.17,11.06,8022,10296351.00,0.99,0.63,0.07,0.08
2020-12-09,11.15,11.03,11.22,11.02,12162,15598270.00,1.79,-1.08,-0.12,0.12
2020-12-10,11.11,11.16,11.23,11.00,8807,11306988.00,2.09,1.18,0.13,0.09
2020-12-11,11.13,11.10,11.25,11.05,10508,13500060.00,1.79,-0.54,-0.06,0.10
2020-12-14,11.10,11.28,11.30,11.06,10411,13431946.00,2.16,1.62,0.18,0.10
2020-12-15,11.25,11.36,11.38,11.19,10133,13184039.00,1.68,0.71,0.08,0.10
2020-12-16,11.37,11.35,11.42,11.25,9268,12087410.00,1.50,-0.09,-0.01,0.09
2020-12-17,11.31,11.34,11.37,11.11,9352,12114158.00,2.29,-0.09,-0.01,0.09
2020-12-18,11.36,11.34,11.39,11.29,8965,11688745.00,0.88,0.00,0.00,0.09
2020-12-21,11.34,11.19,11.34,11.17,7725,9985035.00,1.50,-1.32,-0.15,0.08
2020-12-22,11.19,10.90,11.22,10.90,15533,19845180.00,2.86,-2.59,-0.29,0.15
2020-12-23,10.90,10.66,10.97,10.58,28968,35974400.00,3.58,-2.20,-0.24,0.29
2020-12-24,10.68,10.36,10.68,10.26,39640,47966876.00,3.94,-2.81,-0.30,0.39
2020-12-25,10.37,10.49,10.55,10.32,15186,18449998.00,2.22,1.25,0.13,0.15
2020-12-28,10.49,10.44,10.59,10.32,15758,19194126.00,2.57,-0.48,-0.05,0.16
2020-12-29,10.45,10.45,10.64,10.38,18126,22166500.00,2.49,0.10,0.01,0.18
2020-12-30,10.43,10.52,10.58,10.38,11837,14445313.00,1.91,0.67,0.07,0.12
2020-12-31,10.57,10.75,10.75,10.54,15555,19239463.00,2.00,2.19,0.23,0.15