2025-01-02,2.78,2.70,2.79,2.68,1435089,402193599.00,3.94,-3.23,-0.09,1.16
2025-01-03,2.70,2.67,2.74,2.66,936076,258350452.00,2.96,-1.11,-0.03,0.76
2025-01-06,2.67,2.66,2.69,2.64,769194,209188373.00,1.87,-0.37,-0.01,0.62
2025-01-07,2.67,2.66,2.68,2.63,730362,197928604.00,1.88,0.00,0.00,0.59
2025-01-08,2.66,2.67,2.68,2.60,1052568,284834041.00,3.01,0.38,0.01,0.85
2025-01-09,2.67,2.63,2.67,2.61,693751,187035069.00,2.25,-1.50,-0.04,0.56
2025-01-10,2.62,2.58,2.63,2.57,558432,148568343.00,2.28,-1.90,-0.05,0.45
2025-01-13,2.56,2.55,2.56,2.52,899435,233819047.00,1.55,-1.16,-0.03,0.73
2025-01-14,2.55,2.61,2.62,2.54,774885,205423454.00,3.14,2.35,0.06,0.63
2025-01-15,2.61,2.58,2.61,2.57,620942,164325267.00,1.53,-1.15,-0.03,0.50
2025-01-16,2.59,2.58,2.62,2.57,697149,185199664.00,1.94,0.00,0.00,0.56
2025-01-17,2.58,2.58,2.60,2.55,554266,146395830.00,1.94,0.00,0.00,0.45
2025-01-20,2.60,2.56,2.61,2.56,695737,183759398.00,1.94,-0.78,-0.02,0.56
2025-01-21,2.57,2.57,2.58,2.54,652652,171234898.00,1.56,0.39,0.01,0.53
2025-01-22,2.57,2.57,2.59,2.55,557620,146508231.00,1.56,0.00,0.00,0.45
2025-01-23,2.58,2.60,2.63,2.58,877502,233797546.00,1.95,1.17,0.03,0.71
2025-01-24,2.59,2.61,2.62,2.57,773201,205437063.00,1.92,0.38,0.01,0.62
2025-01-27,2.65,2.68,2.74,2.64,1211568,333256423.00,3.83,2.68,0.07,0.98
2025-02-05,2.69,2.65,2.70,2.64,881559,240004225.00,2.24,-1.12,-0.03,0.71
2025-02-06,2.66,2.71,2.72,2.64,933154,255543390.00,3.02,2.26,0.06,0.75
2025-02-07,2.70,2.71,2.73,2.69,895378,248036413.00,1.48,0.00,0.00,0.72
2025-02-10,2.71,2.70,2.74,2.69,784971,217731422.00,1.85,-0.37,-0.01,0.63
2025-02-11,2.71,2.71,2.72,2.68,657568,181471667.00,1.48,0.37,0.01,0.53
2025-02-12,2.70,2.72,2.72,2.68,597791,165140529.00,1.48,0.37,0.01,0.48
2025-02-13,2.71,2.69,2.72,2.69,655010,181266958.00,1.10,-1.10,-0.03,0.53
2025-02-14,2.70,2.69,2.70,2.67,485079,133132286.00,1.12,0.00,0.00,0.39
2025-02-17,2.69,2.73,2.74,2.67,1008244,279067733.00,2.60,1.49,0.04,0.81
2025-02-18,2.73,2.71,2.77,2.70,869830,243226564.00,2.56,-0.73,-0.02,0.70
2025-02-19,2.72,2.69,2.73,2.68,668959,184581139.00,1.85,-0.74,-0.02,0.54
2025-02-20,2.69,2.71,2.73,2.66,767912,211582279.00,2.60,0.74,0.02,0.62
2025-02-21,2.71,2.69,2.72,2.67,762748,209758312.00,1.85,-0.74,-0.02,0.62
2025-02-24,2.68,2.71,2.73,2.67,795998,220495584.00,2.23,0.74,0.02,0.64
2025-02-25,2.70,2.69,2.72,2.68,692191,190741809.00,1.48,-0.74,-0.02,0.56
2025-02-26,2.68,2.74,2.74,2.68,1046141,290515616.00,2.23,1.86,0.05,0.84
2025-02-27,2.74,2.74,2.75,2.71,608346,169541843.00,1.46,0.00,0.00,0.49
2025-02-28,2.74,2.72,2.75,2.70,805326,224546230.00,1.82,-0.73,-0.02,0.65
2025-03-03,2.72,2.69,2.73,2.68,920695,254683030.00,1.84,-1.10,-0.03,0.74
2025-03-04,2.69,2.71,2.71,2.67,589435,162353465.00,1.49,0.74,0.02,0.48
2025-03-05,2.71,2.70,2.71,2.68,494258,136141856.00,1.11,-0.37,-0.01,0.40
2025-03-06,2.72,2.73,2.73,2.70,723496,200890747.00,1.11,1.11,0.03,0.58
2025-03-07,2.72,2.70,2.72,2.69,542752,150165905.00,1.10,-1.10,-0.03,0.44
2025-03-10,2.70,2.69,2.72,2.68,534429,147340204.00,1.48,-0.37,-0.01,0.43
2025-03-11,2.68,2.69,2.71,2.66,652851,179201783.00,1.86,0.00,0.00,0.53
2025-03-12,2.69,2.74,2.74,2.68,918525,254968101.00,2.23,1.86,0.05,0.74
2025-03-13,2.73,2.78,2.79,2.73,1260065,355518883.00,2.19,1.46,0.04,1.02
2025-03-14,2.78,2.79,2.81,2.76,925241,263175909.00,1.80,0.36,0.01,0.75
2025-03-17,2.79,2.83,2.85,2.79,1010532,292015195.00,2.15,1.43,0.04,0.82
2025-03-18,2.83,2.82,2.84,2.81,575038,165703852.00,1.06,-0.35,-0.01,0.46
2025-03-19,2.83,2.88,2.90,2.81,1287090,376288533.00,3.19,2.13,0.06,1.04
2025-03-20,2.88,2.91,2.92,2.87,1000491,296463688.00,1.74,1.04,0.03,0.81
2025-03-21,2.90,2.92,2.96,2.90,1290730,385685328.00,2.06,0.34,0.01,1.04
2025-03-24,2.92,2.95,2.95,2.90,1085420,324278275.00,1.71,1.03,0.03,0.88
2025-03-25,2.94,2.97,2.98,2.92,1143203,345537166.00,2.03,0.68,0.02,0.92
2025-03-26,2.96,2.86,2.97,2.85,1841537,541085590.00,4.04,-3.70,-0.11,1.49
2025-03-27,2.86,2.83,2.87,2.82,865534,250545029.00,1.75,-1.05,-0.03,0.70
2025-03-28,2.84,2.79,2.85,2.79,845691,242845299.00,2.12,-1.41,-0.04,0.68
2025-03-31,2.79,2.89,2.92,2.79,1870745,547551348.00,4.66,3.58,0.10,1.51
2025-04-01,2.89,2.93,2.98,2.89,1359396,406584895.00,3.11,1.38,0.04,1.10
2025-04-02,2.93,2.89,2.94,2.87,786837,232131311.00,2.39,-1.37,-0.04,0.63
2025-04-03,2.88,2.92,2.93,2.87,830527,246919425.00,2.08,1.04,0.03,0.67
2025-04-07,2.82,2.69,2.85,2.63,1950472,547608260.00,7.53,-7.88,-0.23,1.57
2025-04-08,2.70,2.79,2.81,2.70,1444860,408604493.00,4.09,3.72,0.10,1.17
2025-04-09,2.77,2.77,2.78,2.67,1494779,417213950.00,3.94,-0.72,-0.02,1.21
2025-04-10,2.79,2.78,2.81,2.76,1133757,322367044.00,1.81,0.36,0.01,0.91
2025-04-11,2.77,2.75,2.77,2.73,926888,260503543.00,1.44,-1.08,-0.03,0.75
2025-04-14,2.76,2.80,2.81,2.76,1005864,286913640.00,1.82,1.82,0.05,0.81
2025-04-15,2.82,2.84,2.85,2.79,1089879,313395015.00,2.14,1.43,0.04,0.88
2025-04-16,2.85,2.87,2.92,2.84,1519281,445875159.00,2.82,1.06,0.03,1.23
2025-04-17,2.87,2.88,2.91,2.85,949350,279454634.00,2.09,0.35,0.01,0.77
2025-04-18,2.89,2.87,2.90,2.85,691292,202489959.00,1.74,-0.35,-0.01,0.56
2025-04-21,2.88,2.91,2.93,2.87,959986,284757000.00,2.09,1.39,0.04,0.77
2025-04-22,2.90,2.89,2.93,2.88,956550,283318280.00,1.72,-0.69,-0.02,0.77
2025-04-23,2.91,2.91,2.96,2.90,1184523,353905336.00,2.08,0.69,0.02,0.96
2025-04-24,2.92,2.97,3.03,2.91,1554048,471763471.00,4.12,2.06,0.06,1.25
2025-04-25,2.99,3.01,3.02,2.97,1556848,476907412.00,1.68,1.35,0.04,1.26
2025-04-28,3.05,3.06,3.10,3.01,2189582,681945365.00,2.99,1.66,0.05,1.77
2025-04-29,3.12,3.08,3.23,3.06,3260635,1040228795.00,5.56,0.65,0.02,2.63
2025-04-30,3.05,3.04,3.13,3.03,1539547,481583640.00,3.25,-1.30,-0.04,1.24
2025-05-06,3.05,3.13,3.14,3.05,1481598,467477202.00,2.96,2.96,0.09,1.20
2025-05-07,3.14,3.12,3.16,3.09,1175646,373955695.00,2.24,-0.32,-0.01,0.95
2025-05-08,3.13,3.14,3.16,3.11,1079399,345107847.00,1.60,0.64,0.02,0.87
2025-05-09,3.14,3.24,3.27,3.14,1827494,599309158.00,4.14,3.18,0.10,1.47
2025-05-12,3.23,3.18,3.26,3.16,1595217,519451175.00,3.09,-1.85,-0.06,1.29
2025-05-13,3.17,3.20,3.21,3.12,1200827,387683046.00,2.83,0.63,0.02,0.97
2025-05-14,3.20,3.19,3.21,3.14,857132,277265276.00,2.19,-0.31,-0.01,0.69
2025-05-15,3.18,3.17,3.23,3.15,899335,291719364.00,2.51,-0.63,-0.02,0.73
2025-05-16,3.15,3.16,3.18,3.14,750378,241581882.00,1.26,-0.32,-0.01,0.61
2025-05-19,3.16,3.21,3.23,3.15,1056583,344587403.00,2.53,1.58,0.05,0.85
2025-05-20,3.20,3.28,3.29,3.20,1177877,389409104.00,2.80,2.18,0.07,0.95
2025-05-21,3.29,3.28,3.33,3.27,1006015,338104098.00,1.83,0.00,0.00,0.81
2025-05-22,3.26,3.23,3.30,3.21,791184,261106204.00,2.74,-1.52,-0.05,0.64
2025-05-23,3.22,3.17,3.23,3.15,988888,320979674.00,2.48,-1.86,-0.06,0.80
2025-05-26,3.17,3.22,3.23,3.16,843413,275806398.00,2.21,1.58,0.05,0.68
2025-05-27,3.22,3.21,3.25,3.19,732532,240254961.00,1.86,-0.31,-0.01,0.59
2025-05-28,3.21,3.16,3.21,3.12,946036,304174993.00,2.80,-1.56,-0.05,0.76
2025-05-29,3.16,3.14,3.17,3.13,714415,229210300.00,1.27,-0.63,-0.02,0.58
2025-05-30,3.14,3.13,3.17,3.12,712413,227725598.00,1.59,-0.32,-0.01,0.57
2025-06-03,3.14,3.16,3.17,3.09,875805,279760590.00,2.56,0.96,0.03,0.71
2025-06-04,3.15,3.14,3.19,3.13,724362,232896847.00,1.90,-0.63,-0.02,0.58
2025-06-05,3.14,3.12,3.17,3.12,622324,199227570.00,1.59,-0.64,-0.02,0.50
2025-06-06,3.12,3.15,3.16,3.11,680345,217907851.00,1.60,0.96,0.03,0.55
2025-06-09,3.16,3.16,3.18,3.12,853511,273858738.00,1.90,0.32,0.01,0.69
2025-06-10,3.16,3.19,3.22,3.15,1272473,413004032.00,2.22,0.95,0.03,1.03
2025-06-11,3.19,3.24,3.26,3.17,1001305,329115945.00,2.82,1.57,0.05,0.81
2025-06-12,3.24,3.22,3.26,3.21,640726,210712106.00,1.54,-0.62,-0.02,0.52
2025-06-13,3.22,3.24,3.28,3.21,1058055,349469699.00,2.17,0.62,0.02,0.85
2025-06-16,3.25,3.23,3.29,3.21,1023332,338660415.00,2.47,-0.31,-0.01,0.83
2025-06-17,3.23,3.26,3.26,3.18,782406,257065451.00,2.48,0.93,0.03,0.63
2025-06-18,3.26,3.24,3.27,3.21,581381,191656715.00,1.84,-0.61,-0.02,0.47
2025-06-19,3.23,3.15,3.24,3.14,1038582,335426667.00,3.09,-2.78,-0.09,0.84
2025-06-20,3.15,3.16,3.19,3.14,727868,234917134.00,1.59,0.32,0.01,0.59
2025-06-23,3.15,3.15,3.18,3.13,809133,260091320.00,1.58,-0.32,-0.01,0.65
2025-06-24,3.15,3.16,3.17,3.13,817477,262637777.00,1.27,0.32,0.01,0.66
2025-06-25,3.17,3.20,3.21,3.15,732186,237438306.00,1.90,1.27,0.04,0.59
2025-06-26,3.19,3.19,3.22,3.18,616189,200685788.00,1.25,-0.31,-0.01,0.50
2025-06-27,3.18,3.09,3.20,3.08,1537121,488867302.00,3.76,-3.13,-0.10,1.24
2025-06-30,3.09,3.11,3.15,3.08,856183,271550072.00,2.27,0.65,0.02,0.69
2025-07-01,3.11,3.23,3.26,3.10,1777235,580242834.00,5.14,3.86,0.12,1.43
2025-07-02,3.23,3.28,3.31,3.22,1313230,438432168.00,2.79,1.55,0.05,1.06
2025-07-03,3.29,3.26,3.30,3.22,746643,247409596.00,2.44,-0.61,-0.02,0.60
2025-07-04,3.28,3.29,3.32,3.27,952951,319479297.00,1.53,0.92,0.03,0.77
2025-07-07,3.34,3.43,3.45,3.29,2437554,838306682.00,4.86,4.26,0.14,1.97
2025-07-08,3.45,3.43,3.46,3.37,1779685,616927391.00,2.62,0.00,0.00,1.44
2025-07-09,3.44,3.44,3.55,3.42,1562652,550651780.00,3.79,0.29,0.01,1.26
2025-07-10,3.43,3.41,3.49,3.40,1243585,433744186.00,2.62,-0.87,-0.03,1.00
2025-07-11,3.42,3.36,3.42,3.34,1250694,427811663.00,2.35,-1.47,-0.05,1.01
2025-07-14,3.36,3.44,3.45,3.36,1649410,574881274.00,2.68,2.38,0.08,1.33
2025-07-15,3.41,3.31,3.41,3.28,1521257,514859658.00,3.78,-3.78,-0.13,1.23
2025-07-16,3.29,3.26,3.31,3.24,1049768,349765416.00,2.11,-1.51,-0.05,0.85
2025-07-17,3.26,3.23,3.28,3.20,1214473,398893905.00,2.45,-0.92,-0.03,0.98
2025-07-18,3.24,3.26,3.27,3.21,950154,313882732.00,1.86,0.93,0.03,0.77
2025-07-21,3.52,3.48,3.59,3.41,6423008,2289163711.00,5.52,6.75,0.22,5.18
2025-07-22,3.57,3.83,3.83,3.56,6624150,2520596339.00,7.76,10.06,0.35,5.34
2025-07-23,4.02,3.68,4.08,3.67,9157557,3612567714.00,10.70,-3.92,-0.15,7.39
2025-07-24,3.59,3.58,3.66,3.50,4867905,1770758836.00,4.35,-2.72,-0.10,3.93
2025-07-25,3.56,3.41,3.56,3.40,3919210,1376011631.00,4.47,-4.75,-0.17,3.16
2025-07-28,3.40,3.38,3.43,3.36,1912457,658938964.00,2.05,-0.88,-0.03,1.54
2025-07-29,3.37,3.35,3.38,3.30,2137148,724786317.00,2.37,-0.89,-0.03,1.72
2025-07-30,3.35,3.41,3.47,3.34,2965133,1030600611.00,3.88,1.79,0.06,2.39
2025-07-31,3.40,3.34,3.40,3.33,1628464,555751871.00,2.05,-2.05,-0.07,1.31
2025-08-01,3.34,3.32,3.37,3.32,965022,327623938.00,1.50,-0.60,-0.02,0.78
2025-08-04,3.30,3.32,3.33,3.28,1352293,454665871.00,1.51,0.00,0.00,1.09
2025-08-05,3.32,3.36,3.37,3.31,1109122,377890280.00,1.81,1.20,0.04,0.89
2025-08-06,3.36,3.32,3.38,3.31,1132650,383761472.00,2.08,-1.19,-0.04,0.91
2025-08-07,3.32,3.31,3.33,3.29,950726,319814401.00,1.20,-0.30,-0.01,0.77
2025-08-08,3.31,3.35,3.37,3.30,1314655,447707704.00,2.11,1.21,0.04,1.06
2025-08-11,3.35,3.34,3.36,3.30,1178169,398287928.00,1.79,-0.30,-0.01,0.95
2025-08-12,3.33,3.31,3.34,3.30,950815,320344781.00,1.20,-0.90,-0.03,0.77
2025-08-13,3.30,3.31,3.31,3.29,849628,285572363.00,0.60,0.00,0.00,0.69
2025-08-14,3.31,3.25,3.31,3.25,1253988,418775455.00,1.81,-1.81,-0.06,1.01
2025-08-15,3.25,3.27,3.28,3.24,861660,285968899.00,1.23,0.62,0.02,0.70
2025-08-18,3.27,3.30,3.31,3.25,1118913,375071253.00,1.83,0.92,0.03,0.90
2025-08-19,3.31,3.30,3.32,3.28,1019500,342528015.00,1.21,0.00,0.00,0.82
2025-08-20,3.29,3.33,3.33,3.28,1042370,351308187.00,1.52,0.91,0.03,0.84
2025-08-21,3.34,3.40,3.41,3.33,1776277,611828678.00,2.40,2.10,0.07,1.43
2025-08-22,3.41,3.38,3.41,3.34,1340691,450909327.00,2.06,-0.59,-0.02,1.08
2025-08-25,3.38,3.42,3.42,3.36,1495347,509138569.00,1.78,1.18,0.04,1.21
2025-08-26,3.42,3.41,3.43,3.39,969377,331079350.00,1.17,-0.29,-0.01,0.78
2025-08-27,3.42,3.36,3.46,3.36,1539533,526314069.00,2.93,-1.47,-0.05,1.24
2025-08-28,3.37,3.41,3.42,3.32,1412638,475147398.00,2.98,1.49,0.05,1.14
2025-08-29,3.47,3.49,3.60,3.46,3227671,1138976334.00,4.11,2.35,0.08,2.60
2025-09-01,3.50,3.59,3.61,3.45,2575638,914936457.00,4.58,2.87,0.10,2.08
2025-09-02,3.61,3.66,3.69,3.55,2665896,971855857.00,3.90,1.95,0.07,2.15
2025-09-03,3.66,3.60,3.67,3.58,1788461,646414363.00,2.46,-1.64,-0.06,1.44
2025-09-04,3.61,3.56,3.61,3.50,1729213,613370200.00,3.06,-1.11,-0.04,1.39
2025-09-05,3.55,3.65,3.66,3.51,1665159,598296004.00,4.21,2.53,0.09,1.34
2025-09-08,3.66,3.72,3.75,3.66,1722962,639745461.00,2.47,1.92,0.07,1.39
2025-09-09,3.73,3.71,3.76,3.67,1305733,485235072.00,2.42,-0.27,-0.01,1.05
2025-09-10,3.69,3.68,3.70,3.64,1145034,419685039.00,1.62,-0.81,-0.03,0.92
2025-09-11,3.67,3.69,3.71,3.64,1388843,511175463.00,1.90,0.27,0.01,1.12
2025-09-12,3.69,3.66,3.72,3.64,1238299,455876029.00,2.17,-0.81,-0.03,1.00
2025-09-15,3.65,3.67,3.72,3.63,1254586,460810005.00,2.46,0.27,0.01,1.01
2025-09-16,3.67,3.58,3.70,3.54,1524343,547331205.00,4.36,-2.45,-0.09,1.23
2025-09-17,3.58,3.55,3.59,3.51,922557,327130574.00,2.23,-0.84,-0.03,0.74
2025-09-18,3.54,3.47,3.55,3.45,1198904,419805481.00,2.82,-2.25,-0.08,0.97
2025-09-19,3.47,3.44,3.49,3.43,699483,241712198.00,1.73,-0.86,-0.03,0.56
2025-09-22,3.44,3.39,3.45,3.36,967004,327326868.00,2.62,-1.45,-0.05,0.78
2025-09-23,3.39,3.39,3.47,3.37,916955,313113668.00,2.95,0.00,0.00,0.74