2024-01-02,479.10,471.35,479.73,471.35,13504,61268138.00,1.75,-1.62,-7.75,0.69
2024-01-03,471.35,466.74,471.35,460.04,11718,51957894.00,2.40,-0.98,-4.61,0.60
2024-01-04,461.82,465.07,468.52,459.93,11120,49294278.00,1.84,-0.36,-1.67,0.57
2024-01-05,462.66,451.14,467.89,448.83,11902,52032912.00,4.10,-3.00,-13.93,0.61
2024-01-08,450.19,448.73,453.54,446.11,17116,73397504.00,1.65,-0.53,-2.41,0.87
2024-01-09,449.88,441.50,457.73,439.82,12436,53063954.00,3.99,-1.61,-7.23,0.64
2024-01-10,439.93,439.40,448.73,430.50,10052,42129245.00,4.13,-0.48,-2.10,0.51
2024-01-11,439.30,450.19,451.76,437.83,11743,49837777.00,3.17,2.46,10.79,0.60
2024-01-12,449.88,450.61,463.18,448.62,11281,48917136.00,3.23,0.09,0.42,0.58
2024-01-15,450.19,453.75,463.50,439.19,18256,78999034.00,5.39,0.70,3.14,0.93
2024-01-16,450.40,447.68,452.18,440.66,12170,51827941.00,2.54,-1.34,-6.07,0.62
2024-01-17,448.10,430.29,448.10,430.29,9255,38694188.00,3.98,-3.88,-17.39,0.47
2024-01-18,426.31,431.44,432.60,419.08,13323,54136549.00,3.14,0.27,1.15,0.68
2024-01-19,429.14,420.03,438.57,420.03,8327,33955680.00,4.30,-2.64,-11.41,0.43
2024-01-22,418.77,392.06,418.77,388.39,16199,62556236.00,7.23,-6.66,-27.97,0.83
2024-01-23,391.43,393.21,398.45,385.25,12040,45114332.00,3.37,0.29,1.15,0.61
2024-01-24,403.90,404.31,416.57,393.95,19757,76686191.00,5.75,2.82,11.10,1.01
2024-01-25,402.95,417.72,418.98,400.75,14003,55067831.00,4.51,3.32,13.41,0.72
2024-01-26,418.87,408.71,421.49,407.14,10394,41063410.00,3.44,-2.16,-9.01,0.53
2024-01-29,413.64,387.56,413.64,387.56,12636,47777217.00,6.38,-5.17,-21.15,0.65
2024-01-30,387.66,371.95,391.43,371.95,10514,38425083.00,5.03,-4.03,-15.61,0.54
2024-01-31,370.48,360.01,383.26,359.59,16026,56551134.00,6.36,-3.21,-11.94,0.82
2024-02-01,358.23,365.77,370.38,352.68,14624,50399311.00,4.92,1.60,5.76,0.75
2024-02-02,366.61,338.95,366.61,328.27,20808,68649922.00,10.48,-7.33,-26.82,1.06
2024-02-05,334.97,301.25,334.97,294.75,27862,82307051.00,11.87,-11.12,-37.70,1.42
2024-02-06,293.39,319.47,329.63,286.79,27371,80635796.00,14.22,6.05,18.22,1.40
2024-02-07,320.20,328.69,342.31,318.63,29917,94951159.00,7.41,2.89,9.22,1.53
2024-02-08,330.47,345.66,352.57,330.47,32453,107291327.00,6.72,5.16,16.97,1.66
2024-02-19,355.61,341.47,355.61,334.66,33551,109322444.00,6.06,-1.21,-4.19,1.71
2024-02-20,342.10,339.06,342.10,332.36,20237,64878359.00,2.85,-0.71,-2.41,1.03
2024-02-21,337.70,348.38,361.89,337.70,30150,101039623.00,7.13,2.75,9.32,1.54
2024-02-22,348.80,354.88,359.48,345.24,21923,73806701.00,4.09,1.87,6.50,1.12
2024-02-23,355.29,359.17,359.80,348.49,19088,64493239.00,3.19,1.21,4.29,0.97
2024-02-26,364.62,369.02,376.56,359.27,23872,83665061.00,4.81,2.74,9.85,1.22
2024-02-27,365.56,380.22,380.22,365.56,21179,75622246.00,3.97,3.04,11.20,1.08
2024-02-28,380.33,360.11,409.13,360.11,59280,218721853.00,12.89,-5.29,-20.11,3.03
2024-02-29,362.42,432.18,432.18,361.37,75542,284224079.00,19.66,20.01,72.07,3.86
2024-03-01,471.56,456.37,499.42,453.54,139686,629638710.00,10.62,5.60,24.19,7.13
2024-03-04,439.93,437.10,449.46,419.61,100891,417819874.00,6.54,-4.22,-19.27,5.15
2024-03-05,433.54,438.04,457.32,429.45,66305,281106869.00,6.38,0.22,0.94,3.39
2024-03-06,446.32,440.03,456.79,435.42,46963,199663584.00,4.88,0.45,1.99,2.40
2024-03-07,433.64,420.03,445.17,419.19,46705,191946305.00,5.90,-4.55,-20.00,2.39
2024-03-08,420.13,414.06,421.18,405.15,39190,154164252.00,3.82,-1.42,-5.97,2.00
2024-03-11,416.15,432.39,438.15,415.73,41298,168151980.00,5.41,4.43,18.33,2.11
2024-03-12,434.27,432.07,434.27,426.00,27473,112890795.00,1.91,-0.07,-0.32,1.40
2024-03-13,429.56,423.69,429.56,422.02,25073,101692311.00,1.75,-1.94,-8.38,1.28
2024-03-14,426.31,413.64,426.31,407.25,24617,97527452.00,4.50,-2.37,-10.05,1.26
2024-03-15,407.46,417.51,417.62,406.10,20058,78591435.00,2.79,0.94,3.87,1.02
2024-03-18,417.72,425.79,426.31,416.47,21441,86108755.00,2.36,1.98,8.28,1.10
2024-03-19,421.60,422.75,439.51,421.60,32524,133576441.00,4.21,-0.71,-3.04,1.66
2024-03-20,421.91,428.30,431.65,421.60,22437,91706565.00,2.38,1.31,5.55,1.15
2024-03-21,431.55,449.98,458.47,426.21,57769,245197271.00,7.53,5.06,21.68,2.95
2024-03-22,446.63,459.83,482.87,438.67,63810,281178401.00,9.82,2.19,9.85,3.26
2024-03-25,460.88,429.45,460.88,429.24,42421,179739554.00,6.88,-6.61,-30.38,2.17
2024-03-26,425.26,420.34,436.79,416.05,29341,119423027.00,4.83,-2.12,-9.11,1.50
2024-03-27,417.93,393.11,420.03,393.11,28762,111404660.00,6.40,-6.48,-27.23,1.47
2024-03-28,392.27,411.65,416.67,392.27,29103,113157064.00,6.21,4.72,18.54,1.49
2024-03-29,411.33,429.77,448.20,411.33,40480,166702490.00,8.96,4.40,18.12,2.07
2024-04-01,429.77,432.28,438.04,425.58,22712,93594100.00,2.90,0.58,2.51,1.16
2024-04-02,439.19,429.56,439.93,426.00,19568,80676165.00,3.22,-0.63,-2.72,1.00
2024-04-03,429.35,413.95,429.35,413.22,22059,87909176.00,3.76,-3.63,-15.61,1.13
2024-04-08,411.65,399.71,411.75,399.08,20268,78498029.00,3.06,-3.44,-14.24,1.04
2024-04-09,401.49,407.56,414.68,399.92,14973,58294494.00,3.69,1.96,7.85,0.76
2024-04-10,398.03,393.74,407.56,392.90,16377,62281231.00,3.60,-3.39,-13.82,0.84
2024-04-11,391.54,387.66,398.03,386.19,14353,53646671.00,3.01,-1.54,-6.08,0.73
2024-04-12,386.09,374.67,391.64,374.46,16926,61561053.00,4.43,-3.35,-12.99,0.86
2024-04-15,372.47,352.47,375.82,347.33,33578,114341146.00,7.60,-5.93,-22.20,1.72
2024-04-16,346.71,324.81,349.85,324.81,33225,105799415.00,7.10,-7.85,-27.66,1.70
2024-04-17,335.08,388.29,389.76,335.08,62884,221086037.00,16.83,19.54,63.48,3.21
2024-04-18,383.05,365.45,383.05,365.35,42411,150473340.00,4.56,-5.88,-22.84,2.17
2024-04-19,363.46,362.73,376.87,360.22,23600,82511104.00,4.56,-0.74,-2.72,1.21
2024-04-22,370.90,364.62,370.90,354.14,16115,55909364.00,4.62,0.52,1.89,0.82
2024-04-23,358.75,363.88,372.05,358.75,13748,48088287.00,3.65,-0.20,-0.74,0.70
2024-04-24,363.88,374.99,374.99,363.88,17622,62310535.00,3.05,3.05,11.11,0.90
2024-04-25,373.94,374.15,380.85,371.53,16262,58444641.00,2.49,-0.22,-0.84,0.83
2024-04-26,378.13,385.04,385.67,369.96,19640,71382132.00,4.20,2.91,10.89,1.00
2024-04-29,374.99,383.47,383.89,370.48,32323,116516794.00,3.48,-0.41,-1.57,1.65
2024-04-30,385.46,376.98,385.46,372.89,19949,71863024.00,3.28,-1.69,-6.49,1.02
2024-05-06,381.59,381.48,385.25,379.49,17552,64127335.00,1.53,1.19,4.50,0.90
2024-05-07,386.40,396.88,403.27,376.56,35189,131235419.00,7.00,4.04,15.40,1.80
2024-05-08,393.63,392.79,405.47,384.73,30477,114993780.00,5.23,-1.03,-4.09,1.56
2024-05-09,390.49,392.37,399.81,390.49,20895,78914303.00,2.37,-0.11,-0.42,1.07
2024-05-10,392.37,378.65,392.37,377.08,19569,71275162.00,3.90,-3.50,-13.72,1.00
2024-05-13,372.68,368.49,374.99,365.98,14076,49698868.00,2.38,-2.68,-10.16,0.72
2024-05-14,367.55,368.39,374.04,367.44,9582,33855966.00,1.79,-0.03,-0.10,0.49
2024-05-15,368.49,368.07,377.40,368.07,10590,37681651.00,2.53,-0.09,-0.32,0.54
2024-05-16,365.45,364.41,371.63,364.41,9611,33733467.00,1.96,-0.99,-3.66,0.49
2024-05-17,364.83,372.79,373.10,361.79,12893,45297916.00,3.10,2.30,8.38,0.66
2024-05-20,371.84,367.55,377.29,366.19,14498,51341175.00,2.98,-1.41,-5.24,0.74
2024-05-21,366.71,356.34,366.71,356.13,14980,51372391.00,2.88,-3.05,-11.21,0.77
2024-05-22,358.23,363.05,363.46,356.66,10752,37025653.00,1.91,1.88,6.71,0.55
2024-05-23,363.05,354.04,363.05,353.20,10994,37385512.00,2.71,-2.48,-9.01,0.56
2024-05-24,356.03,345.45,356.03,344.40,11256,37424815.00,3.28,-2.43,-8.59,0.57
2024-05-27,345.97,347.96,348.49,338.22,11282,36909803.00,2.97,0.73,2.51,0.58
2024-05-28,348.07,344.72,350.37,342.93,9115,30147426.00,2.14,-0.93,-3.24,0.47
2024-05-29,347.96,349.85,353.41,346.18,10292,34430168.00,2.10,1.49,5.13,0.53
2024-05-30,352.99,360.43,370.80,352.99,22571,78307075.00,5.09,3.02,10.58,1.15
2024-05-31,356.13,359.27,363.78,354.04,15135,51864409.00,2.70,-0.32,-1.16,0.77
2024-06-03,359.48,352.05,362.94,348.90,13755,46700717.00,3.91,-2.01,-7.22,0.70
2024-06-04,352.89,347.44,352.89,342.72,12694,41860100.00,2.89,-1.31,-4.61,0.65
2024-06-05,346.91,341.68,349.43,341.68,8964,29599442.00,2.23,-1.66,-5.76,0.46
2024-06-06,343.46,327.85,345.66,326.59,17928,56989457.00,5.58,-4.05,-13.83,0.92
2024-06-07,328.17,332.46,336.23,328.17,11262,35743283.00,2.46,1.41,4.61,0.58
2024-06-11,333.09,338.33,340.21,326.91,9595,30553127.00,4.00,1.77,5.87,0.49
2024-06-12,338.64,341.57,344.40,338.64,7838,25547580.00,1.70,0.96,3.24,0.40
2024-06-13,341.57,345.24,349.74,338.33,11713,38509334.00,3.34,1.07,3.67,0.60
2024-06-14,345.34,345.24,346.50,340.00,10478,34280326.00,1.88,0.00,0.00,0.54
2024-06-17,345.34,343.04,349.85,339.69,10726,35395313.00,2.94,-0.64,-2.20,0.55
2024-06-18,344.82,345.03,346.71,341.68,9972,32796985.00,1.47,0.58,1.99,0.51
2024-06-19,342.52,336.23,346.71,335.50,10690,34690330.00,3.25,-2.55,-8.80,0.55
2024-06-20,336.75,335.29,345.66,333.09,17324,56217098.00,3.74,-0.28,-0.94,0.88
2024-06-21,335.08,329.11,335.18,327.33,11095,35005342.00,2.34,-1.84,-6.18,0.57
2024-06-24,324.81,310.57,327.22,310.15,16645,50352239.00,5.19,-5.63,-18.54,0.85
2024-06-25,310.57,305.44,313.40,302.82,12145,35759591.00,3.41,-1.65,-5.13,0.62
2024-06-26,307.43,319.16,320.52,302.92,14263,42337972.00,5.76,4.49,13.72,0.73
2024-06-27,318.42,312.03,320.00,311.93,9557,28808536.00,2.53,-2.23,-7.13,0.49
2024-06-28,312.35,314.03,320.52,312.14,11126,33655012.00,2.69,0.64,2.00,0.57
2024-07-01,314.23,313.40,317.06,302.29,11976,35368548.00,4.70,-0.20,-0.63,0.61
2024-07-02,316.96,310.25,316.96,309.52,7727,23047315.00,2.37,-1.01,-3.15,0.39
2024-07-03,309.10,309.84,314.86,306.90,9293,27577011.00,2.57,-0.13,-0.41,0.47
2024-07-04,312.87,297.06,313.61,294.54,12190,35067093.00,6.15,-4.12,-12.78,0.62
2024-07-05,295.38,297.48,300.30,292.97,10121,28762773.00,2.47,0.14,0.42,0.52
2024-07-08,298.00,285.43,298.00,284.38,11836,32586156.00,4.58,-4.05,-12.05,0.60
2024-07-09,285.85,288.47,290.88,280.40,10226,27966410.00,3.67,1.07,3.04,0.52
2024-07-10,288.68,290.14,299.57,288.68,11419,32064588.00,3.78,0.58,1.67,0.58
2024-07-11,296.22,299.78,301.87,294.44,10285,29353893.00,2.56,3.32,9.64,0.53
2024-07-12,301.67,299.78,304.07,298.63,7106,20453730.00,1.81,0.00,0.00,0.36
2024-07-15,301.46,294.02,301.46,291.82,9277,26167190.00,3.22,-1.92,-5.76,0.47
2024-07-16,293.70,287.00,293.70,285.53,16071,44198184.00,2.78,-2.39,-7.02,0.82
2024-07-17,287.32,287.00,288.05,280.93,12509,34028195.00,2.48,0.00,0.00,0.64
2024-07-18,285.32,285.74,287.00,279.88,10136,27413668.00,2.48,-0.44,-1.26,0.52
2024-07-19,284.17,292.24,293.50,283.65,14372,39633658.00,3.45,2.27,6.50,0.73
2024-07-22,292.97,296.64,297.66,292.09,13784,27721394.00,1.91,1.51,4.40,0.70
2024-07-23,294.88,293.26,302.94,293.26,17194,35032392.00,3.26,-1.14,-3.38,0.88
2024-07-24,295.32,283.59,295.32,282.27,16771,32830127.00,4.45,-3.30,-9.67,0.86
2024-07-25,279.92,289.75,292.24,279.92,13917,27333746.00,4.34,2.17,6.16,0.71
2024-07-26,289.31,294.00,296.34,289.31,14209,28418067.00,2.43,1.47,4.25,0.73
2024-07-29,294.88,290.04,294.88,288.28,9473,18762463.00,2.24,-1.35,-3.96,0.48
2024-07-30,288.43,293.56,294.73,286.37,11474,22783417.00,2.88,1.21,3.52,0.59
2024-07-31,295.02,310.86,312.03,293.41,24732,51328857.00,6.34,5.89,17.30,1.26
2024-08-01,312.03,309.98,315.99,309.39,20149,42927856.00,2.12,-0.28,-0.88,1.03
2024-08-02,309.98,301.77,309.98,300.74,13472,28035833.00,2.98,-2.65,-8.21,0.69
2024-08-05,301.18,289.45,306.02,289.45,18239,36929740.00,5.49,-4.08,-12.32,0.93
2024-08-06,297.66,296.49,298.84,292.53,12489,25173237.00,2.18,2.43,7.04,0.64
2024-08-07,294.88,294.73,299.13,293.12,11330,22884317.00,2.03,-0.59,-1.76,0.58
2024-08-08,293.26,293.41,297.66,286.23,12620,25162239.00,3.88,-0.45,-1.32,0.64
2024-08-09,294.58,286.81,296.20,286.81,13068,25918775.00,3.20,-2.25,-6.60,0.67
2024-08-12,290.33,291.80,299.72,282.71,30311,60345242.00,5.93,1.74,4.99,1.55
2024-08-13,288.28,293.41,296.05,286.08,17212,34160200.00,3.42,0.55,1.61,0.88
2024-08-14,291.50,289.89,296.78,289.89,12878,25678420.00,2.35,-1.20,-3.52,0.66
2024-08-15,291.07,292.68,295.90,285.35,15404,30615501.00,3.64,0.96,2.79,0.79
2024-08-16,298.40,294.00,306.46,292.68,24868,50703411.00,4.71,0.45,1.32,1.27
2024-08-19,294.88,302.36,314.67,294.58,33867,70432407.00,6.83,2.84,8.36,1.73
2024-08-20,303.53,311.89,314.38,296.64,39384,82191954.00,5.87,3.15,9.53,2.01
2024-08-21,307.93,306.90,315.41,305.87,26264,55492401.00,3.06,-1.60,-4.99,1.34
2024-08-22,308.81,310.27,313.06,305.87,19815,41700266.00,2.34,1.10,3.37,1.01
2024-08-23,309.69,307.93,313.65,306.61,16093,34032231.00,2.27,-0.75,-2.34,0.82
2024-08-26,309.39,307.93,316.29,305.44,20757,43974150.00,3.52,0.00,0.00,1.06
2024-08-27,307.63,296.34,307.63,294.88,19760,40270411.00,4.14,-3.76,-11.59,1.01
2024-08-28,293.12,297.81,303.97,293.12,14525,29672551.00,3.66,0.50,1.47,0.74
2024-08-29,296.34,304.26,307.19,296.34,19000,39277743.00,3.64,2.17,6.45,0.97
2024-08-30,304.26,313.50,318.19,303.82,34078,72706072.00,4.72,3.04,9.24,1.74
2024-09-02,316.43,303.97,316.43,302.80,20635,43580212.00,4.35,-3.04,-9.53,1.05
2024-09-03,305.44,307.93,312.03,304.26,18526,38958832.00,2.56,1.30,3.96,0.95
2024-09-04,308.22,311.89,315.55,305.44,21727,46163476.00,3.28,1.29,3.96,1.11
2024-09-05,311.89,309.83,313.65,308.37,13204,27995645.00,1.69,-0.66,-2.06,0.67
2024-09-06,313.06,303.53,313.06,303.09,13430,27992644.00,3.22,-2.03,-6.30,0.69
2024-09-09,301.92,294.14,303.09,293.26,16138,32779952.00,3.24,-3.09,-9.39,0.82
2024-09-10,294.14,295.61,297.22,288.43,15438,30753724.00,2.99,0.50,1.47,0.79
2024-09-11,293.26,297.66,299.86,293.12,15211,30811944.00,2.28,0.69,2.05,0.78
2024-09-12,298.40,301.62,306.90,298.40,19228,39857041.00,2.86,1.33,3.96,0.98
2024-09-13,301.48,289.16,301.48,287.55,19562,39297111.00,4.62,-4.13,-12.46,1.00
2024-09-18,291.80,282.71,291.80,278.60,16817,32424865.00,4.56,-2.23,-6.45,0.86
2024-09-19,284.47,286.23,291.07,279.92,15677,30619116.00,3.94,1.25,3.52,0.80
2024-09-20,287.25,280.51,287.25,276.70,15001,28726397.00,3.69,-2.00,-5.72,0.77
2024-09-23,280.21,276.26,281.24,274.64,12954,24499021.00,2.35,-1.52,-4.25,0.66
2024-09-24,284.91,290.33,290.77,275.96,27988,54421955.00,5.36,5.09,14.07,1.43
2024-09-25,294.73,292.24,300.89,291.80,28116,56903913.00,3.13,0.66,1.91,1.44
2024-09-26,291.80,306.31,306.75,290.92,27257,55388751.00,5.42,4.81,14.07,1.39
2024-09-27,312.33,325.96,329.63,310.13,39601,86611306.00,6.37,6.42,19.65,2.02
2024-09-30,335.49,376.70,385.64,335.49,93413,229627903.00,15.39,15.57,50.74,4.77
2024-10-08,451.77,424.79,451.77,399.57,114988,331537131.00,13.86,12.77,48.09,5.87
2024-10-09,409.10,371.57,415.12,371.57,81611,219569881.00,10.25,-12.53,-53.22,4.17
2024-10-10,381.24,376.40,391.51,373.18,53682,140316030.00,4.93,1.30,4.83,2.74
2024-10-11,378.31,354.85,378.31,349.28,48350,118586545.00,7.71,-5.73,-21.55,2.47
2024-10-14,355.00,352.06,355.00,337.69,55323,130816190.00,4.88,-0.79,-2.79,2.83
2024-10-15,351.48,342.53,354.85,342.39,39529,93789547.00,3.54,-2.71,-9.53,2.02
2024-10-16,332.27,336.37,342.24,332.27,30642,70404555.00,2.91,-1.80,-6.16,1.57
2024-10-17,338.72,329.78,341.21,329.19,27056,61820340.00,3.57,-1.96,-6.59,1.38
2024-10-18,328.46,349.28,363.65,328.46,55029,129875327.00,10.67,5.91,19.50,2.81
2024-10-21,354.85,352.80,362.18,351.04,48563,117702945.00,3.19,1.01,3.52,2.48
2024-10-22,353.53,357.05,358.37,346.35,39587,95122699.00,3.41,1.20,4.25,2.02
2024-10-23,359.25,377.58,395.76,357.34,88722,228285851.00,10.76,5.75,20.53,4.53
2024-10-24,378.02,363.35,378.02,360.42,49345,122827493.00,4.66,-3.77,-14.23,2.52
2024-10-25,363.65,378.16,381.24,363.65,46918,119890216.00,4.84,4.08,14.81,2.40
2024-10-28,381.98,378.60,381.98,375.53,35192,90601388.00,1.71,0.12,0.44,1.80
2024-10-29,378.60,361.16,380.22,360.28,49162,122976230.00,5.27,-4.61,-17.44,2.51
2024-10-30,355.73,352.06,362.77,348.54,34071,82453141.00,3.94,-2.52,-9.10,1.74
2024-10-31,354.41,364.97,372.45,354.41,46098,114592452.00,5.12,3.67,12.91,2.35
2024-11-01,361.60,348.69,361.60,345.03,42018,100617559.00,4.54,-4.46,-16.28,2.15
2024-11-04,349.86,358.96,360.13,347.52,30027,72766541.00,3.62,2.95,10.27,1.53
2024-11-05,364.38,375.82,379.48,364.38,59437,151720088.00,4.21,4.70,16.86,3.04
2024-11-06,376.55,370.98,382.86,368.19,48828,125308144.00,3.90,-1.29,-4.84,2.49
2024-11-07,386.52,389.16,395.91,377.43,77195,203604983.00,4.98,4.90,18.18,3.94
2024-11-08,395.17,389.75,401.33,385.06,60189,161310472.00,4.18,0.15,0.59,3.07
2024-11-11,390.77,417.17,417.76,390.77,81511,227516126.00,6.92,7.04,27.42,4.16
2024-11-12,413.50,410.86,422.89,405.44,70443,198069575.00,4.18,-1.51,-6.31,3.60
2024-11-13,409.10,416.88,424.79,404.12,64754,183193427.00,5.03,1.47,6.02,3.31
2024-11-14,413.94,397.67,418.49,397.67,51552,142398219.00,4.99,-4.61,-19.21,2.63
2024-11-15,394.15,384.03,401.48,383.30,36161,96760770.00,4.57,-3.43,-13.64,1.85
2024-11-18,384.03,368.05,384.03,365.26,40732,103557380.00,4.89,-4.16,-15.98,2.08
2024-11-19,368.63,376.70,376.84,363.50,31538,79496846.00,3.62,2.35,8.65,1.61
2024-11-20,372.89,383.15,385.94,372.89,35544,92199478.00,3.46,1.71,6.45,1.82
2024-11-21,382.27,388.43,398.84,378.60,43424,115537386.00,5.28,1.38,5.28,2.22
2024-11-22,386.96,365.70,388.43,365.11,41428,106675005.00,6.00,-5.85,-22.73,2.12
2024-11-25,364.67,370.39,370.98,361.60,25166,62891714.00,2.56,1.28,4.69,1.29
2024-11-26,371.42,359.25,371.42,356.02,28836,71047738.00,4.16,-3.01,-11.14,1.47
2024-11-27,357.34,363.65,363.79,348.69,33337,80616680.00,4.20,1.22,4.40,1.70
2024-11-28,363.94,360.42,370.39,360.42,27407,68156180.00,2.74,-0.89,-3.23,1.40
2024-11-29,360.57,366.14,371.71,353.97,29673,73511219.00,4.92,1.59,5.72,1.52
2024-12-02,367.02,375.09,381.68,361.89,33644,85622515.00,5.41,2.44,8.95,1.72
2024-12-03,375.23,375.09,376.40,366.73,25667,65012270.00,2.58,0.00,0.00,1.31
2024-12-04,373.62,365.11,373.62,362.77,24396,61064440.00,2.89,-2.66,-9.98,1.25
2024-12-05,369.81,393.71,406.76,369.81,107194,287297511.00,10.12,7.83,28.60,5.48
2024-12-06,393.85,386.96,396.64,380.22,64276,169346661.00,4.17,-1.71,-6.75,3.28
2024-12-09,392.09,394.44,403.09,385.50,59368,160403622.00,4.55,1.93,7.48,3.03
2024-12-10,407.93,390.48,407.93,389.16,52795,143384180.00,4.76,-1.00,-3.96,2.70
2024-12-11,384.32,385.79,392.97,383.59,38600,101716098.00,2.40,-1.20,-4.69,1.97
2024-12-12,386.67,382.56,386.67,377.28,37873,98404760.00,2.43,-0.84,-3.23,1.93
2024-12-13,380.80,369.51,380.80,367.31,59399,150363427.00,3.53,-3.41,-13.05,3.03
2024-12-16,368.78,363.35,368.78,361.45,29291,72728742.00,1.98,-1.67,-6.16,1.50
2024-12-17,365.70,352.36,365.70,351.48,31180,75744977.00,3.91,-3.02,-10.99,1.59
2024-12-18,355.00,355.14,357.64,347.96,21084,50824059.00,2.75,0.79,2.78,1.08
2024-12-19,350.30,366.87,376.99,350.16,58339,146329925.00,7.55,3.30,11.73,2.98
2024-12-20,367.31,362.91,369.22,361.74,29071,72286178.00,2.04,-1.08,-3.96,1.48
2024-12-23,363.35,350.60,363.50,350.16,25737,62355915.00,3.68,-3.39,-12.31,1.31
2024-12-24,356.02,353.82,363.65,350.60,24244,58857744.00,3.72,0.92,3.22,1.24
2024-12-25,352.94,346.20,355.29,344.29,21845,51741547.00,3.11,-2.15,-7.62,1.12
2024-12-26,347.08,352.21,356.76,347.08,18199,43758225.00,2.80,1.74,6.01,0.93
2024-12-27,352.21,357.34,368.19,352.21,35996,88808518.00,4.54,1.46,5.13,1.84
2024-12-30,357.93,355.58,357.93,347.23,25487,61444324.00,2.99,-0.49,-1.76,1.30
2024-12-31,363.50,353.38,367.02,353.38,42639,104950658.00,3.84,-0.62,-2.20,2.18