2018-01-02,1506.52,1511.43,1514.93,1501.35,666586,541040696.00,0.90,0.51,7.72,0.76
2018-01-03,1513.04,1531.91,1532.64,1505.48,454273,418095028.00,1.80,1.36,20.48,0.51
2018-01-04,1531.00,1535.46,1542.61,1522.75,578346,500663892.00,1.30,0.23,3.55,0.66
2018-01-05,1535.70,1538.90,1539.30,1523.43,529581,452339233.00,1.03,0.22,3.44,0.60
2018-01-08,1541.12,1538.90,1541.12,1527.43,501190,445033136.00,0.89,0.00,0.00,0.57
2018-01-09,1536.60,1530.49,1536.60,1518.27,479102,412523852.00,1.19,-0.55,-8.41,0.54
2018-01-10,1533.29,1531.21,1539.04,1522.08,527839,462219016.00,1.11,0.05,0.72,0.60
2018-01-11,1525.09,1536.91,1541.14,1522.08,340774,319384620.00,1.24,0.37,5.70,0.39
2018-01-12,1536.28,1529.67,1539.89,1525.89,315053,297190677.00,0.91,-0.47,-7.24,0.36
2018-01-15,1535.22,1484.49,1535.22,1482.96,557531,484804838.00,3.42,-2.95,-45.18,0.63
2018-01-16,1480.73,1496.04,1498.12,1480.73,640469,600788840.00,1.17,0.78,11.55,0.73
2018-01-17,1489.70,1497.96,1505.68,1476.14,625977,574788380.00,1.97,0.13,1.92,0.71
2018-01-18,1494.01,1512.78,1514.31,1492.48,602101,558230942.00,1.46,0.99,14.82,0.68
2018-01-19,1509.94,1508.65,1525.98,1506.10,358918,384668585.00,1.31,-0.27,-4.13,0.41
2018-01-22,1505.43,1522.57,1522.57,1500.37,318018,324615452.00,1.47,0.92,13.92,0.36
2018-01-23,1519.27,1516.53,1524.44,1513.50,357283,333223116.00,0.72,-0.40,-6.04,0.40
2018-01-24,1509.00,1525.59,1526.16,1501.31,442248,393013970.00,1.64,0.60,9.06,0.50
2018-01-25,1517.14,1493.39,1525.75,1493.39,395746,384970557.00,2.12,-2.11,-32.20,0.45
2018-01-26,1474.69,1509.91,1510.75,1474.69,706030,619580434.00,2.41,1.11,16.52,0.80
2018-01-29,1496.96,1484.36,1510.06,1474.88,703899,591519463.00,2.33,-1.69,-25.55,0.80
2018-01-30,1480.98,1467.90,1488.29,1466.50,342345,330375581.00,1.47,-1.11,-16.46,0.39
2018-01-31,1439.09,1451.71,1451.71,1435.08,426521,418646752.00,1.13,-1.10,-16.19,0.48
2018-02-01,1426.14,1389.75,1438.82,1382.83,728860,615205211.00,3.86,-4.27,-61.96,0.83
2018-02-02,1370.05,1369.96,1382.05,1348.14,459413,378599601.00,2.44,-1.42,-19.79,0.52
2018-02-05,1349.96,1365.96,1369.65,1343.57,517298,403765776.00,1.90,-0.29,-4.00,0.59
2018-02-06,1346.02,1286.14,1346.47,1286.14,457244,372380491.00,4.42,-5.84,-79.82,0.52
2018-02-07,1321.71,1290.57,1321.71,1268.36,383371,310909672.00,4.15,0.34,4.43,0.43
2018-02-08,1285.70,1271.14,1293.85,1265.09,606360,482691424.00,2.23,-1.51,-19.43,0.69
2018-02-09,1221.55,1212.59,1225.94,1193.55,459563,329130522.00,2.55,-4.61,-58.55,0.52
2018-02-12,1194.31,1222.37,1230.05,1193.17,306165,291666954.00,3.04,0.81,9.78,0.35
2018-02-13,1238.38,1240.14,1251.32,1231.28,227446,218996290.00,1.64,1.45,17.77,0.26
2018-02-14,1231.49,1241.07,1242.47,1224.29,175413,147707630.00,1.47,0.07,0.93,0.20
2018-02-22,1250.93,1254.90,1255.98,1244.15,192750,153759731.00,0.95,1.11,13.83,0.22
2018-02-23,1255.66,1261.81,1264.78,1252.31,184117,145065263.00,0.99,0.55,6.91,0.21
2018-02-26,1266.49,1290.15,1294.02,1266.49,281213,236153721.00,2.18,2.25,28.34,0.32
2018-02-27,1298.76,1305.25,1310.68,1295.62,243826,228957083.00,1.17,1.17,15.10,0.28
2018-02-28,1295.27,1300.70,1304.31,1282.95,249941,214227598.00,1.64,-0.35,-4.55,0.28
2018-03-01,1295.84,1319.51,1321.60,1289.52,251070,218331108.00,2.47,1.45,18.81,0.28
2018-03-02,1315.18,1336.81,1344.51,1312.75,263749,277078246.00,2.41,1.31,17.30,0.30
2018-03-05,1334.66,1345.13,1348.11,1331.08,206348,188056419.00,1.27,0.62,8.32,0.23
2018-03-06,1347.08,1348.16,1348.16,1337.59,256397,226323278.00,0.79,0.23,3.03,0.29
2018-03-07,1342.72,1332.86,1347.65,1331.20,234651,196767193.00,1.22,-1.13,-15.30,0.27
2018-03-08,1322.64,1349.19,1350.05,1322.64,238679,224778921.00,2.06,1.23,16.33,0.27
2018-03-09,1342.93,1374.52,1380.16,1342.93,259471,252071397.00,2.76,1.88,25.33,0.29
2018-03-12,1381.33,1397.81,1398.98,1379.77,383164,365468546.00,1.40,1.69,23.29,0.43
2018-03-13,1399.37,1415.24,1425.57,1396.61,679700,572995878.00,2.07,1.25,17.43,0.77
2018-03-14,1411.54,1410.46,1417.25,1396.92,413284,367601142.00,1.44,-0.34,-4.78,0.47
2018-03-15,1401.83,1401.49,1407.45,1372.89,354166,319383662.00,2.45,-0.64,-8.97,0.40
2018-03-16,1399.36,1405.17,1411.42,1393.06,418504,331506465.00,1.31,0.26,3.68,0.47
2018-03-19,1399.06,1396.88,1405.48,1389.47,284727,241653878.00,1.14,-0.59,-8.29,0.32
2018-03-20,1393.45,1387.98,1393.76,1378.03,270462,220705616.00,1.13,-0.64,-8.90,0.31
2018-03-21,1383.53,1382.65,1404.89,1378.09,257481,223732429.00,1.93,-0.38,-5.33,0.29
2018-03-22,1386.15,1407.69,1409.42,1385.93,295585,264078403.00,1.70,1.81,25.04,0.34
2018-03-23,1377.00,1327.31,1377.00,1311.89,705505,577660114.00,4.63,-5.71,-80.38,0.80
2018-03-26,1319.94,1340.83,1340.83,1298.18,277558,227584014.00,3.21,1.02,13.52,0.31
2018-03-27,1351.63,1401.11,1405.70,1351.63,431863,407329645.00,4.03,4.50,60.28,0.49
2018-03-28,1391.19,1402.76,1418.28,1387.72,332887,361616492.00,2.18,0.12,1.65,0.38
2018-03-29,1402.41,1406.18,1414.05,1401.79,502088,466864965.00,0.87,0.24,3.42,0.57
2018-03-30,1412.85,1438.28,1441.83,1403.44,354121,372181310.00,2.73,2.28,32.10,0.40
2018-04-02,1436.30,1422.39,1438.41,1418.66,301230,322664147.00,1.37,-1.10,-15.89,0.34
2018-04-03,1401.12,1404.41,1407.43,1386.75,233843,226263722.00,1.45,-1.26,-17.98,0.27
2018-04-04,1411.57,1396.21,1421.82,1392.72,282178,268633739.00,2.07,-0.58,-8.20,0.32
2018-04-09,1393.21,1404.93,1412.99,1381.88,227555,220768189.00,2.23,0.62,8.72,0.26
2018-04-10,1404.58,1441.84,1441.84,1398.29,287189,290165623.00,3.10,2.63,36.91,0.33
2018-04-11,1468.87,1474.18,1481.44,1455.25,539741,523149453.00,1.82,2.24,32.34,0.61
2018-04-12,1476.18,1497.23,1504.46,1467.64,321938,417817668.00,2.50,1.56,23.05,0.36
2018-04-13,1486.31,1469.61,1499.46,1465.34,281645,322852652.00,2.28,-1.84,-27.62,0.32
2018-04-16,1458.34,1443.02,1462.97,1431.60,267151,267045759.00,2.13,-1.81,-26.59,0.30
2018-04-17,1445.40,1415.91,1447.79,1409.34,205646,212030069.00,2.66,-1.88,-27.11,0.23
2018-04-18,1426.76,1446.12,1453.83,1405.72,470940,385322720.00,3.40,2.13,30.21,0.53
2018-04-19,1442.46,1459.63,1459.63,1440.77,342247,299342698.00,1.30,0.93,13.51,0.39
2018-04-20,1448.42,1424.27,1452.63,1420.90,538262,445473604.00,2.17,-2.42,-35.36,0.61
2018-04-23,1416.71,1402.59,1425.50,1394.01,299104,239421777.00,2.21,-1.52,-21.68,0.34
2018-04-24,1414.37,1426.69,1428.93,1409.45,365936,343242329.00,1.39,1.72,24.10,0.41
2018-04-25,1417.51,1407.46,1429.47,1404.77,295053,336172391.00,1.73,-1.35,-19.23,0.33
2018-04-26,1415.45,1384.74,1415.45,1380.95,296796,305857739.00,2.45,-1.61,-22.72,0.34
2018-04-27,1386.25,1381.56,1391.02,1370.34,293876,260811389.00,1.49,-0.23,-3.18,0.33
2018-05-02,1389.02,1387.59,1391.41,1372.97,250144,228766890.00,1.33,0.44,6.03,0.28
2018-05-03,1387.53,1404.54,1408.99,1372.97,324320,311228528.00,2.60,1.22,16.95,0.37
2018-05-04,1403.62,1394.46,1415.05,1392.42,258985,250351074.00,1.61,-0.72,-10.08,0.29
2018-05-07,1395.20,1430.28,1432.43,1395.20,607000,541974182.00,2.67,2.57,35.82,0.69
2018-05-08,1429.86,1439.91,1440.31,1424.94,440354,398275830.00,1.07,0.67,9.63,0.50
2018-05-09,1442.32,1433.63,1442.32,1428.11,337643,310644100.00,0.99,-0.44,-6.28,0.38
2018-05-10,1440.62,1461.40,1464.23,1440.62,370951,393748596.00,1.65,1.94,27.77,0.42
2018-05-11,1464.31,1432.02,1464.31,1431.18,265104,267821147.00,2.27,-2.01,-29.38,0.30
2018-05-14,1432.71,1426.33,1442.44,1419.09,273378,278297872.00,1.63,-0.40,-5.69,0.31
2018-05-15,1429.66,1449.08,1449.08,1421.06,360554,340631234.00,1.96,1.60,22.75,0.41
2018-05-16,1451.21,1433.79,1451.21,1431.47,274907,259088122.00,1.36,-1.06,-15.29,0.31
2018-05-17,1432.09,1435.80,1441.62,1422.81,265348,265876346.00,1.31,0.14,2.01,0.30
2018-05-18,1436.88,1492.39,1493.19,1436.88,535006,519230267.00,3.92,3.94,56.59,0.61
2018-05-21,1496.11,1506.71,1511.30,1489.27,557232,574988728.00,1.48,0.96,14.32,0.63
2018-05-22,1507.00,1506.67,1507.26,1493.18,381202,390058657.00,0.93,0.00,-0.04,0.43
2018-05-23,1500.39,1489.97,1500.39,1486.96,323509,323462450.00,0.89,-1.11,-16.70,0.37
2018-05-24,1487.54,1484.45,1489.81,1479.86,265874,258502969.00,0.67,-0.37,-5.52,0.30
2018-05-25,1486.45,1486.40,1493.95,1478.64,244827,259833177.00,1.03,0.13,1.95,0.28
2018-05-28,1483.06,1477.95,1490.83,1452.29,249030,271239267.00,2.59,-0.57,-8.45,0.28
2018-05-29,1472.81,1462.14,1485.51,1461.41,267808,253665376.00,1.63,-1.07,-15.81,0.30
2018-05-30,1443.34,1388.86,1443.34,1382.81,546965,480286409.00,4.14,-5.01,-73.28,0.62
2018-05-31,1396.39,1391.47,1408.33,1379.82,299136,296763553.00,2.05,0.19,2.61,0.34
2018-06-01,1392.52,1375.10,1394.41,1365.26,219312,212066875.00,2.09,-1.18,-16.37,0.25
2018-06-04,1372.15,1385.39,1389.77,1372.15,162844,151636093.00,1.28,0.75,10.29,0.18
2018-06-05,1387.75,1409.60,1409.64,1382.76,201580,206477100.00,1.94,1.75,24.21,0.23
2018-06-06,1410.13,1404.35,1412.97,1395.24,186248,189341626.00,1.26,-0.37,-5.25,0.21
2018-06-07,1406.28,1393.33,1409.80,1393.20,207817,220884243.00,1.18,-0.78,-11.02,0.24
2018-06-08,1398.80,1383.19,1399.80,1369.86,245145,233047732.00,2.15,-0.73,-10.14,0.28
2018-06-11,1377.69,1367.39,1384.05,1362.37,214590,191823915.00,1.57,-1.14,-15.80,0.24
2018-06-12,1364.91,1384.92,1385.99,1355.21,232052,226249092.00,2.25,1.28,17.53,0.26
2018-06-13,1385.00,1373.55,1385.00,1365.94,334800,317151544.00,1.38,-0.82,-11.37,0.38
2018-06-14,1366.04,1354.18,1374.72,1352.31,260791,247987377.00,1.63,-1.41,-19.37,0.30
2018-06-15,1358.50,1309.71,1360.16,1294.68,365117,331697927.00,4.84,-3.28,-44.47,0.41
2018-06-19,1279.60,1215.15,1293.49,1204.55,744831,593461252.00,6.79,-7.22,-94.56,0.84
2018-06-20,1205.65,1217.37,1231.20,1186.84,365843,316761180.00,3.65,0.18,2.22,0.41
2018-06-21,1214.31,1182.66,1225.11,1172.48,246448,214095821.00,4.32,-2.85,-34.71,0.28
2018-06-22,1176.86,1186.29,1196.90,1169.91,375063,289612637.00,2.28,0.31,3.63,0.43
2018-06-25,1195.27,1189.77,1206.64,1183.71,174658,137743612.00,1.93,0.29,3.48,0.20
2018-06-26,1192.99,1204.75,1208.55,1189.40,243826,217236129.00,1.61,1.26,14.98,0.28
2018-06-27,1226.31,1219.43,1235.25,1211.25,217506,180697166.00,1.99,1.22,14.68,0.25
2018-06-28,1245.54,1247.77,1257.36,1237.13,231654,311842833.00,1.66,2.32,28.34,0.26
2018-06-29,1268.94,1291.51,1295.16,1254.86,357260,788360360.00,3.23,3.51,43.74,0.40
2018-07-02,1298.80,1279.69,1306.29,1276.07,349187,851958819.00,2.34,-0.92,-11.82,0.40
2018-07-03,1273.39,1306.34,1306.34,1273.39,348202,757100918.00,2.57,2.08,26.65,0.39
2018-07-04,1303.62,1256.62,1321.72,1253.10,377763,880510914.00,5.25,-3.81,-49.72,0.43
2018-07-05,1266.06,1265.90,1273.37,1246.10,520089,967595013.00,2.17,0.74,9.28,0.59
2018-07-06,1268.09,1243.26,1280.97,1228.05,416470,912072603.00,4.18,-1.79,-22.64,0.47
2018-07-09,1239.66,1268.93,1268.93,1236.89,355519,668062386.00,2.58,2.06,25.67,0.40
2018-07-10,1282.48,1299.44,1299.44,1268.50,323067,710044913.00,2.44,2.40,30.51,0.37
2018-07-11,1282.72,1262.17,1282.72,1233.24,354631,764538837.00,3.81,-2.87,-37.27,0.40
2018-07-12,1260.18,1287.00,1296.74,1259.17,387381,756634266.00,2.98,1.97,24.83,0.44
2018-07-13,1297.39,1293.16,1303.91,1281.53,428042,788709574.00,1.74,0.48,6.16,0.49
2018-07-16,1293.74,1309.38,1309.38,1284.97,428172,723175539.00,1.89,1.25,16.22,0.49
2018-07-17,1312.67,1299.65,1312.67,1285.46,419376,648921182.00,2.08,-0.74,-9.73,0.48
2018-07-18,1289.53,1302.55,1316.76,1289.53,398040,573625736.00,2.10,0.22,2.90,0.45
2018-07-19,1306.98,1296.09,1329.42,1292.77,454259,637760686.00,2.81,-0.50,-6.46,0.51
2018-07-20,1300.63,1308.14,1308.14,1277.38,490550,739380827.00,2.37,0.93,12.05,0.56
2018-07-23,1293.95,1327.45,1327.45,1286.50,835784,981088406.00,3.13,1.48,19.31,0.95
2018-07-24,1337.13,1365.02,1371.90,1333.29,1106941,1119541443.00,2.91,2.83,37.57,1.25
2018-07-25,1362.60,1347.81,1366.00,1340.64,528446,713205074.00,1.86,-1.26,-17.21,0.60
2018-07-26,1346.32,1362.53,1363.50,1320.78,735508,726345108.00,3.17,1.09,14.72,0.83
2018-07-27,1356.19,1339.61,1356.19,1335.95,437383,392973665.00,1.49,-1.68,-22.92,0.50
2018-07-30,1333.66,1343.83,1358.10,1330.79,469555,584623065.00,2.04,0.32,4.22,0.53
2018-07-31,1353.16,1356.42,1363.15,1342.05,297544,406830754.00,1.57,0.94,12.59,0.34
2018-08-01,1354.73,1341.91,1367.49,1341.35,508306,675220598.00,1.93,-1.07,-14.51,0.58
2018-08-02,1334.75,1301.48,1334.75,1277.10,445932,625576342.00,4.30,-3.01,-40.43,0.51
2018-08-03,1294.61,1281.39,1306.75,1277.69,334722,412493286.00,2.23,-1.54,-20.09,0.38
2018-08-06,1275.35,1243.28,1277.36,1240.35,313741,422058810.00,2.89,-2.97,-38.11,0.36
2018-08-07,1249.39,1282.94,1282.94,1238.75,655599,571685005.00,3.55,3.19,39.66,0.74
2018-08-08,1277.07,1266.06,1293.53,1250.94,513774,551134992.00,3.32,-1.32,-16.88,0.58
2018-08-09,1253.36,1288.48,1295.28,1250.01,403881,428457113.00,3.58,1.77,22.42,0.46
2018-08-10,1289.47,1281.75,1297.95,1273.25,350654,459997716.00,1.92,-0.52,-6.73,0.40
2018-08-13,1272.35,1265.18,1272.35,1245.82,339104,386691447.00,2.07,-1.29,-16.57,0.38
2018-08-14,1264.95,1271.06,1271.06,1253.88,273654,316024842.00,1.36,0.46,5.88,0.31
2018-08-15,1280.36,1251.97,1280.36,1245.01,322430,356019222.00,2.78,-1.50,-19.09,0.37
2018-08-16,1223.42,1230.99,1244.81,1205.79,284662,343681392.00,3.12,-1.68,-20.98,0.32
2018-08-17,1243.85,1210.74,1244.07,1210.74,230014,283461109.00,2.71,-1.65,-20.25,0.26
2018-08-20,1213.74,1215.85,1218.52,1183.70,327988,341260319.00,2.88,0.42,5.11,0.37
2018-08-21,1234.09,1231.94,1234.09,1215.28,293736,322733495.00,1.55,1.32,16.09,0.33
2018-08-22,1224.81,1199.66,1226.78,1189.91,181875,205240571.00,2.99,-2.62,-32.28,0.21
2018-08-23,1198.94,1208.92,1213.87,1191.38,274704,370713386.00,1.87,0.77,9.26,0.31
2018-08-24,1205.84,1203.17,1213.37,1198.96,235026,280632763.00,1.19,-0.48,-5.75,0.27
2018-08-27,1202.89,1244.87,1244.87,1202.89,308122,373740217.00,3.49,3.47,41.70,0.35
2018-08-28,1242.15,1269.15,1269.15,1242.15,255736,356483509.00,2.17,1.95,24.28,0.29
2018-08-29,1283.25,1253.89,1287.93,1248.03,262027,436495815.00,3.14,-1.20,-15.26,0.30
2018-08-30,1252.84,1267.44,1293.00,1252.84,503183,438678334.00,3.20,1.08,13.55,0.57
2018-08-31,1262.02,1233.48,1267.24,1233.48,372636,348451043.00,2.66,-2.68,-33.96,0.42
2018-09-03,1234.92,1237.03,1242.51,1212.68,307507,309583555.00,2.42,0.29,3.55,0.35
2018-09-04,1239.81,1268.18,1276.47,1234.26,339024,368951496.00,3.41,2.52,31.15,0.38
2018-09-05,1257.06,1233.59,1261.32,1231.70,271375,326600399.00,2.34,-2.73,-34.59,0.31
2018-09-06,1232.58,1224.50,1242.90,1218.29,207682,235478662.00,1.99,-0.74,-9.09,0.24
2018-09-07,1226.01,1225.72,1249.32,1213.46,220838,248016792.00,2.93,0.10,1.22,0.25
2018-09-10,1226.34,1211.17,1231.63,1210.08,210309,268539524.00,1.76,-1.19,-14.55,0.24
2018-09-11,1212.48,1222.25,1228.37,1207.71,217685,242684497.00,1.71,0.91,11.08,0.25
2018-09-12,1238.63,1237.19,1252.93,1236.02,284280,358697269.00,1.38,1.22,14.94,0.32
2018-09-13,1240.82,1251.42,1252.66,1229.49,211334,273162409.00,1.87,1.15,14.23,0.24
2018-09-14,1248.82,1239.01,1257.35,1233.90,205154,274440368.00,1.87,-0.99,-12.41,0.23
2018-09-17,1236.51,1218.10,1236.51,1211.03,210013,209814970.00,2.06,-1.69,-20.91,0.24
2018-09-18,1215.84,1241.71,1241.71,1202.13,433459,386598520.00,3.25,1.94,23.61,0.49
2018-09-19,1237.75,1243.31,1251.38,1233.32,383694,373199395.00,1.45,0.13,1.60,0.43
2018-09-20,1241.58,1244.27,1249.82,1233.94,303863,286603053.00,1.28,0.08,0.96,0.34
2018-09-21,1264.35,1275.67,1278.26,1259.37,364909,346634117.00,1.52,2.52,31.40,0.41
2018-09-25,1279.90,1263.67,1279.90,1259.87,288066,290743210.00,1.57,-0.94,-12.00,0.33
2018-09-26,1264.31,1263.14,1269.60,1258.22,369720,376023446.00,0.90,-0.04,-0.53,0.42
2018-09-27,1259.91,1230.19,1259.91,1228.15,364593,378712624.00,2.51,-2.61,-32.95,0.41
2018-09-28,1234.47,1233.61,1235.76,1219.76,350867,331739709.00,1.30,0.28,3.42,0.40
2018-10-08,1216.28,1179.36,1216.28,1174.55,268282,251899468.00,3.38,-4.40,-54.25,0.30
2018-10-09,1185.40,1177.49,1191.19,1164.04,229991,215298978.00,2.30,-0.16,-1.87,0.26
2018-10-10,1184.89,1181.12,1187.29,1167.08,264207,231286097.00,1.72,0.31,3.63,0.30
2018-10-11,1145.13,1069.68,1145.13,1066.38,456210,367250588.00,6.67,-9.44,-111.44,0.52
2018-10-12,1061.69,1057.57,1064.53,1008.48,538382,394361367.00,5.24,-1.13,-12.11,0.61
2018-10-15,1061.81,1058.81,1081.00,1056.03,304963,246035204.00,2.36,0.12,1.24,0.35
2018-10-16,1060.05,1048.25,1069.32,1035.64,224404,179504918.00,3.18,-1.00,-10.56,0.25
2018-10-17,1070.20,1048.81,1073.89,1029.75,265592,307301928.00,4.21,0.05,0.56,0.30
2018-10-18,1044.54,1017.72,1044.54,1014.52,336492,306041951.00,2.86,-2.96,-31.09,0.38
2018-10-19,991.27,1041.54,1042.63,989.20,276039,245754929.00,5.25,2.34,23.82,0.31
2018-10-22,1048.15,1096.26,1105.88,1048.15,408511,405241822.00,5.54,5.25,54.72,0.46
2018-10-23,1092.49,1072.78,1099.40,1061.07,419931,389432562.00,3.50,-2.14,-23.48,0.48
2018-10-24,1069.09,1090.11,1097.57,1065.59,327499,267761938.00,2.98,1.62,17.33,0.37
2018-10-25,1067.37,1081.95,1086.64,1056.88,447397,473865901.00,2.73,-0.75,-8.16,0.51
2018-10-26,1081.56,1100.39,1104.14,1077.38,401347,385099947.00,2.47,1.70,18.44,0.45
2018-10-29,1103.87,1085.66,1106.67,1073.66,333709,320033498.00,3.00,-1.34,-14.73,0.38
2018-10-30,1086.54,1084.75,1087.52,1051.87,350856,303021421.00,3.28,-0.08,-0.91,0.40
2018-10-31,1086.56,1094.98,1099.21,1081.91,513962,413168280.00,1.59,0.94,10.23,0.58
2018-11-01,1096.84,1094.36,1114.39,1094.36,508070,404318068.00,1.83,-0.06,-0.62,0.58
2018-11-02,1106.96,1129.93,1131.70,1105.96,615070,478604336.00,2.35,3.25,35.57,0.70
2018-11-05,1140.77,1129.04,1145.73,1115.54,732029,642780232.00,2.67,-0.08,-0.89,0.83
2018-11-06,1126.42,1133.13,1136.94,1112.09,508547,476544411.00,2.20,0.36,4.09,0.58
2018-11-07,1126.74,1130.28,1147.18,1126.70,506055,419398539.00,1.81,-0.25,-2.85,0.57
2018-11-08,1135.36,1119.50,1139.97,1117.04,419872,336111423.00,2.03,-0.95,-10.78,0.48
2018-11-09,1114.56,1120.52,1126.81,1109.33,448133,313455753.00,1.56,0.09,1.02,0.51
2018-11-12,1120.22,1146.36,1147.65,1117.22,531432,379227901.00,2.72,2.31,25.84,0.60
2018-11-13,1133.12,1158.07,1167.81,1133.12,706616,491513552.00,3.03,1.02,11.71,0.80
2018-11-14,1157.65,1151.40,1165.98,1144.30,617327,445626943.00,1.87,-0.58,-6.67,0.70
2018-11-15,1155.79,1174.35,1174.38,1155.79,602133,467156179.00,1.61,1.99,22.95,0.68
2018-11-16,1173.23,1191.53,1197.60,1173.07,641323,507148087.00,2.09,1.46,17.18,0.73
2018-11-19,1194.93,1204.76,1208.14,1190.74,678752,516274720.00,1.46,1.11,13.23,0.77
2018-11-20,1197.51,1163.24,1200.06,1161.97,660513,469531496.00,3.16,-3.45,-41.52,0.75
2018-11-21,1144.82,1187.41,1187.65,1144.82,370567,291242608.00,3.68,2.08,24.17,0.42
2018-11-22,1186.43,1184.79,1195.69,1178.17,312198,231801897.00,1.48,-0.22,-2.62,0.35
2018-11-23,1179.47,1124.45,1186.30,1124.45,456254,335018193.00,5.22,-5.09,-60.34,0.52
2018-11-26,1127.22,1117.60,1138.51,1114.26,264852,199729048.00,2.16,-0.61,-6.85,0.30
2018-11-27,1136.62,1131.78,1145.82,1123.88,227448,183155823.00,1.96,1.27,14.18,0.26
2018-11-28,1130.55,1151.32,1151.32,1112.19,272919,211541794.00,3.46,1.73,19.54,0.31
2018-11-29,1155.87,1119.79,1157.68,1119.79,323627,235640230.00,3.29,-2.74,-31.53,0.37
2018-11-30,1119.40,1135.17,1139.16,1110.66,269200,200083593.00,2.55,1.37,15.38,0.31
2018-12-03,1159.16,1163.35,1168.68,1154.83,561685,395151419.00,1.22,2.48,28.18,0.64
2018-12-04,1164.58,1170.60,1173.31,1160.33,406248,283663520.00,1.12,0.62,7.25,0.46
2018-12-05,1147.87,1168.44,1171.77,1147.87,431106,308249558.00,2.04,-0.18,-2.16,0.49
2018-12-06,1168.32,1167.23,1172.59,1156.62,315094,236606073.00,1.37,-0.10,-1.21,0.36
2018-12-07,1168.13,1165.90,1178.07,1162.64,270667,200120739.00,1.32,-0.11,-1.33,0.31
2018-12-10,1148.67,1154.03,1169.08,1148.67,213407,163568700.00,1.75,-1.02,-11.87,0.24
2018-12-11,1157.39,1160.32,1162.59,1154.64,198105,155989516.00,0.69,0.55,6.29,0.22
2018-12-12,1165.40,1162.88,1170.80,1159.36,180260,138678064.00,0.99,0.22,2.56,0.20
2018-12-13,1164.04,1175.68,1181.45,1150.67,462493,306662066.00,2.65,1.10,12.80,0.52
2018-12-14,1173.25,1156.46,1178.82,1150.68,381490,268287740.00,2.39,-1.63,-19.22,0.43
2018-12-17,1154.24,1160.14,1166.84,1142.97,293510,214071113.00,2.06,0.32,3.68,0.33
2018-12-18,1157.51,1145.82,1162.03,1141.99,407326,267053305.00,1.73,-1.23,-14.32,0.46
2018-12-19,1143.51,1110.29,1143.51,1108.04,293676,218375107.00,3.10,-3.10,-35.53,0.33
2018-12-20,1108.73,1123.48,1123.48,1102.99,300629,201370494.00,1.85,1.19,13.19,0.34
2018-12-21,1118.68,1114.84,1118.68,1099.88,216098,156695428.00,1.67,-0.77,-8.64,0.24
2018-12-24,1116.14,1123.92,1124.53,1104.28,181451,141101135.00,1.82,0.81,9.08,0.21
2018-12-25,1110.36,1105.16,1110.36,1076.66,330925,234659213.00,3.00,-1.67,-18.76,0.38
2018-12-26,1102.07,1094.31,1110.83,1094.31,228865,154273417.00,1.49,-0.98,-10.85,0.26
2018-12-27,1112.55,1075.91,1112.55,1074.16,225058,160431704.00,3.51,-1.68,-18.40,0.26
2018-12-28,1077.79,1083.21,1098.87,1071.47,229596,169402606.00,2.55,0.68,7.30,0.26