2019-01-02,2900.37,2897.10,2908.31,2882.01,116895,168462918.00,0.91,0.59,16.92,0.16
2019-01-03,2890.31,2883.36,2927.77,2881.72,177364,227403768.00,1.59,-0.47,-13.74,0.25
2019-01-04,2858.36,2973.00,2974.23,2847.20,272570,381767405.00,4.41,3.11,89.64,0.38
2019-01-07,2991.29,3016.72,3032.47,2978.15,262055,374807345.00,1.83,1.47,43.72,0.37
2019-01-08,3010.41,3001.07,3018.08,2996.50,192611,277644581.00,0.72,-0.52,-15.65,0.27
2019-01-09,3002.03,3002.51,3044.19,2992.52,231589,350432790.00,1.72,0.05,1.44,0.32
2019-01-10,2998.08,2990.94,3019.66,2987.57,166725,248543385.00,1.07,-0.39,-11.57,0.23
2019-01-11,3005.99,3052.05,3052.19,3004.62,228734,351136511.00,1.59,2.04,61.11,0.32
2019-01-14,3055.84,3027.33,3061.27,3016.90,193752,328657592.00,1.45,-0.81,-24.72,0.27
2019-01-15,3017.86,3113.25,3124.84,3012.47,402729,607209494.00,3.71,2.84,85.92,0.56
2019-01-16,3114.71,3096.07,3114.71,3086.55,280981,426086510.00,0.90,-0.55,-17.18,0.39
2019-01-17,3084.95,3056.03,3085.68,3047.90,264495,379022909.00,1.22,-1.29,-40.04,0.37
2019-01-18,3056.64,3072.62,3072.62,3030.53,190645,284264521.00,1.38,0.54,16.59,0.27
2019-01-21,3069.96,3099.99,3113.14,3069.96,195225,302677454.00,1.41,0.89,27.37,0.27
2019-01-22,3097.43,3077.87,3099.08,3063.70,183204,308279412.00,1.14,-0.71,-22.12,0.26
2019-01-23,3068.04,3084.04,3084.44,3061.26,130829,218791845.00,0.75,0.20,6.17,0.18
2019-01-24,3084.58,3094.50,3101.00,3053.71,207691,313723754.00,1.53,0.34,10.46,0.29
2019-01-25,3092.88,3076.75,3098.80,3068.57,186958,311357800.00,0.98,-0.57,-17.75,0.26
2019-01-28,3088.26,3057.23,3112.20,3052.68,255534,372376948.00,1.93,-0.63,-19.52,0.36
2019-01-29,3052.47,2988.88,3052.51,2955.65,272997,416663681.00,3.17,-2.24,-68.35,0.38
2019-01-30,2971.24,2944.27,2994.72,2942.55,167172,247145255.00,1.75,-1.49,-44.61,0.23
2019-01-31,2949.22,2918.34,2979.57,2887.33,193318,299480644.00,3.13,-0.88,-25.93,0.27
2019-02-01,2929.54,3000.02,3001.00,2929.54,224354,310516891.00,2.45,2.80,81.68,0.31
2019-02-11,3014.81,3085.86,3087.05,3009.38,288077,404363486.00,2.59,2.86,85.84,0.40
2019-02-12,3084.07,3121.89,3138.00,3079.36,330501,490728214.00,1.90,1.17,36.03,0.46
2019-02-13,3121.06,3215.10,3218.92,3117.05,475634,741490612.00,3.26,2.99,93.21,0.67
2019-02-14,3211.09,3272.02,3280.80,3203.43,487430,735458738.00,2.41,1.77,56.92,0.68
2019-02-15,3259.07,3271.90,3307.04,3250.83,468623,727697450.00,1.72,0.00,-0.12,0.66
2019-02-18,3299.11,3406.91,3410.51,3294.15,624314,1019216480.00,3.56,4.13,135.01,0.87
2019-02-19,3437.32,3397.87,3450.00,3361.45,610804,939816126.00,2.60,-0.27,-9.04,0.85
2019-02-20,3391.47,3366.44,3391.75,3330.62,401735,622577204.00,1.80,-0.92,-31.43,0.56
2019-02-21,3374.05,3344.45,3426.94,3328.45,557332,944999269.00,2.93,-0.65,-21.99,0.78
2019-02-22,3348.24,3441.14,3441.14,3347.59,656882,999237429.00,2.80,2.89,96.69,0.92
2019-02-25,3474.41,3605.12,3608.26,3454.23,1103632,1732235009.00,4.48,4.77,163.98,1.54
2019-02-26,3602.46,3615.40,3702.53,3553.88,1067420,1845328442.00,4.12,0.29,10.28,1.49
2019-02-27,3614.10,3580.11,3648.70,3539.72,733213,1235806031.00,3.01,-0.98,-35.29,1.03
2019-02-28,3579.37,3588.41,3613.12,3551.68,457390,751050937.00,1.72,0.23,8.30,0.64
2019-03-01,3618.74,3606.20,3632.24,3549.83,503589,832637250.00,2.30,0.50,17.79,0.70
2019-03-04,3635.20,3638.62,3714.20,3616.07,972299,1715316828.00,2.72,0.90,32.42,1.36
2019-03-05,3637.25,3852.34,3853.37,3622.11,1248446,2164741881.00,6.36,5.87,213.72,1.75
2019-03-06,3911.45,3835.53,3914.80,3782.37,1442917,2500574471.00,3.44,-0.44,-16.81,2.02
2019-03-07,3815.45,3884.50,3971.21,3770.46,1436293,2557933493.00,5.23,1.28,48.97,2.01
2019-03-08,3785.63,3732.34,3943.35,3732.34,1278759,2198840804.00,5.43,-3.92,-152.16,1.79
2019-03-11,3832.35,3984.87,3984.87,3830.62,1137499,1921585820.00,4.13,6.77,252.53,1.59
2019-03-12,4070.35,4073.22,4121.29,4009.93,1357398,2646796250.00,2.79,2.22,88.35,1.90
2019-03-13,4066.95,3954.90,4081.37,3929.92,1004072,1871561528.00,3.72,-2.90,-118.32,1.41
2019-03-14,3924.04,3911.41,3972.29,3819.48,859249,1584712951.00,3.86,-1.10,-43.49,1.20
2019-03-15,3908.01,3940.47,3984.13,3876.36,705295,1255666586.00,2.76,0.74,29.06,0.99
2019-03-18,3951.77,4037.79,4037.79,3913.51,671262,1278500559.00,3.15,2.47,97.32,0.94
2019-03-19,4046.37,4042.47,4089.65,4027.16,572230,1106573205.00,1.55,0.12,4.68,0.80
2019-03-20,4070.25,4087.27,4132.59,4023.55,1112432,2168466888.00,2.70,1.11,44.80,1.56
2019-03-21,4058.30,4062.80,4094.56,4050.88,943988,1795358897.00,1.07,-0.60,-24.47,1.32
2019-03-22,4062.62,4073.74,4088.02,3996.40,694396,1244790018.00,2.26,0.27,10.94,0.97
2019-03-25,4003.19,4034.86,4092.23,3999.24,592502,1006401583.00,2.28,-0.95,-38.88,0.83
2019-03-26,4041.62,3960.73,4076.44,3948.59,633201,1095661820.00,3.17,-1.84,-74.13,0.89
2019-03-27,3992.97,3958.28,3999.26,3900.35,492302,865574903.00,2.50,-0.06,-2.45,0.69
2019-03-28,3969.85,3891.05,4002.93,3887.60,482195,802375265.00,2.91,-1.70,-67.23,0.67
2019-03-29,3902.08,4017.88,4027.63,3855.71,630407,1112765749.00,4.42,3.26,126.83,0.88
2019-04-01,4059.34,4180.29,4180.29,4059.34,819007,1443215432.00,3.01,4.04,162.41,1.15
2019-04-02,4184.87,4159.25,4197.55,4144.60,690607,1262108713.00,1.27,-0.50,-21.04,0.97
2019-04-03,4148.05,4184.31,4195.01,4141.20,533038,969282566.00,1.29,0.60,25.06,0.75
2019-04-04,4210.39,4205.07,4219.38,4164.40,582874,1129997393.00,1.31,0.50,20.76,0.82
2019-04-08,4213.20,4121.85,4225.98,4057.42,625642,1140003216.00,4.01,-1.98,-83.22,0.88
2019-04-09,4115.98,4117.95,4164.06,4093.51,494013,890522050.00,1.71,-0.09,-3.90,0.69
2019-04-10,4089.25,4091.41,4123.56,4076.44,467662,873176751.00,1.14,-0.64,-26.54,0.65
2019-04-11,4101.08,3998.92,4101.48,3998.92,357914,665342855.00,2.51,-2.26,-92.49,0.50
2019-04-12,4001.41,4028.63,4060.59,3994.05,327106,616092389.00,1.66,0.74,29.71,0.46
2019-04-15,4083.00,3969.22,4087.27,3965.89,542477,1033771206.00,3.01,-1.47,-59.41,0.76
2019-04-16,3952.97,4055.86,4055.86,3913.56,526444,941872527.00,3.59,2.18,86.64,0.74
2019-04-17,4048.56,4026.57,4081.11,4012.56,461630,957995731.00,1.69,-0.72,-29.29,0.65
2019-04-18,4031.52,4009.48,4031.52,3983.36,382731,666799574.00,1.20,-0.42,-17.09,0.54
2019-04-19,4016.84,4014.01,4027.38,3959.81,380414,702745813.00,1.69,0.11,4.53,0.53
2019-04-22,4026.76,3937.02,4032.78,3931.68,369260,667879282.00,2.52,-1.92,-76.99,0.52
2019-04-23,3943.90,3866.81,3943.90,3849.11,325478,560730750.00,2.41,-1.78,-70.21,0.46
2019-04-24,3882.27,3922.02,3925.61,3849.83,336034,608433725.00,1.96,1.43,55.21,0.47
2019-04-25,3913.26,3792.86,3926.53,3792.09,371420,642824728.00,3.43,-3.29,-129.16,0.52
2019-04-26,3778.16,3769.13,3806.92,3764.25,334044,592475276.00,1.13,-0.63,-23.73,0.47
2019-04-29,3766.20,3691.09,3787.36,3686.62,452691,778886059.00,2.67,-2.07,-78.04,0.63
2019-04-30,3711.75,3727.95,3756.34,3687.35,361541,602374191.00,1.87,1.00,36.86,0.51
2019-05-06,3618.91,3439.77,3618.91,3398.91,552969,857317508.00,5.90,-7.73,-288.18,0.77
2019-05-07,3461.22,3483.23,3501.70,3405.82,410022,667158546.00,2.79,1.26,43.46,0.57
2019-05-08,3401.61,3489.93,3534.75,3394.10,357028,564988799.00,4.04,0.19,6.70,0.50
2019-05-09,3459.30,3460.82,3512.74,3441.36,272989,439009941.00,2.05,-0.83,-29.11,0.38
2019-05-10,3492.06,3620.97,3621.90,3442.06,534549,872105688.00,5.20,4.63,160.15,0.75
2019-05-13,3570.70,3584.30,3618.21,3557.26,353035,566563162.00,1.68,-1.01,-36.67,0.49
2019-05-14,3513.01,3565.35,3597.62,3513.01,317953,506350992.00,2.36,-0.53,-18.95,0.45
2019-05-15,3596.20,3615.14,3622.28,3574.81,319376,535948866.00,1.33,1.40,49.79,0.45
2019-05-16,3609.00,3622.62,3629.93,3571.22,434588,674383130.00,1.62,0.21,7.48,0.61
2019-05-17,3616.14,3453.25,3616.14,3434.64,414582,627769070.00,5.01,-4.68,-169.37,0.58
2019-05-20,3440.79,3470.92,3481.84,3405.07,296874,442599693.00,2.22,0.51,17.67,0.42
2019-05-21,3477.49,3512.62,3524.55,3465.61,305632,469770201.00,1.70,1.20,41.70,0.43
2019-05-22,3507.21,3490.52,3522.07,3455.09,250913,412448646.00,1.91,-0.63,-22.10,0.35
2019-05-23,3486.90,3432.93,3495.98,3419.58,323615,485760014.00,2.19,-1.65,-57.59,0.45
2019-05-24,3404.35,3373.93,3431.35,3367.94,225239,353111104.00,1.85,-1.72,-59.00,0.32
2019-05-27,3386.66,3486.45,3494.98,3365.46,332302,507735977.00,3.84,3.33,112.52,0.47
2019-05-28,3488.16,3498.79,3532.53,3484.27,302236,470690159.00,1.38,0.35,12.34,0.42
2019-05-29,3532.31,3553.07,3577.14,3521.37,370629,457456504.00,1.59,1.55,54.28,0.52
2019-05-30,3531.57,3486.64,3531.57,3461.57,368374,450809424.00,1.97,-1.87,-66.43,0.52
2019-05-31,3481.18,3513.07,3525.69,3477.47,347513,445900666.00,1.38,0.76,26.43,0.49
2019-06-03,3511.99,3491.11,3534.01,3479.49,297059,448770609.00,1.55,-0.63,-21.96,0.42
2019-06-04,3499.15,3454.30,3499.15,3429.65,315276,467323051.00,1.99,-1.05,-36.81,0.44
2019-06-05,3488.33,3414.49,3488.33,3414.49,239748,335616060.00,2.14,-1.15,-39.81,0.34
2019-06-06,3404.62,3354.00,3424.08,3337.59,253014,399855456.00,2.53,-1.77,-60.49,0.35
2019-06-10,3354.51,3338.40,3366.73,3320.14,264508,359214471.00,1.39,-0.47,-15.60,0.37
2019-06-11,3337.02,3450.70,3451.24,3332.23,366204,518540029.00,3.56,3.36,112.30,0.51
2019-06-12,3446.52,3412.31,3466.56,3412.31,285160,419097535.00,1.57,-1.11,-38.39,0.40
2019-06-13,3409.93,3424.74,3438.67,3390.99,256978,340374811.00,1.40,0.36,12.43,0.36
2019-06-14,3431.04,3369.70,3451.67,3364.94,281869,404118563.00,2.53,-1.61,-55.04,0.39
2019-06-17,3357.32,3366.26,3377.24,3342.53,187860,282225427.00,1.03,-0.10,-3.44,0.26
2019-06-18,3413.54,3407.10,3429.37,3351.53,418669,465763797.00,2.31,1.21,40.84,0.59
2019-06-19,3454.27,3468.94,3492.97,3454.27,510902,649111816.00,1.14,1.82,61.84,0.72
2019-06-20,3453.56,3502.80,3521.37,3429.50,449396,590899798.00,2.65,0.98,33.86,0.63
2019-06-21,3530.11,3555.93,3581.86,3530.11,454188,632428791.00,1.48,1.52,53.13,0.64
2019-06-24,3554.49,3536.28,3558.20,3527.07,264901,362548137.00,0.88,-0.55,-19.65,0.37
2019-06-25,3535.79,3495.45,3545.49,3452.81,270132,375121268.00,2.62,-1.15,-40.83,0.38
2019-06-26,3491.69,3513.29,3537.83,3480.31,218820,295899952.00,1.65,0.51,17.84,0.31
2019-06-27,3520.86,3536.10,3559.50,3515.27,257511,347632962.00,1.26,0.65,22.81,0.36
2019-06-28,3550.80,3502.87,3550.80,3477.40,245664,353737949.00,2.08,-0.94,-33.23,0.34
2019-07-01,3568.41,3607.73,3608.80,3553.00,413503,602547381.00,1.59,2.99,104.86,0.58
2019-07-02,3611.87,3608.79,3623.46,3594.20,363624,581099582.00,0.81,0.03,1.06,0.51
2019-07-03,3594.90,3578.89,3596.24,3560.80,277171,394643733.00,0.98,-0.83,-29.90,0.39
2019-07-04,3581.11,3562.30,3588.75,3544.37,211119,318285651.00,1.24,-0.46,-16.59,0.30
2019-07-05,3567.21,3585.58,3595.25,3558.94,213254,286568613.00,1.02,0.65,23.28,0.30
2019-07-08,3589.66,3477.94,3589.66,3456.26,286157,409513283.00,3.72,-3.00,-107.64,0.40
2019-07-09,3476.05,3472.66,3490.14,3449.44,189480,272526346.00,1.17,-0.15,-5.28,0.27
2019-07-10,3479.55,3434.33,3480.54,3419.19,190397,250231867.00,1.77,-1.10,-38.33,0.27
2019-07-11,3446.79,3436.66,3477.94,3413.16,214453,289914696.00,1.89,0.07,2.33,0.30
2019-07-12,3434.26,3444.38,3450.65,3414.82,160777,222133587.00,1.04,0.22,7.72,0.23
2019-07-15,3436.37,3462.01,3474.43,3374.05,408020,496214094.00,2.91,0.51,17.63,0.57
2019-07-16,3475.02,3501.66,3511.22,3458.23,339802,412096994.00,1.53,1.15,39.65,0.48
2019-07-17,3493.32,3489.94,3504.19,3479.47,298460,377466611.00,0.71,-0.33,-11.72,0.42
2019-07-18,3472.76,3428.61,3472.76,3428.61,335141,420759838.00,1.27,-1.76,-61.33,0.47
2019-07-19,3437.02,3471.68,3484.09,3437.02,447585,591827510.00,1.37,1.26,43.07,0.63
2019-07-22,3484.12,3391.35,3484.12,3379.73,381435,501201884.00,3.01,-2.31,-80.33,0.53
2019-07-23,3386.72,3438.67,3438.67,3378.17,258480,339320268.00,1.78,1.40,47.32,0.36
2019-07-24,3441.62,3515.31,3522.41,3441.62,396133,591093563.00,2.35,2.23,76.64,0.55
2019-07-25,3511.46,3530.98,3543.35,3496.40,471721,677664435.00,1.34,0.45,15.67,0.66
2019-07-26,3518.21,3554.06,3563.52,3510.02,497913,623898449.00,1.52,0.65,23.08,0.70
2019-07-29,3556.16,3571.47,3576.23,3550.63,573702,806133618.00,0.72,0.49,17.41,0.80
2019-07-30,3559.93,3599.82,3631.41,3559.93,511117,733301233.00,2.00,0.79,28.35,0.72
2019-07-31,3596.08,3586.58,3606.34,3583.95,403442,548295384.00,0.62,-0.37,-13.24,0.56
2019-08-01,3570.86,3598.35,3598.99,3562.68,350030,502364728.00,1.01,0.33,11.77,0.49
2019-08-02,3528.62,3533.95,3539.26,3497.78,425632,606962593.00,1.15,-1.79,-64.40,0.60
2019-08-05,3527.68,3494.08,3559.00,3493.51,351532,484335220.00,1.85,-1.13,-39.87,0.49
2019-08-06,3440.02,3424.84,3440.02,3313.63,534893,679308183.00,3.62,-1.98,-69.24,0.75
2019-08-07,3440.86,3395.44,3454.58,3395.44,308092,452369515.00,1.73,-0.86,-29.40,0.43
2019-08-08,3405.43,3409.44,3436.80,3403.92,224703,316215494.00,0.97,0.41,14.00,0.31
2019-08-09,3442.19,3416.49,3460.42,3401.45,287391,524543544.00,1.73,0.21,7.05,0.40
2019-08-12,3426.47,3497.24,3497.24,3413.45,252922,476310489.00,2.45,2.36,80.75,0.35
2019-08-13,3473.95,3509.25,3509.25,3471.67,261913,419289934.00,1.07,0.34,12.01,0.37
2019-08-14,3542.33,3537.89,3556.88,3528.69,343901,516608597.00,0.80,0.82,28.64,0.48
2019-08-15,3458.00,3579.64,3579.64,3446.77,478324,623204422.00,3.76,1.18,41.75,0.67
2019-08-16,3577.68,3617.17,3634.52,3575.80,552099,745518181.00,1.64,1.05,37.53,0.77
2019-08-19,3634.09,3758.24,3760.40,3632.85,778924,1072553370.00,3.53,3.90,141.07,1.09
2019-08-20,3754.22,3716.64,3764.80,3709.86,569271,777352170.00,1.46,-1.11,-41.60,0.80
2019-08-21,3717.10,3723.37,3747.57,3705.67,431035,612636069.00,1.13,0.18,6.73,0.60
2019-08-22,3709.78,3733.28,3743.78,3697.25,459567,600219544.00,1.25,0.27,9.91,0.64
2019-08-23,3726.88,3719.24,3737.09,3698.82,361425,491910845.00,1.03,-0.38,-14.04,0.51
2019-08-26,3646.64,3676.37,3699.95,3646.64,342299,498249512.00,1.43,-1.15,-42.87,0.48
2019-08-27,3689.40,3728.87,3734.90,3689.40,375526,607593968.00,1.24,1.43,52.50,0.53
2019-08-28,3723.71,3694.54,3723.71,3669.66,258827,394298617.00,1.45,-0.92,-34.33,0.36
2019-08-29,3699.44,3716.53,3723.74,3692.56,259821,415404748.00,0.84,0.60,21.99,0.36
2019-08-30,3741.85,3639.96,3777.12,3632.95,456104,638374547.00,3.88,-2.06,-76.57,0.64
2019-09-02,3632.85,3739.40,3745.98,3632.85,369690,528997337.00,3.11,2.73,99.44,0.52
2019-09-03,3745.66,3734.15,3749.04,3705.87,287841,453650630.00,1.15,-0.14,-5.25,0.40
2019-09-04,3724.11,3731.01,3754.38,3699.12,360159,522597682.00,1.48,-0.08,-3.14,0.50
2019-09-05,3761.22,3782.39,3838.30,3759.23,640538,922077565.00,2.12,1.38,51.38,0.90
2019-09-06,3800.38,3816.80,3829.63,3774.16,465876,688882605.00,1.47,0.91,34.41,0.65
2019-09-09,3898.44,3981.90,3981.90,3887.84,739188,1108441682.00,2.46,4.33,165.10,1.03
2019-09-10,4050.89,3995.68,4050.89,3970.10,1122052,1473473567.00,2.03,0.35,13.78,1.57
2019-09-11,4000.33,3972.97,4025.74,3967.86,693753,963296097.00,1.45,-0.57,-22.71,0.97
2019-09-12,3979.11,3985.72,3996.23,3968.68,489372,688188875.00,0.69,0.32,12.75,0.69
2019-09-16,4001.25,3983.14,4024.63,3969.62,536437,742846544.00,1.38,-0.06,-2.58,0.75
2019-09-17,3971.62,3872.20,3971.62,3860.01,537843,721770949.00,2.80,-2.79,-110.94,0.75
2019-09-18,3880.59,3886.14,3908.60,3863.05,311419,432067288.00,1.18,0.36,13.94,0.44
2019-09-19,3892.02,3951.22,3951.69,3883.28,376301,572282839.00,1.76,1.67,65.08,0.53
2019-09-20,3960.83,3922.14,3962.69,3915.72,370860,511563793.00,1.19,-0.74,-29.08,0.52
2019-09-23,3919.52,3891.95,3919.52,3862.84,502985,663416286.00,1.45,-0.77,-30.19,0.70
2019-09-24,3905.70,3892.50,3923.63,3884.32,496374,645928218.00,1.01,0.01,0.55,0.69
2019-09-25,3881.86,3804.17,3881.86,3804.17,489162,610158335.00,2.00,-2.27,-88.33,0.68
2019-09-26,3821.55,3713.73,3840.23,3709.02,455968,594897133.00,3.45,-2.38,-90.44,0.64
2019-09-27,3741.70,3735.51,3765.45,3728.89,287250,370750183.00,0.98,0.59,21.78,0.40
2019-09-30,3722.19,3706.94,3771.99,3706.94,245249,320809101.00,1.74,-0.76,-28.57,0.34
2019-10-08,3714.08,3692.46,3743.64,3690.99,205731,274961295.00,1.42,-0.39,-14.48,0.29
2019-10-09,3681.60,3742.23,3742.23,3662.81,260309,336122666.00,2.15,1.35,49.77,0.36
2019-10-10,3742.34,3792.02,3794.15,3738.53,286637,397244660.00,1.49,1.33,49.79,0.40
2019-10-11,3794.88,3791.60,3805.16,3767.04,268241,360334140.00,1.01,-0.01,-0.42,0.38
2019-10-14,3827.34,3837.43,3842.45,3805.23,331400,449114629.00,0.98,1.21,45.83,0.46
2019-10-15,3820.49,3756.66,3820.49,3751.03,487260,602399248.00,1.81,-2.10,-80.77,0.68
2019-10-16,3766.84,3762.76,3783.11,3754.53,247787,335835136.00,0.76,0.16,6.10,0.35
2019-10-17,3750.59,3745.22,3769.55,3738.15,183559,244584536.00,0.83,-0.47,-17.54,0.26
2019-10-18,3751.58,3699.91,3760.80,3684.87,234449,307196033.00,2.03,-1.21,-45.31,0.33
2019-10-21,3704.19,3694.23,3704.70,3643.91,268538,317252625.00,1.64,-0.15,-5.68,0.38
2019-10-22,3707.46,3754.43,3755.22,3697.15,256428,335193841.00,1.57,1.63,60.20,0.36
2019-10-23,3758.94,3756.76,3765.82,3726.63,188091,293318912.00,1.04,0.06,2.33,0.26
2019-10-24,3760.67,3758.99,3760.67,3731.76,176578,274792068.00,0.77,0.06,2.23,0.25
2019-10-25,3751.26,3738.70,3751.26,3704.96,181717,258426413.00,1.23,-0.54,-20.29,0.25
2019-10-28,3750.06,3796.57,3797.24,3741.90,320396,439833942.00,1.48,1.55,57.87,0.45
2019-10-29,3796.41,3671.26,3796.41,3671.26,287319,410430260.00,3.30,-3.30,-125.31,0.40
2019-10-30,3667.90,3582.41,3672.79,3582.41,254156,488376836.00,2.46,-2.42,-88.85,0.36
2019-10-31,3579.55,3589.91,3634.00,3579.55,319319,478088303.00,1.52,0.21,7.50,0.45
2019-11-01,3578.28,3629.18,3632.40,3578.28,248714,383102780.00,1.51,1.09,39.27,0.35
2019-11-04,3635.80,3661.07,3680.62,3635.80,291494,439325257.00,1.23,0.88,31.89,0.41
2019-11-05,3664.65,3639.40,3665.37,3624.86,229390,326359410.00,1.11,-0.59,-21.67,0.32
2019-11-06,3650.60,3632.25,3661.00,3623.17,254941,345259315.00,1.04,-0.20,-7.15,0.36
2019-11-07,3639.08,3660.36,3672.43,3626.16,202049,275252449.00,1.27,0.77,28.11,0.28
2019-11-08,3672.63,3652.71,3684.05,3646.64,250335,380937535.00,1.02,-0.21,-7.65,0.35
2019-11-11,3639.48,3593.19,3639.48,3580.40,293759,436371083.00,1.62,-1.63,-59.52,0.41
2019-11-12,3592.56,3602.21,3607.46,3569.65,251369,374196278.00,1.05,0.25,9.02,0.35
2019-11-13,3606.32,3554.66,3606.32,3533.86,189744,239334392.00,2.01,-1.32,-47.55,0.27
2019-11-14,3541.26,3597.59,3611.85,3541.26,139862,221756663.00,1.99,1.21,42.93,0.20
2019-11-15,3600.46,3571.62,3600.46,3559.59,163132,234883230.00,1.14,-0.72,-25.97,0.23
2019-11-18,3556.30,3542.73,3556.30,3526.78,196322,321514446.00,0.83,-0.81,-28.89,0.27
2019-11-19,3543.82,3622.88,3627.54,3543.82,228955,332765748.00,2.36,2.26,80.15,0.32
2019-11-20,3625.50,3613.83,3631.03,3606.31,180662,278753783.00,0.68,-0.25,-9.05,0.25
2019-11-21,3602.85,3635.52,3649.07,3590.94,382132,437319150.00,1.61,0.60,21.69,0.53
2019-11-22,3648.46,3623.00,3701.47,3609.33,321924,468731666.00,2.53,-0.34,-12.52,0.45
2019-11-25,3626.92,3597.17,3633.64,3564.44,279071,362491760.00,1.91,-0.71,-25.83,0.39
2019-11-26,3594.89,3563.50,3605.18,3563.50,216069,290334025.00,1.16,-0.94,-33.67,0.30
2019-11-27,3563.04,3569.60,3595.95,3556.65,243898,297177639.00,1.10,0.17,6.10,0.34
2019-11-28,3566.84,3549.17,3578.81,3545.66,174176,266395660.00,0.93,-0.57,-20.43,0.24
2019-11-29,3559.60,3558.88,3562.41,3517.78,145017,215373035.00,1.26,0.27,9.71,0.20
2019-12-02,3554.92,3546.58,3582.58,3540.09,202462,259543423.00,1.19,-0.35,-12.30,0.28
2019-12-03,3542.38,3560.11,3560.19,3510.08,185135,255451771.00,1.41,0.38,13.53,0.26
2019-12-04,3553.31,3558.54,3559.24,3536.12,138831,196846253.00,0.65,-0.04,-1.57,0.19
2019-12-05,3563.13,3593.49,3597.79,3560.79,239019,314095482.00,1.04,0.98,34.95,0.33
2019-12-06,3595.17,3630.97,3632.14,3591.89,232557,309625136.00,1.12,1.04,37.48,0.33
2019-12-09,3634.24,3651.12,3656.44,3634.24,271614,404207326.00,0.61,0.55,20.15,0.38
2019-12-10,3641.77,3662.92,3662.92,3622.33,289705,419246409.00,1.11,0.32,11.80,0.41
2019-12-11,3666.90,3637.72,3668.83,3637.39,237672,328234478.00,0.86,-0.69,-25.20,0.33
2019-12-12,3611.04,3579.73,3631.61,3579.73,290035,574503255.00,1.43,-1.59,-57.99,0.41
2019-12-13,3613.61,3620.36,3625.79,3591.83,500261,765364090.00,0.95,1.14,40.63,0.70
2019-12-16,3627.60,3744.30,3744.80,3627.60,661502,1053159279.00,3.24,3.42,123.94,0.93
2019-12-17,3760.40,3807.10,3814.23,3760.40,651202,1162362064.00,1.44,1.68,62.80,0.91
2019-12-18,3846.91,3869.71,3887.61,3846.75,769183,1388094191.00,1.07,1.64,62.61,1.08
2019-12-19,3868.34,3868.93,3898.20,3857.48,501713,973287529.00,1.05,-0.02,-0.78,0.70
2019-12-20,3881.03,3862.42,3899.56,3862.42,434640,802555124.00,0.96,-0.17,-6.51,0.61
2019-12-23,3844.10,3770.01,3844.10,3769.80,453730,804534344.00,1.92,-2.39,-92.41,0.64
2019-12-24,3776.68,3835.67,3839.29,3773.93,352730,610223164.00,1.73,1.74,65.66,0.49
2019-12-25,3845.49,3842.12,3853.71,3816.35,332977,601160265.00,0.97,0.17,6.45,0.47
2019-12-26,3851.41,3887.16,3892.99,3851.41,508480,742473390.00,1.08,1.17,45.04,0.71
2019-12-27,3881.42,3834.11,3904.18,3832.50,551432,901666204.00,1.84,-1.36,-53.05,0.77
2019-12-30,3802.15,3839.92,3856.10,3758.52,427108,765184733.00,2.55,0.15,5.81,0.60
2019-12-31,3857.77,3847.37,3857.77,3819.97,340857,575264457.00,0.98,0.19,7.45,0.48