2018-01-02,11.94,12.17,12.25,11.80,67828,83837416.00,3.77,1.84,0.22,2.02
2018-01-03,12.17,12.22,12.23,12.02,40664,50523620.00,1.73,0.41,0.05,1.21
2018-01-04,12.29,12.04,12.29,11.99,43103,53457172.00,2.45,-1.47,-0.18,1.28
2018-01-05,12.04,12.40,12.43,11.79,81069,100586431.00,5.32,2.99,0.36,2.41
2018-01-08,12.39,12.46,12.54,12.26,56595,71773454.00,2.26,0.48,0.06,1.68
2018-01-09,12.45,12.15,12.45,12.10,42764,53777074.00,2.81,-2.49,-0.31,1.27
2018-01-10,12.05,11.84,12.10,11.77,50607,61714973.00,2.72,-2.55,-0.31,1.51
2018-01-11,11.84,12.14,12.17,11.84,49886,61675417.00,2.79,2.53,0.30,1.49
2018-01-12,12.14,11.99,12.20,11.93,27769,34201572.00,2.22,-1.24,-0.15,0.83
2018-01-15,11.95,11.97,12.17,11.87,35212,43511789.00,2.50,-0.17,-0.02,1.05
2018-01-16,11.90,12.43,12.45,11.84,55984,70186729.00,5.10,3.84,0.46,1.67
2018-01-17,12.38,12.85,12.86,12.28,93177,120481332.00,4.67,3.38,0.42,2.77
2018-01-18,12.84,12.70,12.84,12.55,51991,67334506.00,2.26,-1.17,-0.15,1.55
2018-01-19,12.65,12.69,12.76,12.52,38027,49262274.00,1.89,-0.08,-0.01,1.13
2018-01-22,12.70,12.53,12.75,12.21,50727,64504062.00,4.26,-1.26,-0.16,1.51
2018-01-23,12.45,12.40,12.57,12.27,29774,37798583.00,2.39,-1.04,-0.13,0.89
2018-01-24,12.33,12.39,12.55,12.26,30969,39420487.00,2.34,-0.08,-0.01,0.92
2018-01-25,12.42,12.70,12.85,12.34,66583,86649732.00,4.12,2.50,0.31,1.98
2018-01-26,12.61,12.59,12.91,12.55,49634,64649805.00,2.83,-0.87,-0.11,1.48
2018-01-29,12.54,12.16,12.55,12.10,46429,58455326.00,3.57,-3.42,-0.43,1.38
2018-01-30,12.13,12.07,12.27,11.98,28034,34836829.00,2.38,-0.74,-0.09,0.83
2018-01-31,11.93,11.74,11.99,11.61,34636,41809955.00,3.15,-2.73,-0.33,1.03
2018-02-01,11.74,11.02,11.79,10.54,46412,53943491.00,10.65,-6.13,-0.72,1.38
2018-02-02,11.02,11.51,11.53,10.83,26652,30836751.00,6.35,4.45,0.49,0.79
2018-02-05,11.35,11.72,11.87,11.25,26481,31766238.00,5.39,1.82,0.21,0.79
2018-02-06,11.64,10.91,11.64,10.70,35279,40326621.00,8.02,-6.91,-0.81,1.05
2018-02-07,11.17,11.05,11.33,10.81,33879,38352996.00,4.77,1.28,0.14,1.01
2018-02-08,11.01,11.17,11.22,10.92,22445,25718466.00,2.71,1.09,0.12,0.67
2018-02-09,10.89,10.99,11.09,10.67,24759,27671021.00,3.76,-1.61,-0.18,0.74
2018-02-12,11.05,11.65,11.65,11.05,39694,46636583.00,5.46,6.01,0.66,1.18
2018-02-13,11.65,11.57,11.78,11.54,22661,27104299.00,2.06,-0.69,-0.08,0.67
2018-02-14,11.60,11.68,11.72,11.55,11502,13758280.00,1.47,0.95,0.11,0.34
2018-02-22,11.81,11.78,11.86,11.70,14884,17982782.00,1.37,0.86,0.10,0.44
2018-02-23,11.78,11.84,11.86,11.58,13954,16844132.00,2.38,0.51,0.06,0.42
2018-02-26,11.89,12.14,12.16,11.71,25610,31360851.00,3.80,2.53,0.30,0.76
2018-02-27,11.99,12.39,12.43,11.99,31293,39463790.00,3.62,2.06,0.25,0.93
2018-02-28,12.27,12.48,12.54,12.17,28862,36790511.00,2.99,0.73,0.09,0.86
2018-03-01,12.54,12.42,12.58,12.28,24602,31314574.00,2.40,-0.48,-0.06,0.73
2018-03-02,12.32,12.68,12.84,12.30,44970,58169439.00,4.35,2.09,0.26,1.27
2018-03-05,12.66,12.46,13.03,12.43,41960,54400242.00,4.73,-1.74,-0.22,1.19
2018-03-06,12.42,12.47,12.55,12.27,24352,30941902.00,2.25,0.08,0.01,0.69
2018-03-07,12.38,12.46,12.62,12.38,21359,27369693.00,1.92,-0.08,-0.01,0.61
2018-03-08,12.46,12.59,12.64,12.40,20528,26378271.00,1.93,1.04,0.13,0.58
2018-03-09,12.59,12.56,12.63,12.44,28355,36416869.00,1.51,-0.24,-0.03,0.80
2018-03-12,12.58,12.75,12.81,12.58,30336,39554110.00,1.83,1.51,0.19,0.86
2018-03-13,12.71,12.57,12.75,12.51,28270,36544671.00,1.88,-1.41,-0.18,0.80
2018-03-14,12.51,12.52,12.77,12.35,34165,43718335.00,3.34,-0.40,-0.05,0.97
2018-03-15,12.45,12.59,12.62,12.30,20460,26164272.00,2.56,0.56,0.07,0.58
2018-03-16,12.70,13.12,13.45,12.70,105964,141969591.00,5.96,4.21,0.53,3.00
2018-03-19,13.00,12.67,13.11,12.58,84741,111167035.00,4.04,-3.43,-0.45,2.40
2018-03-20,12.47,12.29,12.47,11.70,60693,75666952.00,6.08,-3.00,-0.38,1.72
2018-03-21,12.25,12.21,12.57,12.14,38271,48477351.00,3.50,-0.65,-0.08,1.08
2018-03-22,12.00,12.10,12.35,12.00,21420,26624364.00,2.87,-0.90,-0.11,0.61
2018-03-23,11.70,11.71,11.85,11.31,39036,46443084.00,4.46,-3.22,-0.39,1.11
2018-03-26,11.61,11.91,11.92,11.52,17153,20757163.00,3.42,1.71,0.20,0.49
2018-03-27,11.95,12.12,12.19,11.95,16392,20323467.00,2.02,1.76,0.21,0.46
2018-03-28,12.00,11.84,12.08,11.82,16607,20341029.00,2.15,-2.31,-0.28,0.47
2018-03-29,11.77,12.03,12.06,11.77,8654,10609015.00,2.45,1.60,0.19,0.25
2018-03-30,11.96,12.18,12.19,11.88,22774,28080040.00,2.58,1.25,0.15,0.65
2018-04-02,12.17,12.45,12.54,12.10,37706,47949063.00,3.61,2.22,0.27,1.07
2018-04-03,12.35,12.50,12.79,12.29,50380,64708460.00,4.02,0.40,0.05,1.43
2018-04-13,13.78,13.78,13.78,13.78,9025,12707144.00,0.00,10.24,1.28,0.26
2018-04-16,14.35,14.09,14.85,13.58,235649,340435680.00,9.22,2.25,0.31,6.68
2018-04-17,13.82,13.77,14.03,13.54,99779,140149200.00,3.48,-2.27,-0.32,2.83
2018-04-18,13.72,13.74,13.80,13.55,49753,69487352.00,1.82,-0.22,-0.03,1.41
2018-04-19,13.66,13.62,13.73,13.58,39348,54862765.00,1.09,-0.87,-0.12,1.11
2018-04-20,13.56,13.31,13.67,13.30,50674,69707314.00,2.72,-2.28,-0.31,1.44
2018-04-23,13.31,13.43,13.58,13.30,33955,46620855.00,2.10,0.90,0.12,0.96
2018-04-24,13.40,13.53,13.65,13.35,32834,45445277.00,2.23,0.74,0.10,0.93
2018-04-25,13.52,13.65,13.66,13.45,24658,34215872.00,1.55,0.89,0.12,0.70
2018-04-26,13.65,13.52,13.75,13.51,27481,38317824.00,1.76,-0.95,-0.13,0.78
2018-04-27,13.58,13.57,13.65,13.47,14499,20050090.00,1.33,0.37,0.05,0.41
2018-05-02,13.56,13.72,13.74,13.50,28868,40362717.00,1.77,1.11,0.15,0.82
2018-05-03,13.73,13.99,14.01,13.68,53695,76241935.00,2.41,1.97,0.27,1.52
2018-05-04,13.99,13.80,14.02,13.75,27745,39288230.00,1.93,-1.36,-0.19,0.79
2018-05-07,13.80,13.87,13.94,13.77,26715,37787965.00,1.23,0.51,0.07,0.76
2018-05-08,13.81,13.96,14.00,13.77,36938,52368557.00,1.66,0.65,0.09,1.05
2018-05-09,13.96,13.96,14.06,13.91,30976,44234670.00,1.07,0.00,0.00,0.88
2018-05-10,13.97,13.83,14.00,13.78,34202,48401058.00,1.58,-0.93,-0.13,0.97
2018-05-11,13.83,13.94,13.96,13.79,37139,52527532.00,1.23,0.80,0.11,1.05
2018-05-14,13.95,14.10,14.24,13.94,44295,63714336.00,2.15,1.15,0.16,1.25
2018-05-15,14.14,13.97,14.19,13.91,48634,69648844.00,1.99,-0.92,-0.13,1.38
2018-05-16,14.15,14.34,14.37,14.04,86074,125140926.00,2.36,2.65,0.37,2.44
2018-05-18,14.10,13.32,14.10,12.88,27381,37499353.00,8.51,-7.11,-1.02,0.78
2018-05-21,13.22,13.37,13.39,12.90,17806,24023814.00,3.68,0.38,0.05,0.50
2018-05-22,12.68,12.62,12.87,12.50,106789,137968778.00,2.77,-5.61,-0.75,3.03
2018-05-23,12.54,12.28,12.56,12.27,39611,50347401.00,2.30,-2.69,-0.34,1.12
2018-05-24,12.29,12.36,12.45,12.26,22533,28470354.00,1.55,0.65,0.08,0.64
2018-05-25,12.30,12.14,12.34,12.02,26817,33421938.00,2.59,-1.78,-0.22,0.76
2018-05-28,12.17,12.04,12.20,11.97,15001,18560888.00,1.89,-0.82,-0.10,0.42
2018-05-29,12.03,12.25,12.33,11.97,19989,24883570.00,2.99,1.74,0.21,0.57
2018-05-30,12.12,11.89,12.13,11.81,19057,23378080.00,2.61,-2.94,-0.36,0.54
2018-05-31,11.97,11.99,12.05,11.86,14640,17931618.00,1.60,0.84,0.10,0.41
2018-06-01,11.98,12.05,12.12,11.93,16267,20038437.00,1.58,0.50,0.06,0.46
2018-06-04,12.15,12.06,12.20,12.00,11916,14762034.00,1.66,0.08,0.01,0.34
2018-06-05,12.03,12.09,12.11,11.95,15254,18800940.00,1.33,0.25,0.03,0.43
2018-06-06,12.07,11.99,12.09,11.93,9853,12105759.00,1.32,-0.83,-0.10,0.28
2018-06-07,12.08,12.19,12.33,11.98,20796,25997371.00,2.92,1.67,0.20,0.59
2018-06-08,12.21,11.85,12.21,11.81,16320,19931988.00,3.28,-2.79,-0.34,0.46
2018-06-11,11.81,11.84,11.94,11.80,8664,10517460.00,1.18,-0.08,-0.01,0.25
2018-06-12,11.83,11.76,11.89,11.58,14060,16852695.00,2.62,-0.68,-0.08,0.40
2018-06-13,11.79,11.43,11.79,11.41,13347,15817067.00,3.23,-2.81,-0.33,0.38
2018-06-14,11.38,11.33,11.49,11.32,9903,11584393.00,1.49,-0.87,-0.10,0.28
2018-06-15,11.33,10.95,11.43,10.92,19253,21881178.00,4.50,-3.35,-0.38,0.55
2018-06-19,10.90,10.21,10.90,10.03,20336,21951645.00,7.95,-6.76,-0.74,0.58
2018-06-20,10.26,10.33,10.36,10.06,8889,9369295.00,2.94,1.18,0.12,0.25
2018-06-21,10.25,10.22,10.43,10.19,8642,9153580.00,2.32,-1.06,-0.11,0.24
2018-06-22,10.15,10.48,10.53,10.05,8781,9374183.00,4.70,2.54,0.26,0.25
2018-06-25,10.45,10.40,10.60,10.40,9962,10762450.00,1.91,-0.76,-0.08,0.28
2018-06-26,10.30,10.56,10.68,10.26,8538,9247281.00,4.04,1.54,0.16,0.24
2018-06-27,10.43,10.49,10.59,10.43,5297,5727947.00,1.52,-0.66,-0.07,0.15
2018-06-28,10.47,10.41,10.62,10.40,5289,5718463.00,2.10,-0.76,-0.08,0.15
2018-06-29,10.25,10.56,10.59,10.25,10574,11390934.00,3.27,1.44,0.15,0.30
2018-07-02,10.57,10.47,10.64,10.38,10012,10837844.00,2.46,-0.85,-0.09,0.28
2018-07-03,10.45,10.64,10.70,10.40,11270,12256168.00,2.87,1.62,0.17,0.32
2018-07-04,10.60,10.40,10.64,10.38,8544,9204479.00,2.44,-2.26,-0.24,0.24
2018-07-05,10.38,10.26,10.45,10.20,8272,8781223.00,2.40,-1.35,-0.14,0.23
2018-07-06,10.28,10.25,10.36,10.08,7857,8274037.00,2.73,-0.10,-0.01,0.22
2018-07-09,10.27,10.47,10.51,10.23,10186,10886265.00,2.73,2.15,0.22,0.29
2018-07-10,10.41,10.53,10.54,10.37,6490,6983344.00,1.62,0.57,0.06,0.18
2018-07-11,10.46,10.35,10.46,10.20,7678,8137180.00,2.47,-1.71,-0.18,0.22
2018-07-12,10.37,10.54,10.57,10.34,11871,12815233.00,2.22,1.84,0.19,0.34
2018-07-13,10.59,11.11,11.19,10.55,28903,32305017.00,6.07,5.41,0.57,0.82
2018-07-16,11.07,10.96,11.07,10.81,12284,13760841.00,2.34,-1.35,-0.15,0.35
2018-07-17,10.94,10.84,10.95,10.75,8344,9287087.00,1.82,-1.09,-0.12,0.24
2018-07-18,10.83,10.84,10.94,10.80,8236,9178471.00,1.29,0.00,0.00,0.23
2018-07-19,10.87,10.75,10.87,10.73,5930,6574490.00,1.29,-0.83,-0.09,0.17
2018-07-20,10.76,10.86,10.88,10.71,9053,10055684.00,1.58,1.02,0.11,0.26
2018-07-23,10.85,11.01,11.04,10.78,11567,13032290.00,2.39,1.38,0.15,0.33
2018-07-24,11.03,11.33,11.40,11.03,24050,27874726.00,3.36,2.91,0.32,0.68
2018-07-25,11.32,11.23,11.58,11.16,15196,17696830.00,3.71,-0.88,-0.10,0.43
2018-07-26,11.27,11.20,11.35,11.10,10798,12444230.00,2.23,-0.27,-0.03,0.31
2018-07-27,11.19,11.10,11.27,11.08,7710,8850513.00,1.70,-0.89,-0.10,0.22
2018-07-30,11.10,11.12,11.22,11.05,6337,7237236.00,1.53,0.18,0.02,0.18
2018-07-31,11.06,10.97,11.16,10.95,7105,8077697.00,1.89,-1.35,-0.15,0.20
2018-08-01,11.00,11.08,11.25,11.00,12217,13983533.00,2.28,1.00,0.11,0.35
2018-08-02,11.08,10.48,11.08,10.40,14039,15349887.00,6.14,-5.42,-0.60,0.40
2018-08-03,10.54,10.46,10.67,10.44,6764,7310571.00,2.19,-0.19,-0.02,0.19
2018-08-06,10.46,10.19,10.46,10.16,8202,8695254.00,2.87,-2.58,-0.27,0.23
2018-08-07,10.18,10.54,10.60,10.18,8616,9222337.00,4.12,3.43,0.35,0.24
2018-08-08,11.00,10.60,11.00,10.55,13979,15510695.00,4.27,0.57,0.06,0.40
2018-08-09,10.51,10.73,10.88,10.45,8106,8900430.00,4.06,1.23,0.13,0.23
2018-08-10,10.75,10.76,10.78,10.65,5792,6382569.00,1.21,0.28,0.03,0.16
2018-08-13,10.61,10.66,10.67,10.45,7367,7996166.00,2.04,-0.93,-0.10,0.21
2018-08-14,10.56,10.63,10.68,10.55,5244,5724056.00,1.22,-0.28,-0.03,0.15
2018-08-15,10.68,10.39,10.68,10.38,6689,7239438.00,2.82,-2.26,-0.24,0.19
2018-08-16,10.39,10.45,10.57,10.24,5433,5828146.00,3.18,0.58,0.06,0.15
2018-08-17,10.55,10.46,10.69,10.45,5138,5566700.00,2.30,0.10,0.01,0.15
2018-08-20,10.46,10.47,10.58,10.33,5563,5976782.00,2.39,0.10,0.01,0.16
2018-08-21,10.47,10.57,10.58,10.42,6984,7564092.00,1.53,0.96,0.10,0.20
2018-08-22,10.57,10.52,10.57,10.42,6196,6689556.00,1.42,-0.47,-0.05,0.18
2018-08-23,10.47,10.57,10.63,10.42,5223,5672314.00,2.00,0.48,0.05,0.15
2018-08-24,10.64,10.58,10.64,10.53,4714,5129337.00,1.04,0.09,0.01,0.13
2018-08-27,10.58,10.71,10.78,10.55,8833,9687869.00,2.17,1.23,0.13,0.25
2018-08-28,10.63,10.67,10.73,10.62,5894,6466743.00,1.03,-0.37,-0.04,0.17
2018-08-29,10.64,10.69,10.74,10.61,5351,5876892.00,1.22,0.19,0.02,0.15
2018-08-30,10.74,10.52,10.74,10.52,5485,5976972.00,2.06,-1.59,-0.17,0.16
2018-08-31,10.58,10.47,10.60,10.47,3333,3604184.00,1.24,-0.48,-0.05,0.09
2018-09-03,10.47,10.40,10.53,10.21,6049,6441378.00,3.06,-0.67,-0.07,0.17
2018-09-04,10.31,10.48,10.52,10.31,6174,6617789.00,2.02,0.77,0.08,0.17
2018-09-05,10.48,10.36,10.49,10.33,4120,4415034.00,1.53,-1.15,-0.12,0.12
2018-09-06,10.36,10.37,10.43,10.30,4038,4302394.00,1.25,0.10,0.01,0.11
2018-09-07,10.44,10.44,10.54,10.35,5568,5990502.00,1.83,0.68,0.07,0.16
2018-09-10,10.31,10.33,10.40,10.25,7198,7618692.00,1.44,-1.05,-0.11,0.20
2018-09-11,10.28,10.25,10.35,10.20,4309,4546570.00,1.45,-0.77,-0.08,0.12
2018-09-12,10.30,10.23,10.32,10.12,6244,6561467.00,1.95,-0.20,-0.02,0.18
2018-09-13,10.25,10.26,10.28,10.18,4626,4868128.00,0.98,0.29,0.03,0.13
2018-09-14,10.29,10.20,10.29,10.06,7180,7517315.00,2.24,-0.58,-0.06,0.20
2018-09-17,10.17,10.08,10.17,10.00,6693,6935316.00,1.67,-1.18,-0.12,0.19
2018-09-18,10.08,10.17,10.18,10.00,5090,5290543.00,1.79,0.89,0.09,0.14
2018-09-19,10.28,10.73,11.15,10.28,27729,30502113.00,8.55,5.51,0.56,0.79
2018-09-20,10.58,10.55,10.61,10.44,15098,16322921.00,1.58,-1.68,-0.18,0.43
2018-09-21,10.49,10.56,10.61,10.45,11510,12473596.00,1.52,0.09,0.01,0.33
2018-09-25,10.58,10.48,10.58,10.41,8333,8975890.00,1.61,-0.76,-0.08,0.24
2018-09-26,10.54,10.48,10.56,10.45,7460,8069712.00,1.05,0.00,0.00,0.21
2018-09-27,10.46,10.41,10.68,10.38,9808,10608442.00,2.86,-0.67,-0.07,0.28
2018-09-28,10.41,10.29,10.46,10.27,10983,11699533.00,1.83,-1.15,-0.12,0.31
2018-10-08,10.27,10.03,10.27,10.02,8548,8887353.00,2.43,-2.53,-0.26,0.24
2018-10-09,10.00,10.07,10.10,10.00,4189,4333714.00,1.00,0.40,0.04,0.12
2018-10-10,10.04,10.10,10.11,10.01,3530,3664623.00,0.99,0.30,0.03,0.10
2018-10-11,9.88,9.22,9.88,9.15,10421,10283435.00,7.23,-8.71,-0.88,0.30
2018-10-12,9.20,9.17,9.31,8.82,7518,7049321.00,5.31,-0.54,-0.05,0.21
2018-10-15,9.24,9.10,9.24,9.00,3533,3327899.00,2.62,-0.76,-0.07,0.10
2018-10-16,9.01,8.88,9.16,8.88,4175,3882250.00,3.08,-2.42,-0.22,0.12
2018-10-17,8.97,9.00,9.07,8.86,5389,4981413.00,2.36,1.35,0.12,0.15
2018-10-18,8.91,8.72,9.00,8.53,5743,5219531.00,5.22,-3.11,-0.28,0.16
2018-10-19,8.57,8.76,8.85,8.30,6642,5904540.00,6.31,0.46,0.04,0.19
2018-10-22,8.73,9.18,9.25,8.73,9805,9200865.00,5.94,4.79,0.42,0.28
2018-10-23,9.29,9.03,9.29,8.95,8853,8269026.00,3.70,-1.63,-0.15,0.25
2018-10-24,9.00,9.03,9.09,8.94,4453,4143888.00,1.66,0.00,0.00,0.13
2018-10-25,8.87,8.96,8.99,8.73,5670,5187835.00,2.88,-0.78,-0.07,0.16
2018-10-26,9.04,8.96,9.05,8.94,3663,3407120.00,1.23,0.00,0.00,0.10
2018-10-29,8.96,8.85,9.01,8.81,3552,3265670.00,2.23,-1.23,-0.11,0.10
2018-10-30,8.93,8.99,9.00,8.78,6113,5627472.00,2.49,1.58,0.14,0.17
2018-10-31,8.98,9.08,9.12,8.92,6316,5905406.00,2.22,1.00,0.09,0.18
2018-11-01,9.14,9.35,9.35,9.08,14467,13834113.00,2.97,2.97,0.27,0.41
2018-11-02,9.45,9.42,9.45,9.23,15333,14791606.00,2.35,0.75,0.07,0.43
2018-11-05,9.41,10.39,10.39,9.31,48633,50864345.00,11.46,10.30,0.97,1.38
2018-11-06,11.46,11.46,11.46,11.46,33761,39703054.00,0.00,10.30,1.07,0.96
2018-11-07,12.06,11.39,12.64,11.39,204430,252476046.00,10.91,-0.61,-0.07,5.79
2018-11-08,10.95,11.30,11.91,10.80,148781,172451693.00,9.75,-0.79,-0.09,4.21
2018-11-09,11.88,12.46,12.46,11.88,157254,198998083.00,5.13,10.27,1.16,4.45
2018-11-12,12.95,12.70,13.60,12.40,219327,290178864.00,9.63,1.93,0.24,6.21
2018-11-13,12.36,12.62,13.58,12.36,202718,267970879.00,9.61,-0.63,-0.08,5.74
2018-11-14,12.42,12.83,13.45,12.28,182299,240347274.00,9.27,1.66,0.21,5.16
2018-11-15,12.63,13.86,14.06,12.60,224857,309743248.00,11.38,8.03,1.03,6.37
2018-11-16,13.57,15.28,15.28,13.26,281784,416233040.00,14.57,10.25,1.42,7.98
2018-11-19,15.30,14.39,15.68,14.30,257016,392012624.00,9.03,-5.82,-0.89,7.28
2018-11-20,13.71,13.35,13.81,13.06,163260,223613641.00,5.21,-7.23,-1.04,4.62
2018-11-21,13.11,13.42,13.89,12.88,139904,192394813.00,7.57,0.52,0.07,3.96
2018-11-22,13.39,13.10,13.48,12.98,103931,140437466.00,3.73,-2.38,-0.32,2.94
2018-11-23,12.69,12.30,12.84,12.01,121953,156013965.00,6.34,-6.11,-0.80,3.45
2018-11-26,12.30,12.30,12.56,12.14,89248,112584098.00,3.41,0.00,0.00,2.53
2018-11-27,12.40,12.23,12.52,11.81,91536,113979263.00,5.77,-0.57,-0.07,2.59
2018-11-28,12.20,12.09,12.20,11.64,97130,118119801.00,4.58,-1.14,-0.14,2.75
2018-11-29,12.04,11.48,12.16,11.48,80629,97893837.00,5.62,-5.05,-0.61,2.28
2018-11-30,11.50,11.50,11.67,11.18,68352,80241793.00,4.27,0.17,0.02,1.94
2018-12-03,11.83,11.59,11.99,11.51,105732,127612463.00,4.17,0.78,0.09,3.00
2018-12-04,11.57,11.98,12.12,11.51,117325,143157223.00,5.26,3.36,0.39,3.32
2018-12-05,11.15,10.80,11.30,10.75,128966,145393622.00,4.59,-9.85,-1.18,3.65
2018-12-06,10.83,10.89,11.01,10.80,57034,63936644.00,1.94,0.83,0.09,1.62
2018-12-07,10.96,10.82,10.98,10.74,41643,46449336.00,2.20,-0.64,-0.07,1.18
2018-12-10,10.82,10.82,10.95,10.77,41542,46346480.00,1.66,0.00,0.00,1.18
2018-12-11,10.83,10.85,10.93,10.58,46074,50836758.00,3.23,0.28,0.03,1.31
2018-12-12,10.86,11.03,11.13,10.74,66572,74954138.00,3.59,1.66,0.18,1.89
2018-12-13,11.19,10.92,11.19,10.85,52772,59686677.00,3.08,-1.00,-0.11,1.49
2018-12-14,10.86,10.45,10.91,10.43,52760,57802650.00,4.40,-4.30,-0.47,1.49
2018-12-17,10.50,10.77,10.93,10.45,51558,56925759.00,4.59,3.06,0.32,1.46
2018-12-18,10.65,10.74,10.85,10.55,36535,40190229.00,2.79,-0.28,-0.03,1.03
2018-12-19,10.75,10.99,11.12,10.57,76093,85351199.00,5.12,2.33,0.25,2.16
2018-12-20,10.95,11.31,11.37,10.86,97903,112350435.00,4.64,2.91,0.32,2.77
2018-12-21,11.16,10.98,11.25,10.87,57283,64763832.00,3.36,-2.92,-0.33,1.62
2018-12-24,10.90,10.83,10.96,10.63,37118,41113491.00,3.01,-1.37,-0.15,1.05
2018-12-25,10.69,10.96,11.10,10.47,53533,59168087.00,5.82,1.20,0.13,1.52
2018-12-26,10.89,11.46,11.68,10.79,99414,114425523.00,8.12,4.56,0.50,2.82
2018-12-27,11.36,10.76,11.39,10.69,77119,88359812.00,6.11,-6.11,-0.70,2.18
2018-12-28,10.85,10.90,11.00,10.71,44879,50077445.00,2.70,1.30,0.14,1.27