2018-01-02,12.45,12.69,12.71,12.45,8876,16063945.00,2.07,0.95,0.12,0.77
2018-01-03,12.68,12.83,12.84,12.58,12876,23511196.00,2.05,1.10,0.14,1.11
2018-01-04,12.84,12.98,13.25,12.76,24867,46392936.00,3.82,1.17,0.15,2.15
2018-01-05,12.91,12.93,13.05,12.84,12988,24012758.00,1.62,-0.39,-0.05,1.12
2018-01-08,12.93,12.97,13.04,12.78,14241,26307327.00,2.01,0.31,0.04,1.23
2018-01-09,12.88,13.15,13.51,12.88,31324,59064644.00,4.86,1.39,0.18,2.70
2018-01-10,13.07,13.03,13.11,12.88,20692,38387823.00,1.75,-0.91,-0.12,1.79
2018-01-11,12.99,12.88,13.03,12.76,11668,21459915.00,2.07,-1.15,-0.15,1.01
2018-01-12,12.88,12.95,13.02,12.76,14838,27395177.00,2.02,0.54,0.07,1.28
2018-01-15,12.95,12.99,13.38,12.88,36751,69101947.00,3.86,0.31,0.04,3.17
2018-01-16,12.91,13.41,13.52,12.76,46962,89157141.00,5.85,3.23,0.42,4.05
2018-01-17,13.23,13.30,13.42,13.10,27468,52027968.00,2.39,-0.82,-0.11,2.37
2018-01-18,13.13,13.75,13.78,13.08,46554,90200532.00,5.26,3.38,0.45,4.02
2018-01-19,13.61,13.78,13.81,13.42,29453,57035683.00,2.84,0.22,0.03,2.54
2018-01-22,13.69,13.74,14.11,13.65,35187,69381701.00,3.34,-0.29,-0.04,3.04
2018-01-23,13.65,13.47,13.72,13.39,26612,51180914.00,2.40,-1.97,-0.27,2.30
2018-01-24,13.47,13.44,13.48,13.29,16136,30795411.00,1.41,-0.22,-0.03,1.39
2018-01-25,13.34,13.36,13.51,13.24,14842,28315316.00,2.01,-0.60,-0.08,1.28
2018-01-26,13.37,13.31,13.41,13.15,13563,25779488.00,1.95,-0.37,-0.05,1.17
2018-01-29,13.26,12.71,13.36,12.68,20669,38308062.00,5.11,-4.51,-0.60,1.78
2018-01-30,12.72,12.76,12.84,12.68,7939,14526686.00,1.26,0.39,0.05,0.69
2018-01-31,12.61,12.44,12.80,12.44,12095,21864304.00,2.82,-2.51,-0.32,1.04
2018-02-01,12.45,11.87,12.61,11.81,24011,41513405.00,6.43,-4.58,-0.57,2.07
2018-02-02,11.76,11.91,12.00,11.76,11486,19683976.00,2.02,0.34,0.04,0.99
2018-02-05,11.81,11.88,11.90,11.68,8772,14927230.00,1.85,-0.25,-0.03,0.76
2018-02-06,11.69,11.77,12.04,11.64,12429,21192417.00,3.37,-0.93,-0.11,1.07
2018-02-07,11.98,11.84,11.99,11.73,11182,19140310.00,2.21,0.59,0.07,0.97
2018-02-08,11.74,11.95,12.11,11.74,12668,21921990.00,3.13,0.93,0.11,1.09
2018-02-09,11.76,11.57,11.77,11.38,14538,24342824.00,3.26,-3.18,-0.38,1.26
2018-02-12,11.67,11.79,11.89,11.54,7234,12259049.00,3.03,1.90,0.22,0.62
2018-02-13,11.88,11.81,11.99,11.79,5497,9415411.00,1.70,0.17,0.02,0.47
2018-02-14,11.84,11.92,11.98,11.72,5578,9526576.00,2.20,0.93,0.11,0.48
2018-02-22,11.94,11.98,12.05,11.88,5345,9221897.00,1.43,0.50,0.06,0.46
2018-02-23,11.98,11.84,11.98,11.74,6425,10983575.00,2.00,-1.17,-0.14,0.55
2018-02-26,11.84,12.07,12.09,11.77,10202,17576753.00,2.70,1.94,0.23,0.88
2018-02-27,12.01,11.89,12.05,11.85,7157,12333356.00,1.66,-1.49,-0.18,0.62
2018-02-28,11.86,11.78,11.98,11.76,8047,13714941.00,1.85,-0.93,-0.11,0.69
2018-03-01,11.68,11.85,11.87,11.68,7192,12258880.00,1.61,0.59,0.07,0.62
2018-03-02,11.75,11.74,11.89,11.73,6430,10945001.00,1.35,-0.93,-0.11,0.56
2018-03-05,11.72,11.76,11.81,11.70,5573,9463717.00,0.94,0.17,0.02,0.48
2018-03-06,11.77,12.00,12.03,11.72,12738,21851845.00,2.64,2.04,0.24,1.10
2018-03-07,12.01,11.94,12.22,11.92,15406,26804297.00,2.50,-0.50,-0.06,1.33
2018-03-08,11.91,11.96,11.98,11.81,6688,11509384.00,1.42,0.17,0.02,0.58
2018-03-09,11.97,12.06,12.18,11.94,10746,18657283.00,2.01,0.84,0.10,0.93
2018-03-12,12.06,12.14,12.17,12.00,11783,20549758.00,1.41,0.66,0.08,1.02
2018-03-13,12.14,12.01,12.14,11.94,10180,17678646.00,1.65,-1.07,-0.13,0.88
2018-03-14,11.98,12.01,12.03,11.88,6907,11911860.00,1.25,0.00,0.00,0.60
2018-03-15,11.99,12.37,12.39,11.95,28783,50581504.00,3.66,3.00,0.36,2.48
2018-03-16,12.38,12.14,12.38,12.08,17396,30626792.00,2.43,-1.86,-0.23,1.50
2018-03-19,12.12,12.11,12.21,12.06,8628,15079746.00,1.24,-0.25,-0.03,0.74
2018-03-20,12.04,11.86,12.04,11.82,12430,21323949.00,1.82,-2.06,-0.25,1.07
2018-03-21,11.91,11.79,11.97,11.78,7371,12636714.00,1.60,-0.59,-0.07,0.64
2018-03-22,11.80,11.71,11.87,11.64,9882,16738669.00,1.95,-0.68,-0.08,0.85
2018-03-23,11.38,10.81,11.57,10.61,17938,29090250.00,8.20,-7.69,-0.90,1.55
2018-03-26,10.80,10.99,11.05,9.84,11801,18064227.00,11.19,1.67,0.18,1.02
2018-03-27,10.96,11.18,11.31,10.91,8835,14316094.00,3.64,1.73,0.19,0.76
2018-03-28,10.99,10.98,11.18,10.65,6740,10780559.00,4.74,-1.79,-0.20,0.58
2018-03-29,11.04,11.09,11.18,10.97,5926,9559276.00,1.91,1.00,0.11,0.51
2018-03-30,11.26,11.13,11.26,11.08,5923,9586984.00,1.62,0.36,0.04,0.51
2018-04-02,11.14,11.01,11.14,10.98,9960,15991289.00,1.44,-1.08,-0.12,0.86
2018-04-03,10.97,10.83,10.99,10.71,7450,11755696.00,2.54,-1.63,-0.18,0.64
2018-04-04,10.87,11.11,11.38,10.80,14141,22907992.00,5.36,2.59,0.28,1.22
2018-04-09,11.10,11.01,11.21,10.96,9140,14681166.00,2.25,-0.90,-0.10,0.79
2018-04-10,10.99,11.05,11.06,10.84,9466,15142870.00,2.00,0.36,0.04,0.82
2018-04-11,11.04,11.05,11.13,10.94,6625,10628634.00,1.72,0.00,0.00,0.57
2018-04-12,11.03,10.98,11.08,10.89,9319,14867256.00,1.72,-0.63,-0.07,0.80
2018-04-13,11.01,10.95,11.05,10.89,7028,11217240.00,1.46,-0.27,-0.03,0.61
2018-04-16,10.95,10.88,11.01,10.80,4997,7956398.00,1.92,-0.64,-0.07,0.43
2018-04-17,10.88,10.84,11.02,10.65,6965,11027834.00,3.40,-0.37,-0.04,0.60
2018-04-18,10.91,10.81,10.91,10.61,6754,10584638.00,2.77,-0.28,-0.03,0.58
2018-04-19,10.78,10.94,11.22,10.72,14385,23045336.00,4.63,1.20,0.13,1.24
2018-04-20,10.78,10.82,10.91,10.71,7988,12593034.00,1.83,-1.10,-0.12,0.69
2018-04-23,10.81,10.80,10.96,10.61,9780,15342653.00,3.23,-0.18,-0.02,0.84
2018-04-24,10.90,10.88,10.91,10.75,12777,20200241.00,1.48,0.74,0.08,1.10
2018-04-25,10.84,11.04,11.14,10.81,20550,32681078.00,3.03,1.47,0.16,1.77
2018-04-26,11.08,10.82,11.14,10.81,10717,17084590.00,2.99,-1.99,-0.22,0.93
2018-04-27,10.95,10.90,11.09,10.77,5760,9136102.00,2.96,0.74,0.08,0.50
2018-05-02,10.90,10.95,10.98,10.80,6760,10724241.00,1.65,0.46,0.05,0.58
2018-05-03,10.88,10.95,10.98,10.72,13948,22104173.00,2.37,0.00,0.00,1.20
2018-05-04,10.88,11.21,11.24,10.88,20869,33789983.00,3.29,2.37,0.26,1.80
2018-05-07,11.26,11.75,11.97,11.15,52239,88498273.00,7.31,4.82,0.54,4.51
2018-05-08,11.80,11.68,11.81,11.55,28667,48444093.00,2.21,-0.60,-0.07,2.47
2018-05-09,11.75,12.11,12.38,11.68,55277,96268920.00,5.99,3.68,0.43,4.77
2018-05-10,12.04,12.16,12.51,11.98,33718,59317433.00,4.38,0.41,0.05,2.91
2018-05-11,12.03,11.91,12.38,11.88,28066,48755761.00,4.11,-2.06,-0.25,2.42
2018-05-14,11.80,11.84,12.06,11.80,18762,32219322.00,2.18,-0.59,-0.07,1.62
2018-05-15,11.85,11.99,12.04,11.69,17451,29926529.00,2.96,1.27,0.15,1.51
2018-05-16,11.99,12.01,12.12,11.86,22438,38924583.00,2.17,0.17,0.02,1.94
2018-05-17,11.94,11.74,12.02,11.64,17671,30066604.00,3.16,-2.25,-0.27,1.53
2018-05-18,11.67,11.91,11.93,11.53,19443,33092065.00,3.41,1.45,0.17,1.68
2018-05-21,12.03,11.93,12.03,11.82,16144,27757611.00,1.76,0.17,0.02,1.39
2018-05-22,11.93,11.90,11.98,11.84,9520,16344994.00,1.17,-0.25,-0.03,0.82
2018-05-23,11.81,11.69,11.91,11.62,10223,17385569.00,2.44,-1.76,-0.21,0.88
2018-05-24,11.67,11.66,11.81,11.64,6852,11610079.00,1.45,-0.26,-0.03,0.59
2018-05-25,11.67,12.08,12.22,11.56,35594,61498885.00,5.66,3.60,0.42,3.07
2018-05-28,12.01,12.78,13.18,12.01,78238,141230341.00,9.69,5.79,0.70,6.75
2018-05-29,12.57,12.34,12.84,12.32,47634,86047911.00,4.07,-3.44,-0.44,4.11
2018-05-30,12.14,12.46,12.82,11.76,57115,102224174.00,8.59,0.97,0.12,4.93
2018-05-31,12.20,13.14,13.34,12.19,92779,171362967.00,9.23,5.46,0.68,8.01
2018-06-01,12.91,12.79,13.05,12.40,57968,105726796.00,4.95,-2.66,-0.35,5.00
2018-06-04,12.67,12.96,13.04,12.56,42642,78776349.00,3.75,1.33,0.17,3.68
2018-06-05,12.99,13.66,13.98,12.83,96142,184949955.00,8.87,5.40,0.70,8.30
2018-06-06,13.51,13.78,13.98,13.41,80521,158144408.00,4.17,0.88,0.12,6.95
2018-06-07,13.73,13.84,13.96,13.48,56947,111619293.00,3.48,0.44,0.06,4.92
2018-06-08,13.79,13.38,14.02,13.14,65046,123665271.00,6.36,-3.32,-0.46,5.62
2018-06-11,13.24,12.88,13.30,12.73,54589,99753500.00,4.26,-3.74,-0.50,4.71
2018-06-12,12.71,13.26,13.45,12.62,79064,146812305.00,6.44,2.95,0.38,6.83
2018-06-13,13.14,13.14,13.54,12.95,61578,114941748.00,4.45,-0.90,-0.12,5.32
2018-06-14,13.06,12.92,13.31,12.81,34670,63742362.00,3.81,-1.67,-0.22,2.99
2018-06-15,12.80,12.40,12.95,12.18,45396,80286539.00,5.96,-4.02,-0.52,3.92
2018-06-19,12.04,11.13,12.20,11.04,47940,79379016.00,9.35,-10.24,-1.27,4.14
2018-06-20,11.13,11.55,11.68,11.06,38959,63675969.00,5.57,3.77,0.42,3.36
2018-06-21,11.51,11.36,11.86,11.33,32264,53259374.00,4.59,-1.65,-0.19,2.79
2018-06-22,11.16,11.41,11.56,10.84,25157,40692731.00,6.34,0.44,0.05,2.17
2018-06-25,11.55,11.64,11.94,11.32,41100,68603462.00,5.43,2.02,0.23,3.55
2018-06-26,11.48,11.87,12.18,11.44,33549,56651538.00,6.36,1.98,0.23,2.90
2018-06-27,11.81,11.48,11.91,11.33,34389,56713558.00,4.89,-3.29,-0.39,2.97
2018-06-28,11.48,11.45,11.48,11.11,26122,42227683.00,3.22,-0.26,-0.03,2.26
2018-06-29,11.33,11.58,11.68,11.08,34308,55795697.00,5.24,1.14,0.13,2.96
2018-07-02,11.50,11.38,11.88,11.25,27123,44907481.00,5.44,-1.73,-0.20,2.34
2018-07-03,11.40,11.35,11.47,10.81,36453,58012454.00,5.80,-0.26,-0.03,3.15
2018-07-04,11.21,11.38,11.39,10.93,19987,32031339.00,4.05,0.26,0.03,1.73
2018-07-05,11.24,11.38,11.48,10.96,34754,55770458.00,4.57,0.00,0.00,3.00
2018-07-06,11.34,11.44,11.58,11.19,39616,64494093.00,3.43,0.53,0.06,3.42
2018-07-09,11.44,11.61,11.63,11.30,27046,44329770.00,2.88,1.49,0.17,2.33
2018-07-10,11.59,11.57,11.68,11.44,18520,30493364.00,2.07,-0.34,-0.04,1.60
2018-07-11,11.41,11.39,11.44,11.08,23856,38377771.00,3.11,-1.56,-0.18,2.06
2018-07-12,11.26,11.62,11.70,11.25,38130,62925350.00,3.95,2.02,0.23,3.29
2018-07-13,11.61,11.80,11.84,11.38,36295,60435211.00,3.96,1.55,0.18,3.13
2018-07-16,11.72,11.75,11.81,11.54,22814,38003876.00,2.29,-0.42,-0.05,1.97
2018-07-17,11.75,11.64,11.82,11.46,16223,26864782.00,3.06,-0.94,-0.11,1.40
2018-07-18,11.70,11.51,11.70,11.49,14195,23407643.00,1.80,-1.12,-0.13,1.23
2018-07-19,11.44,11.44,11.53,11.37,11133,18202654.00,1.39,-0.61,-0.07,0.96
2018-07-20,11.45,11.57,11.58,11.38,9254,15218900.00,1.75,1.14,0.13,0.80
2018-07-23,11.54,11.54,11.58,11.37,12984,21248676.00,1.82,-0.26,-0.03,1.12
2018-07-24,11.56,12.25,12.29,11.44,54144,91930570.00,7.37,6.15,0.71,4.67
2018-07-25,12.21,12.12,12.21,11.94,40317,69098795.00,2.20,-1.06,-0.13,3.48
2018-07-26,12.14,11.94,12.20,11.84,20735,35361344.00,2.97,-1.49,-0.18,1.79
2018-07-27,11.91,12.08,12.16,11.83,19454,33280504.00,2.76,1.17,0.14,1.68
2018-07-30,11.94,11.94,12.08,11.71,16145,27264608.00,3.06,-1.16,-0.14,1.39
2018-07-31,11.88,11.98,12.12,11.81,12580,21445538.00,2.60,0.34,0.04,1.09
2018-08-01,11.98,11.76,12.04,11.73,15930,26934437.00,2.59,-1.84,-0.22,1.38
2018-08-02,11.73,11.46,11.79,11.02,27616,44738680.00,6.55,-2.55,-0.30,2.38
2018-08-03,11.39,11.38,11.43,11.24,10901,17674104.00,1.66,-0.70,-0.08,0.94
2018-08-06,11.38,11.39,11.44,11.11,10596,17087785.00,2.90,0.09,0.01,0.91
2018-08-07,11.32,11.51,11.51,11.16,11935,19378968.00,3.07,1.05,0.12,1.03
2018-08-08,11.41,11.34,11.45,11.21,11003,17786742.00,2.09,-1.48,-0.17,0.95
2018-08-09,11.28,11.44,11.51,11.25,10032,16372793.00,2.29,0.88,0.10,0.87
2018-08-10,11.45,11.49,11.51,11.33,10020,16352664.00,1.57,0.44,0.05,0.86
2018-08-13,11.41,11.37,11.43,11.18,8218,13292898.00,2.18,-1.04,-0.12,0.71
2018-08-14,11.37,11.39,11.48,11.31,5762,9389157.00,1.50,0.18,0.02,0.50
2018-08-15,11.41,11.35,11.42,11.21,10328,16665118.00,1.84,-0.35,-0.04,0.89
2018-08-16,11.33,11.34,11.38,11.18,6096,9841914.00,1.76,-0.09,-0.01,0.53
2018-08-17,11.41,11.30,11.41,11.21,7109,11486648.00,1.76,-0.35,-0.04,0.61
2018-08-20,11.21,11.29,11.29,11.05,11737,18753805.00,2.12,-0.09,-0.01,1.01
2018-08-21,11.29,11.32,11.41,11.18,9041,14659672.00,2.04,0.27,0.03,0.78
2018-08-22,11.29,11.28,11.30,11.18,6845,10995320.00,1.06,-0.35,-0.04,0.59
2018-08-23,11.25,11.28,11.28,11.18,8328,13394626.00,0.89,0.00,0.00,0.72
2018-08-24,11.27,11.24,11.27,11.08,10966,17540580.00,1.68,-0.35,-0.04,0.95
2018-08-27,11.19,11.24,11.28,11.18,15948,25641999.00,0.89,0.00,0.00,1.38
2018-08-28,11.24,11.14,11.25,11.08,13000,20715098.00,1.51,-0.89,-0.10,1.12
2018-08-29,11.03,11.13,11.13,10.97,12786,20256640.00,1.44,-0.09,-0.01,1.10
2018-08-30,11.08,10.98,11.10,10.81,16688,26150541.00,2.61,-1.35,-0.15,1.44
2018-08-31,10.84,10.78,10.88,10.71,10151,15704063.00,1.55,-1.82,-0.20,0.88
2018-09-03,10.56,10.39,10.68,10.37,8629,12975523.00,2.88,-3.62,-0.39,0.74
2018-09-04,10.39,10.41,10.55,10.32,8302,12467932.00,2.21,0.19,0.02,0.72
2018-09-05,10.41,10.18,10.46,10.18,9275,13812415.00,2.69,-2.21,-0.23,0.80
2018-09-06,10.21,10.23,10.31,10.16,6653,9832109.00,1.47,0.49,0.05,0.57
2018-09-07,10.31,10.34,10.58,10.24,5892,8821286.00,3.32,1.08,0.11,0.51
2018-09-10,10.37,10.33,10.46,10.18,5878,8787699.00,2.71,-0.10,-0.01,0.51
2018-09-11,10.33,10.34,10.41,10.30,4217,6306333.00,1.06,0.10,0.01,0.36
2018-09-12,10.34,10.33,10.41,10.31,2761,4124135.00,0.97,-0.10,-0.01,0.24
2018-09-13,10.44,10.35,10.54,10.25,6253,9310652.00,2.81,0.19,0.02,0.54
2018-09-14,10.36,10.39,10.56,10.26,7989,12001342.00,2.90,0.39,0.04,0.69
2018-09-17,10.40,10.45,10.66,10.37,9185,13877539.00,2.79,0.58,0.06,0.79
2018-09-18,10.48,10.47,10.58,10.28,7108,10662756.00,2.87,0.19,0.02,0.61
2018-09-19,10.42,10.66,10.77,10.42,13471,20615181.00,3.34,1.81,0.19,1.16
2018-09-20,10.59,10.49,10.68,10.46,6082,9213549.00,2.06,-1.59,-0.17,0.53
2018-09-21,10.52,10.61,10.66,10.48,9223,14065498.00,1.72,1.14,0.12,0.80
2018-09-25,10.60,10.61,10.63,10.48,6288,9553315.00,1.41,0.00,0.00,0.54
2018-09-26,10.60,10.74,10.88,10.58,12117,18722624.00,2.83,1.23,0.13,1.05
2018-09-27,10.74,10.61,10.74,10.61,6643,10193257.00,1.21,-1.21,-0.13,0.57
2018-09-28,10.58,10.68,10.75,10.58,6804,10453391.00,1.60,0.66,0.07,0.59
2018-10-08,10.48,10.34,10.52,10.29,8054,12029813.00,2.15,-3.18,-0.34,0.70
2018-10-09,10.28,10.35,10.45,10.28,3153,4701591.00,1.64,0.10,0.01,0.27
2018-10-10,10.34,10.34,10.38,10.25,3357,4987960.00,1.26,-0.10,-0.01,0.29
2018-10-11,10.10,9.51,10.19,9.24,12947,18229327.00,9.19,-8.03,-0.83,1.12
2018-10-12,9.51,9.94,9.94,9.14,11163,15386085.00,8.41,4.52,0.43,0.96
2018-10-15,9.91,9.86,10.01,9.79,5547,7962709.00,2.21,-0.80,-0.08,0.48
2018-10-16,9.83,9.75,9.94,9.56,6664,9403324.00,3.85,-1.12,-0.11,0.58
2018-10-17,9.75,9.64,9.86,9.49,5352,7502862.00,3.79,-1.13,-0.11,0.46
2018-10-18,9.58,9.51,9.62,9.44,5003,6915355.00,1.87,-1.35,-0.13,0.43
2018-10-19,9.44,9.64,9.70,9.26,6210,8610172.00,4.63,1.37,0.13,0.54
2018-10-22,9.68,9.98,10.13,9.68,10337,14871207.00,4.67,3.53,0.34,0.89
2018-10-23,9.90,9.60,9.97,9.54,7803,11016074.00,4.31,-3.81,-0.38,0.67
2018-10-24,9.56,9.64,9.72,9.44,6828,9507718.00,2.92,0.42,0.04,0.59
2018-10-25,9.46,9.56,9.56,9.37,5614,7716751.00,1.97,-0.83,-0.08,0.48
2018-10-26,9.56,9.56,9.67,9.48,4053,5627724.00,1.99,0.00,0.00,0.35
2018-10-29,9.25,9.27,9.40,8.49,20470,26259885.00,9.52,-3.03,-0.29,1.77
2018-10-30,8.78,9.04,9.11,8.67,12588,16360197.00,4.75,-2.48,-0.23,1.09
2018-10-31,9.08,9.09,9.14,8.88,11092,14692546.00,2.88,0.55,0.05,0.96
2018-11-01,9.09,9.06,9.24,8.97,16283,21666585.00,2.97,-0.33,-0.03,1.41
2018-11-02,9.11,9.16,9.21,9.02,17396,23194113.00,2.10,1.10,0.10,1.50
2018-11-05,9.11,9.07,9.12,8.97,9137,12071195.00,1.64,-0.98,-0.09,0.79
2018-11-06,9.00,9.04,9.07,8.92,8024,10546055.00,1.65,-0.33,-0.03,0.69
2018-11-07,9.01,9.04,9.08,8.94,9137,12046582.00,1.55,0.00,0.00,0.79
2018-11-08,9.02,9.05,9.10,9.02,7821,10363285.00,0.88,0.11,0.01,0.68
2018-11-09,8.99,9.04,9.05,8.95,5180,6819143.00,1.10,-0.11,-0.01,0.45
2018-11-12,8.95,9.06,9.07,8.88,9013,11865844.00,2.10,0.22,0.02,0.78
2018-11-13,9.04,9.23,9.25,8.97,18902,25302019.00,3.09,1.88,0.17,1.63
2018-11-14,9.24,9.04,9.24,9.01,21402,28483573.00,2.49,-2.06,-0.19,1.85
2018-11-15,9.01,9.14,9.15,9.01,11170,14850007.00,1.55,1.11,0.10,0.96
2018-11-16,9.22,9.21,9.24,9.10,12921,17353305.00,1.53,0.77,0.07,1.12
2018-11-19,9.21,9.36,9.42,9.14,17339,23546558.00,3.04,1.63,0.15,1.50
2018-11-20,9.25,9.12,9.31,9.05,14649,19610482.00,2.78,-2.56,-0.24,1.26
2018-11-21,9.03,9.11,9.14,8.97,7906,10480886.00,1.86,-0.11,-0.01,0.68
2018-11-22,9.15,9.11,9.18,9.08,6392,8518206.00,1.10,0.00,0.00,0.55
2018-11-23,9.14,9.11,9.14,8.91,13769,18152349.00,2.52,0.00,0.00,1.19
2018-11-26,9.06,9.12,9.14,9.01,8718,11567986.00,1.43,0.11,0.01,0.75
2018-11-27,9.14,9.13,9.14,9.01,4987,6626717.00,1.43,0.11,0.01,0.43
2018-11-28,9.02,9.12,9.12,8.92,10873,14330156.00,2.19,-0.11,-0.01,0.94
2018-11-29,9.11,9.13,9.21,9.05,17440,23361922.00,1.75,0.11,0.01,1.51
2018-11-30,9.13,9.32,9.34,8.94,25709,34624999.00,4.38,2.08,0.19,2.22
2018-12-03,9.41,9.60,10.01,9.27,41653,58051559.00,7.94,3.00,0.28,3.60
2018-12-04,9.53,9.43,9.53,9.33,45924,63035595.00,2.08,-1.77,-0.17,3.96
2018-12-05,9.24,9.24,9.47,9.14,19950,27015479.00,3.50,-2.01,-0.19,1.72
2018-12-06,9.24,9.04,9.25,9.02,16754,22374575.00,2.49,-2.16,-0.20,1.45
2018-12-07,9.01,9.04,9.14,8.99,30664,40612713.00,1.66,0.00,0.00,2.65
2018-12-10,8.94,9.06,9.06,8.89,9481,12423061.00,1.88,0.22,0.02,0.82
2018-12-11,9.04,9.04,9.08,9.02,4565,6036981.00,0.66,-0.22,-0.02,0.39
2018-12-12,9.04,9.04,9.08,8.95,7799,10273764.00,1.44,0.00,0.00,0.67
2018-12-13,9.05,9.07,9.12,9.01,10617,14083719.00,1.22,0.33,0.03,0.92
2018-12-14,9.08,9.04,9.11,8.91,14029,18467710.00,2.21,-0.33,-0.03,1.21
2018-12-17,8.98,8.86,8.99,8.83,53142,69223318.00,1.77,-1.99,-0.18,4.59
2018-12-18,8.77,8.66,8.79,8.58,10712,13683410.00,2.37,-2.26,-0.20,0.92
2018-12-19,8.67,8.54,8.79,8.39,17489,22052558.00,4.62,-1.39,-0.12,1.51
2018-12-20,8.50,8.39,8.52,8.31,10306,12757316.00,2.46,-1.76,-0.15,0.89
2018-12-21,8.31,8.70,8.81,8.18,92637,114691362.00,7.51,3.69,0.31,8.00
2018-12-24,8.61,8.44,8.62,8.42,18753,23486150.00,2.30,-2.99,-0.26,1.62
2018-12-25,8.31,8.08,8.40,8.03,16801,20341734.00,4.38,-4.27,-0.36,1.45
2018-12-26,8.07,8.01,8.15,8.01,8901,10644411.00,1.73,-0.87,-0.07,0.77
2018-12-27,8.13,7.84,8.21,7.84,12911,15335465.00,4.62,-2.12,-0.17,1.11
2018-12-28,7.94,7.85,7.96,7.70,8518,9921282.00,3.32,0.13,0.01,0.74