2025-01-02,18.93,18.67,19.32,18.57,40254,78424747.00,3.92,-2.30,-0.44,0.79
2025-01-03,18.67,18.14,18.81,18.03,41932,79318665.00,4.18,-2.84,-0.53,0.83
2025-01-06,17.70,17.69,18.01,17.22,41742,75906989.00,4.36,-2.48,-0.45,0.82
2025-01-07,17.71,17.87,17.88,17.60,25135,45876219.00,1.58,1.02,0.18,0.50
2025-01-08,17.81,17.69,17.85,17.29,32834,59455764.00,3.13,-1.01,-0.18,0.65
2025-01-09,17.60,17.58,17.88,17.42,29444,53418198.00,2.60,-0.62,-0.11,0.58
2025-01-10,17.56,17.29,17.67,17.26,24116,43287765.00,2.33,-1.65,-0.29,0.48
2025-01-13,17.21,17.53,17.54,17.12,23053,41153357.00,2.43,1.39,0.24,0.45
2025-01-14,17.53,18.02,18.07,17.53,41938,76959976.00,3.08,2.80,0.49,0.83
2025-01-15,17.96,18.23,18.30,17.92,33473,62441964.00,2.11,1.17,0.21,0.66
2025-01-16,18.24,18.25,18.59,18.11,31664,59624961.00,2.63,0.11,0.02,0.62
2025-01-17,18.20,18.48,18.60,18.20,25098,47530345.00,2.19,1.26,0.23,0.49
2025-01-20,18.51,18.59,18.75,18.49,24821,47455401.00,1.41,0.60,0.11,0.49
2025-01-21,18.70,18.51,18.70,18.30,19875,37636846.00,2.15,-0.43,-0.08,0.39
2025-01-22,18.44,18.22,18.50,18.07,20001,37412038.00,2.32,-1.57,-0.29,0.39
2025-01-23,18.36,18.48,18.68,18.33,34315,65285867.00,1.92,1.43,0.26,0.68
2025-01-24,18.43,18.38,18.60,18.31,24986,47215013.00,1.57,-0.54,-0.10,0.49
2025-01-27,18.39,18.34,18.64,18.26,20187,38211510.00,2.07,-0.22,-0.04,0.40
2025-02-05,18.43,17.95,18.49,17.93,27164,50490524.00,3.05,-2.13,-0.39,0.54
2025-02-06,17.92,18.06,18.14,17.87,28516,52783276.00,1.50,0.61,0.11,0.56
2025-02-07,18.06,18.20,18.36,17.91,35917,67171882.00,2.49,0.78,0.14,0.71
2025-02-10,18.21,18.08,18.30,17.97,32711,60783862.00,1.81,-0.66,-0.12,0.64
2025-02-11,18.10,17.93,18.25,17.76,31240,57475480.00,2.71,-0.83,-0.15,0.62
2025-02-12,17.93,18.06,18.06,17.83,28888,53178587.00,1.28,0.73,0.13,0.57
2025-02-13,18.06,18.44,18.54,18.01,70699,133225528.00,2.93,2.10,0.38,1.39
2025-02-14,18.21,18.13,18.38,18.05,48005,89664593.00,1.79,-1.68,-0.31,0.95
2025-02-17,18.11,18.04,18.26,18.00,36266,67431418.00,1.43,-0.50,-0.09,0.71
2025-02-18,18.04,17.74,18.04,17.69,37345,68468037.00,1.94,-1.66,-0.30,0.74
2025-02-19,17.71,17.88,17.91,17.49,29891,54359358.00,2.37,0.79,0.14,0.59
2025-02-20,17.84,17.78,17.98,17.70,25836,47319745.00,1.57,-0.56,-0.10,0.51
2025-02-21,17.86,17.92,18.09,17.63,34299,63078481.00,2.59,0.79,0.14,0.68
2025-02-24,17.89,17.92,18.23,17.72,44100,81636636.00,2.85,0.00,0.00,0.87
2025-02-25,17.86,17.72,17.87,17.67,30155,55006657.00,1.12,-1.12,-0.20,0.59
2025-02-26,17.76,18.14,18.16,17.76,42580,78775776.00,2.26,2.37,0.42,0.84
2025-02-27,18.02,18.39,18.55,18.01,57346,108273245.00,2.98,1.38,0.25,1.13
2025-02-28,18.36,18.20,18.66,18.11,52754,99688775.00,2.99,-1.03,-0.19,1.04
2025-03-03,18.24,18.04,18.50,17.97,40484,75854420.00,2.91,-0.88,-0.16,0.80
2025-03-04,17.77,17.85,18.04,17.73,25806,47238829.00,1.72,-1.05,-0.19,0.51
2025-03-05,17.86,17.95,17.96,17.60,26085,47630313.00,2.02,0.56,0.10,0.51
2025-03-06,17.94,17.93,18.00,17.75,31941,58633240.00,1.39,-0.11,-0.02,0.63
2025-03-07,17.83,18.15,18.26,17.83,38647,71645340.00,2.40,1.23,0.22,0.76
2025-03-10,18.07,18.54,18.58,17.98,57397,108218032.00,3.31,2.15,0.39,1.13
2025-03-11,18.39,19.00,19.01,18.27,65611,126563200.00,3.99,2.48,0.46,1.29
2025-03-12,19.07,18.65,19.16,18.62,52518,101464850.00,2.84,-1.84,-0.35,1.04
2025-03-13,18.61,18.61,18.86,18.51,32243,61734372.00,1.88,-0.21,-0.04,0.64
2025-03-14,18.67,19.35,19.52,18.63,113348,223664833.00,4.78,3.98,0.74,2.23
2025-03-17,19.41,19.05,19.45,18.97,70823,138977946.00,2.48,-1.55,-0.30,1.40
2025-03-18,19.17,18.93,19.18,18.86,36344,70611463.00,1.68,-0.63,-0.12,0.72
2025-03-19,18.94,18.84,19.07,18.76,34053,65896598.00,1.64,-0.48,-0.09,0.67
2025-03-20,18.86,18.67,18.90,18.62,27444,52665427.00,1.49,-0.90,-0.17,0.54
2025-03-21,18.61,18.53,18.88,18.41,35637,67998749.00,2.52,-0.75,-0.14,0.70
2025-03-24,18.61,18.53,18.62,18.16,42991,81247282.00,2.48,0.00,0.00,0.85
2025-03-25,18.53,18.49,18.59,18.17,38072,71693698.00,2.27,-0.22,-0.04,0.75
2025-03-26,18.45,18.45,18.57,18.39,32386,61466954.00,0.97,-0.22,-0.04,0.64
2025-03-27,18.50,18.61,18.70,18.37,29562,56330541.00,1.79,0.87,0.16,0.58
2025-03-28,18.45,18.33,18.66,18.29,26377,49887207.00,1.99,-1.50,-0.28,0.52
2025-03-31,18.32,18.42,18.57,18.23,31997,60414005.00,1.85,0.49,0.09,0.63
2025-04-01,18.36,18.81,18.88,18.36,44773,86053873.00,2.82,2.12,0.39,0.88
2025-04-02,18.78,18.70,18.98,18.67,23806,45871148.00,1.65,-0.58,-0.11,0.47
2025-04-03,18.51,18.85,19.06,18.51,38424,74236914.00,2.94,0.80,0.15,0.76
2025-04-07,18.31,17.93,18.87,17.42,84362,158149615.00,7.69,-4.88,-0.92,1.66
2025-04-08,18.37,18.78,18.91,18.19,78527,150222162.00,4.02,4.74,0.85,1.55
2025-04-09,18.56,18.94,19.06,18.19,64392,123570896.00,4.63,0.85,0.16,1.27
2025-04-10,18.81,19.38,19.38,18.71,80272,157434435.00,3.54,2.32,0.44,1.58
2025-04-11,19.19,18.95,19.23,18.87,63230,123581378.00,1.86,-2.22,-0.43,1.25
2025-04-14,18.96,19.10,19.13,18.83,48995,95476152.00,1.58,0.79,0.15,0.97
2025-04-15,19.31,18.86,19.31,18.78,53064,103487335.00,2.77,-1.26,-0.24,1.05
2025-04-16,18.79,18.92,19.06,18.52,43424,83761626.00,2.86,0.32,0.06,0.86
2025-04-17,18.91,19.61,19.73,18.72,103597,206566240.00,5.34,3.65,0.69,2.04
2025-04-18,19.61,19.20,19.66,19.09,54112,107143315.00,2.91,-2.09,-0.41,1.07
2025-04-21,19.01,19.04,19.17,18.87,40375,78677717.00,1.56,-0.83,-0.16,0.80
2025-04-22,18.94,18.97,19.08,18.76,42850,83353298.00,1.68,-0.37,-0.07,0.84
2025-04-23,18.90,18.91,19.04,18.75,40409,78276423.00,1.53,-0.32,-0.06,0.80
2025-04-24,18.89,18.64,18.94,18.57,39636,76243577.00,1.96,-1.43,-0.27,0.78
2025-04-25,18.60,18.97,19.09,18.60,43784,85108806.00,2.63,1.77,0.33,0.86
2025-04-28,18.90,18.70,18.95,18.62,31968,61403476.00,1.74,-1.42,-0.27,0.63
2025-04-29,18.63,18.81,18.93,18.59,33521,64598327.00,1.82,0.59,0.11,0.66
2025-04-30,18.76,18.73,19.06,18.73,31214,60429333.00,1.75,-0.43,-0.08,0.62
2025-05-06,18.75,18.97,18.99,18.62,34810,67135370.00,1.98,1.28,0.24,0.69
2025-05-07,19.07,18.90,19.24,18.82,35787,69591314.00,2.21,-0.37,-0.07,0.71
2025-05-08,18.84,18.96,19.01,18.72,24284,47182491.00,1.53,0.32,0.06,0.48
2025-05-09,18.99,18.94,19.01,18.81,18359,35643595.00,1.05,-0.11,-0.02,0.36
2025-05-12,18.99,18.87,18.99,18.82,20868,40414654.00,0.90,-0.37,-0.07,0.41
2025-05-13,18.97,18.89,18.98,18.73,24179,46772942.00,1.32,0.11,0.02,0.48
2025-05-14,18.81,18.89,19.09,18.64,37861,73229740.00,2.38,0.00,0.00,0.75
2025-05-15,18.81,18.83,18.92,18.75,18902,36541755.00,0.90,-0.32,-0.06,0.37
2025-05-16,18.79,18.64,18.86,18.60,25453,48810247.00,1.38,-1.01,-0.19,0.50
2025-05-19,18.35,18.73,18.74,18.20,24378,46313850.00,2.90,0.48,0.09,0.48
2025-05-20,18.72,18.78,18.98,18.66,26891,51996434.00,1.71,0.27,0.05,0.53
2025-05-21,18.77,18.89,18.94,18.71,26853,51896472.00,1.22,0.59,0.11,0.53
2025-05-22,18.89,18.70,18.98,18.65,28215,53119131.00,1.75,-1.01,-0.19,0.56
2025-05-23,18.65,18.32,18.78,18.31,27562,50975910.00,2.51,-2.03,-0.38,0.54
2025-05-26,18.29,18.13,18.57,18.01,35000,63851773.00,3.06,-1.04,-0.19,0.69
2025-05-27,18.13,18.24,18.55,18.12,44163,81076736.00,2.37,0.61,0.11,0.87
2025-05-28,18.24,18.49,18.52,18.16,30586,56248380.00,1.97,1.37,0.25,0.60
2025-05-29,18.48,18.37,18.49,18.28,26906,49490024.00,1.14,-0.65,-0.12,0.53
2025-05-30,18.37,18.07,18.49,18.00,31644,57543191.00,2.67,-1.63,-0.30,0.62
2025-06-03,18.07,18.47,18.53,17.91,48153,88484025.00,3.43,2.21,0.40,0.95
2025-06-04,18.46,18.86,18.88,18.42,33573,62883592.00,2.49,2.11,0.39,0.66
2025-06-05,18.85,18.85,19.09,18.75,28231,53316558.00,1.80,-0.05,-0.01,0.56
2025-06-06,18.85,19.20,19.20,18.80,44807,85764633.00,2.12,1.86,0.35,0.88
2025-06-09,19.20,19.15,19.20,18.97,26639,50850382.00,1.20,-0.26,-0.05,0.53
2025-06-10,19.13,19.13,19.25,18.95,29968,57282802.00,1.57,-0.10,-0.02,0.59
2025-06-11,19.11,18.99,19.23,18.97,22819,43588842.00,1.36,-0.73,-0.14,0.45
2025-06-12,18.99,18.71,19.05,18.65,34944,65629286.00,2.11,-1.47,-0.28,0.69
2025-06-13,18.58,17.60,18.60,17.60,95442,170416243.00,5.34,-5.93,-1.11,1.88
2025-06-16,17.48,17.90,18.01,17.44,56307,100390516.00,3.24,1.70,0.30,1.11
2025-06-17,17.75,17.84,17.98,17.75,21356,38074437.00,1.28,-0.34,-0.06,0.42
2025-06-18,18.00,17.90,18.38,17.88,34346,62125721.00,2.80,0.34,0.06,0.68
2025-06-19,17.76,17.72,17.99,17.62,29696,52719405.00,2.07,-1.01,-0.18,0.59
2025-06-20,17.61,17.94,18.10,17.61,37426,67243485.00,2.77,1.24,0.22,0.74
2025-06-23,17.78,17.88,17.94,17.58,26681,47513425.00,2.01,-0.33,-0.06,0.53
2025-06-24,17.88,17.98,18.00,17.88,23233,41717976.00,0.67,0.56,0.10,0.46
2025-06-25,18.00,18.03,18.05,17.82,26264,47115877.00,1.28,0.28,0.05,0.52
2025-06-26,18.03,18.08,18.13,17.97,24145,43570209.00,0.89,0.28,0.05,0.48
2025-06-27,18.03,17.95,18.09,17.92,22472,40449336.00,0.94,-0.72,-0.13,0.44
2025-06-30,17.98,18.10,18.23,17.85,33424,60384202.00,2.12,0.84,0.15,0.66
2025-07-01,18.03,18.11,18.17,18.03,19654,35587415.00,0.77,0.06,0.01,0.39
2025-07-02,18.11,18.16,18.23,18.05,22677,41134675.00,0.99,0.28,0.05,0.45
2025-07-03,18.10,18.14,18.25,18.10,19672,35781071.00,0.83,-0.11,-0.02,0.39
2025-07-04,18.10,17.93,18.15,17.91,25664,46186401.00,1.32,-1.16,-0.21,0.51
2025-07-07,17.91,17.95,18.02,17.91,12253,22002034.00,0.61,0.11,0.02,0.24
2025-07-08,17.95,17.99,18.02,17.84,24617,44199953.00,1.00,0.22,0.04,0.49
2025-07-09,18.05,18.16,18.26,17.97,34085,61921863.00,1.61,0.94,0.17,0.67
2025-07-10,18.02,18.18,18.25,18.02,22726,41200310.00,1.27,0.11,0.02,0.45
2025-07-11,18.19,18.48,18.71,18.16,54211,100027187.00,3.03,1.65,0.30,1.07
2025-07-14,18.40,18.42,18.50,18.29,22454,41273014.00,1.14,-0.32,-0.06,0.44
2025-07-15,18.35,18.15,18.51,18.10,25315,46213902.00,2.23,-1.47,-0.27,0.50
2025-07-16,18.20,18.39,18.43,18.13,25891,47357440.00,1.65,1.32,0.24,0.51
2025-07-17,18.41,18.40,18.55,18.24,22236,40823893.00,1.69,0.05,0.01,0.44
2025-07-18,18.44,18.70,18.75,18.38,40854,75974269.00,2.01,1.63,0.30,0.81
2025-07-21,18.70,18.68,18.73,18.57,24337,45414262.00,0.86,-0.11,-0.02,0.48
2025-07-22,18.68,18.96,18.99,18.58,35699,67162728.00,2.19,1.50,0.28,0.70
2025-07-23,18.94,18.83,19.06,18.75,29990,56738369.00,1.64,-0.69,-0.13,0.59
2025-07-24,18.82,18.92,18.93,18.76,24090,45416206.00,0.90,0.48,0.09,0.47
2025-07-25,18.92,18.65,18.92,18.61,28370,53160538.00,1.64,-1.43,-0.27,0.56
2025-07-28,18.68,18.66,18.79,18.50,29631,55275348.00,1.55,0.05,0.01,0.58
2025-07-29,18.66,18.65,18.73,18.39,22536,41778168.00,1.82,-0.05,-0.01,0.44
2025-07-30,18.68,18.66,18.84,18.53,30107,56342231.00,1.66,0.05,0.01,0.59
2025-07-31,18.60,18.17,18.65,18.11,32656,59830551.00,2.89,-2.63,-0.49,0.64
2025-08-01,18.20,18.28,18.34,18.18,17542,32044173.00,0.88,0.61,0.11,0.35
2025-08-04,18.30,18.29,18.31,18.18,15560,28380800.00,0.71,0.05,0.01,0.31
2025-08-05,18.34,18.48,18.58,18.25,22883,42145749.00,1.80,1.04,0.19,0.45
2025-08-06,18.48,18.66,18.69,18.42,23607,43845323.00,1.46,0.97,0.18,0.47
2025-08-07,18.74,18.59,18.74,18.56,18843,35113743.00,0.96,-0.38,-0.07,0.37
2025-08-08,18.56,18.56,18.68,18.51,18105,33650355.00,0.91,-0.16,-0.03,0.36
2025-08-11,18.61,18.97,19.12,18.56,46825,88428869.00,3.02,2.21,0.41,0.92
2025-08-12,18.85,18.88,19.18,18.84,35659,67778042.00,1.79,-0.47,-0.09,0.70
2025-08-13,18.88,18.91,19.00,18.75,29265,55216367.00,1.32,0.16,0.03,0.58
2025-08-14,18.91,18.98,19.38,18.90,42979,81956850.00,2.54,0.37,0.07,0.85
2025-08-15,19.05,19.05,19.07,18.77,28396,53865827.00,1.58,0.37,0.07,0.56
2025-08-18,19.09,19.01,19.24,18.96,38527,73574234.00,1.47,-0.21,-0.04,0.76
2025-08-19,19.01,19.61,19.96,19.00,100735,197302897.00,5.05,3.16,0.60,1.99
2025-08-20,19.43,20.43,20.70,19.22,146361,297268195.00,7.55,4.18,0.82,2.89
2025-08-21,20.38,20.13,20.38,19.85,79101,158732071.00,2.59,-1.47,-0.30,1.56
2025-08-22,20.26,20.11,20.26,19.90,52738,105643780.00,1.79,-0.10,-0.02,1.04
2025-08-25,20.11,20.90,21.22,20.00,137618,284504929.00,6.07,3.93,0.79,2.71
2025-08-26,20.70,21.26,21.95,20.65,132753,282943424.00,6.22,1.72,0.36,2.62
2025-08-27,21.00,20.50,21.24,20.50,85249,177591497.00,3.48,-3.57,-0.76,1.68
2025-08-28,20.36,20.49,20.87,20.00,69275,141248873.00,4.24,-0.05,-0.01,1.37
2025-08-29,20.61,22.07,22.54,20.61,250491,550948604.00,9.42,7.71,1.58,4.94