2022-02-09,16.58,16.58,16.58,16.58,1,1688.00,0.00,-29.48,-6.93,0.00
2022-02-15,23.36,23.36,23.36,23.36,7,16562.00,0.00,40.89,6.78,0.00
2022-03-08,23.36,23.36,23.36,23.36,3,7098.00,0.00,0.00,0.00,0.00
2022-03-18,23.36,23.36,23.36,23.36,5,11830.00,0.00,0.00,0.00,0.00
2022-03-29,14.71,23.69,23.69,14.71,4,6918.00,38.44,1.41,0.33,0.00
2022-03-30,23.69,23.69,23.69,23.69,16,38407.00,0.00,0.00,0.00,0.01
2022-04-01,23.75,23.75,23.75,23.75,2,4810.00,0.00,0.25,0.06,0.00
2022-04-06,23.75,23.75,23.75,23.75,1,2573.00,0.00,0.00,0.00,0.00
2022-04-07,23.75,23.75,23.75,23.75,2,3823.00,0.00,0.00,0.00,0.00
2022-04-11,23.75,23.75,23.75,23.75,8,19240.00,0.00,0.00,0.00,0.00
2022-04-12,23.75,23.75,23.75,23.75,1,2405.00,0.00,0.00,0.00,0.00
2022-04-13,23.75,23.75,23.75,23.75,2,4810.00,0.00,0.00,0.00,0.00
2022-04-14,23.75,23.75,23.75,23.75,2,4810.00,0.00,0.00,0.00,0.00
2022-04-15,23.75,23.75,23.75,23.75,10,23256.00,0.00,0.00,0.00,0.00
2022-04-19,24.76,24.76,24.76,24.76,2,5838.00,0.00,4.25,1.01,0.00
2022-04-20,24.88,24.88,24.88,24.88,1,2518.00,0.00,0.48,0.12,0.00
2022-04-21,25.38,25.38,25.38,25.38,17,44246.00,0.00,2.01,0.50,0.01
2022-04-22,26.38,26.38,26.38,26.38,5,14007.00,0.00,3.94,1.00,0.00