MjAxMi0wMS0wNCw0LjI0LDQuMTYsNC4zNiw0LjEwLDMxNDMwLDIxMjc4MzY0LjAwLDYuMjQsLTAuMjQsLTAuMDEsMS42MA==
2012-01-05,4.08,3.90,4.17,3.87,19589,12516446.00,7.21,-6.25,-0.26,1.00
2012-01-06,3.90,4.18,4.21,3.86,17853,11496715.00,8.97,7.18,0.28,0.91
2012-01-09,4.12,4.35,4.39,4.12,34293,23514982.00,6.46,4.07,0.17,1.75
2012-01-10,4.32,4.47,4.48,4.28,34967,24566316.00,4.60,2.76,0.12,1.78
2012-01-11,4.47,4.48,4.61,4.40,32366,23191698.00,4.70,0.22,0.01,1.65
2012-01-12,4.49,4.46,4.52,4.40,19898,14144325.00,2.68,-0.45,-0.02,1.02
2012-01-13,4.46,4.26,4.49,4.20,19130,13176662.00,6.50,-4.48,-0.20,0.98
2012-01-16,4.20,4.02,4.25,4.02,13516,8996858.00,5.40,-5.63,-0.24,0.69
2012-01-17,4.06,4.29,4.30,4.03,13430,9005071.00,6.72,6.72,0.27,0.69
2012-01-18,4.28,4.17,4.36,4.14,15225,10404007.00,5.13,-2.80,-0.12,0.78
2012-01-19,4.16,4.22,4.26,4.10,8533,5725206.00,3.84,1.20,0.05,0.44
2012-01-20,4.23,4.34,4.37,4.23,13673,9444253.00,3.32,2.84,0.12,0.70
2012-01-30,4.36,4.30,4.37,4.29,7721,5334682.00,1.84,-0.92,-0.04,0.39
2012-01-31,4.36,4.40,4.49,4.32,16172,11319495.00,3.95,2.33,0.10,0.83
2012-02-01,4.36,4.34,4.44,4.32,9578,6687598.50,2.73,-1.36,-0.06,0.49
2012-02-02,4.34,4.43,4.43,4.32,10689,7485104.00,2.53,2.07,0.09,0.55
2012-02-03,4.40,4.49,4.51,4.40,21193,15061837.00,2.48,1.35,0.06,1.08
2012-02-06,4.48,4.50,4.54,4.44,15951,11400638.00,2.23,0.22,0.01,0.81
2012-02-07,4.41,4.45,4.48,4.40,15573,11024283.00,1.78,-1.11,-0.05,0.79
2012-02-08,4.49,4.55,4.55,4.44,16451,11802604.00,2.47,2.25,0.10,0.84
2012-02-09,4.54,4.58,4.60,4.51,23201,16819398.00,1.98,0.66,0.03,1.18
2012-02-10,4.58,4.58,4.62,4.53,21762,15845480.00,1.97,0.00,0.00,1.11
2012-02-13,4.56,4.60,4.66,4.49,19990,14586714.00,3.71,0.44,0.02,1.02
2012-02-14,4.59,4.66,4.71,4.58,22873,16892272.00,2.83,1.30,0.06,1.17
2012-02-15,4.67,4.82,4.86,4.64,35727,27031570.00,4.72,3.43,0.16,1.82
2012-02-16,4.79,4.84,5.06,4.77,48804,38031916.00,6.02,0.41,0.02,2.49
2012-02-17,4.78,4.74,4.89,4.71,23829,18066580.00,3.72,-2.07,-0.10,1.22
2012-02-20,4.80,4.82,4.95,4.79,30019,23134400.00,3.38,1.69,0.08,1.53
2012-02-21,4.80,4.97,4.98,4.70,37686,29093162.00,5.81,3.11,0.15,1.92
2012-02-22,4.98,5.02,5.04,4.92,34943,27500292.00,2.41,1.01,0.05,1.78
2012-02-23,5.02,4.95,5.02,4.91,23855,18732420.00,2.19,-1.39,-0.07,1.22
2012-02-24,4.97,5.00,5.04,4.92,30241,23850684.00,2.42,1.01,0.05,1.54
2012-02-27,5.01,5.12,5.36,4.97,77538,63693804.00,7.80,2.40,0.12,3.96
2012-02-28,5.07,4.99,5.17,4.94,46283,36770860.00,4.49,-2.54,-0.13,2.36
2012-02-29,4.99,4.89,4.99,4.83,30531,23733370.00,3.21,-2.00,-0.10,1.56
2012-03-01,4.86,4.90,4.96,4.86,17372,13556953.00,2.04,0.20,0.01,0.89
2012-03-02,4.90,5.00,5.00,4.90,26010,20415734.00,2.04,2.04,0.10,1.33
2012-03-05,4.98,5.02,5.10,4.96,28512,22783634.00,2.80,0.40,0.02,1.45
2012-03-06,5.00,4.94,5.01,4.87,19853,15531204.00,2.79,-1.59,-0.08,1.01
2012-03-07,4.87,4.91,5.03,4.86,17454,13681290.00,3.44,-0.61,-0.03,0.89
2012-03-08,4.92,5.00,5.03,4.92,25117,19841848.00,2.24,1.83,0.09,1.28
2012-03-09,5.03,5.14,5.16,5.02,41870,33822208.00,2.80,2.80,0.14,2.14
2012-03-12,5.14,5.14,5.18,5.06,23731,19231438.00,2.33,0.00,0.00,1.21
2012-03-13,5.14,5.17,5.18,5.10,27257,22171388.00,1.56,0.58,0.03,1.39
2012-03-14,5.18,4.82,5.20,4.77,40856,32726078.00,8.32,-6.77,-0.35,2.08
2012-03-15,4.82,4.68,4.90,4.65,22568,16959372.00,5.19,-2.90,-0.14,1.15
2012-03-16,4.72,4.80,4.80,4.64,18573,13976538.00,3.42,2.56,0.12,0.95
2012-03-19,4.79,4.90,4.90,4.72,20866,15970681.00,3.75,2.08,0.10,1.06
2012-03-20,4.88,4.75,4.88,4.72,16015,12230367.00,3.27,-3.06,-0.15,0.82
2012-03-21,4.76,4.84,4.84,4.70,13600,10323217.00,2.95,1.89,0.09,0.69
2012-03-22,4.84,4.88,4.91,4.79,17161,13228934.00,2.48,0.83,0.04,0.88
2012-03-23,4.81,4.80,4.86,4.74,13344,10149258.00,2.46,-1.64,-0.08,0.68
2012-03-26,4.80,4.86,4.89,4.76,12819,9811801.00,2.71,1.25,0.06,0.65
2012-03-27,4.88,4.88,4.94,4.84,16670,12919075.00,2.06,0.41,0.02,0.85
2012-03-28,4.86,4.48,4.88,4.46,23829,17494548.00,8.61,-8.20,-0.40,1.22
2012-03-29,4.49,4.39,4.49,4.36,11605,8181888.00,2.90,-2.01,-0.09,0.59
2012-03-30,4.39,4.30,4.46,4.26,9939,6898781.00,4.56,-2.05,-0.09,0.51
2012-04-05,4.33,4.44,4.46,4.28,11047,7733474.00,4.19,3.26,0.14,0.56
2012-04-06,4.44,4.49,4.53,4.43,12598,8997319.00,2.25,1.13,0.05,0.64
2012-04-09,4.48,4.42,4.49,4.42,10021,7107551.00,1.56,-1.56,-0.07,0.51
2012-04-10,4.38,4.49,4.49,4.31,12087,8483050.00,4.07,1.58,0.07,0.62
2012-04-11,4.45,4.75,4.82,4.40,45311,33452534.00,9.35,5.79,0.26,2.31
2012-04-12,4.73,4.80,4.89,4.71,42466,32307427.00,3.79,1.05,0.05,2.17
2012-04-13,4.79,4.82,4.84,4.75,29855,22771464.00,1.88,0.42,0.02,1.52
2012-04-16,4.80,4.98,5.08,4.80,53654,42050985.00,5.81,3.32,0.16,2.74
2012-04-17,4.94,4.81,4.96,4.79,28607,22029571.00,3.41,-3.41,-0.17,1.46
2012-04-18,4.81,4.92,4.98,4.80,27908,21661143.00,3.74,2.29,0.11,1.42
2012-04-19,4.92,4.90,5.02,4.89,23235,18168594.00,2.64,-0.41,-0.02,1.19
2012-04-20,4.90,4.96,4.96,4.84,29989,23338182.00,2.45,1.22,0.06,1.53
2012-04-23,4.92,4.98,5.00,4.84,29077,22677834.00,3.23,0.40,0.02,1.48
2012-04-24,4.92,4.88,5.06,4.69,31673,24511011.00,7.43,-2.01,-0.10,1.62
2012-04-25,4.89,5.10,5.16,4.83,59468,47556407.00,6.76,4.51,0.22,3.03
2012-04-26,5.12,5.03,5.15,5.00,33657,26942808.00,2.94,-1.37,-0.07,1.72
2012-04-27,5.03,4.86,5.03,4.82,27189,21079150.00,4.17,-3.38,-0.17,1.39
2012-05-02,4.92,4.88,4.98,4.84,21895,17011699.00,2.88,0.41,0.02,1.12
2012-05-03,4.86,5.02,5.04,4.85,22856,18013808.00,3.89,2.87,0.14,1.17
2012-05-04,5.02,4.98,5.04,4.90,20191,15868160.00,2.79,-0.80,-0.04,1.03
2012-05-07,4.96,4.96,4.96,4.88,17105,13319741.00,1.61,-0.40,-0.02,0.87
2012-05-08,4.94,5.04,5.06,4.89,26541,20973405.00,3.43,1.61,0.08,1.35
2012-05-09,4.99,4.88,4.99,4.86,18896,14716140.00,2.58,-3.17,-0.16,0.96
2012-05-10,4.85,4.86,4.93,4.84,14716,11402371.00,1.84,-0.41,-0.02,0.75
2012-05-14,4.90,4.76,4.91,4.76,15807,12064441.00,3.09,-2.06,-0.10,0.81
2012-05-15,4.69,4.67,4.71,4.59,14261,10526388.00,2.52,-1.89,-0.09,0.73
2012-05-16,4.63,4.58,4.69,4.58,9979,7358900.00,2.36,-1.93,-0.09,0.51
2012-05-17,4.60,4.66,4.69,4.60,9535,7042218.00,1.97,1.75,0.08,0.49
2012-05-18,4.62,4.56,4.66,4.56,10782,7920855.00,2.15,-2.15,-0.10,0.55
2012-05-21,4.52,4.54,4.60,4.47,7426,5364530.00,2.85,-0.44,-0.02,0.38
2012-05-22,4.58,4.58,4.62,4.57,9942,7260244.00,1.10,0.88,0.04,0.51
2012-05-23,4.58,4.58,4.63,4.52,6579,4785012.00,2.40,0.00,0.00,0.34
2012-05-24,4.56,4.58,4.62,4.55,8822,6428975.00,1.53,0.00,0.00,0.45
2012-05-25,4.58,4.48,4.59,4.46,8045,5816870.00,2.84,-2.18,-0.10,0.41
2012-05-28,4.46,4.52,4.54,4.34,7571,5353104.00,4.46,0.89,0.04,0.39
2012-05-29,4.51,4.62,4.64,4.51,12410,9066743.00,2.88,2.21,0.10,0.63
2012-05-30,4.60,4.61,4.64,4.59,9315,6835518.00,1.08,-0.22,-0.01,0.48
2012-05-31,4.60,4.64,4.65,4.57,11346,8319560.00,1.74,0.65,0.03,0.58
2012-06-01,4.64,4.60,4.66,4.56,9435,6925345.00,2.16,-0.86,-0.04,0.48
2012-06-04,4.56,4.40,4.56,4.40,9509,6759435.00,3.48,-4.35,-0.20,0.49
2012-06-05,4.42,4.50,4.51,4.35,12701,8932381.00,3.64,2.27,0.10,0.65
2012-06-06,4.48,4.40,4.51,4.36,10400,7369309.00,3.33,-2.22,-0.10,0.53
2012-06-07,4.42,4.36,4.46,4.35,5464,3843497.00,2.50,-0.91,-0.04,0.28
2012-06-08,4.41,4.37,4.45,4.34,5640,3960359.00,2.52,0.23,0.01,0.29
2012-06-11,4.41,4.46,4.48,4.36,4190,2955875.00,2.75,2.06,0.09,0.21
2012-06-12,4.42,4.44,4.48,4.41,5120,3623817.00,1.57,-0.45,-0.02,0.26
2012-06-13,4.50,4.53,4.54,4.46,6983,4945524.00,1.80,2.03,0.09,0.36
2012-06-14,4.50,4.50,4.56,4.50,6445,4578249.00,1.32,-0.66,-0.03,0.33
2012-06-15,4.54,4.51,4.55,4.44,7883,5570649.00,2.44,0.22,0.01,0.40
2012-06-18,4.52,4.53,4.56,4.51,5698,4054578.00,1.11,0.44,0.02,0.29
2012-06-19,4.51,4.46,4.52,4.44,7381,5194827.00,1.77,-1.55,-0.07,0.38
2012-06-20,4.46,4.46,4.51,4.46,6582,4638771.00,1.12,0.00,0.00,0.34
2012-06-21,4.46,4.42,4.52,4.42,7985,5583566.00,2.24,-0.90,-0.04,0.41
2012-06-25,4.42,4.26,4.42,4.26,6426,4366947.00,3.62,-3.62,-0.16,0.33
2012-06-26,4.26,4.24,4.26,4.14,6277,4147090.00,2.82,-0.47,-0.02,0.32
2012-06-27,4.22,4.22,4.27,4.21,4832,3224331.00,1.42,-0.47,-0.02,0.25
2012-06-28,4.25,4.10,4.25,4.10,6599,4330232.00,3.55,-2.84,-0.12,0.34
2012-06-29,4.12,4.14,4.14,4.02,8591,5531900.00,2.93,0.98,0.04,0.44
2012-07-02,4.16,4.17,4.20,4.13,6417,4207063.00,1.69,0.72,0.03,0.33
2012-07-03,4.18,4.18,4.22,4.14,6821,4498595.00,1.92,0.24,0.01,0.35
2012-07-04,4.18,4.17,4.21,4.15,4871,3197686.00,1.44,-0.24,-0.01,0.25
2012-07-05,4.20,4.02,4.20,4.02,6724,4305340.00,4.32,-3.60,-0.15,0.34
2012-07-06,4.05,4.06,4.08,3.96,9100,5775731.00,2.99,1.00,0.04,0.46
2012-07-09,4.04,3.89,4.05,3.86,7685,4821641.00,4.68,-4.19,-0.17,0.39
2012-07-10,3.89,3.87,3.90,3.84,5348,3272089.00,1.54,-0.51,-0.02,0.27
2012-07-11,3.88,3.92,3.92,3.84,3730,2295619.00,2.07,1.29,0.05,0.19
2012-07-12,3.92,3.95,3.99,3.87,6140,3812112.00,3.06,0.77,0.03,0.31
2012-07-13,3.93,3.93,3.98,3.92,5127,3193402.00,1.52,-0.51,-0.02,0.26
2012-07-16,3.93,3.75,3.96,3.74,6904,4169533.00,5.60,-4.58,-0.18,0.35
2012-07-17,3.76,3.80,3.82,3.71,3834,2289308.00,2.93,1.33,0.05,0.20
2012-07-18,3.80,3.84,3.84,3.77,5166,3115372.00,1.84,1.05,0.04,0.26
2012-07-19,3.85,3.92,3.96,3.82,8158,5054604.00,3.65,2.08,0.08,0.42
2012-07-20,3.91,3.92,3.96,3.89,5991,3717687.00,1.79,0.00,0.00,0.31
2012-07-23,3.89,3.85,3.89,3.77,5906,3587319.00,3.06,-1.79,-0.07,0.30
2012-07-24,3.80,3.90,3.92,3.80,6746,4143540.00,3.12,1.30,0.05,0.34
2012-07-25,3.90,3.89,3.94,3.87,4641,2862306.00,1.79,-0.26,-0.01,0.24
2012-07-26,3.89,3.83,3.91,3.83,5381,3280890.00,2.06,-1.54,-0.06,0.27
2012-07-27,3.84,3.79,3.86,3.78,5519,3326890.00,2.09,-1.04,-0.04,0.28
2012-07-30,3.80,3.65,3.82,3.65,6911,4069094.00,4.49,-3.69,-0.14,0.35
2012-07-31,3.65,3.51,3.68,3.47,6511,3658054.00,5.75,-3.84,-0.14,0.33
2012-08-01,3.54,3.55,3.62,3.48,5113,2893537.00,3.99,1.14,0.04,0.26
2012-08-02,3.56,3.50,3.59,3.48,4476,2503551.00,3.10,-1.41,-0.05,0.23
2012-08-03,3.52,3.60,3.61,3.49,5695,3214440.00,3.43,2.86,0.10,0.29
2012-08-06,3.58,3.67,3.68,3.58,7215,4159413.00,2.78,1.94,0.07,0.37
2012-08-07,3.67,3.75,3.75,3.64,8885,5223411.00,3.00,2.18,0.08,0.45
2012-08-08,3.72,4.14,4.14,3.71,62373,39257701.00,11.47,10.40,0.39,3.18
2012-08-09,4.14,4.12,4.17,4.01,53525,34393157.00,3.86,-0.48,-0.02,2.73
2012-08-10,4.09,4.03,4.09,3.98,33367,21200205.00,2.67,-2.18,-0.09,1.70
2012-08-13,3.99,3.89,4.02,3.88,16538,10322068.00,3.47,-3.47,-0.14,0.84
2012-08-14,3.88,4.04,4.04,3.85,20709,12930576.00,4.88,3.86,0.15,1.06
2012-08-15,4.00,3.91,4.02,3.90,13242,8250902.00,2.97,-3.22,-0.13,0.68
2012-08-16,3.91,3.88,3.97,3.87,6193,3813172.00,2.56,-0.77,-0.03,0.32
2012-08-17,3.88,3.92,3.94,3.86,6139,3784159.00,2.06,1.03,0.04,0.31
2012-08-20,3.88,3.94,3.94,3.87,7678,4746408.00,1.79,0.51,0.02,0.39
2012-08-21,3.94,4.00,4.04,3.94,14016,8847113.00,2.54,1.52,0.06,0.72
2012-08-22,3.99,3.90,4.00,3.90,9882,6155057.00,2.50,-2.50,-0.10,0.50
2012-08-23,3.90,3.94,3.96,3.87,8733,5409449.00,2.31,1.03,0.04,0.45
2012-08-24,3.90,3.96,4.02,3.90,10235,6397412.00,3.05,0.51,0.02,0.52
2012-08-27,3.93,3.78,3.93,3.74,11308,6827235.00,4.80,-4.55,-0.18,0.58
2012-08-28,3.84,3.83,3.92,3.73,9850,6013843.00,5.03,1.32,0.05,0.50
2012-08-29,3.80,3.81,3.89,3.80,5877,3575996.00,2.35,-0.52,-0.02,0.30
2012-08-30,3.81,3.66,3.84,3.56,9007,5299886.00,7.35,-3.94,-0.15,0.46
2012-08-31,3.67,3.70,3.74,3.65,7536,4408966.00,2.46,1.09,0.04,0.38
2012-09-03,3.68,3.81,3.86,3.68,10439,6296908.00,4.86,2.97,0.11,0.53
2012-09-04,3.80,3.76,3.86,3.76,6391,3846798.00,2.62,-1.31,-0.05,0.33
2012-09-05,3.82,3.86,3.86,3.74,7757,4699213.00,3.19,2.66,0.10,0.40
2012-09-06,3.86,3.91,4.02,3.83,11513,7144814.00,4.92,1.30,0.05,0.59
2012-09-07,3.92,4.05,4.11,3.92,23296,14795732.00,4.86,3.58,0.14,1.19
2012-09-10,4.06,4.07,4.10,4.00,18315,11700098.00,2.47,0.49,0.02,0.93
2012-09-11,4.07,4.07,4.08,4.00,13570,8680461.00,1.97,0.00,0.00,0.69
2012-09-12,4.07,4.07,4.10,4.01,11457,7323488.00,2.21,0.00,0.00,0.58
2012-09-13,4.07,3.99,4.09,3.98,11906,7574240.00,2.70,-1.97,-0.08,0.61
2012-09-14,4.02,4.04,4.08,3.96,10634,6764911.00,3.01,1.25,0.05,0.54
2012-09-17,4.02,3.88,4.04,3.88,9367,5845509.00,3.96,-3.96,-0.16,0.48
2012-09-18,3.91,3.88,3.92,3.84,4977,3055673.00,2.06,0.00,0.00,0.25
2012-09-19,3.88,4.28,4.28,3.88,80487,53573671.00,10.31,10.31,0.40,4.11
2012-09-20,4.32,4.12,4.32,4.10,63624,42116443.00,5.14,-3.74,-0.16,3.25
2012-09-21,4.05,3.97,4.13,3.96,35475,22534259.00,4.13,-3.64,-0.15,1.81
2012-09-24,3.93,3.85,3.93,3.76,26992,16388548.00,4.28,-3.02,-0.12,1.38
2012-09-25,3.84,3.82,3.88,3.78,15539,9407462.00,2.60,-0.78,-0.03,0.79
2012-09-26,3.81,3.72,3.85,3.67,17306,10242779.00,4.71,-2.62,-0.10,0.88
2012-09-27,3.72,3.82,3.86,3.70,22667,13622919.00,4.30,2.69,0.10,1.16
2012-09-28,3.83,3.86,3.88,3.74,18458,11198149.00,3.66,1.05,0.04,0.94
2012-10-08,3.86,3.83,3.90,3.82,17227,10519000.00,2.07,-0.78,-0.03,0.88
2012-10-09,3.84,3.98,4.03,3.82,24849,15550966.00,5.48,3.92,0.15,1.27
2012-10-10,3.98,4.04,4.10,3.96,21495,13685699.00,3.52,1.51,0.06,1.10
2012-10-11,4.04,3.97,4.04,3.96,12477,7869885.00,1.98,-1.73,-0.07,0.64
2012-10-12,3.99,3.99,4.04,3.91,11052,6937918.00,3.27,0.50,0.02,0.56
2012-10-15,4.00,3.95,4.02,3.91,8632,5382080.00,2.76,-1.00,-0.04,0.44
2012-10-16,3.94,4.05,4.06,3.94,17509,11122632.00,3.04,2.53,0.10,0.89
2012-10-17,4.03,4.06,4.12,4.02,17354,11150001.00,2.47,0.25,0.01,0.89
2012-10-18,4.08,4.13,4.16,4.02,23764,15332629.00,3.45,1.72,0.07,1.21
2012-10-19,4.15,4.06,4.16,4.04,20537,13261945.00,2.91,-1.69,-0.07,1.05
2012-10-22,4.02,4.07,4.09,3.99,9862,6305120.00,2.46,0.25,0.01,0.50
2012-10-23,4.06,4.06,4.10,4.01,13270,8497024.00,2.21,-0.25,-0.01,0.68
2012-10-24,4.05,4.05,4.07,4.01,9049,5773684.00,1.48,-0.25,-0.01,0.46
2012-10-25,4.05,3.98,4.07,3.96,8691,5518377.00,2.72,-1.73,-0.07,0.44
2012-10-26,3.98,3.86,3.98,3.83,8796,5413424.00,3.77,-3.02,-0.12,0.45
2012-10-29,3.82,3.86,3.88,3.82,4496,2736874.00,1.55,0.00,0.00,0.23
2012-10-30,3.85,3.92,3.92,3.85,7016,4318669.00,1.81,1.55,0.06,0.36
2012-10-31,3.94,4.00,4.02,3.92,12261,7716264.00,2.55,2.04,0.08,0.63
2012-11-01,4.02,4.04,4.08,3.98,19826,12630283.00,2.50,1.00,0.04,1.01
2012-11-02,4.03,4.17,4.22,4.03,41769,27333423.00,4.70,3.22,0.13,2.13
2012-11-05,4.12,4.13,4.30,4.12,29969,19876479.00,4.32,-0.96,-0.04,1.53
2012-11-06,4.08,4.24,4.24,4.04,22144,14497825.00,4.84,2.66,0.11,1.13
2012-11-07,4.20,4.17,4.29,4.12,20290,13478716.00,4.01,-1.65,-0.07,1.04
2012-11-08,4.18,4.18,4.24,4.08,23341,15350225.00,3.84,0.24,0.01,1.19
2012-11-09,4.20,4.13,4.32,4.10,29739,19670907.00,5.26,-1.20,-0.05,1.52
2012-11-12,4.06,4.24,4.24,4.06,23136,15115717.00,4.36,2.66,0.11,1.18
2012-11-13,4.21,4.09,4.25,4.08,18372,12019125.00,4.01,-3.54,-0.15,0.94
2012-11-14,4.10,3.97,4.12,3.93,17737,11201498.00,4.65,-2.93,-0.12,0.90
2012-11-15,3.94,3.91,4.00,3.87,17412,10813418.00,3.27,-1.51,-0.06,0.89
2012-11-16,3.92,3.92,3.97,3.89,9823,6105808.00,2.05,0.26,0.01,0.50
2012-11-19,3.92,4.06,4.06,3.89,11725,7371923.00,4.34,3.57,0.14,0.60
2012-11-20,4.06,4.05,4.08,4.00,11305,7207933.00,1.97,-0.25,-0.01,0.58
2012-11-21,4.03,4.18,4.21,4.03,20195,13119029.00,4.44,3.21,0.13,1.03
2012-11-22,4.13,4.10,4.17,4.07,13134,8528914.00,2.39,-1.91,-0.08,0.67
2012-11-23,4.12,4.09,4.17,4.08,10352,6708733.00,2.20,-0.24,-0.01,0.53
2012-11-26,4.10,3.98,4.10,3.97,11706,7423371.00,3.18,-2.69,-0.11,0.60
2012-11-27,3.96,3.72,3.96,3.66,18326,11031613.00,7.54,-6.53,-0.26,0.93
2012-11-28,3.68,3.58,3.73,3.58,8426,4877864.00,4.03,-3.76,-0.14,0.43
2012-11-29,3.62,3.57,3.64,3.57,9319,5330755.00,1.96,-0.28,-0.01,0.48
2012-11-30,3.54,3.64,3.67,3.54,7982,4576516.00,3.64,1.96,0.07,0.41
2012-12-03,3.64,3.54,3.71,3.53,7041,4058876.00,4.95,-2.75,-0.10,0.36
2012-12-04,3.52,3.66,3.66,3.50,6796,3859004.00,4.52,3.39,0.12,0.35
2012-12-05,3.68,3.76,3.82,3.66,14477,8621960.00,4.37,2.73,0.10,0.74
2012-12-06,3.76,3.74,3.80,3.72,7404,4404510.00,2.13,-0.53,-0.02,0.38
2012-12-07,3.74,3.84,3.89,3.71,12736,7701574.00,4.81,2.67,0.10,0.65
2012-12-10,3.80,3.89,3.92,3.80,12693,7751202.00,3.13,1.30,0.05,0.65
2012-12-11,3.90,3.83,3.90,3.82,9607,5862396.00,2.06,-1.54,-0.06,0.49
2012-12-12,3.82,3.82,3.84,3.76,5735,3452876.00,2.09,-0.26,-0.01,0.29
2012-12-13,3.78,3.78,3.84,3.77,5660,3407719.00,1.83,-1.05,-0.04,0.29
2012-12-14,3.83,3.94,3.96,3.80,15394,9504882.00,4.23,4.23,0.16,0.79
2012-12-17,3.96,3.98,4.05,3.93,12629,7939118.00,3.05,1.02,0.04,0.64
2012-12-18,3.95,3.92,4.02,3.90,11231,7013034.00,3.02,-1.51,-0.06,0.57
2012-12-19,3.92,4.00,4.00,3.90,12832,8011577.00,2.55,2.04,0.08,0.65
2012-12-20,4.00,3.98,4.02,3.92,11623,7281730.00,2.50,-0.50,-0.02,0.59
2012-12-21,3.97,3.94,4.03,3.91,11991,7494643.00,3.02,-1.01,-0.04,0.61
2012-12-24,3.94,3.95,3.99,3.93,7642,4776028.00,1.52,0.25,0.01,0.39
2012-12-25,3.94,4.03,4.06,3.92,18700,11875618.00,3.54,2.03,0.08,0.95
2012-12-26,4.02,4.08,4.12,4.02,18342,11794134.00,2.48,1.24,0.05,0.94
2012-12-27,4.07,4.02,4.12,4.02,16196,10373700.00,2.45,-1.47,-0.06,0.83
2012-12-28,4.04,4.25,4.32,4.02,51767,34238216.00,7.46,5.72,0.23,2.64
2012-12-31,4.20,4.24,4.28,4.16,25664,17055963.00,2.82,-0.24,-0.01,1.31