2025-01-02,16.90,16.10,17.04,15.91,26161,43282182.00,6.65,-5.24,-0.89,3.58
2025-01-03,16.22,15.07,16.83,14.97,28674,44906405.00,11.55,-6.40,-1.03,3.92
2025-01-06,15.29,15.05,15.29,14.38,16940,25286337.00,6.04,-0.13,-0.02,2.32
2025-01-07,15.12,15.65,15.71,14.92,14765,22656041.00,5.25,3.99,0.60,2.02
2025-01-08,15.71,15.36,15.72,14.85,16321,24915406.00,5.56,-1.85,-0.29,2.23
2025-01-09,15.36,15.41,15.73,15.04,9911,15378213.00,4.49,0.33,0.05,1.36
2025-01-10,15.56,14.67,15.69,14.64,14889,22498009.00,6.81,-4.80,-0.74,2.04
2025-01-13,14.53,14.67,14.85,14.04,14220,20572196.00,5.52,0.00,0.00,1.95
2025-01-14,14.82,15.73,15.73,14.80,15507,23817302.00,6.34,7.23,1.06,2.12
2025-01-15,15.80,15.61,16.04,15.52,12256,19224605.00,3.31,-0.76,-0.12,1.68
2025-01-16,15.77,15.61,15.93,15.44,11362,17807248.00,3.14,0.00,0.00,1.56
2025-01-17,15.45,15.54,15.68,15.35,7799,12100358.00,2.11,-0.45,-0.07,1.07
2025-01-20,15.69,16.05,16.22,15.58,17510,28041135.00,4.12,3.28,0.51,2.40
2025-01-21,16.24,15.90,16.25,15.73,14183,22591007.00,3.24,-0.93,-0.15,1.94
2025-01-22,15.83,16.01,16.21,15.62,14931,23801561.00,3.71,0.69,0.11,2.04
2025-01-23,16.38,16.09,16.61,16.08,13471,21991986.00,3.31,0.50,0.08,1.84
2025-01-24,16.11,16.36,16.44,15.99,10589,17150299.00,2.80,1.68,0.27,1.45
2025-01-27,16.38,16.23,16.95,16.16,13516,22257310.00,4.83,-0.79,-0.13,1.85
2025-02-05,16.23,16.65,16.77,16.06,15686,25887890.00,4.37,2.59,0.42,2.15
2025-02-06,16.65,17.34,17.40,16.51,26603,45541539.00,5.35,4.14,0.69,3.64
2025-02-07,17.39,17.00,17.54,16.78,21725,37235146.00,4.38,-1.96,-0.34,2.97
2025-02-10,17.05,17.34,17.43,16.97,12320,21162735.00,2.71,2.00,0.34,1.69
2025-02-11,17.34,17.12,17.50,17.07,8808,15109677.00,2.48,-1.27,-0.22,1.21
2025-02-12,17.29,17.10,17.29,16.84,12020,20416621.00,2.63,-0.12,-0.02,1.65
2025-02-13,17.20,16.84,17.20,16.70,10838,18278219.00,2.92,-1.52,-0.26,1.48
2025-02-14,16.83,16.90,17.00,16.76,6921,11686462.00,1.43,0.36,0.06,0.95
2025-02-17,16.83,17.06,17.22,16.81,11587,19736391.00,2.43,0.95,0.16,1.59
2025-02-18,17.16,16.51,17.37,16.46,13768,23201961.00,5.33,-3.22,-0.55,1.88
2025-02-19,16.43,17.20,17.28,16.43,16049,27264442.00,5.15,4.18,0.69,2.20
2025-02-20,17.20,17.60,17.61,17.14,15378,26776069.00,2.73,2.33,0.40,2.11
2025-02-21,17.79,17.90,18.05,17.50,24616,43756343.00,3.13,1.70,0.30,3.37
2025-02-24,18.09,17.91,18.09,17.50,26581,47280834.00,3.30,0.06,0.01,3.64
2025-02-25,17.90,17.72,18.14,17.59,21014,37532536.00,3.07,-1.06,-0.19,2.88
2025-02-26,17.82,18.20,18.34,17.71,20647,37313623.00,3.56,2.71,0.48,2.83
2025-02-27,18.19,17.87,18.34,17.58,19552,35035749.00,4.18,-1.81,-0.33,2.68
2025-02-28,17.87,17.14,18.04,17.09,18053,31472778.00,5.32,-4.09,-0.73,2.47
2025-03-03,17.19,17.41,17.86,17.10,16258,28493050.00,4.43,1.58,0.27,2.23
2025-03-04,17.24,17.60,17.72,17.24,10307,18095031.00,2.76,1.09,0.19,1.41
2025-03-05,17.60,17.60,17.69,17.20,10389,18137753.00,2.78,0.00,0.00,1.42
2025-03-06,17.60,17.86,18.06,17.60,21154,37737677.00,2.61,1.48,0.26,2.90
2025-03-07,17.95,17.77,18.09,17.65,12229,21851854.00,2.46,-0.50,-0.09,1.67
2025-03-10,17.99,17.74,18.06,17.61,11930,21278088.00,2.53,-0.17,-0.03,1.63
2025-03-11,17.63,17.64,17.80,17.27,13705,24049674.00,2.99,-0.56,-0.10,1.88
2025-03-12,17.62,17.83,18.03,17.42,16642,29535964.00,3.46,1.08,0.19,2.28
2025-03-13,17.77,17.48,17.87,17.15,14364,25000348.00,4.04,-1.96,-0.35,1.97
2025-03-14,17.44,17.79,17.94,17.11,15926,27969396.00,4.75,1.77,0.31,2.18
2025-03-17,17.92,18.10,18.40,17.68,19942,36098389.00,4.05,1.74,0.31,2.73
2025-03-18,18.11,18.39,18.65,18.09,16106,29588093.00,3.09,1.60,0.29,2.20
2025-03-19,18.39,18.19,18.50,18.05,14479,26396856.00,2.45,-1.09,-0.20,1.98
2025-03-20,18.19,18.11,18.29,17.86,12478,22569207.00,2.36,-0.44,-0.08,1.71
2025-03-21,18.15,17.79,18.41,17.73,18719,33649609.00,3.75,-1.77,-0.32,2.56
2025-03-24,17.79,16.30,17.93,15.90,39486,65537950.00,11.41,-8.38,-1.49,5.41
2025-03-25,16.33,16.60,16.74,15.98,26966,44176019.00,4.66,1.84,0.30,3.69
2025-03-26,16.62,17.18,17.38,16.28,22564,38580769.00,6.63,3.49,0.58,3.09
2025-03-27,17.11,16.76,17.25,16.53,14273,23959655.00,4.19,-2.44,-0.42,1.95
2025-03-28,16.73,16.48,16.97,16.30,14064,23244099.00,4.00,-1.67,-0.28,1.93
2025-03-31,16.29,16.24,16.47,15.97,16433,26537111.00,3.03,-1.46,-0.24,2.25
2025-04-01,16.44,16.63,16.90,16.39,12731,21242715.00,3.14,2.40,0.39,1.74
2025-04-02,16.63,16.65,16.96,16.50,11306,18930583.00,2.77,0.12,0.02,1.55
2025-04-03,16.54,16.48,16.87,16.11,11169,18371518.00,4.56,-1.02,-0.17,1.53
2025-04-07,15.03,13.21,15.57,13.18,29764,41921095.00,14.50,-19.84,-3.27,4.07
2025-04-08,13.48,13.68,14.19,13.25,19390,26485068.00,7.12,3.56,0.47,2.65
2025-04-09,13.33,14.17,14.24,12.52,21488,28882590.00,12.57,3.58,0.49,2.94
2025-04-10,14.43,14.76,15.18,14.43,29224,43569098.00,5.29,4.16,0.59,4.00
2025-04-11,14.58,14.75,15.00,14.58,14146,20979052.00,2.85,-0.07,-0.01,1.94
2025-04-14,14.92,15.22,15.50,14.92,14131,21549434.00,3.93,3.19,0.47,1.93
2025-04-15,15.18,15.30,15.48,15.08,9412,14381050.00,2.63,0.53,0.08,1.29
2025-04-16,15.26,14.63,15.36,14.45,23020,33950472.00,5.95,-4.38,-0.67,3.15
2025-04-17,14.67,15.16,15.18,14.60,21928,32972557.00,3.96,3.62,0.53,3.00
2025-04-18,15.11,15.15,15.26,14.75,12110,18190876.00,3.36,-0.07,-0.01,1.66
2025-04-21,15.20,15.34,15.47,15.02,13771,21100260.00,2.97,1.25,0.19,1.89
2025-04-22,15.46,15.48,15.53,15.29,10110,15600680.00,1.56,0.91,0.14,1.38
2025-04-23,15.48,15.72,15.84,15.48,9498,14901225.00,2.33,1.55,0.24,1.30
2025-04-24,15.73,15.55,15.90,15.36,15426,24103551.00,3.44,-1.08,-0.17,2.11
2025-04-25,15.54,15.64,15.70,15.30,14918,23154588.00,2.57,0.58,0.09,2.04
2025-04-28,15.59,15.38,15.63,15.14,16067,24640746.00,3.13,-1.66,-0.26,2.20
2025-04-29,15.18,15.98,16.16,15.16,17621,28005382.00,6.50,3.90,0.60,2.41
2025-04-30,15.93,16.46,16.61,15.92,22948,37597691.00,4.32,3.00,0.48,3.14
2025-05-06,16.53,16.31,16.78,16.20,31220,51437579.00,3.52,-0.91,-0.15,4.27
2025-05-07,16.61,16.56,16.82,16.37,25554,42449806.00,2.76,1.53,0.25,3.50
2025-05-08,16.49,17.05,17.19,16.48,22443,38030390.00,4.29,2.96,0.49,3.07
2025-05-09,16.98,16.79,17.17,16.71,14300,24079061.00,2.70,-1.52,-0.26,1.96
2025-05-12,16.85,17.04,17.20,16.77,13229,22496887.00,2.56,1.49,0.25,1.81
2025-05-13,17.23,16.94,17.32,16.86,15164,25796893.00,2.70,-0.59,-0.10,2.08
2025-05-14,16.89,16.79,17.26,16.73,14853,25172210.00,3.13,-0.89,-0.15,2.03
2025-05-15,16.84,16.92,17.05,16.60,11073,18655037.00,2.68,0.77,0.13,1.52
2025-05-16,16.59,16.98,17.19,16.59,11023,18780505.00,3.55,0.35,0.06,1.51
2025-05-19,17.20,17.22,17.36,16.86,13052,22368878.00,2.94,1.41,0.24,1.79
2025-05-20,17.45,17.63,17.69,17.07,14928,26089971.00,3.60,2.38,0.41,2.04
2025-05-21,17.56,17.65,18.15,17.34,20544,36259525.00,4.59,0.11,0.02,2.81
2025-05-22,17.46,17.34,18.00,17.28,14896,26081493.00,4.08,-1.76,-0.31,2.04
2025-05-23,17.37,17.60,18.00,17.07,31472,55438674.00,5.36,1.50,0.26,4.31
2025-05-26,17.74,17.59,17.95,17.48,19989,35407770.00,2.67,-0.06,-0.01,2.74
2025-05-27,17.85,18.76,19.50,17.70,81070,152975154.00,10.23,6.65,1.17,11.10
2025-05-28,18.78,19.10,19.99,18.77,79836,154087991.00,6.50,1.81,0.34,10.93
2025-05-29,19.20,19.50,20.20,18.98,64349,125702947.00,6.39,2.09,0.40,8.81
2025-05-30,19.68,18.94,19.70,18.81,36545,69915783.00,4.56,-2.87,-0.56,5.00
2025-06-03,18.77,18.74,19.08,18.62,28931,54302386.00,2.43,-1.06,-0.20,3.96
2025-06-04,18.88,19.79,20.18,18.56,57699,111922701.00,8.64,5.60,1.05,7.90
2025-06-05,20.20,20.68,21.21,20.00,55880,114510775.00,6.11,4.50,0.89,7.65
2025-06-06,20.70,20.02,20.81,20.01,42697,86243383.00,3.87,-3.19,-0.66,5.84
2025-06-09,20.02,20.52,20.74,19.86,39026,79439653.00,4.40,2.50,0.50,5.34
2025-06-10,20.52,20.87,21.72,20.49,70085,148190599.00,5.99,1.71,0.35,9.59
2025-06-11,20.62,20.75,21.18,20.35,37560,78154717.00,3.98,-0.57,-0.12,5.14
2025-06-12,20.65,20.60,21.16,20.18,35886,73990291.00,4.72,-0.72,-0.15,4.91
2025-06-13,20.50,20.47,20.83,20.10,25493,51928649.00,3.54,-0.63,-0.13,3.49
2025-06-16,20.39,19.60,20.47,19.44,49589,98619726.00,5.03,-4.25,-0.87,6.79
2025-06-17,19.66,19.71,20.20,19.50,41210,81476157.00,3.57,0.56,0.11,5.64
2025-06-18,19.67,20.03,20.28,19.63,35647,70980638.00,3.30,1.62,0.32,4.88
2025-06-19,20.00,19.56,20.39,19.34,31769,62690248.00,5.24,-2.35,-0.47,4.35
2025-06-20,20.00,19.21,20.00,19.00,24966,48358433.00,5.11,-1.79,-0.35,3.42
2025-06-23,18.98,20.04,20.18,18.79,30338,59326565.00,7.24,4.32,0.83,4.15
2025-06-24,20.14,19.58,20.32,19.35,50867,100492846.00,4.84,-2.30,-0.46,6.96
2025-06-25,19.63,19.37,20.15,19.31,40669,80138473.00,4.29,-1.07,-0.21,5.57
2025-06-26,19.46,19.50,20.00,19.18,35843,69973855.00,4.23,0.67,0.13,4.91
2025-06-27,19.57,19.44,19.79,19.21,19418,37609112.00,2.97,-0.31,-0.06,2.66
2025-06-30,19.54,22.11,23.15,19.53,132333,287390119.00,18.62,13.73,2.67,18.05
2025-07-01,21.59,21.23,21.98,21.08,100357,215547599.00,4.07,-3.98,-0.88,13.69
2025-07-02,21.06,20.73,21.22,20.51,50440,104323242.00,3.34,-2.36,-0.50,6.88
2025-07-03,20.75,20.89,20.98,20.40,32257,66883786.00,2.80,0.77,0.16,4.40
2025-07-04,20.81,22.50,23.80,20.75,115526,262088738.00,14.60,7.71,1.61,15.76
2025-07-07,22.03,22.21,22.78,21.89,69211,154063975.00,3.96,-1.29,-0.29,9.44
2025-07-08,22.37,22.34,22.63,21.81,52149,116091949.00,3.69,0.59,0.13,7.11
2025-07-09,22.76,22.83,24.16,22.51,84683,196692158.00,7.39,2.19,0.49,11.55
2025-07-10,22.83,21.59,22.95,21.50,67849,149421661.00,6.35,-5.43,-1.24,9.25
2025-07-11,21.41,21.91,22.27,21.24,48072,104432176.00,4.77,1.48,0.32,6.56
2025-07-14,21.88,22.80,23.26,21.71,52380,119152580.00,7.07,4.06,0.89,7.14
2025-07-15,22.83,22.68,23.20,22.40,29757,67680006.00,3.51,-0.53,-0.12,4.06
2025-07-16,22.49,22.25,22.60,21.86,37263,82533717.00,3.26,-1.90,-0.43,5.08
2025-07-17,22.25,22.07,22.46,21.88,21411,47256217.00,2.61,-0.81,-0.18,2.92
2025-07-18,21.96,22.11,22.17,21.63,24250,53071047.00,2.45,0.18,0.04,3.31
2025-07-21,22.13,22.59,23.19,22.10,37080,84201095.00,4.93,2.17,0.48,5.06
2025-07-22,22.60,21.94,22.86,21.82,28448,63578878.00,4.60,-2.88,-0.65,3.88
2025-07-23,22.16,21.84,22.44,21.72,27835,61419945.00,3.28,-0.46,-0.10,3.80
2025-07-24,22.05,21.70,22.05,21.40,29108,63042035.00,2.98,-0.64,-0.14,3.97
2025-07-25,21.70,22.16,22.45,21.41,22149,48743187.00,4.79,2.12,0.46,3.02
2025-07-28,22.20,22.68,22.95,22.16,35080,79312988.00,3.56,2.35,0.52,4.78
2025-07-29,22.56,22.57,22.79,22.22,17801,39844989.00,2.51,-0.49,-0.11,2.43
2025-07-30,22.57,22.17,22.57,21.90,18744,41449750.00,2.97,-1.77,-0.40,2.56
2025-07-31,22.02,21.69,22.62,21.53,23021,50603490.00,4.92,-2.17,-0.48,3.14
2025-08-01,21.54,22.23,22.50,21.54,36273,80412365.00,4.43,2.49,0.54,4.95
2025-08-04,22.21,23.10,23.13,21.90,36063,81892679.00,5.53,3.91,0.87,4.92
2025-08-05,23.21,23.20,23.88,22.95,26592,61856537.00,4.03,0.43,0.10,3.63
2025-08-06,23.15,23.64,23.97,23.02,29528,69526530.00,4.09,1.90,0.44,4.03
2025-08-07,23.61,23.56,23.82,23.21,24001,56350384.00,2.58,-0.34,-0.08,3.27
2025-08-08,23.40,23.79,24.30,23.15,37003,87889377.00,4.88,0.98,0.23,5.05
2025-08-11,23.85,24.02,24.15,23.45,26832,64061977.00,2.94,0.97,0.23,3.66
2025-08-12,24.23,23.50,24.24,23.39,20431,48359482.00,3.54,-2.16,-0.52,2.79
2025-08-13,23.50,23.59,23.76,23.13,19597,46022726.00,2.68,0.38,0.09,2.67
2025-08-14,23.88,22.69,23.88,22.68,25638,58959036.00,5.09,-3.82,-0.90,3.50
2025-08-15,22.78,23.49,23.66,22.59,29477,68595968.00,4.72,3.53,0.80,4.02
2025-08-18,23.55,23.26,23.67,23.16,19273,44995435.00,2.17,-0.98,-0.23,2.63
2025-08-19,23.34,24.00,24.35,22.95,39583,94577100.00,6.02,3.18,0.74,5.40
2025-08-20,23.87,26.98,27.88,23.87,112006,296560137.00,16.71,12.42,2.98,15.28
2025-08-21,26.40,30.12,31.61,25.83,155569,458656989.00,21.42,11.64,3.14,21.22
2025-08-22,29.82,30.72,31.09,28.12,111798,333351240.00,9.86,1.99,0.60,15.25
2025-08-25,30.45,31.61,32.60,28.96,107512,334250665.00,11.85,2.90,0.89,14.66
2025-08-26,32.23,32.00,34.25,31.60,103013,336972599.00,8.38,1.23,0.39,14.05
2025-08-27,31.57,31.02,32.73,30.43,90673,285325963.00,7.19,-3.06,-0.98,12.37
2025-08-28,30.67,32.67,33.20,30.37,92972,296985973.00,9.12,5.32,1.65,12.68
2025-08-29,32.99,31.97,33.59,31.32,75750,243605039.00,6.95,-2.14,-0.70,10.33
2025-09-01,32.60,32.74,34.50,30.78,83583,277547145.00,11.64,2.41,0.77,11.40
2025-09-02,32.43,33.13,34.99,29.30,170403,554663366.00,17.38,1.19,0.39,23.24
2025-09-03,34.07,30.77,34.73,30.70,124467,406766831.00,12.16,-7.12,-2.36,16.98
2025-09-04,30.63,27.97,31.07,27.51,108137,315756014.00,11.57,-9.10,-2.80,14.75
2025-09-05,28.60,30.74,31.12,28.60,78878,236265518.12,9.01,9.90,2.77,10.76