2022-01-04,3.12,3.13,3.13,3.11,1203937,399808256.00,0.64,0.32,0.01,0.29
2022-01-05,3.13,3.16,3.17,3.12,1672409,560064736.00,1.60,0.96,0.03,0.40
2022-01-06,3.15,3.14,3.16,3.13,1142825,382335456.00,0.95,-0.63,-0.02,0.28
2022-01-07,3.14,3.19,3.19,3.14,1685204,568084112.00,1.59,1.59,0.05,0.41
2022-01-10,3.19,3.21,3.21,3.18,1519170,516242544.00,0.94,0.63,0.02,0.37
2022-01-11,3.20,3.22,3.24,3.20,1579194,540623968.00,1.25,0.31,0.01,0.38
2022-01-12,3.23,3.21,3.23,3.19,1251942,426658080.00,1.24,-0.31,-0.01,0.30
2022-01-13,3.20,3.24,3.26,3.20,1677625,577712432.00,1.87,0.93,0.03,0.41
2022-01-14,3.23,3.20,3.24,3.18,1747433,594493792.00,1.85,-1.23,-0.04,0.42
2022-01-17,3.19,3.18,3.21,3.17,790987,268029772.00,1.25,-0.63,-0.02,0.19
2022-01-18,3.18,3.22,3.23,3.18,1349128,459369632.00,1.57,1.26,0.04,0.33
2022-01-19,3.21,3.24,3.25,3.20,1607643,550938032.00,1.55,0.62,0.02,0.39
2022-01-20,3.23,3.25,3.27,3.23,1847077,637461888.00,1.23,0.31,0.01,0.45
2022-01-21,3.25,3.22,3.25,3.20,1168272,399603456.00,1.54,-0.92,-0.03,0.28
2022-01-24,3.22,3.21,3.24,3.20,927986,317307440.00,1.24,-0.31,-0.01,0.22
2022-01-25,3.21,3.15,3.22,3.15,1446848,488961872.00,2.18,-1.87,-0.06,0.35
2022-01-26,3.15,3.16,3.17,3.14,842896,282892144.00,0.95,0.32,0.01,0.20
2022-01-27,3.16,3.15,3.17,3.14,1020626,342583616.00,0.95,-0.32,-0.01,0.25
2022-01-28,3.15,3.14,3.19,3.14,1150447,386711184.00,1.59,-0.32,-0.01,0.28
2022-02-07,3.17,3.20,3.22,3.16,1250249,423563984.00,1.91,1.91,0.06,0.30
2022-02-08,3.21,3.27,3.27,3.20,1909898,657086464.00,2.19,2.19,0.07,0.46
2022-02-09,3.27,3.26,3.29,3.25,1235903,428197968.00,1.22,-0.31,-0.01,0.30
2022-02-10,3.26,3.28,3.28,3.24,1296148,448555744.00,1.23,0.61,0.02,0.31
2022-02-11,3.27,3.28,3.31,3.26,1617166,563200368.00,1.52,0.00,0.00,0.39
2022-02-14,3.28,3.24,3.28,3.23,1316777,453687376.00,1.52,-1.22,-0.04,0.32
2022-02-15,3.24,3.22,3.25,3.21,1112618,381834832.00,1.23,-0.62,-0.02,0.27
2022-02-16,3.23,3.24,3.26,3.22,893187,307545088.00,1.24,0.62,0.02,0.22
2022-02-17,3.25,3.24,3.26,3.23,824584,284072208.00,0.93,0.00,0.00,0.20
2022-02-18,3.23,3.24,3.25,3.22,920261,316050224.00,0.93,0.00,0.00,0.22
2022-02-21,3.24,3.24,3.25,3.22,793104,272406832.00,0.93,0.00,0.00,0.19
2022-02-22,3.23,3.21,3.24,3.21,671204,229567840.00,0.93,-0.93,-0.03,0.16
2022-02-23,3.21,3.19,3.22,3.19,1199142,407586400.00,0.93,-0.62,-0.02,0.29
2022-02-24,3.20,3.15,3.20,3.14,1636213,550707632.00,1.88,-1.25,-0.04,0.40
2022-02-25,3.16,3.14,3.17,3.14,1075850,360500544.00,0.95,-0.32,-0.01,0.26
2022-02-28,3.14,3.14,3.15,3.12,1080148,360152176.00,0.96,0.00,0.00,0.26
2022-03-01,3.15,3.16,3.16,3.13,1000219,334924576.00,0.96,0.64,0.02,0.24
2022-03-02,3.15,3.16,3.17,3.14,738737,248065283.00,0.95,0.00,0.00,0.18
2022-03-03,3.16,3.18,3.19,3.16,988277,333722496.00,0.95,0.63,0.02,0.24
2022-03-04,3.18,3.19,3.20,3.15,1100276,371762032.00,1.57,0.31,0.01,0.27
2022-03-07,3.18,3.14,3.18,3.14,868764,291689936.00,1.25,-1.57,-0.05,0.21
2022-03-08,3.14,3.10,3.15,3.09,1407980,467680576.00,1.91,-1.27,-0.04,0.34
2022-03-09,3.11,3.05,3.11,3.00,2035514,665318688.00,3.55,-1.61,-0.05,0.49
2022-03-10,3.08,3.06,3.08,3.06,900005,294424432.00,0.66,0.33,0.01,0.22
2022-03-11,3.05,3.08,3.09,3.01,1027269,333136496.00,2.61,0.65,0.02,0.25
2022-03-14,3.06,3.05,3.09,3.05,1063504,347474192.00,1.30,-0.97,-0.03,0.26
2022-03-15,3.04,2.91,3.04,2.91,2214961,704338256.00,4.26,-4.59,-0.14,0.54
2022-03-16,2.93,2.95,2.97,2.85,2308035,718309184.00,4.12,1.37,0.04,0.56
2022-03-17,2.97,2.96,2.98,2.93,1523498,481135488.00,1.69,0.34,0.01,0.37
2022-03-18,2.95,3.01,3.02,2.94,1405769,447598512.00,2.70,1.69,0.05,0.34
2022-03-21,3.01,2.99,3.02,2.98,1080489,345517360.00,1.33,-0.66,-0.02,0.26
2022-03-22,2.98,3.03,3.04,2.98,1118680,359906544.00,2.01,1.34,0.04,0.27
2022-03-23,3.03,3.01,3.04,2.99,1037761,333302064.00,1.65,-0.66,-0.02,0.25
2022-03-24,3.00,3.00,3.02,2.99,736499,235892444.00,1.00,-0.33,-0.01,0.18
2022-03-25,3.00,3.02,3.03,2.99,914983,294274832.00,1.33,0.67,0.02,0.22
2022-03-28,2.99,3.04,3.05,2.95,1731798,555252512.00,3.31,0.66,0.02,0.42
2022-03-29,3.03,3.03,3.04,3.00,1254587,404515600.00,1.32,-0.33,-0.01,0.30
2022-03-30,3.04,3.06,3.07,3.02,1253288,406872512.00,1.65,0.99,0.03,0.30
2022-03-31,3.05,3.10,3.12,3.04,1390827,457897712.00,2.61,1.31,0.04,0.34
2022-04-01,3.09,3.14,3.15,3.08,1642249,545509408.00,2.26,1.29,0.04,0.40
2022-04-06,3.13,3.21,3.22,3.12,2383102,807891552.00,3.18,2.23,0.07,0.58
2022-04-07,3.20,3.15,3.23,3.15,1615288,547004624.00,2.49,-1.87,-0.06,0.39
2022-04-08,3.16,3.18,3.19,3.14,1077559,362478080.00,1.59,0.95,0.03,0.26
2022-04-11,3.16,3.13,3.17,3.11,1172203,391844896.00,1.89,-1.57,-0.05,0.28
2022-04-12,3.13,3.15,3.16,3.10,1067309,355396240.00,1.92,0.64,0.02,0.26
2022-04-13,3.15,3.14,3.17,3.13,811625,271830000.00,1.27,-0.32,-0.01,0.20
2022-04-14,3.16,3.14,3.17,3.14,827468,277653056.00,0.96,0.00,0.00,0.20
2022-04-15,3.14,3.15,3.17,3.13,746148,250227514.00,1.27,0.32,0.01,0.18
2022-04-18,3.14,3.08,3.15,3.08,939700,310730080.00,2.22,-2.22,-0.07,0.23
2022-04-19,3.08,3.09,3.11,3.07,698951,229731121.00,1.30,0.32,0.01,0.17
2022-04-20,3.09,3.08,3.11,3.07,890142,293171184.00,1.29,-0.32,-0.01,0.22
2022-04-21,3.07,3.06,3.10,3.05,1322940,433970240.00,1.62,-0.65,-0.02,0.32
2022-04-22,3.05,3.10,3.11,3.03,1040055,341822960.00,2.61,1.31,0.04,0.25
2022-04-25,3.08,3.04,3.12,3.04,1454901,478873504.00,2.58,-1.94,-0.06,0.35
2022-04-26,3.04,3.03,3.09,3.03,1179458,383781968.00,1.97,-0.33,-0.01,0.29
2022-04-27,3.02,3.02,3.05,3.01,1149276,370334000.00,1.32,-0.33,-0.01,0.28
2022-04-28,3.01,2.99,3.03,2.99,1502357,480639360.00,1.32,-0.99,-0.03,0.36
2022-04-29,3.00,2.99,3.00,2.96,1627534,517973648.00,1.34,0.00,0.00,0.39
2022-05-05,2.99,2.97,2.99,2.95,1440603,455755104.00,1.34,-0.67,-0.02,0.35
2022-05-06,2.94,2.91,2.95,2.90,1060360,330595184.00,1.68,-2.02,-0.06,0.26
2022-05-09,2.91,2.91,2.92,2.89,724393,225295202.00,1.03,0.00,0.00,0.18
2022-05-10,2.90,2.92,2.93,2.87,1204504,373389744.00,2.06,0.34,0.01,0.29
2022-05-11,2.92,2.92,2.94,2.90,1033695,322639216.00,1.37,0.00,0.00,0.25
2022-05-12,2.91,2.91,2.93,2.90,633452,197133224.00,1.03,-0.34,-0.01,0.15
2022-05-13,2.92,2.94,2.94,2.91,704463,220425323.00,1.03,1.03,0.03,0.17
2022-05-16,2.94,2.92,2.95,2.91,819670,256129005.00,1.36,-0.68,-0.02,0.20
2022-05-17,2.93,2.93,2.95,2.92,784344,245687993.00,1.03,0.34,0.01,0.19
2022-05-18,2.94,2.92,2.94,2.91,615149,191927833.00,1.02,-0.34,-0.01,0.15
2022-05-19,2.90,2.91,2.92,2.89,622963,193552140.00,1.03,-0.34,-0.01,0.15
2022-05-20,2.92,2.93,2.94,2.91,588248,184051224.00,1.03,0.69,0.02,0.14
2022-05-23,2.93,2.94,2.94,2.92,725187,227168557.00,0.68,0.34,0.01,0.18
2022-05-24,2.94,2.92,2.95,2.91,718835,225025436.00,1.36,-0.68,-0.02,0.17
2022-05-25,2.91,2.92,2.93,2.91,502935,156778450.00,0.68,0.00,0.00,0.12
2022-05-26,2.93,2.93,2.94,2.91,573339,179172936.00,1.03,0.34,0.01,0.14
2022-05-27,2.93,2.93,2.95,2.92,663127,207771402.00,1.02,0.00,0.00,0.16
2022-05-30,2.93,2.91,2.94,2.91,636416,198462278.00,1.02,-0.68,-0.02,0.15
2022-05-31,2.91,2.92,2.93,2.91,659731,205634438.00,0.69,0.34,0.01,0.16
2022-06-01,2.92,2.90,2.92,2.90,653705,203283169.00,0.68,-0.68,-0.02,0.16
2022-06-02,2.91,2.91,2.91,2.89,674074,208848120.00,0.69,0.34,0.01,0.16
2022-06-06,2.90,2.91,2.91,2.90,612907,190228179.00,0.34,0.00,0.00,0.15
2022-06-07,2.91,2.91,2.92,2.90,860577,267761510.00,0.69,0.00,0.00,0.21
2022-06-08,2.92,2.92,2.92,2.90,702897,218568515.00,0.69,0.34,0.01,0.17
2022-06-09,2.92,2.94,2.94,2.91,1150008,359654224.00,1.03,0.68,0.02,0.28
2022-06-10,2.92,2.95,2.97,2.92,1138002,357343696.00,1.70,0.34,0.01,0.28
2022-06-13,2.94,2.93,2.95,2.92,929403,291040144.00,1.02,-0.68,-0.02,0.22
2022-06-14,2.91,2.99,3.00,2.91,1475977,465971824.00,3.07,2.05,0.06,0.36
2022-06-15,2.98,3.03,3.13,2.98,3216258,1044743200.00,5.02,1.34,0.04,0.78
2022-06-16,3.02,2.97,3.04,2.97,1745443,557944112.00,2.31,-1.98,-0.06,0.42
2022-06-17,2.96,2.98,2.99,2.95,1172720,371357664.00,1.35,0.34,0.01,0.28
2022-06-20,2.97,2.96,2.98,2.95,937619,296483968.00,1.01,-0.67,-0.02,0.23
2022-06-21,2.96,2.99,3.01,2.95,1172906,374051296.00,2.03,1.01,0.03,0.28
2022-06-22,3.00,2.98,3.00,2.98,813539,259743993.00,0.67,-0.33,-0.01,0.20
2022-06-23,2.98,3.01,3.01,2.98,832075,266052725.00,1.01,1.01,0.03,0.20
2022-06-24,3.01,3.01,3.02,3.00,649202,208516744.00,0.66,0.00,0.00,0.16
2022-06-27,3.02,3.01,3.03,3.00,984498,316672704.00,1.00,0.00,0.00,0.24
2022-06-28,3.01,2.99,3.02,2.98,1158954,370039328.00,1.33,-0.66,-0.02,0.28
2022-06-29,3.02,3.02,3.03,3.00,1263554,381666240.00,1.00,1.00,0.03,0.31
2022-06-30,3.02,3.01,3.03,3.01,1017555,307027248.00,0.66,-0.33,-0.01,0.25
2022-07-01,3.02,3.01,3.02,3.00,554553,166896911.00,0.66,0.00,0.00,0.13
2022-07-04,3.00,3.00,3.01,2.99,781482,234258745.00,0.66,-0.33,-0.01,0.19
2022-07-05,3.00,3.00,3.01,2.99,682747,204724727.00,0.67,0.00,0.00,0.17
2022-07-06,3.00,2.97,3.00,2.96,805512,239897160.00,1.33,-1.00,-0.03,0.19
2022-07-07,2.97,2.96,2.98,2.96,439116,130204965.00,0.67,-0.34,-0.01,0.11
2022-07-08,2.96,2.96,2.97,2.96,307476,91122989.00,0.34,0.00,0.00,0.07
2022-07-11,2.96,2.98,2.99,2.96,797091,237107528.00,1.01,0.68,0.02,0.19
2022-07-12,2.98,2.99,3.01,2.98,827751,247679108.00,1.01,0.34,0.01,0.20
2022-07-13,2.99,2.95,2.99,2.94,1119029,331013765.00,1.67,-1.34,-0.04,0.27
2022-07-14,2.94,2.92,2.95,2.91,949615,277547510.00,1.36,-1.02,-0.03,0.23
2022-07-15,2.92,2.90,2.93,2.90,641631,187062531.00,1.03,-0.68,-0.02,0.16
2022-07-18,2.91,2.92,2.92,2.90,532787,155306505.00,0.69,0.69,0.02,0.13
2022-07-19,2.92,2.93,2.94,2.91,550704,161129314.00,1.03,0.34,0.01,0.13
2022-07-20,2.93,2.93,2.94,2.92,463708,135822697.00,0.68,0.00,0.00,0.11
2022-07-21,2.93,2.91,2.93,2.91,470262,137095629.00,0.68,-0.68,-0.02,0.11
2022-07-22,2.91,2.91,2.92,2.90,361548,105264031.00,0.69,0.00,0.00,0.09
2022-07-25,2.91,2.91,2.92,2.90,254547,74149708.00,0.69,0.00,0.00,0.06
2022-07-26,2.91,2.92,2.93,2.91,488940,142722472.00,0.69,0.34,0.01,0.12
2022-07-27,2.92,2.91,2.92,2.90,349249,101594101.00,0.68,-0.34,-0.01,0.08
2022-07-28,2.91,2.91,2.92,2.90,327853,95476896.00,0.69,0.00,0.00,0.08
2022-07-29,2.92,2.90,2.92,2.89,606201,175952224.00,1.03,-0.34,-0.01,0.15
2022-08-01,2.89,2.88,2.90,2.88,353654,102108190.00,0.69,-0.69,-0.02,0.09
2022-08-02,2.88,2.84,2.88,2.83,940226,267818830.00,1.74,-1.39,-0.04,0.23
2022-08-03,2.84,2.83,2.85,2.83,551260,156586400.00,0.70,-0.35,-0.01,0.13
2022-08-04,2.83,2.83,2.85,2.82,453618,128642525.00,1.06,0.00,0.00,0.11
2022-08-05,2.84,2.84,2.85,2.82,563877,159819266.00,1.06,0.35,0.01,0.14
2022-08-08,2.84,2.83,2.85,2.83,300177,85221644.00,0.70,-0.35,-0.01,0.07
2022-08-09,2.84,2.83,2.84,2.83,256340,72624076.00,0.35,0.00,0.00,0.06
2022-08-10,2.83,2.82,2.84,2.82,267956,75771303.00,0.71,-0.35,-0.01,0.06
2022-08-11,2.83,2.86,2.86,2.82,523743,149019478.00,1.42,1.42,0.04,0.13
2022-08-12,2.86,2.87,2.87,2.85,339744,97163051.00,0.70,0.35,0.01,0.08
2022-08-15,2.86,2.85,2.87,2.85,335548,95861322.00,0.70,-0.70,-0.02,0.08
2022-08-16,2.86,2.84,2.86,2.83,589106,167568398.00,1.05,-0.35,-0.01,0.14
2022-08-17,2.84,2.86,2.86,2.83,411697,117328150.00,1.06,0.70,0.02,0.10
2022-08-18,2.86,2.84,2.86,2.84,249341,70939373.00,0.70,-0.70,-0.02,0.06
2022-08-19,2.84,2.84,2.86,2.83,388928,110782240.00,1.06,0.00,0.00,0.09
2022-08-22,2.84,2.85,2.85,2.84,293634,83527429.00,0.35,0.35,0.01,0.07
2022-08-23,2.84,2.83,2.85,2.83,526911,149491035.00,0.70,-0.70,-0.02,0.13
2022-08-24,2.83,2.82,2.85,2.82,589161,166640841.00,1.06,-0.35,-0.01,0.14
2022-08-25,2.83,2.83,2.84,2.81,498271,140737054.00,1.06,0.35,0.01,0.12
2022-08-26,2.83,2.83,2.84,2.82,331148,93826152.00,0.71,0.00,0.00,0.08
2022-08-29,2.82,2.83,2.83,2.81,555375,156742773.00,0.71,0.00,0.00,0.13
2022-08-30,2.82,2.85,2.86,2.82,795743,226496997.00,1.41,0.71,0.02,0.19
2022-08-31,2.86,2.87,2.88,2.85,848723,243548534.00,1.05,0.70,0.02,0.21
2022-09-01,2.87,2.88,2.90,2.86,945316,272544684.00,1.39,0.35,0.01,0.23
2022-09-02,2.88,2.87,2.90,2.86,631271,181732032.00,1.39,-0.35,-0.01,0.15
2022-09-05,2.87,2.89,2.90,2.87,469475,135391919.00,1.05,0.70,0.02,0.11
2022-09-06,2.90,2.89,2.91,2.88,562044,162684438.00,1.04,0.00,0.00,0.14
2022-09-07,2.89,2.87,2.89,2.86,447266,128471011.00,1.04,-0.69,-0.02,0.11
2022-09-08,2.87,2.88,2.89,2.86,410542,118250605.00,1.05,0.35,0.01,0.10
2022-09-09,2.89,2.89,2.90,2.88,542365,156995623.00,0.69,0.35,0.01,0.13
2022-09-13,2.90,2.91,2.91,2.89,431943,125353763.00,0.69,0.69,0.02,0.10
2022-09-14,2.89,2.88,2.90,2.88,377886,109127982.00,0.69,-1.03,-0.03,0.09
2022-09-15,2.88,2.90,2.91,2.88,908261,263569351.00,1.04,0.69,0.02,0.22
2022-09-16,2.90,2.86,2.91,2.86,854579,246082824.00,1.72,-1.38,-0.04,0.21
2022-09-19,2.86,2.87,2.88,2.85,647903,185476358.00,1.05,0.35,0.01,0.16
2022-09-20,2.87,2.84,2.88,2.83,631851,180067568.00,1.74,-1.05,-0.03,0.15
2022-09-21,2.83,2.85,2.87,2.83,469140,133594426.00,1.41,0.35,0.01,0.11
2022-09-22,2.85,2.86,2.86,2.84,335812,95690155.00,0.70,0.35,0.01,0.08
2022-09-23,2.85,2.88,2.89,2.84,637517,182882843.00,1.75,0.70,0.02,0.15
2022-09-26,2.87,2.83,2.88,2.83,725901,207293008.00,1.74,-1.74,-0.05,0.18
2022-09-27,2.84,2.84,2.84,2.82,487500,138080585.00,0.71,0.35,0.01,0.12
2022-09-28,2.84,2.83,2.85,2.82,514672,145987276.00,1.06,-0.35,-0.01,0.12
2022-09-29,2.84,2.81,2.85,2.81,563923,159317315.00,1.41,-0.71,-0.02,0.14
2022-09-30,2.82,2.82,2.83,2.81,400188,112948902.00,0.71,0.36,0.01,0.10
2022-10-10,2.83,2.81,2.84,2.81,708098,199961851.00,1.06,-0.35,-0.01,0.17
2022-10-11,2.81,2.82,2.82,2.81,380629,107130890.00,0.36,0.36,0.01,0.09
2022-10-12,2.82,2.82,2.83,2.80,626797,176261534.00,1.06,0.00,0.00,0.15
2022-10-13,2.82,2.81,2.82,2.80,484672,136248535.00,0.71,-0.35,-0.01,0.12
2022-10-14,2.82,2.82,2.83,2.81,522230,147443970.00,0.71,0.36,0.01,0.13
2022-10-17,2.82,2.81,2.83,2.81,519428,146175078.00,0.71,-0.35,-0.01,0.13
2022-10-18,2.82,2.81,2.83,2.81,611899,172268539.00,0.71,0.00,0.00,0.15
2022-10-19,2.81,2.80,2.82,2.80,548135,153771576.00,0.71,-0.36,-0.01,0.13
2022-10-20,2.81,2.81,2.82,2.80,584917,164366817.00,0.71,0.36,0.01,0.14
2022-10-21,2.81,2.82,2.82,2.81,364359,102618872.00,0.36,0.36,0.01,0.09
2022-10-24,2.82,2.79,2.83,2.78,1045643,292867198.00,1.77,-1.06,-0.03,0.25
2022-10-25,2.79,2.76,2.79,2.76,720358,199739706.00,1.08,-1.08,-0.03,0.17
2022-10-26,2.77,2.76,2.78,2.75,580663,160484679.00,1.09,0.00,0.00,0.14
2022-10-27,2.76,2.75,2.77,2.75,535723,147735267.00,0.72,-0.36,-0.01,0.13
2022-10-28,2.75,2.74,2.76,2.73,753706,206952988.00,1.09,-0.36,-0.01,0.18
2022-10-31,2.74,2.72,2.74,2.72,797223,217610073.00,0.73,-0.73,-0.02,0.19
2022-11-01,2.73,2.75,2.75,2.72,675777,184974262.00,1.10,1.10,0.03,0.16
2022-11-02,2.75,2.76,2.76,2.74,428229,117785480.00,0.73,0.36,0.01,0.10
2022-11-03,2.75,2.75,2.76,2.74,353361,97196246.00,0.72,-0.36,-0.01,0.09
2022-11-04,2.75,2.78,2.79,2.75,526348,145961914.00,1.45,1.09,0.03,0.13
2022-11-07,2.78,2.78,2.79,2.77,413512,114980223.00,0.72,0.00,0.00,0.10
2022-11-08,2.78,2.79,2.79,2.77,340587,94843729.00,0.72,0.36,0.01,0.08
2022-11-09,2.79,2.79,2.80,2.78,308047,86080293.00,0.72,0.00,0.00,0.07
2022-11-10,2.79,2.79,2.80,2.78,321257,89650429.00,0.72,0.00,0.00,0.08
2022-11-11,2.81,2.84,2.85,2.80,954901,269696253.00,1.79,1.79,0.05,0.23
2022-11-14,2.84,2.86,2.88,2.83,964374,275936842.00,1.76,0.70,0.02,0.23
2022-11-15,2.86,2.87,2.88,2.85,640948,183662965.00,1.05,0.35,0.01,0.15
2022-11-16,2.87,2.87,2.87,2.86,452067,129489949.00,0.35,0.00,0.00,0.11
2022-11-17,2.86,2.84,2.86,2.84,544982,155147745.00,0.70,-1.05,-0.03,0.13
2022-11-18,2.84,2.82,2.85,2.82,514802,145781017.00,1.06,-0.70,-0.02,0.12
2022-11-21,2.82,2.82,2.83,2.81,419995,118351289.00,0.71,0.00,0.00,0.10
2022-11-22,2.82,2.88,2.89,2.81,1122148,321162596.00,2.84,2.13,0.06,0.27
2022-11-23,2.88,2.91,2.96,2.87,1706148,498348137.00,3.13,1.04,0.03,0.41
2022-11-24,2.92,2.91,2.93,2.89,836045,243045630.00,1.37,0.00,0.00,0.20
2022-11-25,2.90,2.96,2.97,2.90,1474643,435183218.00,2.41,1.72,0.05,0.36
2022-11-28,2.93,2.92,2.94,2.90,978550,285801199.00,1.35,-1.35,-0.04,0.24
2022-11-29,2.93,3.00,3.03,2.93,2022683,605651191.00,3.42,2.74,0.08,0.49
2022-11-30,3.00,2.99,3.03,2.98,1162581,348970804.00,1.67,-0.33,-0.01,0.28
2022-12-01,3.02,2.98,3.03,2.97,1035260,309495093.00,2.01,-0.33,-0.01,0.25
2022-12-02,2.98,2.95,2.98,2.94,963436,284659191.00,1.34,-1.01,-0.03,0.23
2022-12-05,2.98,3.02,3.04,2.97,1755512,529023239.00,2.37,2.37,0.07,0.42
2022-12-06,3.02,3.08,3.11,3.00,2546776,781823350.00,3.64,1.99,0.06,0.62
2022-12-07,3.08,3.08,3.10,3.06,1519374,468261708.00,1.30,0.00,0.00,0.37
2022-12-08,3.09,3.11,3.13,3.07,1471457,457584569.00,1.95,0.97,0.03,0.36
2022-12-09,3.13,3.12,3.18,3.10,1732351,543494608.00,2.57,0.32,0.01,0.42
2022-12-12,3.10,3.13,3.18,3.10,1454004,456697622.00,2.56,0.32,0.01,0.35
2022-12-13,3.12,3.12,3.15,3.10,964882,300946348.00,1.60,-0.32,-0.01,0.23
2022-12-14,3.11,3.10,3.12,3.06,1088421,336409017.00,1.92,-0.64,-0.02,0.26
2022-12-15,3.10,3.09,3.12,3.07,825683,255259140.00,1.61,-0.32,-0.01,0.20
2022-12-16,3.09,3.19,3.20,3.08,2379360,751540681.00,3.88,3.24,0.10,0.58
2022-12-19,3.21,3.10,3.21,3.08,1361672,427203035.00,4.08,-2.82,-0.09,0.33
2022-12-20,3.09,3.04,3.13,3.03,1113472,342308386.00,3.23,-1.94,-0.06,0.27
2022-12-21,3.04,3.05,3.08,3.04,767972,234826605.00,1.32,0.33,0.01,0.19
2022-12-22,3.07,3.04,3.09,3.03,772272,236201379.00,1.97,-0.33,-0.01,0.19
2022-12-23,3.04,3.01,3.04,3.00,990766,298710594.00,1.32,-0.99,-0.03,0.24
2022-12-26,3.01,2.99,3.03,2.98,744856,223227826.00,1.66,-0.66,-0.02,0.18
2022-12-27,3.00,3.06,3.06,3.00,669710,203714007.00,2.01,2.34,0.07,0.16
2022-12-28,3.05,3.06,3.09,3.03,950313,291236940.00,1.96,0.00,0.00,0.23
2022-12-29,3.05,3.04,3.06,3.01,953825,288780951.00,1.63,-0.65,-0.02,0.23
2022-12-30,3.04,3.07,3.08,3.03,694851,212303237.00,1.64,0.99,0.03,0.17