MjAyMi0wMS0wNCw5LjY4LDkuODMsOS44OSw5LjUwLDYwMjM2LDU4NTY2OTAwLjAwLDQuMDIsMS4yNCwwLjEyLDIuODQ=
2022-01-05,9.83,9.54,9.83,9.43,51577,49592858.00,4.07,-2.95,-0.29,2.43
2022-01-06,9.54,9.59,9.64,9.46,28798,27612479.00,1.89,0.52,0.05,1.36
2022-01-07,9.59,9.26,9.64,9.26,51151,48270406.00,3.96,-3.44,-0.33,2.41
2022-01-10,9.28,9.33,9.39,9.10,31884,29616646.00,3.13,0.76,0.07,1.51
2022-01-11,9.27,9.66,9.71,9.27,63987,61285950.00,4.72,3.54,0.33,3.02
2022-01-12,9.66,9.73,9.75,9.60,39290,38127234.00,1.55,0.72,0.07,1.85
2022-01-13,9.72,9.70,9.74,9.62,33744,32669636.00,1.23,-0.31,-0.03,1.59
2022-01-14,9.70,9.70,9.84,9.62,43848,42723514.00,2.27,0.00,0.00,2.07
2022-01-17,9.74,9.82,9.87,9.60,54706,53243712.00,2.78,1.24,0.12,2.58
2022-01-18,9.85,9.70,9.85,9.66,34856,33827407.00,1.93,-1.22,-0.12,1.65
2022-01-19,9.63,9.66,9.74,9.61,28115,27149886.00,1.34,-0.41,-0.04,1.33
2022-01-20,9.70,9.32,9.70,9.32,46177,43593516.00,3.93,-3.52,-0.34,2.18
2022-01-21,9.35,9.71,9.74,9.25,50702,48419704.00,5.26,4.18,0.39,2.39
2022-01-24,9.71,9.61,10.09,9.50,54059,52492062.00,6.08,-1.03,-0.10,2.55
2022-01-25,9.55,9.90,10.03,9.36,135758,133560026.00,6.97,3.02,0.29,6.41
2022-01-26,9.95,10.49,10.68,9.60,209669,215582093.00,10.91,5.96,0.59,9.90
2022-01-27,10.30,9.78,10.40,9.76,123088,124070247.00,6.10,-6.77,-0.71,5.81
2022-01-28,9.83,10.12,10.25,9.71,88090,88663899.00,5.52,3.48,0.34,4.16
2022-02-07,10.25,10.58,10.60,10.01,132353,138362266.00,5.83,4.55,0.46,6.25
2022-02-08,10.48,10.64,10.78,10.30,108164,113662504.00,4.54,0.57,0.06,5.11
2022-02-09,10.52,10.42,10.52,10.31,90680,94249654.00,1.97,-2.07,-0.22,4.28
2022-02-10,10.40,10.84,10.86,10.23,143365,151494286.00,6.05,4.03,0.42,6.77
2022-02-11,10.64,10.51,10.77,10.46,93171,98642871.00,2.86,-3.04,-0.33,4.40
2022-02-14,10.35,10.11,10.36,9.99,80874,81813398.00,3.52,-3.81,-0.40,3.82
2022-02-15,10.01,9.55,10.18,9.41,103981,100682328.00,7.62,-5.54,-0.56,4.91
2022-02-16,9.56,9.53,9.64,9.45,64955,62016857.00,1.99,-0.21,-0.02,3.07
2022-02-17,9.49,9.57,9.66,9.31,57139,54419875.00,3.67,0.42,0.04,2.70
2022-02-18,9.45,9.48,9.51,9.36,49887,46993718.00,1.57,-0.94,-0.09,2.36
2022-02-21,9.31,9.63,9.72,9.30,54286,51877349.00,4.43,1.58,0.15,2.56
2022-02-22,9.54,9.67,9.79,9.42,87073,83474095.00,3.84,0.42,0.04,4.11
2022-02-23,9.65,9.72,9.84,9.56,70403,68431585.00,2.90,0.52,0.05,3.32
2022-02-24,9.65,9.24,9.80,9.10,100532,94796038.00,7.20,-4.94,-0.48,4.75
2022-02-25,9.29,9.39,9.56,9.29,51858,48865961.00,2.92,1.62,0.15,2.45
2022-02-28,9.38,9.40,9.41,9.15,33887,31470474.00,2.77,0.11,0.01,1.60
2022-03-01,9.39,9.51,9.66,9.37,52389,50038731.00,3.09,1.17,0.11,2.47
2022-03-02,9.44,9.67,9.73,9.41,57286,55178818.00,3.36,1.68,0.16,2.70
2022-03-03,9.78,9.49,9.78,9.45,41265,39386559.00,3.41,-1.86,-0.18,1.95
2022-03-04,9.45,9.41,9.54,9.39,32003,30243937.00,1.58,-0.84,-0.08,1.51
2022-03-07,9.40,9.19,9.40,9.11,39670,36694388.00,3.08,-2.34,-0.22,1.87
2022-03-08,9.15,8.74,9.24,8.72,61037,54401783.00,5.66,-4.90,-0.45,2.88
2022-03-09,8.74,8.67,8.93,8.21,56372,48679370.00,8.24,-0.80,-0.07,2.66
2022-03-10,8.88,8.74,8.93,8.74,38109,33656123.00,2.19,0.81,0.07,1.80
2022-03-11,8.62,8.65,8.72,8.37,38854,33190091.00,4.00,-1.03,-0.09,1.83
2022-03-14,8.40,8.17,8.58,8.17,53520,44547608.00,4.74,-5.55,-0.48,2.53
2022-03-15,8.05,7.60,8.16,7.58,62014,48973213.00,7.10,-6.98,-0.57,2.93
2022-03-16,7.75,7.85,7.90,7.51,57853,44776934.00,5.13,3.29,0.25,2.73
2022-03-17,7.92,7.96,8.14,7.92,39191,31439550.00,2.80,1.40,0.11,1.85
2022-03-18,8.04,8.21,8.30,7.97,36206,29656021.00,4.15,3.14,0.25,1.71
2022-03-21,8.27,8.31,8.33,8.16,31581,26062754.00,2.07,1.22,0.10,1.49
2022-03-22,8.34,8.28,8.40,8.19,28382,23511140.00,2.53,-0.36,-0.03,1.34
2022-03-23,8.26,8.38,8.52,8.26,34393,28887325.00,3.14,1.21,0.10,1.62
2022-03-24,8.28,8.16,8.37,8.15,28930,23784855.00,2.63,-2.63,-0.22,1.37
2022-03-25,8.22,8.18,8.35,8.18,29746,24532640.00,2.08,0.25,0.02,1.40
2022-03-28,8.20,8.33,8.59,8.01,67574,56545281.00,7.09,1.83,0.15,3.19
2022-03-29,8.32,8.09,8.36,8.06,31118,25412846.00,3.60,-2.88,-0.24,1.47
2022-03-30,8.10,8.28,8.28,8.08,20682,16952768.00,2.47,2.35,0.19,0.98
2022-03-31,8.31,8.69,8.78,8.13,71706,60804907.00,7.85,4.95,0.41,3.39
2022-04-01,8.55,8.33,8.61,8.28,59924,50413736.00,3.80,-4.14,-0.36,2.83
2022-04-06,8.25,8.21,8.30,8.10,45082,36877973.00,2.40,-1.44,-0.12,2.13
2022-04-07,8.16,7.72,8.16,7.60,67129,52718118.00,6.82,-5.97,-0.49,3.17
2022-04-08,7.78,7.50,7.88,7.47,41089,31049087.00,5.31,-2.85,-0.22,1.94
2022-04-11,7.41,7.19,7.48,7.09,34499,25016520.00,5.20,-4.13,-0.31,1.63
2022-04-12,7.02,7.41,7.44,7.02,30718,22503505.00,5.84,3.06,0.22,1.45
2022-04-13,7.41,7.27,7.41,7.20,19691,14337506.00,2.83,-1.89,-0.14,0.93
2022-04-14,7.25,7.30,7.41,7.25,14576,10700473.00,2.20,0.41,0.03,0.69
2022-04-15,7.30,7.10,7.30,6.96,28088,19893686.00,4.66,-2.74,-0.20,1.33
2022-04-18,7.15,7.16,7.20,6.90,19108,13558947.00,4.23,0.85,0.06,0.90
2022-04-19,7.17,7.29,7.38,7.11,18630,13571255.00,3.77,1.82,0.13,0.88
2022-04-20,7.29,7.20,7.44,7.16,22004,16087643.00,3.84,-1.23,-0.09,1.04
2022-04-21,7.19,6.85,7.24,6.80,28509,19932332.00,6.11,-4.86,-0.35,1.35
2022-04-22,6.86,6.80,6.96,6.66,24725,16790567.00,4.38,-0.73,-0.05,1.17
2022-04-25,6.73,6.09,6.75,6.05,40926,26078834.00,10.29,-10.44,-0.71,1.93
2022-04-26,6.09,6.07,6.35,6.00,40632,25020401.00,5.75,-0.33,-0.02,1.92
2022-04-27,6.01,6.27,6.29,5.75,55911,33588840.00,8.90,3.29,0.20,2.64
2022-04-28,6.27,6.24,6.29,6.02,37183,22916116.00,4.31,-0.48,-0.03,1.76
2022-04-29,6.31,6.36,6.43,6.25,26664,16922632.00,2.88,1.92,0.12,1.26
2022-05-05,6.21,6.36,6.45,6.18,25857,16401037.00,4.25,0.00,0.00,1.22
2022-05-06,6.17,6.25,6.39,6.11,20748,12986234.00,4.40,-1.73,-0.11,0.98
2022-05-09,6.29,6.38,6.47,6.18,20766,13285234.00,4.64,2.08,0.13,0.98
2022-05-10,6.34,6.48,6.51,6.27,28887,18576270.00,3.76,1.57,0.10,1.36
2022-05-11,6.48,6.52,6.72,6.40,35635,23585093.00,4.94,0.62,0.04,1.68
2022-05-12,6.60,6.63,6.68,6.51,27095,17863819.00,2.61,1.69,0.11,1.28
2022-05-13,6.69,6.61,6.69,6.54,19838,13103946.00,2.26,-0.30,-0.02,0.94
2022-05-16,6.63,6.66,6.79,6.58,17594,11729793.00,3.18,0.76,0.05,0.83
2022-05-17,6.69,6.64,6.69,6.52,17843,11760387.00,2.55,-0.30,-0.02,0.84
2022-05-18,6.63,6.78,6.80,6.58,23922,16126748.00,3.31,2.11,0.14,1.13
2022-05-19,6.68,6.94,6.95,6.61,33199,22719273.00,5.01,2.36,0.16,1.57
2022-05-20,6.91,7.01,7.03,6.83,24256,16922310.00,2.88,1.01,0.07,1.15
2022-05-23,7.03,7.25,7.30,6.93,32475,23292707.00,5.28,3.42,0.24,1.53
2022-05-24,7.24,6.88,7.32,6.87,37706,26642555.00,6.21,-5.10,-0.37,1.78
2022-05-25,6.84,7.10,7.12,6.84,24923,17461035.00,4.07,3.20,0.22,1.18
2022-05-26,7.09,7.05,7.10,6.92,25000,17558054.00,2.54,-0.70,-0.05,1.18
2022-05-27,7.06,6.94,7.12,6.89,21109,14740291.00,3.26,-1.56,-0.11,1.00
2022-05-30,7.00,6.98,7.06,6.89,22138,15470941.00,2.45,0.58,0.04,1.05
2022-05-31,6.98,7.02,7.12,6.91,24308,17017879.00,3.01,0.57,0.04,1.15
2022-06-01,7.02,7.13,7.16,6.98,26311,18657672.00,2.56,1.57,0.11,1.24
2022-06-02,7.13,7.22,7.23,7.03,26666,19079606.00,2.81,1.26,0.09,1.26
2022-06-06,7.21,7.41,7.46,7.17,34257,25294650.00,4.02,2.63,0.19,1.62
2022-06-07,7.41,7.25,7.41,7.16,27528,19989605.00,3.37,-2.16,-0.16,1.30
2022-06-08,7.25,7.17,7.28,7.02,26282,18810178.00,3.59,-1.10,-0.08,1.24
2022-06-09,7.21,7.01,7.23,6.96,28329,19978007.00,3.77,-2.23,-0.16,1.34
2022-06-10,6.99,7.14,7.18,6.90,21096,15013565.00,3.99,1.85,0.13,1.00
2022-06-13,7.16,7.17,7.24,7.04,23839,16997640.00,2.80,0.42,0.03,1.13
2022-06-14,7.13,7.19,7.19,6.92,30503,21469828.00,3.77,0.28,0.02,1.44
2022-06-15,7.18,7.09,7.28,7.07,27219,19534850.00,2.92,-1.39,-0.10,1.28
2022-06-16,7.09,7.08,7.15,7.05,19303,13701234.00,1.41,-0.14,-0.01,0.91
2022-06-17,7.01,7.20,7.23,7.01,26804,19165208.00,3.11,1.69,0.12,1.27
2022-06-20,7.25,7.42,7.48,7.18,44776,33090832.00,4.17,3.06,0.22,2.11
2022-06-21,7.50,7.40,7.50,7.28,29310,21609605.00,2.96,-0.27,-0.02,1.38
2022-06-22,7.42,7.29,7.45,7.28,22545,16574272.00,2.30,-1.49,-0.11,1.06
2022-06-23,7.28,7.45,7.46,7.21,30322,22438338.00,3.43,2.19,0.16,1.43
2022-06-24,7.47,7.62,7.62,7.43,44646,33680062.00,2.55,2.28,0.17,2.11
2022-06-27,7.62,7.63,7.65,7.49,28597,21679429.00,2.10,0.13,0.01,1.35
2022-06-28,7.69,7.78,7.79,7.56,28680,22125758.00,3.01,1.97,0.15,1.35
2022-06-29,7.78,7.55,7.84,7.55,38179,29170278.00,3.73,-2.96,-0.23,1.80
2022-06-30,7.54,7.62,7.71,7.51,25992,19852310.00,2.65,0.93,0.07,1.22
2022-07-01,7.71,7.55,7.71,7.52,17831,13538056.00,2.49,-0.92,-0.07,0.84
2022-07-04,7.57,7.54,7.65,7.42,20427,15323589.00,3.05,-0.13,-0.01,0.96
2022-07-05,7.56,7.40,7.61,7.31,24233,17979378.00,3.98,-1.86,-0.14,1.14
2022-07-06,7.40,7.76,8.05,7.31,83636,63702825.00,10.00,4.86,0.36,3.94
2022-07-07,7.66,7.83,8.05,7.42,125618,97076486.00,8.12,0.90,0.07,5.92
2022-07-08,7.83,8.20,8.39,7.83,168135,137621470.00,7.15,4.73,0.37,7.92
2022-07-11,8.05,8.35,8.58,8.00,137268,114616605.00,7.07,1.83,0.15,6.47
2022-07-12,8.21,8.18,8.34,8.10,81213,66502346.00,2.87,-2.04,-0.17,3.83
2022-07-13,8.14,8.45,8.58,8.00,139198,115522555.00,7.09,3.30,0.27,6.56
2022-07-14,8.37,8.86,9.20,8.20,198648,173786660.00,11.83,4.85,0.41,9.36
2022-07-15,8.71,8.82,9.06,8.50,175083,153157078.00,6.32,-0.45,-0.04,8.25
2022-07-18,8.69,8.66,8.89,8.63,117154,102190222.00,2.95,-1.81,-0.16,5.52
2022-07-19,8.61,8.44,8.70,8.41,112093,95718105.00,3.35,-2.54,-0.22,5.28
2022-07-20,8.14,8.29,8.34,8.11,103996,85233169.00,2.73,-1.78,-0.15,4.90
2022-07-21,8.23,8.20,8.34,8.19,61670,50956719.00,1.81,-1.09,-0.09,2.91
2022-07-22,8.29,8.18,8.30,8.06,54630,44585832.00,2.93,-0.24,-0.02,2.57
2022-07-25,8.14,7.89,8.23,7.85,60179,48015496.00,4.65,-3.55,-0.29,2.84
2022-07-26,7.95,8.01,8.02,7.75,35777,28312124.00,3.42,1.52,0.12,1.69
2022-07-27,8.00,8.10,8.15,7.99,37166,30070482.00,2.00,1.12,0.09,1.75
2022-07-28,8.15,8.20,8.25,8.14,35362,28958520.00,1.36,1.23,0.10,1.67
2022-07-29,8.22,8.42,8.56,8.20,79058,66626803.00,4.39,2.68,0.22,3.73
2022-08-01,8.34,8.37,8.43,8.26,51887,43237952.00,2.02,-0.59,-0.05,2.44
2022-08-02,8.23,7.98,8.30,7.87,69922,56146007.00,5.14,-4.66,-0.39,3.29
2022-08-03,7.99,7.93,8.33,7.92,57926,47241559.00,5.14,-0.63,-0.05,2.73
2022-08-04,7.97,8.17,8.25,7.97,44108,35742705.00,3.53,3.03,0.24,2.08
2022-08-05,8.24,8.02,8.24,7.88,48855,38974371.00,4.41,-1.84,-0.15,2.30
2022-08-08,8.02,8.24,8.24,7.91,47323,38605631.00,4.11,2.74,0.22,2.23
2022-08-09,8.27,8.12,8.33,8.10,37987,31075235.00,2.79,-1.46,-0.12,1.79
2022-08-10,8.12,8.14,8.16,8.02,27488,22276443.00,1.72,0.25,0.02,1.30
2022-08-11,8.18,8.15,8.23,8.12,25436,20783216.00,1.35,0.12,0.01,1.20
2022-08-12,8.21,8.02,8.21,8.01,41462,33529901.00,2.45,-1.60,-0.13,1.95
2022-08-15,8.01,8.21,8.23,7.92,47590,38747963.00,3.87,2.37,0.19,2.24
2022-08-16,8.27,8.35,8.60,8.21,74040,62199147.00,4.75,1.71,0.14,3.49
2022-08-17,8.43,8.48,8.50,8.38,46982,39689983.00,1.44,1.56,0.13,2.21
2022-08-18,8.48,8.56,8.64,8.48,55951,47818045.00,1.89,0.94,0.08,2.64
2022-08-19,8.57,8.38,8.59,8.36,39685,33470827.00,2.69,-2.10,-0.18,1.87
2022-08-22,8.30,8.29,8.45,8.23,38571,32045453.00,2.63,-1.07,-0.09,1.82
2022-08-23,8.32,8.50,8.56,8.17,62518,52881848.00,4.70,2.53,0.21,2.95
2022-08-24,8.54,8.28,8.61,8.24,46141,38599581.00,4.35,-2.59,-0.22,2.17
2022-08-25,8.33,8.01,8.33,7.89,63496,51124926.00,5.31,-3.26,-0.27,2.99
2022-08-26,8.01,7.85,8.24,7.83,46506,37147057.00,5.12,-2.00,-0.16,2.19
2022-08-29,7.66,8.11,8.14,7.50,44839,35725542.00,8.15,3.31,0.26,2.11
2022-08-30,8.08,7.86,8.20,7.85,32889,26154369.00,4.32,-3.08,-0.25,1.55
2022-08-31,7.84,7.45,7.85,7.42,55287,41773672.00,5.47,-5.22,-0.41,2.61
2022-09-01,7.60,7.29,7.61,7.26,30270,22326251.00,4.70,-2.15,-0.16,1.43
2022-09-02,7.35,7.44,7.47,7.25,15635,11547083.00,3.02,2.06,0.15,0.74
2022-09-05,7.43,7.38,7.51,7.29,16949,12500633.00,2.96,-0.81,-0.06,0.80
2022-09-06,7.38,7.50,7.54,7.29,22198,16528249.00,3.39,1.63,0.12,1.05
2022-09-07,7.55,7.56,7.59,7.47,20831,15741637.00,1.60,0.80,0.06,0.98
2022-09-08,7.50,7.40,7.63,7.39,20846,15578434.00,3.17,-2.12,-0.16,0.98
2022-09-09,7.40,7.29,7.45,7.25,16578,12098479.00,2.70,-1.49,-0.11,0.78
2022-09-13,7.34,7.33,7.40,7.30,13645,10019952.00,1.37,0.55,0.04,0.64
2022-09-14,7.27,7.17,7.33,7.16,28386,20489459.00,2.32,-2.18,-0.16,1.34
2022-09-15,7.19,7.07,7.24,6.96,32561,22937692.00,3.91,-1.39,-0.10,1.53
2022-09-16,6.98,6.92,7.05,6.90,18637,13008752.00,2.12,-2.12,-0.15,0.88
2022-09-19,6.92,6.77,7.01,6.73,28208,19294050.00,4.05,-2.17,-0.15,1.33
2022-09-20,6.77,6.89,7.00,6.77,9811,6758880.00,3.40,1.77,0.12,0.46
2022-09-21,7.05,7.17,7.56,6.88,57260,41398373.00,9.87,4.06,0.28,2.70
2022-09-22,7.01,7.12,7.18,7.00,38712,27456322.00,2.51,-0.70,-0.05,1.82
2022-09-23,7.11,7.23,7.42,7.03,52346,37845072.00,5.48,1.54,0.11,2.47
2022-09-26,7.17,6.98,7.18,6.88,40223,28202449.00,4.15,-3.46,-0.25,1.90
2022-09-27,6.98,7.08,7.12,6.90,24904,17406485.00,3.15,1.43,0.10,1.17
2022-09-28,7.10,6.98,7.12,6.91,22873,16042243.00,2.97,-1.41,-0.10,1.08
2022-09-29,6.98,6.79,7.10,6.76,30189,20681315.00,4.87,-2.72,-0.19,1.42
2022-09-30,6.79,6.63,6.81,6.63,14899,9975491.00,2.65,-2.36,-0.16,0.70
2022-10-10,6.61,6.53,6.75,6.50,19961,13151022.00,3.77,-1.51,-0.10,0.94
2022-10-11,6.50,6.61,6.66,6.42,25026,16361360.00,3.68,1.23,0.08,1.18
2022-10-12,6.68,7.18,7.23,6.56,47971,33097367.00,10.14,8.62,0.57,2.26
2022-10-13,7.22,7.20,7.28,7.11,28540,20603380.00,2.37,0.28,0.02,1.34
2022-10-14,7.27,7.15,7.28,7.14,25712,18477672.00,1.94,-0.69,-0.05,1.21
2022-10-17,7.35,7.38,7.40,7.14,33235,24252250.00,3.64,3.22,0.23,1.57
2022-10-18,7.34,7.46,7.58,7.31,29466,21992141.00,3.66,1.08,0.08,1.39
2022-10-19,7.43,7.73,8.18,7.35,93658,73152012.00,11.13,3.62,0.27,4.41
2022-10-20,7.54,7.67,8.07,7.49,59028,45145500.00,7.50,-0.78,-0.06,2.78
2022-10-21,7.56,7.40,7.61,7.40,33256,24969789.00,2.74,-3.52,-0.27,1.57
2022-10-24,7.56,7.60,7.91,7.46,66652,51559334.00,6.08,2.70,0.20,3.14
2022-10-25,7.61,7.76,7.90,7.50,54751,42292311.00,5.26,2.11,0.16,2.58
2022-10-26,7.67,7.79,7.90,7.61,40238,31221273.00,3.74,0.39,0.03,1.90
2022-10-27,7.75,7.55,7.90,7.54,41278,31707287.00,4.62,-3.08,-0.24,1.95
2022-10-28,7.59,7.36,7.61,7.30,42727,31789566.00,4.11,-2.52,-0.19,2.01
2022-10-31,7.32,7.52,7.69,7.32,30193,22864394.00,5.03,2.17,0.16,1.42
2022-11-01,7.52,7.71,7.87,7.51,43744,33798174.00,4.79,2.53,0.19,2.06
2022-11-02,7.72,7.69,7.76,7.65,30216,23267125.00,1.43,-0.26,-0.02,1.42
2022-11-03,7.76,7.87,7.93,7.63,40009,31169802.00,3.90,2.34,0.18,1.89
2022-11-04,7.80,7.81,7.89,7.75,38696,30203663.00,1.78,-0.76,-0.06,1.82
2022-11-07,7.78,7.77,7.86,7.71,24146,18748098.00,1.92,-0.51,-0.04,1.14
2022-11-08,7.84,7.80,7.85,7.70,23936,18610866.00,1.93,0.39,0.03,1.13
2022-11-09,7.77,7.82,7.85,7.70,25569,19894738.00,1.92,0.26,0.02,1.20
2022-11-10,7.75,7.83,8.01,7.75,42141,33231948.00,3.32,0.13,0.01,1.99
2022-11-11,7.99,7.78,7.99,7.78,39541,31110094.00,2.68,-0.64,-0.05,1.86
2022-11-14,7.88,7.72,7.88,7.68,23458,18177963.00,2.57,-0.77,-0.06,1.11
2022-11-15,7.70,7.81,7.90,7.69,24708,19342642.00,2.72,1.17,0.09,1.16
2022-11-16,7.80,7.85,7.88,7.77,17862,13987730.00,1.41,0.51,0.04,0.84
2022-11-17,7.86,7.79,7.86,7.71,17828,13836793.00,1.91,-0.76,-0.06,0.84
2022-11-18,7.83,7.60,7.84,7.59,31987,24698172.00,3.21,-2.44,-0.19,1.51
2022-11-21,7.56,7.85,7.87,7.54,44079,34203208.00,4.34,3.29,0.25,2.08
2022-11-22,7.85,7.69,7.92,7.64,30635,23855527.00,3.57,-2.04,-0.16,1.44
2022-11-23,7.68,7.62,7.68,7.40,34902,26276010.00,3.64,-0.91,-0.07,1.64
2022-11-24,7.65,7.79,7.86,7.61,34386,26694756.00,3.28,2.23,0.17,1.62
2022-11-25,7.78,7.53,7.81,7.50,26708,20304209.00,3.98,-3.34,-0.26,1.26
2022-11-28,7.56,7.46,7.56,7.25,21258,15792649.00,4.12,-0.93,-0.07,1.00
2022-11-29,7.47,7.50,7.54,7.42,18392,13768007.00,1.61,0.54,0.04,0.87
2022-11-30,7.61,7.41,7.61,7.36,17775,13222835.00,3.33,-1.20,-0.09,0.84
2022-12-01,7.44,7.39,7.53,7.35,13862,10303164.00,2.43,-0.27,-0.02,0.65
2022-12-02,7.36,7.58,7.62,7.36,25683,19349508.00,3.52,2.57,0.19,1.21
2022-12-05,7.59,7.65,7.71,7.53,25987,19789672.00,2.37,0.92,0.07,1.22
2022-12-06,7.70,7.52,7.70,7.51,17721,13398060.00,2.48,-1.70,-0.13,0.84
2022-12-07,7.54,7.45,7.54,7.42,17664,13202609.00,1.60,-0.93,-0.07,0.83
2022-12-08,7.50,8.06,8.09,7.39,106002,83488534.00,9.40,8.19,0.61,4.99
2022-12-09,8.10,8.01,8.25,7.85,80863,65041362.00,4.96,-0.62,-0.05,3.81
2022-12-12,8.42,8.57,8.80,8.18,129360,110324574.00,7.74,6.99,0.56,6.10
2022-12-13,8.59,8.44,8.78,8.41,57910,49290183.00,4.32,-1.52,-0.13,2.73
2022-12-14,8.34,8.21,8.50,8.18,41663,34550942.00,3.79,-2.73,-0.23,1.96
2022-12-15,8.37,8.20,8.37,8.09,25710,21088818.00,3.41,-0.12,-0.01,1.21
2022-12-16,8.19,8.14,8.25,8.08,25743,20971678.00,2.07,-0.73,-0.06,1.21
2022-12-19,8.10,7.96,8.23,7.90,25509,20522531.00,4.05,-2.21,-0.18,1.20
2022-12-20,7.99,8.17,8.19,7.76,29863,24128761.00,5.40,2.64,0.21,1.41
2022-12-21,8.30,8.00,8.30,7.91,31418,25213903.00,4.77,-2.08,-0.17,1.48
2022-12-22,8.10,7.60,8.10,7.55,28221,21858073.00,6.88,-5.00,-0.40,1.33
2022-12-23,7.57,7.46,7.66,7.39,23477,17612646.00,3.55,-1.84,-0.14,1.11
2022-12-26,7.50,7.85,7.89,7.48,26857,20877894.00,5.50,5.23,0.39,1.27
2022-12-27,7.87,7.80,7.92,7.71,16031,12488116.00,2.68,-0.64,-0.05,0.76
2022-12-28,7.72,7.62,7.77,7.57,15348,11762376.00,2.56,-2.31,-0.18,0.72
2022-12-29,7.69,7.50,7.70,7.47,14156,10683538.00,3.02,-1.57,-0.12,0.67
2022-12-30,7.44,7.50,7.55,7.44,11316,8466284.00,1.47,0.00,0.00,0.53