2021-01-04,3.32,3.32,3.35,3.29,266075,90266463.00,1.79,-1.19,-0.04,1.16
2021-01-05,3.37,3.66,3.66,3.33,772463,279821392.00,9.94,10.24,0.34,3.37
2021-01-06,4.03,4.03,4.03,3.96,558851,229095251.00,1.91,10.11,0.37,2.44
2021-01-07,4.34,4.44,4.44,4.29,515409,230055851.00,3.72,10.17,0.41,2.25
2021-01-08,4.70,4.31,4.86,4.18,2217676,1012607984.00,15.32,-2.93,-0.13,9.69
2021-01-11,4.16,4.75,4.75,4.16,1649437,773976880.00,13.69,10.21,0.44,7.21
2021-01-12,4.47,4.42,4.68,4.27,1985533,880614640.00,8.63,-6.95,-0.33,8.67
2021-01-13,4.24,3.99,4.40,3.98,1325182,555500016.00,9.50,-9.73,-0.43,5.79
2021-01-14,3.93,3.70,3.94,3.65,1063082,407587248.00,7.27,-7.27,-0.29,4.64
2021-01-15,3.69,3.67,3.89,3.65,780736,296636576.00,6.49,-0.81,-0.03,3.41
2021-01-18,3.69,3.77,3.85,3.65,734635,279446000.00,5.45,2.72,0.10,3.21
2021-01-19,3.75,3.86,4.03,3.73,959222,377229856.00,7.96,2.39,0.09,4.19
2021-01-20,3.82,3.93,3.98,3.72,933916,365662672.00,6.74,1.81,0.07,4.08
2021-01-21,3.87,3.78,3.91,3.75,737818,286272592.00,4.07,-3.82,-0.15,3.22
2021-01-22,3.80,3.64,3.84,3.62,556965,209669097.00,5.82,-3.70,-0.14,2.43
2021-01-25,3.59,3.77,4.01,3.52,807149,309194592.00,13.46,3.57,0.13,3.53
2021-01-26,3.70,3.72,3.84,3.66,386121,146912630.00,4.77,-1.33,-0.05,1.69
2021-01-27,3.73,3.67,3.86,3.65,400352,152578272.00,5.65,-1.34,-0.05,1.75
2021-01-28,3.63,3.71,3.84,3.57,503298,189676184.00,7.36,1.09,0.04,2.20
2021-01-29,3.76,3.81,3.89,3.70,598132,231520688.00,5.12,2.70,0.10,2.61
2021-02-01,3.76,4.00,4.10,3.75,727621,291304592.00,9.19,4.99,0.19,3.18
2021-02-02,3.93,3.91,4.01,3.83,566653,225072024.00,4.50,-2.25,-0.09,2.48
2021-02-03,3.88,3.75,3.98,3.70,568397,220148812.00,7.16,-4.09,-0.16,2.48
2021-02-04,3.70,3.80,3.93,3.68,521267,203137241.00,6.67,1.33,0.05,2.28
2021-02-05,3.78,4.19,4.19,3.76,1408391,589021360.00,11.32,10.26,0.39,6.15
2021-02-08,4.11,4.03,4.23,3.92,1200689,492419664.00,7.40,-3.82,-0.16,5.25
2021-02-09,3.96,4.18,4.31,3.90,1092675,461766096.00,10.17,3.72,0.15,4.77
2021-02-10,4.21,4.35,4.48,4.13,1010149,441999776.00,8.37,4.07,0.17,4.41
2021-02-18,4.33,4.28,4.60,4.25,1022390,459085552.00,8.05,-1.61,-0.07,4.47
2021-02-19,4.21,4.28,4.36,4.14,767442,331374000.00,5.14,0.00,0.00,3.35
2021-02-22,4.23,4.16,4.48,4.15,991975,435295616.00,7.71,-2.80,-0.12,4.33
2021-02-23,4.15,4.08,4.20,4.03,731320,305407248.00,4.09,-1.92,-0.08,3.19
2021-02-24,4.10,4.50,4.50,4.05,1500245,672642560.00,11.03,10.29,0.42,6.55
2021-02-25,4.50,4.78,4.96,4.43,1991348,960528192.00,11.78,6.22,0.28,8.70
2021-02-26,4.62,4.64,5.12,4.61,1989861,983393728.00,10.67,-2.93,-0.14,8.69
2021-03-01,4.70,5.11,5.11,4.70,1618848,818551360.00,8.84,10.13,0.47,7.07
2021-03-02,5.15,4.59,5.19,4.59,1989354,977821424.00,11.74,-10.18,-0.52,8.69
2021-03-03,4.51,4.60,4.67,4.40,1250667,575066864.00,5.88,0.22,0.01,5.46
2021-03-04,4.53,4.62,4.77,4.49,1132351,532104352.00,6.09,0.43,0.02,4.95
2021-03-05,4.57,4.41,4.61,4.33,736552,332420304.00,6.06,-4.55,-0.21,3.22
2021-03-08,4.41,4.23,4.48,4.23,654823,289028416.00,5.67,-4.08,-0.18,2.86
2021-03-09,4.23,4.06,4.28,3.98,631253,264205309.00,7.09,-4.02,-0.17,2.76
2021-03-10,4.07,4.10,4.24,4.06,503560,211070917.00,4.43,0.99,0.04,2.20
2021-03-11,4.08,4.28,4.38,4.06,697244,301985744.00,7.80,4.39,0.18,3.05
2021-03-12,4.28,4.25,4.29,4.17,485867,208637691.00,2.80,-0.70,-0.03,2.12
2021-03-15,4.19,4.21,4.27,4.15,313395,134178935.00,2.82,-0.94,-0.04,1.37
2021-03-16,4.24,4.29,4.34,4.19,457902,198672405.00,3.56,1.90,0.08,2.00
2021-03-17,4.26,4.30,4.35,4.24,401275,175163110.00,2.56,0.23,0.01,1.75
2021-03-18,4.31,4.46,4.61,4.29,821114,373440576.00,7.44,3.72,0.16,3.59
2021-03-19,4.37,4.22,4.49,4.21,633157,279486928.00,6.28,-5.38,-0.24,2.77
2021-03-22,4.20,4.29,4.33,4.14,449914,194536441.00,4.50,1.66,0.07,1.97
2021-03-23,4.28,4.06,4.30,4.06,487836,205301920.00,5.59,-5.36,-0.23,2.13
2021-03-24,4.04,4.15,4.18,4.03,366163,153109629.00,3.69,2.22,0.09,1.60
2021-03-25,4.11,3.87,4.15,3.83,580187,234232872.00,7.71,-6.75,-0.28,2.53
2021-03-26,3.89,3.92,3.98,3.87,329082,131201674.00,2.84,1.29,0.05,1.44
2021-03-29,3.89,3.95,4.02,3.83,324849,129758833.00,4.85,0.77,0.03,1.42
2021-03-30,3.91,4.00,4.11,3.86,417994,169897390.00,6.33,1.27,0.05,1.83
2021-03-31,3.97,3.91,4.00,3.91,265272,106284705.00,2.25,-2.25,-0.09,1.16
2021-04-01,3.91,4.05,4.15,3.89,470206,193744819.00,6.65,3.58,0.14,2.05
2021-04-02,4.02,4.09,4.16,4.01,441156,182747422.00,3.70,0.99,0.04,1.93
2021-04-06,4.06,4.14,4.26,4.02,452915,191324804.00,5.87,1.22,0.05,1.98
2021-04-07,4.19,4.35,4.55,4.14,717490,315478640.00,9.90,5.07,0.21,3.13
2021-04-08,4.33,4.41,4.47,4.24,686378,304251040.00,5.29,1.38,0.06,3.00
2021-04-09,4.25,4.40,4.54,4.20,812080,360646432.00,7.71,-0.23,-0.01,3.55
2021-04-12,4.39,4.36,4.50,4.28,528307,234605921.00,5.00,-0.91,-0.04,2.31
2021-04-13,4.31,4.53,4.57,4.27,779293,351331408.00,6.88,3.90,0.17,3.40
2021-04-14,4.46,4.59,4.77,4.44,997255,468771728.00,7.28,1.32,0.06,4.36
2021-04-15,4.55,4.57,4.65,4.41,754941,346551920.00,5.23,-0.44,-0.02,3.30
2021-04-16,4.56,4.61,4.77,4.53,771856,363882256.00,5.25,0.88,0.04,3.37
2021-04-19,4.53,4.50,4.56,4.33,644489,293715296.00,4.99,-2.39,-0.11,2.82
2021-04-20,4.48,4.72,4.96,4.46,1138191,549100272.00,11.11,4.89,0.22,4.97
2021-04-21,4.66,5.05,5.20,4.66,2014282,1027148864.00,11.44,6.99,0.33,8.80
2021-04-22,5.09,5.02,5.25,4.92,1667375,856777040.00,6.53,-0.59,-0.03,7.28
2021-04-23,4.94,4.88,5.10,4.84,923743,462344448.00,5.18,-2.79,-0.14,4.04
2021-04-26,4.85,4.89,5.14,4.79,1032614,520178432.00,7.17,0.20,0.01,4.51
2021-04-27,4.83,5.07,5.07,4.75,1180064,590870480.00,6.54,3.68,0.18,5.15
2021-04-28,5.02,5.58,5.58,4.93,2045674,1108631360.00,12.82,10.06,0.51,8.94
2021-04-29,5.62,6.15,6.15,5.53,2320236,1415812192.00,11.11,10.22,0.57,10.14
2021-04-30,6.15,6.77,6.77,6.05,2528094,1647420112.00,11.71,10.08,0.62,11.04
2021-05-06,7.04,6.93,7.45,6.47,2673592,1864412976.00,14.48,2.36,0.16,11.68
2021-05-07,6.96,6.23,7.09,6.23,1821007,1185870704.00,12.41,-10.10,-0.70,7.95
2021-05-10,5.93,6.23,6.37,5.76,2202142,1344504416.00,9.79,0.00,0.00,9.62
2021-05-11,6.08,5.95,6.18,5.60,2192080,1302714896.00,9.31,-4.49,-0.28,9.58
2021-05-12,6.19,6.55,6.55,6.13,1046809,676157936.00,7.06,10.08,0.60,4.57
2021-05-13,7.21,7.21,7.21,7.00,770171,559932336.00,3.21,10.08,0.66,3.36
2021-05-14,7.38,7.40,7.94,7.27,3438463,2639851616.00,9.29,2.64,0.19,15.02
2021-05-17,7.21,7.84,7.91,7.03,2746949,2076202928.00,11.89,5.95,0.44,12.00
2021-05-18,7.57,7.62,7.78,7.24,2009576,1520197776.00,6.89,-2.81,-0.22,8.78
2021-05-19,7.61,8.39,8.39,7.61,2488855,2064705200.00,10.24,10.10,0.77,10.87
2021-05-20,8.08,7.80,8.55,7.63,2353055,1907726992.00,10.97,-7.03,-0.59,10.28
2021-05-21,7.71,8.05,8.32,7.34,1840716,1458495248.00,12.56,3.21,0.25,8.04
2021-05-24,7.97,8.60,8.86,7.97,2667501,2309690368.00,11.06,6.83,0.55,11.65
2021-05-25,8.74,9.47,9.47,8.74,2081244,1946593248.00,8.49,10.12,0.87,9.09
2021-05-26,9.96,9.43,10.38,9.24,3329771,3272634992.00,12.04,-0.42,-0.04,14.55
2021-05-27,9.53,9.71,9.74,9.12,2459502,2339600928.00,6.57,2.97,0.28,10.74
2021-05-28,9.53,10.52,10.69,9.47,3024640,3164174416.00,12.56,8.34,0.81,13.21
2021-05-31,10.56,11.02,11.09,9.98,2494118,2649816512.00,10.55,4.75,0.50,10.90
2021-06-01,10.73,10.50,11.14,10.20,2007854,2144896192.00,8.53,-4.72,-0.52,8.77
2021-06-02,10.32,10.40,10.75,9.83,2129023,2198859680.00,8.76,-0.95,-0.10,9.30
2021-06-03,10.20,9.82,10.33,9.81,1499119,1517655424.00,5.00,-5.58,-0.58,6.55
2021-06-04,9.62,9.64,10.12,9.48,1434785,1407879392.00,6.52,-1.83,-0.18,6.27
2021-06-07,9.24,9.00,9.50,8.80,2162341,1977023520.00,7.26,-6.64,-0.64,9.45
2021-06-08,9.14,8.74,9.22,8.64,1482387,1332263888.00,6.44,-2.89,-0.26,6.48
2021-06-09,8.84,8.40,8.94,8.28,1514653,1297983104.00,7.55,-3.89,-0.34,6.62
2021-06-10,8.43,8.45,8.57,8.22,1456094,1231391296.00,4.17,0.60,0.05,6.36
2021-06-11,8.38,7.98,8.40,7.96,1586810,1299398624.00,5.21,-5.56,-0.47,6.93
2021-06-15,8.07,7.88,8.15,7.73,1075961,861167520.00,5.26,-1.25,-0.10,4.70
2021-06-16,7.83,7.54,7.88,7.48,1062785,819669264.00,5.08,-4.31,-0.34,4.64
2021-06-17,7.61,7.45,7.76,7.40,1334314,1019614016.00,4.77,-1.19,-0.09,5.83
2021-06-18,7.45,7.58,7.66,7.22,1481710,1118239488.00,5.91,1.74,0.13,6.47
2021-06-21,7.49,7.77,7.97,7.45,1929334,1504625552.00,6.86,2.51,0.19,8.43
2021-06-22,7.68,7.49,7.85,7.49,1423736,1099004240.00,4.63,-3.60,-0.28,6.22
2021-06-23,7.55,7.98,8.25,7.35,2204280,1744555392.00,12.02,6.54,0.49,9.63
2021-06-24,7.79,7.31,7.88,7.30,1486907,1131150192.00,7.27,-8.40,-0.67,6.50
2021-06-25,7.19,7.32,7.51,7.19,1022600,757077568.00,4.38,0.14,0.01,4.47
2021-06-28,7.23,7.30,7.45,7.19,720732,529372160.00,3.55,-0.27,-0.02,3.15
2021-06-29,7.24,8.04,8.04,7.05,2700556,2126717088.00,13.56,10.14,0.74,11.80
2021-06-30,8.04,8.22,8.42,7.84,2244433,1849169040.00,7.21,2.24,0.18,9.80
2021-07-01,8.07,8.63,9.03,7.89,2155158,1862677520.00,13.87,4.99,0.41,9.41
2021-07-02,8.43,8.50,8.77,8.26,1463690,1255307264.00,5.91,-1.51,-0.13,6.39
2021-07-05,8.48,8.26,8.57,8.03,1118189,931566208.00,6.35,-2.82,-0.24,4.88
2021-07-06,8.25,7.94,8.36,7.65,1402214,1126793424.00,8.60,-3.87,-0.32,6.13
2021-07-07,7.87,8.06,8.41,7.82,1098227,901666624.00,7.43,1.51,0.12,4.80
2021-07-08,7.99,7.71,8.03,7.65,1011136,792370336.00,4.71,-4.34,-0.35,4.42
2021-07-09,7.72,7.86,7.88,7.57,727060,570648384.00,4.02,1.95,0.15,3.18
2021-07-12,7.87,7.77,8.27,7.74,942096,755053920.00,6.74,-1.15,-0.09,4.12
2021-07-13,7.54,7.25,7.66,7.19,1071338,797613136.00,6.05,-6.69,-0.52,4.68
2021-07-14,7.26,7.57,7.79,7.14,1140620,862269376.00,8.97,4.41,0.32,4.98
2021-07-15,7.37,7.25,7.44,7.06,765942,557716112.00,5.02,-4.23,-0.32,3.35
2021-07-16,7.20,7.19,7.33,7.13,467382,340178272.00,2.76,-0.83,-0.06,2.04
2021-07-19,7.16,7.43,7.45,7.11,782884,579310800.00,4.73,3.34,0.24,3.42
2021-07-20,7.25,7.55,7.67,7.25,800789,607429280.00,5.65,1.62,0.12,3.50
2021-07-21,7.55,7.48,7.63,7.33,691336,520573008.00,3.97,-0.93,-0.07,3.02
2021-07-22,7.93,7.56,8.09,7.53,1088792,848960608.00,7.49,1.07,0.08,4.76
2021-07-23,7.39,7.11,7.41,7.08,834832,605294432.00,4.37,-5.95,-0.45,3.65
2021-07-26,6.79,6.39,6.86,6.39,466045,304896432.00,6.61,-10.13,-0.72,2.04
2021-07-27,6.01,5.74,6.20,5.74,1300984,774637984.00,7.20,-10.17,-0.65,5.68
2021-07-28,5.51,5.57,5.82,5.43,920040,520652384.00,6.79,-2.96,-0.17,4.02
2021-07-29,5.74,5.62,5.78,5.57,620977,355057680.00,3.77,0.90,0.05,2.71
2021-07-30,5.53,5.67,5.73,5.50,677500,384672640.00,4.09,0.89,0.05,2.96
2021-08-02,5.58,5.73,5.76,5.33,815096,460443104.00,7.58,1.06,0.06,3.56
2021-08-03,5.68,5.65,5.88,5.65,565342,327782768.00,4.01,-1.40,-0.08,2.47
2021-08-04,5.65,5.61,5.69,5.55,424807,241179820.00,2.48,-0.71,-0.04,1.86
2021-08-05,5.57,5.44,5.76,5.44,533946,301175168.00,5.70,-3.03,-0.17,2.33
2021-08-06,5.48,5.58,5.69,5.46,537689,302099920.00,4.23,2.57,0.14,2.35
2021-08-09,5.49,5.67,5.70,5.44,470447,267577302.00,4.66,1.61,0.09,2.06
2021-08-10,5.65,5.82,5.90,5.59,797491,465171696.00,5.47,2.65,0.15,3.48
2021-08-11,5.77,5.69,5.86,5.65,640383,370910576.00,3.61,-2.23,-0.13,2.80
2021-08-12,5.64,5.73,5.80,5.63,395988,229657285.00,2.99,0.70,0.04,1.73
2021-08-13,5.73,5.57,5.75,5.55,418506,238373639.00,3.49,-2.79,-0.16,1.83
2021-08-16,5.62,6.13,6.13,5.57,1047180,631065152.00,10.05,10.05,0.56,4.57
2021-08-17,6.18,5.83,6.30,5.80,1212899,729770784.00,8.16,-4.89,-0.30,5.30
2021-08-18,5.84,5.51,5.84,5.47,808090,457551776.00,6.35,-5.49,-0.32,3.53
2021-08-19,5.45,5.49,5.63,5.45,456088,255582648.00,3.27,-0.36,-0.02,1.99
2021-08-20,5.43,5.20,5.46,5.10,775269,411783168.00,6.56,-5.28,-0.29,3.39
2021-08-23,5.20,5.40,5.49,5.18,581902,315800352.00,5.96,3.85,0.20,2.54
2021-08-24,5.47,5.29,5.50,5.26,475846,257981985.00,4.44,-2.04,-0.11,2.08
2021-08-25,5.31,5.26,5.33,5.23,343387,183121267.00,1.89,-0.57,-0.03,1.50
2021-08-26,5.23,5.09,5.30,5.07,467297,245106841.00,4.37,-3.23,-0.17,2.04
2021-08-27,5.10,5.10,5.19,5.04,361887,187356162.00,2.95,0.20,0.01,1.58
2021-08-30,5.03,5.09,5.11,4.97,453132,232234407.00,2.75,-0.20,-0.01,1.98
2021-08-31,5.08,5.05,5.25,4.99,439274,226905649.00,5.11,-0.79,-0.04,1.92
2021-09-01,5.03,5.12,5.16,4.98,420098,216589839.00,3.56,1.39,0.07,1.84
2021-09-02,5.11,5.03,5.19,5.01,440306,226418539.00,3.52,-1.76,-0.09,1.92
2021-09-03,5.00,5.07,5.14,4.99,467594,239999020.00,2.98,0.80,0.04,2.04
2021-09-06,5.03,5.22,5.36,4.99,741178,388376288.00,7.30,2.96,0.15,3.24
2021-09-07,5.16,5.17,5.21,5.10,476256,248291780.00,2.11,-0.96,-0.05,2.08
2021-09-08,5.13,5.28,5.33,5.12,616459,327673696.00,4.06,2.13,0.11,2.69
2021-09-09,5.29,5.18,5.36,5.15,437706,232517320.00,3.98,-1.89,-0.10,1.91
2021-09-10,5.17,5.11,5.25,5.08,406819,212346578.00,3.28,-1.35,-0.07,1.78
2021-09-13,5.08,5.14,5.15,5.05,288228,149356941.00,1.96,0.59,0.03,1.26
2021-09-14,5.17,5.00,5.27,4.99,610258,316241920.00,5.45,-2.72,-0.14,2.67
2021-09-15,4.98,4.86,5.00,4.81,457853,226968959.00,3.80,-2.80,-0.14,2.00
2021-09-16,4.85,4.77,4.99,4.77,396026,194808860.00,4.53,-1.85,-0.09,1.73
2021-09-17,4.75,4.62,4.77,4.55,433405,203722189.00,4.61,-3.14,-0.15,1.89
2021-09-22,4.50,4.53,4.61,4.47,418401,192102837.00,3.03,-1.95,-0.09,1.83
2021-09-23,4.57,4.71,4.83,4.55,554590,265142773.00,6.18,3.97,0.18,2.42
2021-09-24,4.71,4.89,4.97,4.65,820263,404786528.00,6.79,3.82,0.18,3.58
2021-09-27,4.81,4.73,4.98,4.67,682923,331686624.00,6.34,-3.27,-0.16,2.98
2021-09-28,4.68,4.59,4.74,4.54,358826,168165191.00,4.23,-2.96,-0.14,1.57
2021-09-29,4.58,4.44,4.65,4.42,373008,171847536.00,5.01,-3.27,-0.15,1.63
2021-09-30,4.43,4.73,4.81,4.40,592891,280900016.00,9.23,6.53,0.29,2.59
2021-10-08,4.77,4.85,4.91,4.71,451779,221381106.00,4.23,2.54,0.12,1.97
2021-10-11,4.81,4.78,4.95,4.76,347410,170308787.00,3.92,-1.44,-0.07,1.52
2021-10-12,4.76,5.27,5.27,4.75,563197,292972416.00,10.88,10.25,0.49,2.46
2021-10-13,5.41,5.56,5.77,5.30,2193392,1234048688.00,8.92,5.50,0.29,9.58
2021-10-14,5.38,5.35,5.50,5.28,1131816,613949904.00,3.96,-3.78,-0.21,4.94
2021-10-15,5.20,5.13,5.28,5.04,861046,449416464.00,4.49,-4.11,-0.22,3.76
2021-10-18,5.13,5.17,5.21,5.01,701215,364321024.00,3.90,0.78,0.04,3.06
2021-10-19,5.13,5.12,5.22,5.07,525878,273133184.00,2.90,-0.97,-0.05,2.30
2021-10-20,5.12,5.32,5.46,5.00,1229018,650770624.00,8.98,3.91,0.20,5.37
2021-10-21,5.22,5.17,5.28,5.09,916565,480905728.00,3.57,-2.82,-0.15,4.00
2021-10-22,5.18,5.17,5.39,5.16,904440,482695248.00,4.45,0.00,0.00,3.95
2021-10-25,4.94,5.03,5.07,4.85,687976,347941456.00,4.26,-2.71,-0.14,3.01
2021-10-26,4.98,4.79,5.06,4.77,717545,355474752.00,5.77,-4.77,-0.24,3.13
2021-10-27,4.76,4.63,4.79,4.59,528595,250714031.00,4.18,-3.34,-0.16,2.31
2021-10-28,4.67,4.61,4.75,4.54,469149,221201112.00,4.54,-0.43,-0.02,2.05
2021-10-29,4.56,4.73,4.80,4.54,455193,216376066.00,5.64,2.60,0.12,1.99
2021-11-01,4.66,4.67,4.75,4.64,343436,163669866.00,2.33,-1.27,-0.06,1.50
2021-11-02,4.65,4.52,4.77,4.48,402150,188547800.00,6.21,-3.21,-0.15,1.76
2021-11-03,4.52,4.56,4.59,4.48,250334,115137577.00,2.43,0.88,0.04,1.09
2021-11-04,4.54,4.58,4.63,4.51,277709,128614336.00,2.63,0.44,0.02,1.21
2021-11-05,4.58,4.39,4.59,4.39,366171,166450010.00,4.37,-4.15,-0.19,1.60
2021-11-08,4.39,4.43,4.46,4.30,249997,111708890.00,3.64,0.91,0.04,1.09
2021-11-09,4.41,4.43,4.48,4.37,230138,103367607.00,2.48,0.00,0.00,1.01
2021-11-10,4.41,4.47,4.49,4.33,274215,122821115.00,3.61,0.90,0.04,1.20
2021-11-11,4.48,4.60,4.63,4.44,490625,227583509.00,4.25,2.91,0.13,2.14
2021-11-12,4.60,4.45,4.60,4.42,427408,194147823.00,3.91,-3.26,-0.15,1.87
2021-11-15,4.46,4.47,4.49,4.38,264027,119042649.00,2.47,0.45,0.02,1.15
2021-11-16,4.47,4.42,4.55,4.42,281359,128259619.00,2.91,-1.12,-0.05,1.23
2021-11-17,4.40,4.41,4.46,4.37,231214,103491877.00,2.04,-0.23,-0.01,1.01
2021-11-18,4.41,4.33,4.42,4.33,235377,104567711.00,2.04,-1.81,-0.08,1.03
2021-11-19,4.34,4.38,4.42,4.29,246152,108719526.00,3.00,1.15,0.05,1.08
2021-11-22,4.37,4.39,4.42,4.34,192302,85620805.00,1.83,0.23,0.01,0.84
2021-11-23,4.37,4.47,4.50,4.36,303973,137598867.00,3.19,1.82,0.08,1.33
2021-11-24,4.48,4.54,4.57,4.43,395193,181175549.00,3.13,1.57,0.07,1.73
2021-11-25,4.52,4.59,4.71,4.52,523460,245262219.00,4.19,1.10,0.05,2.29
2021-11-26,4.57,4.45,4.58,4.44,323446,147437500.00,3.05,-3.05,-0.14,1.41
2021-11-29,4.39,4.34,4.39,4.32,277702,122773422.00,1.57,-2.47,-0.11,1.21
2021-11-30,4.34,4.36,4.37,4.33,174089,76948284.00,0.92,0.46,0.02,0.76
2021-12-01,4.35,4.38,4.38,4.33,181644,80321590.00,1.15,0.46,0.02,0.79
2021-12-02,4.37,4.36,4.43,4.35,204372,91060744.00,1.83,-0.46,-0.02,0.89
2021-12-03,4.37,4.43,4.46,4.34,256409,114697896.00,2.75,1.61,0.07,1.12
2021-12-06,4.43,4.36,4.48,4.35,243153,108764403.00,2.93,-1.58,-0.07,1.06
2021-12-07,4.40,4.52,4.60,4.37,510840,231803590.00,5.28,3.67,0.16,2.23
2021-12-08,4.49,4.48,4.54,4.41,381169,172267966.00,2.88,-0.88,-0.04,1.67
2021-12-09,4.46,4.66,4.73,4.45,1010367,475597360.00,6.25,4.02,0.18,4.41
2021-12-10,4.60,4.63,4.69,4.52,675406,315364624.00,3.65,-0.64,-0.03,2.95
2021-12-13,4.59,4.54,4.60,4.53,417027,192845410.00,1.51,-1.94,-0.09,1.82
2021-12-14,4.51,4.53,4.60,4.49,302053,139319338.00,2.42,-0.22,-0.01,1.32
2021-12-15,4.52,4.54,4.58,4.49,283722,131105344.00,1.99,0.22,0.01,1.24
2021-12-16,4.53,4.59,4.62,4.49,331069,153141149.00,2.86,1.10,0.05,1.45
2021-12-17,4.56,4.69,4.70,4.55,524640,246927797.00,3.27,2.18,0.10,2.29
2021-12-20,4.68,4.83,5.13,4.66,1193311,591347296.00,10.02,2.99,0.14,5.21
2021-12-21,4.83,5.08,5.12,4.74,1270595,641287648.00,7.87,5.18,0.25,5.55
2021-12-22,5.03,4.82,5.03,4.81,885180,439240640.00,4.33,-5.12,-0.26,3.87
2021-12-23,4.75,4.76,4.83,4.71,431203,208266976.00,2.49,-1.24,-0.06,1.88
2021-12-24,4.75,4.82,4.83,4.67,456408,220154073.00,3.36,1.26,0.06,1.99
2021-12-27,4.82,4.75,4.90,4.73,362078,175980785.00,3.53,-1.45,-0.07,1.58
2021-12-28,4.71,4.63,4.74,4.58,396270,186643309.00,3.37,-2.53,-0.12,1.73
2021-12-29,4.60,4.59,4.68,4.58,214385,100617549.00,2.16,-0.86,-0.04,0.94
2021-12-30,4.59,4.65,4.75,4.59,308350,145537755.00,3.49,1.31,0.06,1.35
2021-12-31,4.64,4.64,4.69,4.62,246636,116434926.00,1.51,-0.22,-0.01,1.08