MjAyMi0wMi0yMiwxMi40MiwxNS4wMSwxNS4wMSwxMi40MiwxNjM2MCwyNTMzMzI2MC4wMCwyNS4yNCw0Ni4zMCw0Ljc1LDEuNjc=
2022-02-23,16.57,16.57,16.57,16.57,7621,13038727.00,0.00,10.39,1.56,0.78
2022-02-24,18.28,18.28,18.28,18.28,6689,12589074.00,0.00,10.32,1.71,0.68
2022-02-25,20.16,20.16,20.16,20.16,78807,163129600.00,0.00,10.28,1.88,8.04
2022-02-28,22.23,21.05,22.23,20.06,685172,1491561488.00,10.76,4.41,0.89,69.92
2022-03-01,18.89,18.89,19.41,18.89,147626,287293408.00,2.47,-10.26,-2.16,15.06
2022-03-02,17.07,18.08,18.67,17.07,405966,745112400.00,8.47,-4.29,-0.81,41.43
2022-03-03,17.76,19.94,19.94,17.76,518887,1033395824.00,12.06,10.29,1.86,52.95
2022-03-04,18.97,18.70,20.04,17.89,458225,881160688.00,10.78,-6.22,-1.24,46.76
2022-03-07,18.54,19.14,20.46,18.24,390092,778023600.00,11.87,2.35,0.44,39.81
2022-03-08,19.29,21.11,21.11,18.16,509007,1042716016.00,15.41,10.29,1.97,51.94
2022-03-09,19.47,19.25,20.42,18.96,431296,867747216.00,6.92,-8.81,-1.86,44.01
2022-03-10,18.06,18.14,18.75,18.06,286899,542248656.00,3.58,-5.77,-1.11,29.28
2022-03-11,17.70,16.89,17.70,16.67,252320,443106368.00,5.68,-6.89,-1.25,25.75
2022-03-14,16.39,15.45,16.39,15.39,220987,363479696.00,5.92,-8.53,-1.44,22.55
2022-03-15,15.26,15.52,15.94,14.97,208672,335083984.00,6.28,0.45,0.07,21.29
2022-03-16,15.50,15.28,15.65,14.47,177902,278104064.00,7.60,-1.55,-0.24,18.15
2022-03-17,15.31,15.34,15.82,15.08,182557,292667904.00,4.84,0.39,0.06,18.63
2022-03-18,15.11,15.53,16.04,14.85,177506,284453376.00,7.76,1.24,0.19,18.11
2022-03-21,15.36,16.13,16.14,15.16,220256,360858336.00,6.31,3.86,0.60,22.48
2022-03-22,16.05,15.64,16.33,15.47,192783,314616080.00,5.33,-3.04,-0.49,19.67
2022-03-23,15.48,15.11,15.62,15.11,138773,219081051.00,3.26,-3.39,-0.53,14.16
2022-03-24,15.26,15.86,16.43,15.26,247895,407690448.00,7.74,4.96,0.75,25.30
2022-03-25,15.44,15.43,15.80,15.26,162163,259632705.00,3.40,-2.71,-0.43,16.55
2022-03-28,15.10,14.41,15.12,14.19,159888,241767707.00,6.03,-6.61,-1.02,16.32
2022-03-29,14.41,13.80,14.58,13.74,126973,185325001.00,5.83,-4.23,-0.61,12.96
2022-03-30,13.86,13.90,13.94,13.65,85590,122994937.00,2.10,0.72,0.10,8.73
2022-03-31,13.94,13.42,13.95,13.41,117871,167044526.00,3.88,-3.45,-0.48,12.03
2022-04-01,13.26,13.36,13.54,13.15,73768,102535015.00,2.91,-0.45,-0.06,7.53
2022-04-06,13.36,13.65,13.75,13.26,75458,106512945.00,3.67,2.17,0.29,7.70
2022-04-07,13.59,13.31,13.61,13.29,73169,102101724.00,2.34,-2.49,-0.34,7.47
2022-04-08,13.31,13.85,14.46,13.22,150015,215302794.00,9.32,4.06,0.54,15.31
2022-04-11,13.64,12.97,13.67,12.85,98153,135940030.00,5.92,-6.35,-0.88,10.02
2022-04-12,12.67,12.96,13.03,12.42,74967,99469792.00,4.70,-0.08,-0.01,7.65
2022-04-13,12.87,14.31,14.31,12.86,195366,281239184.00,11.19,10.42,1.35,19.94
2022-04-14,14.42,14.85,15.64,14.12,336242,522049152.00,10.62,3.77,0.54,34.31
2022-04-15,14.52,14.02,14.79,13.92,224358,332873792.00,5.86,-5.59,-0.83,22.89
2022-04-18,13.81,13.98,14.13,13.61,106723,153285904.00,3.71,-0.29,-0.04,10.89
2022-04-19,14.23,13.98,14.73,13.73,143297,211113393.00,7.15,0.00,0.00,14.62
2022-04-20,13.66,13.46,13.86,13.36,117396,166066205.00,3.58,-3.72,-0.52,11.98
2022-04-21,13.35,12.74,13.46,12.66,87750,119058188.00,5.94,-5.35,-0.72,8.95
2022-04-22,12.65,13.33,13.38,12.47,122412,166444142.00,7.14,4.63,0.59,12.49
2022-04-25,12.79,11.94,12.94,11.94,128709,164691283.00,7.50,-10.43,-1.39,13.13
2022-04-26,11.66,10.69,11.78,10.69,111986,129492050.00,9.13,-10.47,-1.25,11.43
2022-04-27,10.41,10.98,11.03,10.06,102424,113965478.00,9.07,2.71,0.29,10.45
2022-04-28,10.76,10.48,10.94,10.43,73415,82044016.00,4.64,-4.55,-0.50,7.49
2022-04-29,10.71,11.25,11.36,10.58,90835,105782971.00,7.44,7.35,0.77,9.27
2022-05-05,11.08,11.39,11.62,11.04,65429,78042904.00,5.16,1.24,0.14,6.68
2022-05-06,11.10,11.17,11.64,11.02,57069,67468879.00,5.44,-1.93,-0.22,5.82
2022-05-09,11.17,11.53,11.66,11.17,59532,71542449.00,4.39,3.22,0.36,6.07
2022-05-10,11.35,11.83,12.01,11.28,71529,87758907.00,6.33,2.60,0.30,7.30
2022-05-11,11.68,11.63,12.08,11.60,84967,105368615.00,4.06,-1.69,-0.20,8.67
2022-05-12,11.49,11.70,11.94,11.49,48367,59134878.00,3.87,0.60,0.07,4.94
2022-05-13,11.72,11.60,11.85,11.53,41886,50966368.00,2.74,-0.85,-0.10,4.27
2022-05-16,11.71,11.62,11.84,11.54,39112,47765508.00,2.59,0.17,0.02,3.99
2022-05-17,11.62,11.53,11.67,11.40,40558,48917930.00,2.32,-0.77,-0.09,4.14
2022-05-18,11.57,11.80,12.01,11.57,67701,83840809.00,3.82,2.34,0.27,6.91
2022-05-19,11.54,11.67,11.70,11.38,42689,51660531.00,2.71,-1.10,-0.13,4.36
2022-05-20,11.76,12.89,12.89,11.74,46468,61578509.00,9.85,10.45,1.22,4.74
2022-05-23,13.35,13.06,13.58,12.96,216619,298638432.00,4.81,1.32,0.17,22.10
2022-05-24,12.82,12.39,13.03,12.39,129140,166981676.00,4.90,-5.13,-0.67,13.18
2022-05-25,12.56,12.54,12.82,12.26,79874,101100716.00,4.52,1.21,0.15,8.15
2022-05-26,12.54,12.31,12.59,12.13,78003,97325061.00,3.67,-1.83,-0.23,7.96
2022-05-27,12.51,12.25,12.55,12.07,70449,87859730.00,3.90,-0.49,-0.06,7.19
2022-05-30,12.29,12.36,12.42,12.13,55746,69504433.00,2.37,0.90,0.11,5.69
2022-05-31,12.31,12.36,12.42,11.98,59124,73343173.00,3.56,0.00,0.00,6.03
2022-06-01,12.29,12.42,12.57,12.14,59994,75332927.00,3.48,0.49,0.06,6.12
2022-06-02,12.42,12.92,12.98,12.34,149559,193994225.00,5.15,4.03,0.50,15.26
2022-06-06,12.75,12.98,13.07,12.73,105847,138632330.00,2.63,0.46,0.06,10.80
2022-06-07,12.97,12.81,12.97,12.68,78465,101809224.00,2.23,-1.31,-0.17,8.01
2022-06-08,12.87,12.67,12.90,12.34,75237,96395355.00,4.37,-1.09,-0.14,7.68
2022-06-09,12.61,12.37,12.65,12.20,54884,69002341.00,3.55,-2.37,-0.30,5.60
2022-06-10,12.26,12.64,12.68,12.17,53809,68330410.00,4.12,2.18,0.27,5.49
2022-06-13,12.64,12.74,12.90,12.53,55935,72221196.00,2.93,0.79,0.10,5.71
2022-06-14,12.71,12.91,13.00,12.11,95960,122088714.00,6.99,1.33,0.17,9.79
2022-06-15,12.95,12.66,13.02,12.63,72006,93338389.00,3.02,-1.94,-0.25,7.35
2022-06-16,12.76,12.49,12.81,12.39,56080,71465221.00,3.32,-1.34,-0.17,5.72
2022-06-17,12.37,12.54,12.85,12.32,60584,77506970.00,4.24,0.40,0.05,6.18
2022-06-20,12.56,12.53,12.68,12.43,42002,53387255.00,1.99,-0.08,-0.01,4.29
2022-06-21,12.44,12.28,12.51,12.14,56571,70767769.00,2.95,-2.00,-0.25,5.77
2022-06-22,12.35,12.40,12.81,12.19,68952,87264363.00,5.05,0.98,0.12,7.04
2022-06-23,12.35,12.42,12.46,12.06,55510,68920894.00,3.23,0.16,0.02,5.66
2022-06-24,12.45,13.15,13.28,12.44,177675,233129303.00,6.76,5.88,0.73,18.13
2022-06-27,13.01,13.13,13.22,12.90,86278,114217770.00,2.43,-0.15,-0.02,8.80
2022-06-28,13.15,13.19,13.37,13.05,71409,95608347.00,2.44,0.46,0.06,7.29
2022-06-29,13.26,12.70,13.26,12.67,72536,95049960.00,4.47,-3.71,-0.49,7.40
2022-06-30,12.74,12.73,12.96,12.70,48533,62997628.00,2.05,0.24,0.03,4.95
2022-07-01,12.62,12.68,12.76,12.52,38999,49899433.00,1.89,-0.39,-0.05,3.98
2022-07-04,12.63,12.79,12.79,12.45,34396,44101192.00,2.68,0.87,0.11,3.51
2022-07-05,12.81,12.90,13.30,12.75,76505,100473221.00,4.30,0.86,0.11,7.81
2022-07-06,12.70,12.54,12.82,12.34,54253,69362627.00,3.72,-2.79,-0.36,5.54
2022-07-07,12.70,13.23,13.52,12.55,150610,200693740.00,7.74,5.50,0.69,15.37
2022-07-08,13.23,12.95,13.30,12.92,82103,108969850.00,2.87,-2.12,-0.28,8.38
2022-07-11,12.85,12.89,13.00,12.73,48347,62880375.00,2.08,-0.46,-0.06,4.93
2022-07-12,12.86,12.13,12.89,11.82,109128,136072635.00,8.30,-5.90,-0.76,11.14
2022-07-13,12.01,12.09,12.16,11.92,44859,54813643.00,1.98,-0.33,-0.04,4.58
2022-07-14,11.98,12.95,12.97,11.90,125781,160151615.00,8.85,7.11,0.86,12.83
2022-07-15,12.74,12.79,13.10,12.72,72274,94637596.00,2.93,-1.24,-0.16,7.37
2022-07-18,13.07,12.95,13.15,12.80,42120,55180414.00,2.74,1.25,0.16,4.30
2022-07-19,12.93,13.05,13.07,12.86,45123,59445589.00,1.62,0.77,0.10,4.60
2022-07-20,13.08,13.11,13.17,12.94,45501,60165707.00,1.76,0.46,0.06,4.64
2022-07-21,13.10,13.12,13.39,12.97,59037,79000789.00,3.20,0.08,0.01,6.02
2022-07-22,13.06,13.12,13.24,12.88,43349,57343120.00,2.74,0.00,0.00,4.42
2022-07-25,13.17,13.32,13.66,13.17,89019,121318210.00,3.73,1.52,0.20,9.08
2022-07-26,13.27,13.65,14.22,13.12,96868,133980014.00,8.26,2.48,0.33,9.88
2022-07-27,13.64,13.56,13.81,13.45,59862,82513525.00,2.64,-0.66,-0.09,6.11
2022-07-28,13.58,13.52,13.70,13.43,47544,65083187.00,1.99,-0.29,-0.04,4.85
2022-07-29,13.53,13.40,13.68,13.34,43233,59033810.00,2.51,-0.89,-0.12,4.41
2022-08-01,13.38,13.46,13.50,13.27,40806,55459466.00,1.72,0.45,0.06,4.16
2022-08-02,13.31,12.92,13.31,12.70,61633,81111599.00,4.53,-4.01,-0.54,6.29
2022-08-03,13.03,12.49,13.19,12.40,55981,72812645.00,6.11,-3.33,-0.43,5.71
2022-08-04,12.57,12.79,12.94,12.48,33790,43423886.00,3.68,2.40,0.30,3.45
2022-08-05,12.82,13.10,13.48,12.80,58075,77315049.00,5.32,2.42,0.31,5.93
2022-08-08,12.88,13.14,13.17,12.86,28772,38064085.00,2.37,0.31,0.04,2.94
2022-08-09,13.12,13.05,13.17,13.00,29351,38834940.00,1.29,-0.68,-0.09,3.00
2022-08-10,13.12,13.33,13.74,13.06,69287,93785903.00,5.21,2.15,0.28,7.07
2022-08-11,13.35,13.29,13.43,13.13,47025,63100981.00,2.25,-0.30,-0.04,4.80
2022-08-12,13.24,13.16,13.48,13.13,54148,73038007.00,2.63,-0.98,-0.13,5.53
2022-08-15,13.02,13.07,13.23,13.02,30569,40638209.00,1.60,-0.68,-0.09,3.12
2022-08-16,13.05,13.19,13.31,13.05,30526,40706180.00,1.99,0.92,0.12,3.11
2022-08-17,13.19,13.25,13.31,13.11,42946,57529234.00,1.52,0.45,0.06,4.38
2022-08-18,13.22,13.20,13.36,13.12,41390,55600590.00,1.81,-0.38,-0.05,4.22
2022-08-19,13.17,12.88,13.20,12.84,53851,70812021.00,2.73,-2.42,-0.32,5.50
2022-08-22,12.87,13.07,13.07,12.76,27384,35916194.00,2.41,1.48,0.19,2.79
2022-08-23,13.05,13.10,13.16,12.95,24438,32342608.00,1.61,0.23,0.03,2.49
2022-08-24,13.12,12.60,13.15,12.58,46966,60937393.00,4.35,-3.82,-0.50,4.79
2022-08-25,12.62,12.74,12.84,12.42,35918,45993708.00,3.33,1.11,0.14,3.67
2022-08-26,12.74,12.49,12.77,12.47,26263,33625279.00,2.35,-1.96,-0.25,2.68
2022-08-29,12.31,12.68,12.69,12.22,25427,32229647.00,3.76,1.52,0.19,2.59
2022-08-30,12.68,12.74,12.80,12.58,18905,24376630.00,1.74,0.47,0.06,1.93
2022-08-31,12.74,12.32,12.74,12.18,28428,35799195.00,4.40,-3.30,-0.42,2.90
2022-09-01,12.32,12.29,12.39,12.25,16600,20751245.00,1.14,-0.24,-0.03,1.69
2022-09-02,12.24,12.12,12.39,12.00,28952,35731337.00,3.17,-1.38,-0.17,2.95
2022-09-05,12.11,12.34,12.38,12.04,24051,29834411.00,2.81,1.82,0.22,2.45
2022-09-06,12.34,12.43,12.59,12.29,22082,27916529.00,2.43,0.73,0.09,2.25
2022-09-07,12.34,12.52,12.61,12.33,22902,29057124.00,2.25,0.72,0.09,2.34
2022-09-08,12.48,12.44,12.62,12.42,17558,22242148.00,1.60,-0.64,-0.08,1.79
2022-09-09,12.44,12.48,12.55,12.29,15495,19549305.00,2.09,0.32,0.04,1.58
2022-09-13,12.52,12.60,12.70,12.49,19154,24492609.00,1.68,0.96,0.12,1.95
2022-09-14,12.37,12.46,12.54,12.32,15144,19096958.00,1.75,-1.11,-0.14,1.55
2022-09-15,12.46,12.52,12.68,12.16,45795,57818511.00,4.17,0.48,0.06,4.67
2022-09-16,12.47,12.02,12.48,11.98,35276,43542238.00,3.99,-3.99,-0.50,3.60
2022-09-19,12.04,12.21,12.27,11.90,20114,24700051.00,3.08,1.58,0.19,2.05
2022-09-20,12.21,12.35,12.56,12.13,20775,26078331.00,3.52,1.15,0.14,2.12
2022-09-21,12.37,12.55,12.62,12.20,31695,40108981.00,3.40,1.62,0.20,3.23
2022-09-22,12.50,12.53,12.68,12.47,20820,26593960.00,1.67,-0.16,-0.02,2.12
2022-09-23,12.62,12.30,12.66,12.28,27029,34026838.00,3.03,-1.84,-0.23,2.76
2022-09-26,12.23,12.04,12.29,12.03,21637,26629478.00,2.11,-2.11,-0.26,2.21
2022-09-27,12.11,12.28,12.29,12.00,12388,15232215.00,2.41,1.99,0.24,1.26
2022-09-28,12.28,12.09,12.40,12.05,14898,18414661.00,2.85,-1.55,-0.19,1.52
2022-09-29,12.12,12.13,12.30,12.09,15533,19178076.00,1.74,0.33,0.04,1.59
2022-09-30,12.11,12.08,12.22,12.05,13232,16276856.00,1.40,-0.41,-0.05,1.35
2022-10-10,12.11,11.83,12.23,11.82,12448,15212873.00,3.39,-2.07,-0.25,1.27
2022-10-11,11.83,11.85,11.94,11.79,9358,11268259.00,1.27,0.17,0.02,0.95
2022-10-12,11.86,11.95,11.97,11.52,15025,18008616.00,3.80,0.84,0.10,1.53
2022-10-13,11.94,11.90,12.01,11.84,15614,18915894.00,1.42,-0.42,-0.05,1.59
2022-10-14,11.91,12.05,12.09,11.91,14827,18101762.00,1.51,1.26,0.15,1.51
2022-10-17,12.02,12.20,12.21,11.96,14596,17973104.00,2.07,1.24,0.15,1.49
2022-10-18,12.20,12.07,12.20,12.04,19359,23721101.00,1.31,-1.07,-0.13,1.98
2022-10-19,12.11,12.30,12.42,12.04,31236,38883069.00,3.15,1.91,0.23,3.19
2022-10-20,12.31,12.30,12.38,12.15,15955,19833008.00,1.87,0.00,0.00,1.63
2022-10-21,12.26,12.21,12.37,12.17,12018,14920601.00,1.63,-0.73,-0.09,1.23
2022-10-24,12.32,12.33,12.62,12.18,28876,36138558.00,3.60,0.98,0.12,2.95
2022-10-25,12.17,12.22,12.26,11.92,17296,21252710.00,2.76,-0.89,-0.11,1.76
2022-10-26,12.32,12.59,12.62,12.18,38979,49237633.00,3.60,3.03,0.37,3.98
2022-10-27,12.59,12.49,12.62,12.46,17279,21942164.00,1.27,-0.79,-0.10,1.76
2022-10-28,12.48,12.25,12.60,12.23,28036,35400137.00,2.96,-1.92,-0.24,2.86
2022-10-31,12.19,12.35,12.51,12.17,16169,20203903.00,2.78,0.82,0.10,1.65
2022-11-01,12.37,12.57,12.57,12.32,24209,30693515.00,2.02,1.78,0.22,2.47
2022-11-02,12.54,12.66,12.66,12.49,27290,34851971.00,1.35,0.72,0.09,2.78
2022-11-03,12.59,12.72,12.77,12.55,21170,27218836.00,1.74,0.47,0.06,2.16
2022-11-04,12.72,12.87,12.87,12.66,32109,41750622.00,1.65,1.18,0.15,3.28
2022-11-07,13.01,12.92,13.26,12.85,49059,64801304.00,3.19,0.39,0.05,5.01
2022-11-08,12.97,12.99,13.12,12.82,28522,37584069.00,2.32,0.54,0.07,2.91
2022-11-09,13.02,13.08,13.28,13.02,33517,44684674.00,2.00,0.69,0.09,3.42
2022-11-10,12.93,12.85,13.00,12.71,33859,44179016.00,2.22,-1.76,-0.23,3.46
2022-11-11,13.11,12.98,13.22,12.90,29372,38829366.00,2.49,1.01,0.13,3.00
2022-11-14,12.95,12.69,13.05,12.63,27474,35681106.00,3.24,-2.23,-0.29,2.80
2022-11-15,12.78,12.71,12.80,12.62,29497,37979870.00,1.42,0.16,0.02,3.01
2022-11-16,12.70,12.74,12.80,12.65,22832,29427298.00,1.18,0.24,0.03,2.33
2022-11-17,12.74,12.56,12.75,12.48,23528,29997258.00,2.12,-1.41,-0.18,2.40
2022-11-18,12.66,12.39,12.69,12.37,20380,25838752.00,2.55,-1.35,-0.17,2.08
2022-11-21,12.33,12.50,12.53,12.24,13563,17042736.00,2.34,0.89,0.11,1.38
2022-11-22,12.54,12.38,12.54,12.34,14265,17949393.00,1.60,-0.96,-0.12,1.46
2022-11-23,12.38,12.53,12.59,12.30,18603,23485019.00,2.34,1.21,0.15,1.90
2022-11-24,12.58,12.88,13.05,12.53,47885,62593835.00,4.15,2.79,0.35,4.89
2022-11-25,12.76,12.51,12.79,12.49,28973,37008936.00,2.33,-2.87,-0.37,2.96
2022-11-28,12.36,12.47,12.53,12.33,9771,12326376.00,1.60,-0.32,-0.04,1.00
2022-11-29,12.44,12.58,12.61,12.36,12703,16163038.00,2.00,0.88,0.11,1.30
2022-11-30,12.57,12.50,12.63,12.48,12668,16135813.00,1.19,-0.64,-0.08,1.29
2022-12-01,12.62,12.60,12.72,12.56,15003,19200338.00,1.28,0.80,0.10,1.53
2022-12-02,12.59,12.76,12.76,12.55,16214,20868124.00,1.67,1.27,0.16,1.65
2022-12-05,12.76,12.87,12.97,12.72,28274,36903495.00,1.96,0.86,0.11,2.89
2022-12-06,12.78,12.81,12.86,12.68,15828,20532873.00,1.40,-0.47,-0.06,1.62
2022-12-07,12.67,12.64,12.82,12.59,15483,19926298.00,1.80,-1.33,-0.17,1.58
2022-12-08,12.64,12.47,12.64,12.39,23013,29216561.00,1.98,-1.34,-0.17,2.35
2022-12-09,12.49,12.86,12.88,12.43,33787,43403653.00,3.61,3.13,0.39,3.45
2022-12-12,12.88,12.55,12.88,12.54,21808,27923966.00,2.64,-2.41,-0.31,2.23
2022-12-13,12.55,12.67,12.83,12.48,15259,19577980.00,2.79,0.96,0.12,1.56
2022-12-14,12.68,12.62,12.80,12.59,14177,18198518.00,1.66,-0.39,-0.05,1.45
2022-12-15,12.66,12.43,12.66,12.41,15116,18873281.00,1.98,-1.51,-0.19,1.54
2022-12-16,12.45,12.17,12.47,12.10,21036,25679574.00,2.98,-2.09,-0.26,2.15
2022-12-19,12.16,11.94,12.26,11.89,15522,18720278.00,3.04,-1.89,-0.23,1.58
2022-12-20,11.94,12.22,12.22,11.71,14622,17601820.00,4.27,2.35,0.28,1.49
2022-12-21,12.29,12.20,12.30,12.10,7790,9485570.00,1.64,-0.16,-0.02,0.79
2022-12-22,12.18,12.20,12.30,11.92,9090,11024128.00,3.11,0.00,0.00,0.93
2022-12-23,12.00,12.08,12.20,12.00,5414,6542831.00,1.64,-0.98,-0.12,0.55
2022-12-26,12.01,12.13,12.23,12.01,8378,10186225.00,1.82,0.41,0.05,0.85
2022-12-27,12.20,12.18,12.25,12.03,7326,8925850.00,1.81,0.41,0.05,0.75
2022-12-28,12.17,12.12,12.19,12.01,6878,8316050.00,1.48,-0.49,-0.06,0.70
2022-12-29,12.05,11.95,12.13,11.93,8820,10601670.00,1.65,-1.40,-0.17,0.90
2022-12-30,12.05,11.97,12.05,11.93,5247,6288287.00,1.00,0.17,0.02,0.54