MjAwNC0wMS0wMiw0LjQ1LDQuNjMsNC42Myw0LjM3LDIyNjg2LDEwODA1NTQ3LjAwLDUuOTEsNS4yMywwLjIzLDIuOTQ=
2004-01-05,4.72,4.87,4.87,4.71,20655,10382981.00,3.46,5.18,0.24,2.68
2004-01-06,4.96,4.88,5.11,4.70,28166,14374890.00,8.42,0.21,0.01,3.65
2004-01-07,4.85,4.63,4.92,4.63,20600,10070419.00,5.94,-5.12,-0.25,2.67
2004-01-08,4.53,4.62,4.67,4.39,13441,6294909.00,6.05,-0.22,-0.01,1.74
2004-01-09,4.59,4.46,4.60,4.42,14094,6594289.00,3.90,-3.46,-0.16,1.83
2004-01-12,4.48,4.62,4.69,4.46,17056,8153990.50,5.16,3.59,0.16,2.21
2004-01-13,4.62,4.75,4.80,4.46,34593,16606603.00,7.36,2.81,0.13,4.48
2004-01-14,4.71,4.63,4.80,4.59,15127,7323657.50,4.42,-2.53,-0.12,1.96
2004-01-15,4.63,4.71,4.81,4.58,17492,8563458.00,4.97,1.73,0.08,2.27
2004-01-29,4.81,4.73,4.95,4.71,21807,10862361.00,5.10,0.42,0.02,2.82
2004-01-30,4.72,4.79,4.80,4.60,21757,10587188.00,4.23,1.27,0.06,2.82
2004-02-02,4.77,4.91,4.92,4.76,21289,10654438.00,3.34,2.51,0.12,2.76
2004-02-03,4.92,5.16,5.16,4.82,15772,8253368.50,6.92,5.09,0.25,2.04
2004-02-04,5.26,5.27,5.37,5.15,24285,13164025.00,4.26,2.13,0.11,3.15
2004-02-05,5.31,5.52,5.54,5.22,32019,17929844.00,6.07,4.74,0.25,4.15
2004-02-06,5.49,5.25,5.50,5.24,31042,17122440.00,4.71,-4.89,-0.27,4.02
2004-02-09,5.32,5.38,5.40,5.25,10979,6056980.50,2.86,2.48,0.13,1.42
2004-02-10,5.39,5.43,5.48,5.34,14456,8078586.50,2.60,0.93,0.05,1.87
2004-02-11,5.60,5.54,5.71,5.41,45945,26209030.00,5.52,2.03,0.11,5.95
2004-02-12,5.60,5.82,5.83,5.32,86538,50218948.00,9.21,5.05,0.28,11.21
2004-02-13,5.77,5.52,5.77,5.52,37279,21551664.00,4.30,-5.15,-0.30,4.83
2004-02-16,5.46,5.56,5.62,5.36,18075,10277679.00,4.71,0.72,0.04,2.34
2004-02-17,5.57,5.57,5.64,5.49,15134,8652673.00,2.70,0.18,0.01,1.96
2004-02-18,5.57,5.54,5.62,5.46,18042,10304277.00,2.87,-0.54,-0.03,2.34
2004-02-19,5.52,5.73,5.83,5.48,33419,19709970.00,6.32,3.43,0.19,4.33
2004-02-20,5.73,5.80,5.88,5.73,20199,12102226.00,2.62,1.22,0.07,2.62
2004-02-23,5.82,5.81,5.92,5.74,20762,12505105.00,3.10,0.17,0.01,2.69
2004-02-24,5.80,5.56,5.80,5.51,21065,12173074.00,4.99,-4.30,-0.25,2.73
2004-02-25,5.53,5.54,5.76,5.47,13291,7672292.00,5.22,-0.36,-0.02,1.72
2004-02-26,5.54,5.26,5.57,5.25,20896,11530026.00,5.78,-5.05,-0.28,2.71
2004-02-27,5.27,5.32,5.37,5.25,9674,5313110.00,2.28,1.14,0.06,1.25
2004-03-01,5.32,5.37,5.47,5.28,8465,4710633.50,3.57,0.94,0.05,1.10
2004-03-02,5.32,5.64,5.65,5.32,28392,16378763.00,6.15,5.03,0.27,3.68
2004-03-03,5.64,5.66,5.77,5.57,20288,11893415.00,3.55,0.35,0.02,2.63
2004-03-04,5.62,5.77,5.88,5.58,37341,22308422.00,5.30,1.94,0.11,4.84
2004-03-05,5.82,5.67,5.85,5.63,15005,8833542.00,3.81,-1.73,-0.10,1.94
2004-03-08,5.72,5.38,5.72,5.38,18979,10703503.00,6.00,-5.11,-0.29,2.46
2004-03-09,5.33,5.37,5.46,5.24,13216,7280084.50,4.09,-0.19,-0.01,1.71
2004-03-10,5.32,5.42,5.42,5.32,6471,3590775.25,1.86,0.93,0.05,0.84
2004-03-11,5.40,5.47,5.50,5.37,9530,5346946.00,2.40,0.92,0.05,1.23
2004-03-15,5.47,5.50,5.55,5.28,13175,7407329.50,4.94,0.55,0.03,1.71
2004-03-16,5.52,5.63,5.67,5.47,15143,8754356.00,3.64,2.36,0.13,1.96
2004-03-17,5.64,5.54,5.67,5.48,12126,6959264.50,3.37,-1.60,-0.09,1.57
2004-03-18,5.54,5.28,5.59,5.25,17606,9784400.00,6.14,-4.69,-0.26,2.28
2004-03-19,5.25,5.47,5.48,5.25,15835,8818667.00,4.36,3.60,0.19,2.05
2004-03-22,5.46,5.55,5.67,5.34,14355,8180575.50,6.03,1.46,0.08,1.86
2004-03-23,5.55,5.70,5.84,5.42,67941,40115024.00,7.57,2.70,0.15,8.80
2004-03-24,5.52,5.41,5.70,5.41,43444,24681644.00,5.09,-5.09,-0.29,5.63
2004-03-25,5.38,5.41,5.48,5.34,16749,9334013.00,2.59,0.00,0.00,2.17
2004-03-26,5.37,5.57,5.69,5.25,41131,23370164.00,8.13,2.96,0.16,5.33
2004-03-29,5.57,5.50,5.72,5.47,17256,9912914.00,4.49,-1.26,-0.07,2.24
2004-03-30,5.50,5.52,5.55,5.31,23416,13089265.00,4.36,0.36,0.02,3.03
2004-03-31,5.47,5.53,5.68,5.39,28494,16336961.00,5.25,0.18,0.01,3.69
2004-04-01,5.54,5.60,5.71,5.53,31465,18308232.00,3.25,1.27,0.07,4.08
2004-04-02,5.60,5.69,5.81,5.60,38392,22597548.00,3.75,1.61,0.09,4.97
2004-04-05,5.73,5.96,5.98,5.73,80559,49324708.00,4.39,4.75,0.27,10.44
2004-04-06,5.96,6.05,6.20,5.82,47568,29419148.00,6.38,1.51,0.09,6.16
2004-04-07,5.95,6.21,6.30,5.90,43295,27033082.00,6.61,2.64,0.16,5.61
2004-04-08,6.23,5.96,6.42,5.89,74372,46205008.00,8.53,-4.03,-0.25,9.63
2004-04-09,6.00,5.90,6.02,5.82,40948,25019454.00,3.36,-1.01,-0.06,5.30
2004-04-12,5.84,6.03,6.08,5.82,20820,12873930.00,4.41,2.20,0.13,2.70
2004-04-13,6.08,6.27,6.34,6.05,40911,26244958.00,4.81,3.98,0.24,5.30
2004-04-14,6.31,6.11,6.34,6.07,26137,16559705.00,4.31,-2.55,-0.16,3.39
2004-04-15,6.12,5.91,6.17,5.87,25748,15937805.00,4.91,-3.27,-0.20,3.34
2004-04-16,5.91,5.91,6.07,5.87,20602,12638061.00,3.38,0.00,0.00,2.67
2004-04-19,5.92,6.20,6.21,5.83,61527,38282608.00,6.43,4.91,0.29,7.97
2004-10-18,4.81,4.35,5.51,3.82,92714,46677944.00,27.26,-29.84,-1.85,12.01
2004-10-19,4.12,4.12,4.25,4.12,12811,5517272.50,2.99,-5.29,-0.23,1.66
2004-10-20,3.91,3.91,3.91,3.91,14231,5820479.00,0.00,-5.10,-0.21,1.84
2004-10-21,3.71,3.77,3.95,3.71,42476,16826932.00,6.14,-3.58,-0.14,5.50
2004-10-22,3.70,3.57,3.70,3.57,36630,13841192.00,3.45,-5.31,-0.20,4.75
2004-10-25,3.55,3.76,3.76,3.52,28560,11200985.00,6.72,5.32,0.19,3.70
2004-10-26,3.72,3.75,3.78,3.58,16613,6430132.00,5.32,-0.27,-0.01,2.15
2004-10-27,3.65,3.78,3.84,3.64,9105,3593894.25,5.33,0.80,0.03,1.18
2004-10-28,3.78,3.77,3.85,3.74,11379,4513030.00,2.91,-0.26,-0.01,1.47
2004-10-29,3.73,3.63,3.73,3.57,11265,4306205.00,4.24,-3.71,-0.14,1.46
2004-11-01,3.60,3.66,3.70,3.58,6989,2685828.25,3.31,0.83,0.03,0.91
2004-11-02,3.62,3.48,3.68,3.47,17090,6297902.00,5.74,-4.92,-0.18,2.21
2004-11-03,3.48,3.54,3.62,3.30,20578,7365296.00,9.20,1.72,0.06,2.67
2004-11-04,3.52,3.38,3.54,3.35,10744,3903281.50,5.37,-4.52,-0.16,1.39
2004-11-05,3.37,3.42,3.52,3.37,7772,2827974.25,4.44,1.18,0.04,1.01
2004-11-08,3.40,3.41,3.44,3.35,3046,1090007.62,2.63,-0.29,-0.01,0.39
2004-11-09,3.42,3.43,3.51,3.39,4353,1582485.12,3.52,0.59,0.02,0.56
2004-11-10,3.45,3.54,3.55,3.41,11451,4204973.00,4.08,3.21,0.11,1.48
2004-11-11,3.60,3.54,3.63,3.53,14309,5372546.50,2.82,0.00,0.00,1.85
2004-11-12,3.52,3.54,3.60,3.49,5697,2121449.50,3.11,0.00,0.00,0.74
2004-11-15,3.54,3.61,3.67,3.53,7779,2944648.00,3.95,1.98,0.07,1.01
2004-11-16,3.61,3.62,3.64,3.56,5303,2002913.25,2.22,0.28,0.01,0.69
2004-11-17,3.63,3.59,3.67,3.52,10736,4038527.25,4.14,-0.83,-0.03,1.39
2004-11-18,3.61,3.64,3.65,3.58,7402,2811076.50,1.95,1.39,0.05,0.96
2004-11-19,3.63,3.66,3.67,3.61,8664,3309438.25,1.65,0.55,0.02,1.12
2004-11-22,3.69,3.82,3.85,3.67,15845,6328327.50,4.92,4.37,0.16,2.05
2004-11-23,3.82,3.88,3.99,3.78,15020,6127203.00,5.50,1.57,0.06,1.95
2004-11-24,3.92,3.68,3.92,3.68,16544,6521243.50,6.19,-5.15,-0.20,2.14
2004-11-25,3.68,3.70,3.70,3.60,4390,1688444.62,2.72,0.54,0.02,0.57
2004-11-26,3.67,3.69,3.72,3.65,3291,1273546.88,1.89,-0.27,-0.01,0.43
2004-11-29,3.72,3.59,3.72,3.58,4824,1850192.50,3.79,-2.71,-0.10,0.62
2004-11-30,3.59,3.60,3.65,3.57,4779,1808840.88,2.23,0.28,0.01,0.62
2004-12-01,3.60,3.79,3.79,3.60,7186,2792691.50,5.28,5.28,0.19,0.93
2004-12-02,3.79,3.76,3.93,3.74,14395,5781919.00,5.01,-0.79,-0.03,1.86
2004-12-03,3.76,3.80,3.90,3.69,6276,2489451.25,5.59,1.06,0.04,0.81
2004-12-06,3.77,3.87,3.90,3.77,7568,3052023.00,3.42,1.84,0.07,0.98
2004-12-07,3.85,3.82,3.87,3.77,6808,2719601.75,2.58,-1.29,-0.05,0.88
2004-12-08,3.82,3.86,3.87,3.80,3045,1223729.00,1.83,1.05,0.04,0.39
2004-12-09,3.92,3.80,3.92,3.70,7459,2938308.00,5.70,-1.55,-0.06,0.97
2004-12-10,3.72,3.73,3.78,3.68,3879,1516187.50,2.63,-1.84,-0.07,0.50
2004-12-13,3.68,3.72,3.74,3.64,1982,770402.25,2.68,-0.27,-0.01,0.26
2004-12-14,3.70,3.69,3.75,3.65,1644,637154.94,2.69,-0.81,-0.03,0.21
2004-12-15,3.65,3.67,3.74,3.64,2254,870024.00,2.71,-0.54,-0.02,0.29
2004-12-16,3.70,3.66,3.82,3.48,11242,4293086.00,9.26,-0.27,-0.01,1.46
2004-12-17,3.57,3.47,3.60,3.47,9007,3307984.25,3.55,-5.19,-0.19,1.17
2004-12-20,3.46,3.32,3.46,3.29,4968,1750151.62,4.90,-4.32,-0.15,0.64
2004-12-21,3.37,3.34,3.40,3.32,3480,1224788.62,2.41,0.60,0.02,0.45
2004-12-22,3.37,3.44,3.44,3.33,3120,1114382.50,3.29,2.99,0.10,0.40
2004-12-23,3.44,3.34,3.47,3.34,2001,716451.00,3.78,-2.91,-0.10,0.26
2004-12-24,3.34,3.36,3.40,3.32,1688,596068.00,2.40,0.60,0.02,0.22
2004-12-27,3.33,3.32,3.37,3.30,1995,699265.75,2.08,-1.19,-0.04,0.26
2004-12-28,3.32,3.35,3.35,3.28,1595,558692.88,2.11,0.90,0.03,0.21
2004-12-29,3.31,3.31,3.35,3.29,1213,423628.97,1.79,-1.19,-0.04,0.16
2004-12-30,3.35,3.34,3.36,3.28,1467,512914.47,2.42,0.91,0.03,0.19
2004-12-31,3.37,3.31,3.37,3.30,1569,548528.44,2.10,-0.90,-0.03,0.20