MjAwNS0wMS0wNCw1LjExLDUuMTAsNS4xMiw1LjA4LDI2LDM5NTI2LjAwLDAuNzgsLTAuNTgsLTAuMDMsMC4wMQ==
2005-01-05,5.09,4.98,5.10,4.93,28,41762.00,3.33,-2.35,-0.12,0.01
2005-01-06,4.96,4.71,5.03,4.71,66,95163.00,6.43,-5.42,-0.27,0.03
2005-01-07,4.68,4.53,4.78,4.53,34,47457.00,5.31,-3.82,-0.18,0.02
2005-01-10,4.57,4.49,4.57,4.29,39,51994.00,6.18,-0.88,-0.04,0.02
2005-01-11,4.43,4.53,4.55,4.43,20,27022.00,2.67,0.89,0.04,0.01
2005-01-12,4.45,4.29,4.45,4.29,15,19604.00,3.53,-5.30,-0.24,0.01
2005-01-13,4.32,4.29,4.38,4.07,103,128841.30,7.23,0.00,0.00,0.05
2005-01-14,4.14,4.39,4.50,4.14,89,116676.13,8.39,2.33,0.10,0.04
2005-01-17,4.32,4.23,4.32,4.16,52,66372.00,3.64,-3.64,-0.16,0.02
2005-01-18,4.18,4.14,4.18,4.10,15,18745.00,1.89,-2.13,-0.09,0.01
2005-01-19,4.14,4.27,4.28,4.14,27,34485.00,3.38,3.14,0.13,0.01
2005-01-20,4.18,4.20,4.25,4.08,18,22744.00,3.98,-1.64,-0.07,0.01
2005-01-21,4.04,4.04,4.25,4.03,47,58531.00,5.24,-3.81,-0.16,0.02
2005-01-24,4.07,4.09,4.13,3.85,143,171656.48,6.93,1.24,0.05,0.06
2005-01-25,4.03,3.92,4.04,3.86,46,54171.34,4.40,-4.16,-0.17,0.02
2005-01-26,3.85,3.93,3.95,3.82,102,120167.25,3.32,0.26,0.01,0.05
2005-01-27,3.93,3.89,3.93,3.82,41,48276.00,2.80,-1.02,-0.04,0.02
2005-01-28,3.89,3.88,3.89,3.85,31,36091.75,1.03,-0.26,-0.01,0.01
2005-01-31,3.89,3.92,3.96,3.82,41,48107.00,3.61,1.03,0.04,0.02
2005-02-01,3.89,3.88,3.89,3.88,24,28283.00,0.26,-1.02,-0.04,0.01
2005-02-02,3.88,3.88,3.89,3.71,45,52661.00,4.64,0.00,0.00,0.02
2005-02-03,3.85,3.84,3.88,3.82,30,35094.00,1.55,-1.03,-0.04,0.01
2005-02-04,3.82,3.77,3.85,3.71,25,28845.00,3.65,-1.82,-0.07,0.01
2005-02-16,3.75,3.71,3.75,3.57,68,75903.00,4.77,-1.59,-0.06,0.03
2005-02-17,3.66,3.56,3.66,3.53,36,39338.00,3.50,-4.04,-0.15,0.02
2005-02-18,3.60,3.63,3.68,3.60,40,44375.00,2.25,1.97,0.07,0.02
2005-02-21,3.60,3.58,3.60,3.58,22,24108.00,0.55,-1.38,-0.05,0.01
2005-02-22,3.56,3.60,3.60,3.50,96,103356.80,2.79,0.56,0.02,0.04
2005-02-23,3.60,3.60,3.67,3.46,184,200231.81,5.83,0.00,0.00,0.08
2005-02-24,3.60,3.53,3.60,3.49,163,175779.00,3.06,-1.94,-0.07,0.07
2005-02-25,3.52,3.60,3.60,3.50,208,226125.80,2.83,1.98,0.07,0.09
2005-02-28,3.60,3.67,3.68,3.53,567,627113.31,4.17,1.94,0.07,0.26
2005-03-01,3.68,3.51,3.68,3.50,311,339575.00,4.90,-4.36,-0.16,0.14
2005-03-02,3.50,3.50,3.53,3.46,163,174179.59,1.99,-0.28,-0.01,0.07
2005-03-03,3.50,3.32,3.50,3.31,283,290415.00,5.43,-5.14,-0.18,0.13
2005-03-04,3.25,3.14,3.32,3.14,138,134279.00,5.42,-5.42,-0.18,0.06
2005-03-07,2.96,3.10,3.18,2.96,622,579078.69,7.01,-1.27,-0.04,0.28
2005-03-08,3.03,3.12,3.14,2.99,634,598595.12,4.84,0.65,0.02,0.29
2005-03-09,3.07,3.06,3.10,3.00,403,378640.41,3.21,-1.92,-0.06,0.18
2005-03-10,3.05,3.00,3.07,3.00,222,207961.20,2.29,-1.96,-0.06,0.10
2005-03-11,3.00,2.96,3.00,2.95,94,86712.00,1.67,-1.33,-0.04,0.04
2005-03-14,2.96,2.98,3.03,2.96,60,55612.00,2.36,0.68,0.02,0.03
2005-03-15,2.89,2.94,3.03,2.89,173,157926.00,4.70,-1.34,-0.04,0.08
2005-03-16,2.94,2.96,3.00,2.93,104,95377.30,2.38,0.68,0.02,0.05
2005-03-17,2.96,2.93,2.99,2.89,133,119909.31,3.38,-1.01,-0.03,0.06
2005-03-18,2.95,2.90,2.95,2.89,122,110005.00,2.05,-1.02,-0.03,0.06
2005-03-21,2.93,2.93,2.93,2.89,63,57112.00,1.38,1.03,0.03,0.03
2005-03-22,2.93,2.86,2.93,2.85,44,39538.00,2.73,-2.39,-0.07,0.02
2005-03-23,2.89,2.78,2.94,2.75,75,65789.00,6.64,-2.80,-0.08,0.03
2005-03-24,2.78,2.64,2.78,2.64,96,80010.00,5.04,-5.04,-0.14,0.04
2005-03-25,2.60,2.52,2.60,2.49,69,54287.50,4.17,-4.55,-0.12,0.03
2005-03-28,2.38,2.38,2.43,2.38,163,124101.80,1.98,-5.56,-0.14,0.07
2005-03-29,2.35,2.24,2.35,2.24,76,55067.00,4.62,-5.88,-0.14,0.03
2005-03-30,2.11,2.11,2.34,2.11,376,258498.00,10.27,-5.80,-0.13,0.17
2005-03-31,2.00,1.99,2.00,1.99,180,116652.00,0.47,-5.69,-0.12,0.08
2005-04-04,1.97,2.01,2.09,1.89,506,325429.50,10.05,1.01,0.02,0.23
2005-04-05,2.00,1.90,2.00,1.90,500,312677.00,4.98,-5.47,-0.11,0.23
2005-04-06,1.79,1.79,1.80,1.79,164,97000.00,0.53,-5.79,-0.11,0.07
2005-04-07,1.68,1.81,1.87,1.68,2908,1644845.62,10.61,1.12,0.02,1.32
2005-04-08,1.70,1.70,1.71,1.70,1939,1101665.88,0.55,-6.08,-0.11,0.88
2005-04-11,1.60,1.66,1.67,1.60,9157,4949146.50,4.12,-2.35,-0.04,4.16
2005-04-12,1.56,1.56,1.60,1.56,6679,3532084.25,2.41,-6.02,-0.10,3.04
2005-04-13,1.53,1.58,1.59,1.50,4042,2135311.50,5.77,1.28,0.02,1.84
2005-04-14,1.57,1.51,1.57,1.50,3749,1958846.00,4.43,-4.43,-0.07,1.70
2005-04-15,1.46,1.41,1.46,1.41,2084,1015843.00,3.31,-6.62,-0.10,0.95
2005-04-18,1.33,1.33,1.33,1.33,85,39355.00,0.00,-5.67,-0.08,0.04
2005-04-19,1.25,1.25,1.25,1.25,533,234520.00,0.00,-6.02,-0.08,0.24
2005-04-20,1.17,1.17,1.17,1.17,360,150480.00,0.00,-6.40,-0.08,0.16
2005-04-21,1.09,1.09,1.09,1.09,104,41288.00,0.00,-6.84,-0.08,0.05
2005-04-22,1.02,1.02,1.02,1.02,855,322335.00,0.00,-6.42,-0.07,0.39
2005-04-25,0.95,0.95,0.95,0.95,347,124226.00,0.00,-6.86,-0.07,0.16
2005-04-26,0.89,0.89,0.89,0.89,385,130900.00,0.00,-6.32,-0.06,0.18
2005-04-27,0.94,0.95,0.95,0.93,7740,2760702.50,2.25,6.74,0.06,3.52
2005-04-28,1.01,0.97,1.01,0.93,11949,4383300.00,8.42,2.11,0.02,5.43
2005-04-29,0.94,0.91,0.94,0.91,647,223808.00,3.09,-6.19,-0.06,0.29
2005-05-09,0.85,0.85,0.85,0.85,22,7216.00,0.00,-6.59,-0.06,0.01
2005-05-10,0.79,0.79,0.79,0.79,6,1872.00,0.00,-7.06,-0.06,0.00
2005-05-11,0.73,0.73,0.73,0.73,33,9768.00,0.00,-7.59,-0.06,0.02
2005-05-12,0.68,0.68,0.68,0.68,10,2810.00,0.00,-6.85,-0.05,0.00
2005-05-13,0.63,0.68,0.71,0.63,7996,2155022.50,11.76,0.00,0.00,3.63
2005-05-16,0.63,0.63,0.66,0.63,3511,946682.75,4.41,-7.35,-0.05,1.60
2005-05-17,0.60,0.66,0.66,0.59,3329,893926.50,11.11,4.76,0.03,1.51
2005-05-18,0.66,0.71,0.71,0.66,4921,1429426.62,7.58,7.58,0.05,2.24
2005-05-19,0.76,0.77,0.77,0.73,15224,4646340.50,5.63,8.45,0.06,6.92
2005-05-20,0.77,0.74,0.77,0.71,7835,2329299.50,7.79,-3.90,-0.03,3.56
2005-05-23,0.72,0.69,0.73,0.69,2866,821821.50,5.41,-6.76,-0.05,1.30
2005-05-24,0.64,0.71,0.72,0.64,3284,929407.25,11.59,2.90,0.02,1.49
2005-05-25,0.71,0.76,0.76,0.70,4735,1414302.12,8.45,7.04,0.05,2.15
2005-05-26,0.76,0.77,0.81,0.76,11682,3687203.25,6.58,1.32,0.01,5.31
2005-05-30,0.75,0.71,0.75,0.71,1612,469932.00,5.19,-7.79,-0.06,0.73
2005-05-31,0.68,0.77,0.77,0.66,6677,1971492.00,15.49,8.45,0.06,3.04
2005-06-01,0.75,0.77,0.81,0.73,7563,2326667.25,10.39,0.00,0.00,3.44
2005-06-02,0.78,0.71,0.78,0.71,3838,1137016.00,9.09,-7.79,-0.06,1.74
2005-06-03,0.68,0.70,0.74,0.68,3634,1054629.75,8.45,-1.41,-0.01,1.65
2005-06-06,0.70,0.73,0.73,0.65,7664,2211060.25,11.43,4.29,0.03,3.48
2005-06-08,0.78,0.78,0.78,0.73,24141,7411706.00,6.85,6.85,0.05,10.97
2005-06-09,0.78,0.83,0.83,0.75,18732,5935997.00,10.26,6.41,0.05,8.51
2005-06-10,0.85,0.89,0.89,0.83,16707,5636736.50,7.23,7.23,0.06,7.59
2005-06-13,0.89,0.85,0.95,0.85,18328,6365744.50,11.24,-4.49,-0.04,8.33
2005-06-14,0.86,0.91,0.91,0.86,17341,5987165.50,5.88,7.06,0.06,7.88
2005-06-15,0.95,0.98,0.98,0.93,19857,7170455.00,5.49,7.69,0.07,9.03
2005-06-16,0.98,1.04,1.04,0.98,18391,7004342.50,6.12,6.12,0.06,8.36
2005-06-17,1.10,1.04,1.11,0.97,27306,10447742.00,13.46,0.00,0.00,12.41
2005-06-20,0.98,0.98,1.03,0.98,3749,1375293.00,4.81,-5.77,-0.06,1.70
2005-06-21,0.91,1.04,1.04,0.91,18183,6557299.00,13.27,6.12,0.06,8.27
2005-06-22,1.03,0.99,1.10,0.99,13878,5337404.00,10.58,-4.81,-0.05,6.31
2005-06-23,0.99,0.93,1.02,0.93,10114,3634730.25,9.09,-6.06,-0.06,4.60
2005-06-24,0.90,0.91,0.94,0.88,5109,1757068.62,6.45,-2.15,-0.02,2.32
2005-06-27,0.92,0.93,0.95,0.90,6429,2260657.75,5.49,2.20,0.02,2.92
2005-06-28,0.93,0.87,0.93,0.87,11426,3849980.25,6.45,-6.45,-0.06,5.19
2005-06-29,0.86,0.87,0.89,0.82,4717,1561832.00,8.05,0.00,0.00,2.14
2005-06-30,0.85,0.81,0.88,0.81,4730,1524285.50,8.05,-6.90,-0.06,2.15
2005-07-01,0.81,0.75,0.81,0.75,6102,1857095.88,7.41,-7.41,-0.06,2.77
2005-07-04,0.71,0.70,0.71,0.70,2880,825845.06,1.33,-6.67,-0.05,1.31
2005-07-05,0.68,0.75,0.75,0.68,8698,2591452.50,10.00,7.14,0.05,3.95
2005-07-06,0.75,0.72,0.79,0.69,6294,1879624.38,13.33,-4.00,-0.03,2.86
2005-07-07,0.69,0.68,0.71,0.66,5962,1664479.25,6.94,-5.56,-0.04,2.71
2005-07-08,0.68,0.63,0.68,0.63,5386,1444842.00,7.35,-7.35,-0.05,2.45
2005-07-11,0.63,0.59,0.65,0.59,2445,640894.00,9.52,-6.35,-0.04,1.11
2005-07-12,0.56,0.57,0.59,0.54,7869,1930554.38,8.47,-3.39,-0.02,3.58
2005-07-13,0.55,0.55,0.58,0.53,5993,1464666.00,8.77,-3.51,-0.02,2.72
2005-07-14,0.55,0.60,0.60,0.54,10971,2814982.25,10.91,9.09,0.05,4.99
2005-07-15,0.59,0.55,0.63,0.55,8390,2109617.00,13.33,-8.33,-0.05,3.81
2005-07-18,0.55,0.51,0.55,0.51,3333,780560.88,7.27,-7.27,-0.04,1.52
2005-07-19,0.47,0.46,0.48,0.46,1744,387393.00,3.92,-9.80,-0.05,0.79
2005-07-20,0.43,0.43,0.48,0.43,7537,1614820.62,10.87,-6.52,-0.03,3.43
2005-07-21,0.42,0.44,0.46,0.41,5911,1275042.25,11.63,2.33,0.01,2.69
2005-07-22,0.44,0.46,0.47,0.44,5103,1115675.88,6.82,4.55,0.02,2.32
2005-07-25,0.45,0.47,0.48,0.44,3781,831140.38,8.70,2.17,0.01,1.72
2005-07-26,0.47,0.48,0.49,0.46,5370,1200728.00,6.38,2.13,0.01,2.44
2005-07-27,0.48,0.49,0.49,0.46,5598,1268179.75,6.25,2.08,0.01,2.54
2005-07-28,0.49,0.53,0.53,0.49,10351,2470250.00,8.16,8.16,0.04,4.71
2005-07-29,0.53,0.52,0.56,0.50,9823,2356832.50,11.32,-1.89,-0.01,4.47
2005-08-01,0.53,0.50,0.53,0.48,4499,1035524.06,9.62,-3.85,-0.02,2.04
2005-08-02,0.50,0.54,0.54,0.50,4160,1002099.81,8.00,8.00,0.04,1.89
2005-08-03,0.58,0.57,0.58,0.55,11523,2877787.00,5.56,5.56,0.03,5.24
2005-08-04,0.54,0.55,0.57,0.53,6312,1528461.25,7.02,-3.51,-0.02,2.87
2005-08-05,0.55,0.56,0.56,0.54,7220,1762837.25,3.64,1.82,0.01,3.28
2005-08-08,0.57,0.56,0.58,0.55,7484,1853763.75,5.36,0.00,0.00,3.40
2005-08-09,0.56,0.60,0.60,0.53,19099,4810820.50,12.50,7.14,0.04,8.68
2005-08-10,0.58,0.65,0.65,0.58,23950,6451513.50,11.67,8.33,0.05,10.89
2005-08-11,0.66,0.68,0.69,0.63,23821,6568551.00,9.23,4.62,0.03,10.83
2005-08-12,0.68,0.63,0.69,0.63,19061,5216229.00,8.82,-7.35,-0.05,8.66
2005-08-15,0.60,0.66,0.68,0.58,15716,4121606.50,15.87,4.76,0.03,7.14
2005-08-16,0.65,0.65,0.67,0.62,14059,3837198.75,7.58,-1.52,-0.01,6.39
2005-08-17,0.65,0.65,0.67,0.60,17350,4672639.00,10.77,0.00,0.00,7.89
2005-08-18,0.64,0.69,0.70,0.62,42037,11829572.00,12.31,6.15,0.04,19.11
2005-08-19,0.67,0.74,0.74,0.65,35461,10215050.00,13.04,7.25,0.05,16.12
2005-08-22,0.77,0.74,0.80,0.74,34203,10509303.00,8.11,0.00,0.00,15.55
2005-08-23,0.75,0.73,0.76,0.69,18196,5366976.50,9.46,-1.35,-0.01,8.27
2005-08-24,0.71,0.78,0.78,0.70,14787,4421818.00,10.96,6.85,0.05,6.72
2005-08-25,0.80,0.83,0.83,0.79,23414,7517103.50,5.13,6.41,0.05,10.64
2005-08-26,0.84,0.89,0.89,0.84,23829,8081699.00,6.02,7.23,0.06,10.83
2005-08-29,0.95,0.83,0.95,0.83,40986,14034810.00,13.48,-6.74,-0.06,18.63
2005-08-30,0.80,0.78,0.81,0.78,15740,4857644.50,3.61,-6.02,-0.05,7.15
2005-08-31,0.72,0.72,0.73,0.72,7824,2292965.00,1.28,-7.69,-0.06,3.56
2005-09-01,0.69,0.75,0.77,0.69,19037,5703004.50,11.11,4.17,0.03,8.65
2005-09-02,0.75,0.76,0.78,0.74,13812,4188153.25,5.33,1.33,0.01,6.28
2005-09-05,0.76,0.81,0.81,0.76,16654,5255761.00,6.58,6.58,0.05,7.57
2005-09-06,0.86,0.85,0.87,0.84,38586,12800609.00,3.70,4.94,0.04,17.54
2005-09-07,0.82,0.88,0.91,0.81,26622,8962393.00,11.76,3.53,0.03,12.10
2005-09-08,0.88,0.85,0.90,0.84,12982,4319235.00,6.82,-3.41,-0.03,5.90
2005-09-09,0.86,0.88,0.89,0.85,17605,5902404.50,4.71,3.53,0.03,8.00
2005-09-12,0.88,0.94,0.94,0.87,24342,8517760.00,7.95,6.82,0.06,11.06
2005-09-13,0.94,1.00,1.00,0.91,33275,12129644.00,9.57,6.38,0.06,15.13
2005-09-14,1.00,1.03,1.07,0.94,51531,19515740.00,13.00,3.00,0.03,23.42
2005-09-15,1.03,1.08,1.09,1.03,23044,8972444.00,5.83,4.85,0.05,10.47
2005-09-16,1.10,1.15,1.15,1.10,31121,12734365.00,4.63,6.48,0.07,14.15
2005-09-19,1.23,1.23,1.23,1.16,25189,10906980.00,6.09,6.96,0.08,11.45
2005-09-20,1.30,1.31,1.31,1.26,3495,1595347.00,4.07,6.50,0.08,1.59
2005-09-21,1.39,1.29,1.39,1.25,58386,27436818.00,10.69,-1.53,-0.02,26.54
2005-09-22,1.26,1.21,1.26,1.21,18431,7945181.50,3.88,-6.20,-0.08,8.38
2005-09-23,1.14,1.14,1.14,1.14,2661,1088349.00,0.00,-5.79,-0.07,1.21
2005-09-26,1.06,1.06,1.06,1.06,3544,1378616.00,0.00,-7.02,-0.08,1.61
2005-09-27,1.00,1.00,1.10,1.00,33793,12708191.00,9.43,-5.66,-0.06,15.36
2005-09-28,0.96,0.93,0.99,0.93,7273,2572519.00,6.00,-7.00,-0.07,3.31
2005-09-29,0.87,0.95,0.99,0.87,29286,10131262.00,12.90,2.15,0.02,13.31
2005-09-30,0.95,0.89,0.95,0.89,17060,5860731.50,6.32,-6.32,-0.06,7.75
2005-10-10,0.83,0.83,0.88,0.83,15666,5121529.50,5.62,-6.74,-0.06,7.12
2005-10-11,0.82,0.89,0.89,0.82,12888,4325736.00,8.43,7.23,0.06,5.86
2005-10-12,0.94,0.90,0.94,0.89,14822,5142874.00,5.62,1.12,0.01,6.74
2005-10-13,0.90,0.86,0.93,0.84,12088,4031439.50,10.00,-4.44,-0.04,5.49
2005-10-14,0.84,0.81,0.87,0.80,11999,3877378.00,8.14,-5.81,-0.05,5.45
2005-10-17,0.81,0.86,0.86,0.79,11104,3621506.50,8.64,6.17,0.05,5.05
2005-10-18,0.85,0.90,0.90,0.85,9996,3346232.25,5.81,4.65,0.04,4.54
2005-10-19,0.88,0.87,0.92,0.86,11796,4023252.00,6.67,-3.33,-0.03,5.36
2005-10-20,0.85,0.83,0.87,0.81,9490,3064573.50,6.90,-4.60,-0.04,4.31
2005-10-21,0.83,0.85,0.85,0.81,5729,1870036.12,4.82,2.41,0.02,2.60
2005-10-24,0.82,0.80,0.84,0.79,9489,3031754.75,5.88,-5.88,-0.05,4.31
2005-10-25,0.79,0.74,0.80,0.74,16613,5065828.00,7.50,-7.50,-0.06,7.55
2005-10-26,0.72,0.69,0.74,0.69,20361,5839984.00,6.76,-6.76,-0.05,9.26
2005-10-27,0.67,0.64,0.68,0.64,12492,3417301.50,5.80,-7.25,-0.05,5.68
2005-10-28,0.61,0.64,0.65,0.59,13189,3500877.00,9.38,0.00,0.00,5.99
2005-10-31,0.64,0.68,0.68,0.63,17088,4772556.00,7.81,6.25,0.04,7.77
2005-11-01,0.70,0.65,0.70,0.63,13773,3765805.25,10.29,-4.41,-0.03,6.26
2005-11-02,0.66,0.69,0.70,0.65,11329,3181095.75,7.69,6.15,0.04,5.15
2005-11-03,0.69,0.67,0.69,0.66,6974,1956130.12,4.35,-2.90,-0.02,3.17
2005-11-04,0.68,0.71,0.71,0.64,11077,3137149.25,10.45,5.97,0.04,5.04
2005-11-07,0.71,0.74,0.75,0.68,14194,4165835.00,9.86,4.23,0.03,6.45
2005-11-08,0.74,0.77,0.77,0.73,16226,4893126.50,5.41,4.05,0.03,7.38
2005-11-09,0.82,0.78,0.82,0.77,28001,8828117.00,6.49,1.30,0.01,12.73
2005-11-10,0.75,0.73,0.76,0.73,8250,2441405.00,3.85,-6.41,-0.05,3.75
2005-11-11,0.68,0.70,0.72,0.68,12729,3612019.50,5.48,-4.11,-0.03,5.79
2005-11-14,0.70,0.71,0.73,0.68,6843,1963823.12,7.14,1.43,0.01,3.11
2005-11-15,0.73,0.72,0.74,0.68,8235,2388339.00,8.45,1.41,0.01,3.74
2005-11-16,0.73,0.71,0.73,0.67,11458,3295250.00,8.33,-1.39,-0.01,5.21
2005-11-17,0.69,0.71,0.73,0.69,7131,2072691.62,5.63,0.00,0.00,3.24
2005-11-18,0.71,0.73,0.74,0.71,10337,3042494.75,4.23,2.82,0.02,4.70
2005-11-21,0.74,0.77,0.79,0.72,16749,5082118.50,9.59,5.48,0.04,7.61
2005-11-22,0.76,0.71,0.77,0.71,9616,2848872.75,7.79,-7.79,-0.06,4.37
2005-11-23,0.69,0.71,0.73,0.69,6246,1818926.88,5.63,0.00,0.00,2.84
2005-11-24,0.72,0.74,0.74,0.71,5697,1676788.88,4.23,4.23,0.03,2.59
2005-11-25,0.73,0.75,0.77,0.73,10724,3224919.50,5.41,1.35,0.01,4.87
2005-11-28,0.75,0.80,0.81,0.74,16665,5199589.00,9.33,6.67,0.05,7.57
2005-11-29,0.79,0.75,0.80,0.75,13250,4049785.50,6.25,-6.25,-0.05,6.02
2005-11-30,0.73,0.71,0.74,0.69,11268,3265652.00,6.67,-5.33,-0.04,5.12
2005-12-01,0.72,0.71,0.73,0.70,4575,1339784.88,4.23,0.00,0.00,2.08
2005-12-02,0.71,0.67,0.72,0.66,10946,3068221.50,8.45,-5.63,-0.04,4.98
2005-12-05,0.64,0.62,0.65,0.62,7386,1963044.50,4.48,-7.46,-0.05,3.36
2005-12-06,0.59,0.61,0.64,0.58,4334,1135451.00,9.68,-1.61,-0.01,1.97
2005-12-07,0.60,0.64,0.65,0.59,4563,1222012.38,9.84,4.92,0.03,2.07
2005-12-08,0.65,0.63,0.65,0.61,3760,1003191.00,6.25,-1.56,-0.01,1.71
2005-12-09,0.61,0.64,0.64,0.58,4353,1144271.25,9.52,1.59,0.01,1.98
2005-12-12,0.64,0.65,0.65,0.63,3176,860500.38,3.13,1.56,0.01,1.44
2005-12-13,0.65,0.66,0.67,0.63,4406,1204095.25,6.15,1.54,0.01,2.00
2005-12-14,0.66,0.66,0.67,0.65,3416,941429.00,3.03,0.00,0.00,1.55
2005-12-15,0.66,0.64,0.68,0.64,4128,1130491.50,6.06,-3.03,-0.02,1.88
2005-12-16,0.64,0.65,0.66,0.63,2865,774711.06,4.69,1.56,0.01,1.30
2005-12-19,0.64,0.66,0.67,0.64,3442,942020.81,4.62,1.54,0.01,1.56
2005-12-20,0.66,0.66,0.66,0.64,4619,1255943.38,3.03,0.00,0.00,2.10
2005-12-21,0.66,0.64,0.66,0.62,6406,1727254.25,6.06,-3.03,-0.02,2.91
2005-12-22,0.62,0.63,0.64,0.61,3425,916265.75,4.69,-1.56,-0.01,1.56
2005-12-23,0.62,0.65,0.65,0.62,4177,1134565.00,4.76,3.17,0.02,1.90
2005-12-26,0.65,0.66,0.66,0.64,6682,1826348.50,3.08,1.54,0.01,3.04
2005-12-27,0.66,0.69,0.71,0.65,20375,5805291.00,9.09,4.55,0.03,9.26
2005-12-28,0.68,0.68,0.70,0.67,5964,1681529.00,4.35,-1.45,-0.01,2.71
2005-12-29,0.68,0.69,0.70,0.67,4954,1393584.25,4.41,1.47,0.01,2.25
2005-12-30,0.68,0.69,0.74,0.67,15484,4511346.00,10.14,0.00,0.00,7.04