2013-01-04,750.51,750.51,750.51,750.51,407304,420211658.00,0.00,3.07,22.34,0.73
2013-01-07,753.85,753.85,753.85,753.85,314677,300402180.00,0.00,0.45,3.34,0.56
2013-01-08,789.04,789.04,789.04,789.04,451570,451534429.00,0.00,4.67,35.19,0.81
2013-01-09,777.06,777.06,777.06,777.06,344808,320392119.00,0.00,-1.52,-11.98,0.62
2013-01-10,775.45,775.45,775.45,775.45,239682,230423885.00,0.00,-0.21,-1.61,0.43
2013-01-11,760.23,760.23,760.23,760.23,279894,259355004.00,0.00,-1.96,-15.22,0.50
2013-01-14,785.43,785.43,785.43,785.43,303676,307339221.00,0.00,3.31,25.20,0.54
2013-01-15,788.01,788.01,788.01,788.01,265941,278315541.00,0.00,0.33,2.58,0.48
2013-01-16,792.94,792.94,792.94,792.94,269916,282609436.00,0.00,0.63,4.93,0.48
2013-01-17,773.38,773.38,773.38,773.38,231578,228723924.00,0.00,-2.47,-19.56,0.41
2013-01-18,779.75,779.75,779.75,779.75,150184,149329535.00,0.00,0.82,6.37,0.27
2013-01-21,781.43,781.43,781.43,781.43,143276,141891566.00,0.00,0.22,1.68,0.26
2013-01-22,767.97,767.97,767.97,767.97,162681,171230491.00,0.00,-1.72,-13.46,0.29
2013-01-23,757.46,757.46,757.46,757.46,220991,238471232.00,0.00,-1.37,-10.51,0.40
2013-01-24,730.99,730.99,730.99,730.99,226227,236054723.00,0.00,-3.49,-26.47,0.40
2013-01-25,735.65,735.65,735.65,735.65,135684,138530724.00,0.00,0.64,4.66,0.24
2013-01-28,753.85,753.85,753.85,753.85,143105,146405049.00,0.00,2.47,18.20,0.26
2013-01-29,757.96,757.96,757.96,757.96,205059,207248732.00,0.00,0.55,4.11,0.37
2013-01-30,754.65,754.65,754.65,754.65,131277,129839083.00,0.00,-0.44,-3.31,0.23
2013-01-31,756.83,756.83,756.83,756.83,146906,147061481.00,0.00,0.29,2.18,0.26
2013-02-01,753.42,753.42,753.42,753.42,133653,127708100.00,0.00,-0.45,-3.41,0.24
2013-02-04,766.40,766.40,766.40,766.40,226022,232164104.00,0.00,1.72,12.98,0.40
2013-02-05,771.63,771.63,771.63,771.63,148208,141770938.00,0.00,0.68,5.23,0.27
2013-02-06,769.76,769.76,769.76,769.76,103792,107118981.00,0.00,-0.24,-1.87,0.19
2013-02-07,780.83,780.83,780.83,780.83,137121,111641845.00,0.00,1.44,11.07,0.25
2013-02-08,811.60,811.60,811.60,811.60,202069,169664378.00,0.00,3.94,30.77,0.36
2013-02-18,792.56,792.56,792.56,792.56,215897,178913867.00,0.00,-2.35,-19.04,0.39
2013-02-19,774.10,774.10,774.10,774.10,173950,154816486.00,0.00,-2.33,-18.46,0.31
2013-02-20,783.99,783.99,783.99,783.99,158338,137001799.00,0.00,1.28,9.89,0.28
2013-02-21,754.62,754.62,754.62,754.62,194897,183224049.00,0.00,-3.75,-29.37,0.35
2013-02-22,755.67,755.67,755.67,755.67,101543,88421586.00,0.00,0.14,1.05,0.18
2013-02-25,762.79,762.79,762.79,762.79,72165,63808641.00,0.00,0.94,7.12,0.13
2013-02-26,750.78,750.78,750.78,750.78,111224,98929062.00,0.00,-1.57,-12.01,0.20
2013-02-27,758.33,758.33,758.33,758.33,72410,64543987.00,0.00,1.01,7.55,0.13
2013-02-28,777.86,777.86,777.86,777.86,149921,140467058.00,0.00,2.58,19.53,0.27
2013-03-01,792.15,792.15,792.15,792.15,196816,171037639.00,0.00,1.84,14.29,0.35
2013-03-04,753.17,753.17,753.17,753.17,202428,173099168.00,0.00,-4.92,-38.98,0.36
2013-03-05,767.40,767.40,767.40,767.40,119337,101383484.00,0.00,1.89,14.23,0.21
2013-03-06,773.82,773.82,773.82,773.82,234272,203102901.00,0.00,0.84,6.42,0.42
2013-03-07,771.18,771.18,771.18,771.18,220923,195896391.00,0.00,-0.34,-2.64,0.40
2013-03-08,760.90,760.90,760.90,760.90,106970,92475345.00,0.00,-1.33,-10.28,0.19
2013-03-11,764.40,764.40,764.40,764.40,84242,73246339.00,0.00,0.46,3.50,0.15
2013-03-12,736.40,736.40,736.40,736.40,138625,118261429.00,0.00,-3.66,-28.00,0.25
2013-03-13,730.58,730.58,730.58,730.58,93826,81705175.00,0.00,-0.79,-5.82,0.17
2013-03-14,727.54,727.54,727.54,727.54,68624,61112398.00,0.00,-0.42,-3.04,0.12
2013-03-15,729.10,729.10,729.10,729.10,86678,75603269.00,0.00,0.21,1.56,0.16
2013-03-18,706.96,706.96,706.96,706.96,84649,76815110.00,0.00,-3.04,-22.14,0.15
2013-03-19,712.63,712.63,712.63,712.63,60552,49590498.00,0.00,0.80,5.67,0.11
2013-03-20,735.43,735.43,735.43,735.43,90934,77766520.00,0.00,3.20,22.80,0.16
2013-03-21,741.58,741.58,741.58,741.58,101646,85809250.00,0.00,0.84,6.15,0.18
2013-03-22,744.77,744.77,744.77,744.77,97804,86617279.00,0.00,0.43,3.19,0.17
2013-03-25,746.63,746.63,746.63,746.63,93867,85461384.00,0.00,0.25,1.86,0.17
2013-03-26,733.45,733.45,733.45,733.45,91373,79706384.00,0.00,-1.77,-13.18,0.16
2013-03-27,734.40,734.40,734.40,734.40,78093,69312872.00,0.00,0.13,0.95,0.14
2013-03-28,719.98,719.98,719.98,719.98,186010,152405627.00,0.00,-1.96,-14.42,0.33
2013-03-29,714.58,714.58,714.58,714.58,77446,62923042.00,0.00,-0.75,-5.40,0.14
2013-04-01,713.60,713.60,713.60,713.60,68416,56179833.00,0.00,-0.14,-0.98,0.12
2013-04-02,715.00,715.00,715.00,715.00,69059,59589549.00,0.00,0.20,1.40,0.12
2013-04-03,717.18,717.18,717.18,717.18,98665,92083779.00,0.00,0.30,2.18,0.18
2013-04-08,716.78,716.78,716.78,716.78,74662,68119520.00,0.00,-0.06,-0.40,0.13
2013-04-09,721.37,721.37,721.37,721.37,71275,64300812.00,0.00,0.64,4.59,0.13
2013-04-10,718.02,718.02,718.02,718.02,59428,53744234.00,0.00,-0.46,-3.35,0.11
2013-04-11,708.87,708.87,708.87,708.87,59772,54309713.00,0.00,-1.27,-9.15,0.11
2013-04-12,701.93,701.93,701.93,701.93,45996,39240628.00,0.00,-0.98,-6.94,0.08
2013-04-15,683.66,683.66,683.66,683.66,68526,60009025.00,0.00,-2.60,-18.27,0.12
2013-04-16,691.25,691.25,691.25,691.25,56263,47396393.00,0.00,1.11,7.59,0.10
2013-04-17,690.67,690.67,690.67,690.67,50398,43653935.00,0.00,-0.08,-0.58,0.09
2013-04-18,687.91,687.91,687.91,687.91,59182,48799423.00,0.00,-0.40,-2.76,0.11
2013-04-19,699.53,699.53,699.53,699.53,77625,66168012.00,0.00,1.69,11.62,0.14
2013-04-22,697.53,697.53,697.53,697.53,84803,69846418.00,0.00,-0.29,-2.00,0.15
2013-04-23,673.57,673.57,673.57,673.57,84301,65595530.00,0.00,-3.43,-23.96,0.15
2013-04-24,684.12,684.12,684.12,684.12,64059,48889602.00,0.00,1.57,10.55,0.11
2013-04-25,668.41,668.41,668.41,668.41,84459,66807411.00,0.00,-2.30,-15.71,0.15
2013-04-26,668.07,668.07,668.07,668.07,66436,51784753.00,0.00,-0.05,-0.34,0.12
2013-05-02,660.13,660.13,660.13,660.13,41622,34423897.00,0.00,-1.19,-7.94,0.07
2013-05-03,668.02,668.02,668.02,668.02,48389,38311843.00,0.00,1.20,7.89,0.09
2013-05-06,677.45,677.45,677.45,677.45,55936,43148165.00,0.00,1.41,9.43,0.10
2013-05-07,685.08,685.08,685.08,685.08,94433,86672643.00,0.00,1.13,7.63,0.17
2013-05-08,688.71,688.71,688.71,688.71,88453,81100554.00,0.00,0.53,3.63,0.16
2013-05-09,689.84,689.84,689.84,689.84,84136,72780783.00,0.00,0.16,1.13,0.15
2013-05-10,703.22,703.22,703.22,703.22,129505,112105517.00,0.00,1.94,13.38,0.23
2013-05-13,693.84,693.84,693.84,693.84,72439,62745339.00,0.00,-1.33,-9.38,0.13
2013-05-14,676.11,676.11,676.11,676.11,75461,63292543.00,0.00,-2.56,-17.73,0.13
2013-05-15,681.72,681.72,681.72,681.72,52952,44004883.00,0.00,0.83,5.61,0.09
2013-05-16,688.13,688.13,688.13,688.13,90620,71442392.00,0.00,0.94,6.41,0.16
2013-05-17,699.37,699.37,699.37,699.37,111464,90475966.00,0.00,1.63,11.24,0.20
2013-05-20,707.30,707.30,707.30,707.30,91445,77242951.00,0.00,1.13,7.93,0.16
2013-05-21,716.90,716.90,716.90,716.90,98295,83402476.00,0.00,1.36,9.60,0.18
2013-05-22,720.03,720.03,720.03,720.03,144421,118174915.00,0.00,0.44,3.13,0.26
2013-05-23,708.38,708.38,708.38,708.38,171230,134702563.00,0.00,-1.62,-11.65,0.31
2013-05-24,720.66,720.66,720.66,720.66,150073,116253308.00,0.00,1.73,12.28,0.27
2013-05-27,717.37,717.37,717.37,717.37,177200,141914983.00,0.00,-0.46,-3.29,0.32
2013-05-28,725.25,725.25,725.25,725.25,149459,122967704.00,0.00,1.10,7.88,0.27
2013-05-29,722.33,722.33,722.33,722.33,104441,90133602.00,0.00,-0.40,-2.92,0.19
2013-05-30,720.33,720.33,720.33,720.33,73350,61431804.00,0.00,-0.28,-2.00,0.13
2013-05-31,712.10,712.10,712.10,712.10,90074,75972223.00,0.00,-1.14,-8.23,0.16
2013-06-03,705.80,705.80,705.80,705.80,79719,67240840.00,0.00,-0.88,-6.30,0.14
2013-06-04,693.50,693.50,693.50,693.50,69314,57147847.00,0.00,-1.74,-12.30,0.12
2013-06-05,694.54,694.54,694.54,694.54,42607,33888172.00,0.00,0.15,1.04,0.08
2013-06-06,683.38,683.38,683.38,683.38,56335,44621934.00,0.00,-1.61,-11.16,0.10
2013-06-07,665.24,665.24,665.24,665.24,58615,47477757.00,0.00,-2.65,-18.14,0.10
2013-06-13,642.17,642.17,642.17,642.17,59350,44275016.00,0.00,-3.47,-23.07,0.11
2013-06-14,645.97,645.97,645.97,645.97,47007,35674884.00,0.00,0.59,3.80,0.08
2013-06-17,648.48,648.48,648.48,648.48,39871,30394459.00,0.00,0.39,2.51,0.07
2013-06-18,649.94,649.94,649.94,649.94,31839,24207087.00,0.00,0.23,1.46,0.06
2013-06-19,644.76,644.76,644.76,644.76,48734,36091223.00,0.00,-0.80,-5.18,0.09
2013-06-20,622.30,622.30,622.30,622.30,47177,34342704.00,0.00,-3.48,-22.46,0.08
2013-06-21,616.80,616.80,616.80,616.80,50191,37007592.00,0.00,-0.88,-5.50,0.09
2013-06-24,575.59,575.59,575.59,575.59,71325,49253943.00,0.00,-6.68,-41.21,0.13
2013-06-25,561.37,561.37,561.37,561.37,82265,52569245.00,0.00,-2.47,-14.22,0.15
2013-06-26,564.06,564.06,564.06,564.06,49308,31633969.00,0.00,0.48,2.69,0.09
2013-06-27,562.60,562.60,562.60,562.60,63967,41634548.00,0.00,-0.26,-1.46,0.11
2013-06-28,570.18,570.18,570.18,570.18,58545,36179802.00,0.00,1.35,7.58,0.10
2013-07-01,574.49,574.49,574.49,574.49,51377,32285653.00,0.00,0.76,4.31,0.09
2013-07-02,576.29,576.29,576.29,576.29,41634,27135116.00,0.00,0.31,1.80,0.07
2013-07-03,570.34,570.34,570.34,570.34,43379,27829617.00,0.00,-1.03,-5.95,0.08
2013-07-04,581.45,581.45,581.45,581.45,87566,61370216.00,0.00,1.95,11.11,0.16
2013-07-05,587.11,587.11,587.11,587.11,85963,58878703.00,0.00,0.97,5.66,0.15
2013-07-08,563.11,563.11,563.11,563.11,73866,47973330.00,0.00,-4.09,-24.00,0.13
2013-07-09,566.56,566.56,566.56,566.56,53615,35011309.00,0.00,0.61,3.45,0.10
2013-07-10,586.08,586.08,586.08,586.08,81983,54933172.00,0.00,3.45,19.52,0.15
2013-07-11,614.38,614.38,614.38,614.38,127855,92005187.00,0.00,4.83,28.30,0.23
2013-07-12,603.25,603.25,603.25,603.25,119400,83491170.00,0.00,-1.81,-11.13,0.21
2013-07-15,609.83,609.83,609.83,609.83,69751,49574149.00,0.00,1.09,6.58,0.12
2013-07-16,610.78,610.78,610.78,610.78,64846,45899098.00,0.00,0.16,0.95,0.12
2013-07-17,608.24,608.24,608.24,608.24,163620,112292858.00,0.00,-0.42,-2.54,0.29
2013-07-18,611.27,611.27,611.27,611.27,193206,134679218.00,0.00,0.50,3.03,0.35
2013-07-19,601.27,601.27,601.27,601.27,199877,139995153.00,0.00,-1.64,-10.00,0.36
2013-07-22,604.42,604.42,604.42,604.42,181523,126802520.00,0.00,0.52,3.15,0.32
2013-07-23,619.22,619.22,619.22,619.22,232482,166772401.00,0.00,2.45,14.80,0.42
2013-07-24,605.96,605.96,605.96,605.96,158692,109174054.00,0.00,-2.14,-13.26,0.28
2013-07-25,599.04,599.04,599.04,599.04,86826,59436177.00,0.00,-1.14,-6.92,0.16
2013-07-26,594.91,594.91,594.91,594.91,56263,38232814.00,0.00,-0.69,-4.13,0.10
2013-07-29,578.86,578.86,578.86,578.86,61722,40941766.00,0.00,-2.70,-16.05,0.11
2013-07-30,580.56,580.56,580.56,580.56,51433,33477504.00,0.00,0.29,1.70,0.09
2013-07-31,580.69,580.69,580.69,580.69,37744,24554500.00,0.00,0.02,0.13,0.07
2013-08-01,594.31,594.31,594.31,594.31,51102,33998955.00,0.00,2.35,13.62,0.09
2013-08-02,597.97,597.97,597.97,597.97,64130,43696764.00,0.00,0.62,3.66,0.11
2013-08-05,605.43,605.43,605.43,605.43,52627,35784547.00,0.00,1.25,7.46,0.09
2013-08-06,609.56,609.56,609.56,609.56,66506,45540012.00,0.00,0.68,4.13,0.12
2013-08-07,621.03,621.03,621.03,621.03,147656,107692272.00,0.00,1.88,11.47,0.26
2013-08-08,618.02,618.02,618.02,618.02,72286,50194546.00,0.00,-0.48,-3.01,0.13
2013-08-09,624.50,624.50,624.50,624.50,105250,76184574.00,0.00,1.05,6.48,0.19
2013-08-12,640.09,640.09,640.09,640.09,119287,89190625.00,0.00,2.50,15.59,0.21
2013-08-13,647.76,647.76,647.76,647.76,159474,128500984.00,0.00,1.20,7.67,0.29
2013-08-14,644.15,644.15,644.15,644.15,149544,120120851.00,0.00,-0.56,-3.61,0.27
2013-08-15,630.40,630.40,630.40,630.40,120492,90766496.00,0.00,-2.13,-13.75,0.22
2013-08-16,626.02,626.02,626.02,626.02,128444,97578909.00,0.00,-0.69,-4.38,0.23
2013-08-19,630.43,630.43,630.43,630.43,94529,72225302.00,0.00,0.70,4.41,0.17
2013-08-20,625.49,625.49,625.49,625.49,63715,47248655.00,0.00,-0.78,-4.94,0.11
2013-08-21,629.73,629.73,629.73,629.73,47598,34793522.00,0.00,0.68,4.24,0.09
2013-08-22,630.86,630.86,630.86,630.86,61889,43789722.00,0.00,0.18,1.13,0.11
2013-08-23,626.05,626.05,626.05,626.05,87018,64284503.00,0.00,-0.76,-4.81,0.16
2013-08-26,641.86,641.86,641.86,641.86,85277,61795586.00,0.00,2.53,15.81,0.15
2013-08-27,646.47,646.47,646.47,646.47,93277,67295087.00,0.00,0.72,4.61,0.17
2013-08-28,647.59,647.59,647.59,647.59,130017,98425394.00,0.00,0.17,1.12,0.23
2013-08-29,647.12,647.12,647.12,647.12,112387,82076717.00,0.00,-0.07,-0.47,0.20
2013-08-30,646.64,646.64,646.64,646.64,186541,132771623.00,0.00,-0.07,-0.48,0.33
2013-09-02,645.33,645.33,645.33,645.33,113922,77211781.00,0.00,-0.20,-1.31,0.20
2013-09-03,652.23,652.23,652.23,652.23,85478,59942543.00,0.00,1.07,6.90,0.15
2013-09-04,654.95,654.95,654.95,654.95,91274,68533124.00,0.00,0.42,2.72,0.16
2013-09-05,644.36,644.36,644.36,644.36,97227,71063937.00,0.00,-1.62,-10.59,0.17
2013-09-06,648.72,648.72,648.72,648.72,81156,58728401.00,0.00,0.68,4.36,0.15
2013-09-09,657.55,657.55,657.55,657.55,132065,98085665.00,0.00,1.36,8.83,0.24
2013-09-10,665.42,665.42,665.42,665.42,166798,125439664.00,0.00,1.20,7.87,0.30
2013-09-11,676.15,676.15,676.15,676.15,228171,169273306.00,0.00,1.61,10.73,0.41
2013-09-12,667.11,667.11,667.11,667.11,179988,134735698.00,0.00,-1.34,-9.04,0.32
2013-09-13,666.79,666.79,666.79,666.79,140052,102338823.00,0.00,-0.05,-0.32,0.25
2013-09-16,659.67,659.67,659.67,659.67,102915,76781044.00,0.00,-1.07,-7.12,0.18
2013-09-17,642.24,642.24,642.24,642.24,86473,62215830.00,0.00,-2.64,-17.43,0.15
2013-09-18,646.81,646.81,646.81,646.81,53583,38145750.00,0.00,0.71,4.57,0.10
2013-09-23,655.65,655.65,655.65,655.65,65118,46378242.00,0.00,1.37,8.84,0.12
2013-09-24,648.23,648.23,648.23,648.23,79913,58051834.00,0.00,-1.13,-7.42,0.14
2013-09-25,644.48,644.48,644.48,644.48,72633,51998492.00,0.00,-0.58,-3.75,0.13
2013-09-26,632.15,632.15,632.15,632.15,62941,44724089.00,0.00,-1.91,-12.33,0.11
2013-09-27,630.73,630.73,630.73,630.73,53910,36950936.00,0.00,-0.22,-1.42,0.10
2013-09-30,635.90,635.90,635.90,635.90,43981,30551494.00,0.00,0.82,5.17,0.08
2013-10-08,643.81,643.81,643.81,643.81,55988,39320833.00,0.00,1.24,7.91,0.10
2013-10-09,647.44,647.44,647.44,647.44,65064,46233440.00,0.00,0.56,3.63,0.12
2013-10-10,645.09,645.09,645.09,645.09,75207,52777195.00,0.00,-0.36,-2.35,0.13
2013-10-11,657.30,657.30,657.30,657.30,104245,73471241.00,0.00,1.89,12.21,0.19
2013-10-14,664.85,664.85,664.85,664.85,118440,82221389.00,0.00,1.15,7.55,0.21
2013-10-15,672.50,672.50,672.50,672.50,176657,130943003.00,0.00,1.15,7.65,0.32
2013-10-16,658.58,658.58,658.58,658.58,140847,105550861.00,0.00,-2.07,-13.92,0.25
2013-10-17,664.41,664.41,664.41,664.41,127335,95222647.00,0.00,0.89,5.83,0.23
2013-10-18,664.89,664.89,664.89,664.89,148480,113916458.00,0.00,0.07,0.48,0.27
2013-10-21,668.78,668.78,668.78,668.78,131770,97872810.00,0.00,0.59,3.89,0.24
2013-10-22,665.13,665.13,665.13,665.13,98145,72659953.00,0.00,-0.55,-3.65,0.18
2013-10-23,651.27,651.27,651.27,651.27,100227,71976131.00,0.00,-2.08,-13.86,0.18
2013-10-24,641.35,641.35,641.35,641.35,80373,56852042.00,0.00,-1.52,-9.92,0.14
2013-10-25,633.44,633.44,633.44,633.44,69463,47924713.00,0.00,-1.23,-7.91,0.12
2013-10-28,633.86,633.86,633.86,633.86,36003,25122460.00,0.00,0.07,0.42,0.06
2013-10-29,613.88,613.88,613.88,613.88,81336,54054646.00,0.00,-3.15,-19.98,0.15
2013-10-30,620.29,620.29,620.29,620.29,55738,37226802.00,0.00,1.04,6.41,0.10
2013-10-31,621.13,621.13,621.13,621.13,54754,37000768.00,0.00,0.14,0.84,0.10
2013-11-01,624.45,624.45,624.45,624.45,43233,29837303.00,0.00,0.53,3.32,0.08
2013-11-04,624.65,624.65,624.65,624.65,39001,27103354.00,0.00,0.03,0.20,0.07
2013-11-05,627.11,627.11,627.11,627.11,49579,33539455.00,0.00,0.39,2.46,0.09
2013-11-06,645.27,645.27,645.27,645.27,74866,50391367.00,0.00,2.90,18.16,0.13
2013-11-07,633.16,633.16,633.16,633.16,129384,80500007.00,0.00,-1.88,-12.11,0.23
2013-11-08,616.39,616.39,616.39,616.39,84153,52258239.00,0.00,-2.65,-16.77,0.15
2013-11-11,623.35,623.35,623.35,623.35,78264,47986240.00,0.00,1.13,6.96,0.14
2013-11-12,623.16,623.16,623.16,623.16,63156,39929580.00,0.00,-0.03,-0.19,0.11
2013-11-13,608.55,608.55,608.55,608.55,69262,43941024.00,0.00,-2.34,-14.61,0.12
2013-11-14,612.45,612.45,612.45,612.45,53224,33314105.00,0.00,0.64,3.90,0.10
2013-11-15,624.78,624.78,624.78,624.78,86605,56728428.00,0.00,2.01,12.33,0.15
2013-11-18,634.11,634.11,634.11,634.11,80865,53057695.00,0.00,1.49,9.33,0.14
2013-11-19,636.11,636.11,636.11,636.11,70143,46003936.00,0.00,0.32,2.00,0.13
2013-11-20,639.33,639.33,639.33,639.33,62669,41112128.00,0.00,0.51,3.22,0.11
2013-11-21,634.74,634.74,634.74,634.74,67064,44557308.00,0.00,-0.72,-4.59,0.12
2013-11-22,634.30,634.30,634.30,634.30,63375,42138994.00,0.00,-0.07,-0.44,0.11
2013-11-25,633.54,633.54,633.54,633.54,62829,41741064.00,0.00,-0.12,-0.76,0.11
2013-11-26,633.09,633.09,633.09,633.09,44034,29443116.00,0.00,-0.07,-0.45,0.08
2013-11-27,644.23,644.23,644.23,644.23,110802,75746753.00,0.00,1.76,11.14,0.20
2013-11-28,652.83,652.83,652.83,652.83,142202,103411305.00,0.00,1.33,8.60,0.25
2013-11-29,652.25,652.25,652.25,652.25,77758,54603373.00,0.00,-0.09,-0.58,0.14
2013-12-02,623.64,623.64,623.64,623.64,121725,81728589.00,0.00,-4.39,-28.61,0.22
2013-12-03,636.22,636.22,636.22,636.22,71944,49066390.00,0.00,2.02,12.58,0.13
2013-12-04,647.23,647.23,647.23,647.23,101929,71679873.00,0.00,1.73,11.01,0.18
2013-12-05,651.91,651.91,651.91,651.91,84883,60720069.00,0.00,0.72,4.68,0.15
2013-12-06,651.35,651.35,651.35,651.35,80452,57144920.00,0.00,-0.09,-0.56,0.14
2013-12-09,654.43,654.43,654.43,654.43,60925,43116586.00,0.00,0.47,3.08,0.11
2013-12-10,660.92,660.92,660.92,660.92,122691,80708497.00,0.00,0.99,6.49,0.22
2013-12-11,663.36,663.36,663.36,663.36,310273,213883414.00,0.00,0.37,2.44,0.55
2013-12-12,661.18,661.18,661.18,661.18,161021,110822352.00,0.00,-0.33,-2.18,0.29
2013-12-13,657.00,657.00,657.00,657.00,105632,72903511.00,0.00,-0.63,-4.18,0.19
2013-12-16,643.64,643.64,643.64,643.64,113975,76812148.00,0.00,-2.03,-13.36,0.20
2013-12-17,654.11,654.11,654.11,654.11,131765,83425025.00,0.00,1.63,10.47,0.24
2013-12-18,645.78,645.78,645.78,645.78,87063,56052339.00,0.00,-1.27,-8.33,0.16
2013-12-19,636.75,636.75,636.75,636.75,65535,42373918.00,0.00,-1.40,-9.03,0.12
2013-12-20,621.57,621.57,621.57,621.57,77280,49642954.00,0.00,-2.38,-15.18,0.14
2013-12-23,617.38,617.38,617.38,617.38,41590,26734912.00,0.00,-0.67,-4.19,0.07
2013-12-24,622.44,622.44,622.44,622.44,46673,30372397.00,0.00,0.82,5.06,0.08
2013-12-25,627.74,627.74,627.74,627.74,45214,29455361.00,0.00,0.85,5.30,0.08
2013-12-26,615.60,615.60,615.60,615.60,50912,32913308.00,0.00,-1.93,-12.14,0.09
2013-12-27,624.46,624.46,624.46,624.46,45490,29440905.00,0.00,1.44,8.86,0.08
2013-12-30,638.68,638.68,638.68,638.68,136086,92617175.00,0.00,2.28,14.22,0.24
2013-12-31,651.86,651.86,651.86,651.86,188302,134344336.00,0.00,2.06,13.18,0.34