2023-01-03,17.56,17.98,18.10,17.44,148895,267351250.00,3.75,2.22,0.39,1.55
2023-01-04,18.03,17.84,18.53,17.66,216029,393242975.00,4.84,-0.78,-0.14,2.26
2023-01-05,17.79,17.88,18.01,17.63,152580,273820292.00,2.13,0.22,0.04,1.59
2023-01-06,17.92,18.10,18.20,17.65,203644,369051755.00,3.08,1.23,0.22,2.13
2023-01-09,18.04,18.05,18.31,17.98,138166,252337973.00,1.82,-0.28,-0.05,1.44
2023-01-10,18.06,18.25,18.45,17.96,132519,243546808.00,2.71,1.11,0.20,1.38
2023-01-11,18.26,18.35,18.82,18.13,162790,302396116.00,3.78,0.55,0.10,1.75
2023-01-12,18.17,18.00,18.32,17.92,106758,194196417.00,2.18,-1.91,-0.35,1.15
2023-01-13,17.93,17.86,18.04,17.75,83049,149497362.00,1.61,-0.78,-0.14,0.89
2023-01-16,17.81,18.18,18.46,17.68,149352,272667859.00,4.37,1.79,0.32,1.60
2023-01-17,18.30,18.47,18.74,18.23,179947,335427264.00,2.81,1.60,0.29,1.93
2023-01-18,18.46,18.32,18.61,18.27,101766,188189581.00,1.84,-0.81,-0.15,1.09
2023-01-19,18.26,18.55,18.61,18.11,113202,210281307.00,2.73,1.26,0.23,1.22
2023-01-20,18.55,18.61,18.70,18.46,99006,185364093.00,1.29,0.32,0.06,1.06
2023-01-30,18.78,18.64,18.95,18.57,172316,325429602.00,2.04,0.16,0.03,1.85
2023-01-31,18.58,18.59,18.68,18.35,124950,232925534.00,1.77,-0.27,-0.05,1.34
2023-02-01,18.60,18.94,18.96,18.54,207170,391794371.00,2.26,1.88,0.35,2.23
2023-02-02,19.01,19.63,19.81,19.01,291110,570880298.00,4.22,3.64,0.69,3.13
2023-02-03,19.44,19.41,19.62,19.11,166071,323461407.00,2.60,-1.12,-0.22,1.78
2023-02-06,19.29,19.13,19.45,19.02,113247,218658882.00,2.22,-1.44,-0.28,1.22
2023-02-07,19.13,18.97,19.31,18.79,129488,247704752.00,2.72,-0.84,-0.16,1.39
2023-02-08,18.99,18.83,19.39,18.80,111580,213884284.00,3.11,-0.74,-0.14,1.20
2023-02-09,18.76,19.32,19.38,18.59,188027,361861938.00,4.20,2.60,0.49,2.02
2023-02-10,19.31,19.05,19.48,18.92,139158,269226334.00,2.90,-1.40,-0.27,1.50
2023-02-13,18.89,19.02,19.21,18.83,122650,235064960.00,1.99,-0.16,-0.03,1.32
2023-02-14,19.11,18.95,19.40,18.87,130814,251569149.00,2.79,-0.37,-0.07,1.41
2023-02-15,18.96,19.24,19.34,18.76,185627,356980534.00,3.06,1.53,0.29,1.99
2023-02-16,19.26,18.83,19.71,18.59,250116,485840310.00,5.82,-2.13,-0.41,2.69
2023-02-17,18.78,18.01,18.88,17.88,249180,458257770.00,5.31,-4.35,-0.82,2.68
2023-02-20,18.16,18.04,18.16,17.73,114169,206041008.00,2.39,0.17,0.03,1.23
2023-02-21,18.08,18.04,18.25,17.86,97612,177340555.00,2.16,0.00,0.00,1.05
2023-02-22,17.89,18.10,18.23,17.82,78439,142690866.00,2.27,0.33,0.06,0.84
2023-02-23,18.10,17.99,18.20,17.91,83299,151560376.00,1.60,-0.61,-0.11,0.90
2023-02-24,18.07,18.00,18.19,17.84,75157,136287014.00,1.95,0.06,0.01,0.81
2023-02-27,17.89,17.60,17.90,17.54,103024,183574470.00,2.00,-2.22,-0.40,1.11
2023-02-28,17.66,17.83,17.83,17.61,58201,103920713.00,1.25,1.31,0.23,0.63
2023-03-01,17.84,18.96,19.06,17.71,299405,560626866.00,7.57,6.34,1.13,3.22
2023-03-02,19.16,18.44,19.28,18.24,236105,445716663.00,5.49,-2.74,-0.52,2.54
2023-03-03,18.96,19.14,19.28,18.64,302173,578801527.00,3.47,3.80,0.70,3.25
2023-03-06,19.01,19.36,19.66,18.76,251219,486641624.00,4.70,1.15,0.22,2.70
2023-03-07,19.25,18.73,19.35,18.71,171855,328247987.00,3.31,-3.25,-0.63,1.85
2023-03-08,18.74,19.23,19.32,18.65,211947,407342779.00,3.58,2.67,0.50,2.28
2023-03-09,19.22,19.46,19.96,19.16,320124,632742564.00,4.16,1.20,0.23,3.44
2023-03-10,19.32,19.39,19.91,19.09,326059,642352891.00,4.21,-0.36,-0.07,3.50
2023-03-13,19.40,19.22,19.55,18.97,197582,382399835.00,2.99,-0.88,-0.17,2.12
2023-03-14,19.06,20.26,20.76,18.81,455220,907379886.00,10.15,5.41,1.04,4.89
2023-03-15,20.65,20.30,20.83,20.12,359207,737218614.00,3.50,0.20,0.04,3.86
2023-03-16,18.81,18.75,19.40,18.49,491912,939615287.00,4.48,-7.64,-1.55,5.29
2023-03-17,18.75,18.57,19.16,18.11,304746,572819364.00,5.60,-0.96,-0.18,3.27
2023-03-20,18.46,18.49,18.84,18.28,197767,369960547.00,3.02,-0.43,-0.08,2.13
2023-03-21,18.39,18.20,18.63,18.01,183443,337907093.00,3.35,-1.57,-0.29,1.97
2023-03-22,18.16,18.30,18.46,18.09,123416,227096545.00,2.03,0.55,0.10,1.33
2023-03-23,18.13,19.63,19.66,18.13,427427,823997204.00,8.36,7.27,1.33,4.59
2023-03-24,19.41,19.20,19.55,19.04,204015,396230236.00,2.60,-2.19,-0.43,2.19
2023-03-27,19.24,18.95,19.36,18.79,154430,296428626.00,2.97,-1.30,-0.25,1.66
2023-03-28,18.86,18.30,18.98,18.30,150966,282760695.00,3.59,-3.43,-0.65,1.62
2023-03-29,18.32,18.81,19.20,18.26,213201,402394273.00,5.14,2.79,0.51,2.29
2023-03-30,18.78,18.61,19.12,18.44,157678,297914911.00,3.62,-1.06,-0.20,1.69
2023-03-31,18.61,18.73,18.94,18.51,118415,223111605.00,2.31,0.64,0.12,1.27
2023-04-03,18.96,19.72,19.88,18.96,363555,712359399.00,4.91,5.29,0.99,3.91
2023-04-04,19.85,19.95,20.46,19.74,371135,751841541.00,3.65,1.17,0.23,3.99
2023-04-06,19.95,20.71,21.29,19.86,418265,868713755.00,7.17,3.81,0.76,4.49
2023-04-07,20.86,20.90,21.42,20.68,313653,662327236.00,3.57,0.92,0.19,3.37
2023-04-10,21.00,20.62,21.46,20.47,271743,571990025.00,4.74,-1.34,-0.28,2.92
2023-04-11,20.64,20.26,20.90,20.11,221483,456033593.00,3.83,-1.75,-0.36,2.38
2023-04-12,20.34,20.29,20.55,20.06,190465,389035540.00,2.42,0.15,0.03,2.05
2023-04-13,20.16,20.01,20.38,19.94,144119,291794694.00,2.17,-1.38,-0.28,1.55
2023-04-14,20.21,21.61,21.82,19.85,465582,986192640.00,9.85,8.00,1.60,5.00
2023-04-17,22.14,21.74,23.04,21.46,514414,1152677857.00,7.31,0.60,0.13,5.53
2023-04-18,21.46,21.33,21.95,21.01,245380,528805853.00,4.32,-1.89,-0.41,2.64
2023-04-19,21.34,22.91,23.36,20.99,578910,1295993570.00,11.11,7.41,1.58,6.22
2023-04-20,22.76,23.51,24.09,22.41,556493,1304892543.00,7.33,2.62,0.60,5.98
2023-04-21,23.36,22.28,23.67,22.24,359438,826701637.00,6.08,-5.23,-1.23,3.86
2023-04-24,22.51,22.11,22.59,21.71,223730,497267754.00,3.95,-0.76,-0.17,2.40
2023-04-25,22.06,21.16,22.39,20.90,253859,550596945.00,6.74,-4.30,-0.95,2.73
2023-04-26,21.29,19.70,21.32,19.16,368264,738995659.00,10.21,-6.90,-1.46,3.96
2023-04-27,19.66,19.90,20.45,19.55,171457,345897655.00,4.57,1.02,0.20,1.84
2023-04-28,19.58,20.33,20.59,19.57,142683,291490748.00,5.13,2.16,0.43,1.53
2023-05-04,20.78,20.17,21.05,20.06,205232,422157640.00,4.87,-0.79,-0.16,2.21
2023-05-05,20.07,19.84,20.39,19.61,134889,270954078.00,3.87,-1.64,-0.33,1.45
2023-05-08,19.95,19.88,20.12,19.71,131309,263280403.00,2.07,0.20,0.04,1.41
2023-05-09,19.84,19.38,20.15,19.31,198669,394653841.00,4.23,-2.52,-0.50,2.13
2023-05-10,19.41,19.22,19.53,18.82,149971,288723150.00,3.66,-0.83,-0.16,1.61
2023-05-11,19.31,19.24,19.56,19.07,97498,189561703.00,2.55,0.10,0.02,1.05
2023-05-12,19.18,18.83,19.53,18.82,105577,203722799.00,3.69,-2.13,-0.41,1.13
2023-05-15,18.80,19.17,19.17,18.74,97573,185942946.00,2.28,1.81,0.34,1.05
2023-05-16,19.18,19.42,19.50,19.01,129744,252204286.00,2.56,1.30,0.25,1.39
2023-05-17,19.27,19.49,19.74,19.27,106110,208351124.00,2.42,0.36,0.07,1.14
2023-05-18,19.46,19.43,19.65,19.25,100806,197251170.00,2.05,-0.31,-0.06,1.08
2023-05-19,19.53,19.94,20.08,19.35,158380,315150961.00,3.76,2.62,0.51,1.70
2023-05-22,20.01,19.52,20.01,19.42,98933,195263536.00,2.96,-2.11,-0.42,1.06
2023-05-23,19.50,18.86,19.50,18.81,103528,198810481.00,3.53,-3.38,-0.66,1.11
2023-05-24,18.83,18.95,19.39,18.78,109930,212054384.00,3.23,0.48,0.09,1.18
2023-05-25,18.89,18.64,19.09,18.35,142739,268637286.00,3.91,-1.64,-0.31,1.53
2023-05-26,18.76,18.78,18.85,18.25,84547,158901960.00,3.22,0.75,0.14,0.91
2023-05-29,18.89,19.01,19.11,18.65,94589,180739313.00,2.45,1.22,0.23,1.02
2023-05-30,18.95,18.86,18.98,18.46,89990,169601982.00,2.74,-0.79,-0.15,0.97
2023-05-31,18.78,18.83,18.95,18.62,80609,152415575.00,1.75,-0.16,-0.03,0.87
2023-06-01,18.72,18.75,18.99,18.53,101128,191309430.00,2.44,-0.42,-0.08,1.09
2023-06-02,18.71,18.99,19.00,18.55,122389,231941876.00,2.40,1.28,0.24,1.32
2023-06-05,19.08,19.72,20.21,19.08,292661,583495760.00,5.95,3.84,0.73,3.14
2023-06-06,19.56,19.25,19.71,19.15,130467,255660802.00,2.84,-2.38,-0.47,1.40
2023-06-07,19.07,19.35,19.58,19.06,90504,176526376.00,2.70,0.52,0.10,0.97
2023-06-08,19.35,18.89,19.35,18.66,104167,198610730.00,3.57,-2.38,-0.46,1.12
2023-06-09,18.88,19.18,19.18,18.78,75756,144737265.00,2.12,1.54,0.29,0.81
2023-06-12,19.18,19.07,19.29,18.99,72715,140140326.00,1.56,-0.57,-0.11,0.78
2023-06-13,19.04,19.74,19.93,18.97,176689,348913322.00,5.03,3.51,0.67,1.90
2023-06-14,19.66,19.51,19.92,19.42,99242,196182568.00,2.53,-1.17,-0.23,1.07
2023-06-15,19.51,19.62,19.76,19.48,90733,179253553.00,1.44,0.56,0.11,0.97
2023-06-16,19.64,19.62,19.71,19.46,80835,159538701.00,1.27,0.00,0.00,0.87
2023-06-19,19.65,19.67,19.94,19.56,107512,213743166.00,1.94,0.25,0.05,1.16
2023-06-20,19.64,19.51,19.70,19.37,84296,165891011.00,1.68,-0.81,-0.16,0.91
2023-06-21,19.41,18.70,19.51,18.70,135395,258776978.00,4.15,-4.15,-0.81,1.45
2023-06-26,18.51,18.37,18.71,18.14,105310,195421635.00,3.05,-1.76,-0.33,1.13
2023-06-27,18.40,18.43,18.59,18.33,56628,105196722.00,1.42,0.33,0.06,0.61
2023-06-28,18.46,18.90,19.08,18.15,118630,223372709.00,5.05,2.55,0.47,1.27
2023-06-29,18.66,18.64,19.12,18.44,81757,153990576.00,3.60,-1.38,-0.26,0.88
2023-06-30,18.54,18.95,19.21,18.47,106099,202210761.00,3.97,1.66,0.31,1.14
2023-07-03,19.11,19.09,19.44,18.96,98395,190052709.00,2.53,0.74,0.14,1.06
2023-07-04,19.08,19.36,19.68,19.05,123491,241288694.00,3.30,1.41,0.27,1.33
2023-07-05,19.29,19.08,19.54,19.06,73159,141918385.00,2.48,-1.45,-0.28,0.79
2023-07-06,18.96,19.02,19.20,18.92,58007,111457856.00,1.47,-0.31,-0.06,0.62
2023-07-07,19.02,18.78,19.04,18.66,61726,116978155.00,2.00,-1.26,-0.24,0.66
2023-07-10,19.04,18.61,19.06,18.61,61258,115832669.00,2.40,-0.91,-0.17,0.66
2023-07-11,18.76,18.86,19.04,18.67,57306,109044556.00,1.99,1.34,0.25,0.62
2023-07-12,18.85,18.38,18.91,18.36,91263,170367704.00,2.92,-2.55,-0.48,0.98
2023-07-13,18.41,18.60,18.70,18.41,58156,108978758.00,1.58,1.20,0.22,0.62
2023-07-14,18.60,18.57,18.71,18.41,63170,118158292.00,1.61,-0.16,-0.03,0.68
2023-07-17,18.63,18.45,18.85,18.36,89910,168082846.00,2.64,-0.65,-0.12,0.97
2023-07-18,18.41,18.29,18.66,18.16,98979,183840039.00,2.71,-0.87,-0.16,1.06
2023-07-19,18.26,17.99,18.34,17.84,112820,204942632.00,2.73,-1.64,-0.30,1.21
2023-07-20,18.01,17.81,18.09,17.80,65113,117849171.00,1.61,-1.00,-0.18,0.70
2023-07-21,17.67,17.75,17.94,17.64,60457,108280117.00,1.68,-0.34,-0.06,0.65
2023-07-24,17.85,17.68,17.89,17.52,56258,100444825.00,2.08,-0.39,-0.07,0.60
2023-07-25,17.82,18.21,18.23,17.82,104689,190704091.00,2.32,3.00,0.53,1.12
2023-07-26,18.21,18.14,18.33,18.08,61548,112868811.00,1.37,-0.38,-0.07,0.66
2023-07-27,18.11,18.08,18.23,18.03,59793,109292772.00,1.10,-0.33,-0.06,0.64
2023-07-28,18.13,18.36,18.41,18.02,85934,158123223.00,2.16,1.55,0.28,0.92
2023-07-31,18.41,18.72,18.81,18.38,103397,194253987.00,2.34,1.96,0.36,1.11
2023-08-01,18.78,18.41,18.80,18.38,95111,178037918.00,2.24,-1.66,-0.31,1.02
2023-08-02,18.43,18.65,19.10,18.43,179709,341210283.00,3.64,1.30,0.24,1.93
2023-08-03,18.46,18.67,18.70,18.33,125473,234216760.00,1.98,0.11,0.02,1.35
2023-08-04,18.87,18.42,18.89,18.39,135810,253477965.00,2.68,-1.34,-0.25,1.46
2023-08-07,18.36,17.90,18.38,17.83,141543,256562955.00,2.99,-2.82,-0.52,1.52
2023-08-08,17.89,17.64,17.96,17.62,101721,181562931.00,1.90,-1.45,-0.26,1.09
2023-08-09,17.56,17.27,17.61,17.21,117354,205207573.00,2.27,-2.10,-0.37,1.26
2023-08-10,17.22,17.17,17.35,17.11,85782,148914750.00,1.39,-0.58,-0.10,0.92
2023-08-11,17.30,16.81,17.34,16.80,101598,172663570.00,3.15,-2.10,-0.36,1.09
2023-08-14,16.63,16.65,16.70,16.28,86951,143836263.00,2.50,-0.95,-0.16,0.93
2023-08-15,16.66,16.29,16.74,16.14,82684,135235896.00,3.60,-2.16,-0.36,0.89
2023-08-16,16.28,16.30,16.52,16.19,69422,113760656.00,2.03,0.06,0.01,0.75
2023-08-17,16.21,16.38,16.45,15.97,71234,115748898.00,2.94,0.49,0.08,0.77
2023-08-18,16.41,16.01,16.51,16.01,61933,100873734.00,3.05,-2.26,-0.37,0.67
2023-08-21,16.02,15.48,16.07,15.48,98303,154662563.00,3.69,-3.31,-0.53,1.06
2023-08-22,15.51,15.59,15.65,15.17,111957,172641913.00,3.10,0.71,0.11,1.20
2023-08-23,15.58,15.15,15.59,15.15,65158,100081530.00,2.82,-2.82,-0.44,0.70
2023-08-24,15.30,15.36,15.62,15.10,105635,162594289.00,3.43,1.39,0.21,1.14
2023-08-25,15.39,14.70,15.41,14.44,209617,310234287.00,6.32,-4.30,-0.66,2.25
2023-08-28,15.72,14.84,15.72,14.78,179826,275029733.00,6.39,0.95,0.14,1.93
2023-08-29,14.85,15.62,15.69,14.75,163370,251601375.00,6.33,5.26,0.78,1.76
2023-08-30,15.78,15.97,16.25,15.78,173097,277294417.00,3.01,2.24,0.35,1.86
2023-08-31,15.88,15.86,16.14,15.77,146046,232624418.00,2.32,-0.69,-0.11,1.57
2023-09-01,15.89,15.95,16.25,15.77,102782,164557582.00,3.03,0.57,0.09,1.10
2023-09-04,16.00,16.10,16.18,15.86,94431,151033926.00,2.01,0.94,0.15,1.01
2023-09-05,16.12,16.04,16.35,15.95,125492,202955126.00,2.48,-0.37,-0.06,1.35
2023-09-06,16.00,17.20,17.50,15.96,398774,673096953.00,9.60,7.23,1.16,4.28
2023-09-07,17.15,16.36,17.15,16.36,258867,431605048.00,4.59,-4.88,-0.84,2.78
2023-09-08,16.40,16.60,16.93,16.27,165999,277270920.00,4.03,1.47,0.24,1.78
2023-09-11,16.80,16.56,16.85,16.30,147249,243375401.00,3.31,-0.24,-0.04,1.58
2023-09-12,16.55,16.51,16.73,16.35,95123,157009318.00,2.29,-0.30,-0.05,1.02
2023-09-13,16.40,16.28,16.53,16.18,92547,150910256.00,2.12,-1.39,-0.23,0.99
2023-09-14,16.20,16.16,16.35,16.00,92691,149533625.00,2.15,-0.74,-0.12,1.00
2023-09-15,16.24,16.12,16.46,16.03,85302,138196507.00,2.66,-0.25,-0.04,0.92
2023-09-18,16.05,16.15,16.25,15.91,80653,130162680.00,2.11,0.19,0.03,0.87
2023-09-19,16.19,15.93,16.22,15.79,75245,120222369.00,2.66,-1.36,-0.22,0.81
2023-09-20,15.93,15.59,15.96,15.56,77712,122251849.00,2.51,-2.13,-0.34,0.84
2023-09-21,15.50,15.54,15.75,15.44,64379,100308187.00,1.99,-0.32,-0.05,0.69
2023-09-22,15.49,15.80,15.81,15.41,80330,125834271.00,2.57,1.67,0.26,0.86
2023-09-25,15.81,15.58,15.81,15.55,59243,92739277.00,1.65,-1.39,-0.22,0.64
2023-09-26,15.57,15.39,15.58,15.31,52280,80768176.00,1.73,-1.22,-0.19,0.56
2023-09-27,15.41,15.39,15.71,15.32,53903,83645993.00,2.53,0.00,0.00,0.58
2023-09-28,15.58,15.75,15.92,15.46,82038,128776935.00,2.99,2.34,0.36,0.88
2023-10-09,15.74,15.38,15.75,15.35,96116,148836490.00,2.54,-2.35,-0.37,1.03
2023-10-10,15.40,15.49,15.72,15.40,81857,127318596.00,2.08,0.72,0.11,0.88
2023-10-11,15.50,15.69,15.84,15.45,85868,134870583.00,2.52,1.29,0.20,0.92
2023-10-12,15.79,15.94,16.17,15.59,120240,190505044.00,3.70,1.59,0.25,1.29
2023-10-13,15.85,15.86,16.05,15.53,107897,169793182.00,3.26,-0.50,-0.08,1.16
2023-10-16,15.85,15.26,15.87,15.15,121013,185557296.00,4.54,-3.78,-0.60,1.30
2023-10-17,15.26,15.25,15.38,15.01,67739,103174264.00,2.42,-0.07,-0.01,0.73
2023-10-18,15.20,14.86,15.42,14.86,81050,122139706.00,3.67,-2.56,-0.39,0.87
2023-10-19,14.76,15.11,15.55,14.71,120093,183720262.00,5.65,1.68,0.25,1.29
2023-10-20,14.98,14.82,15.16,14.78,84933,126782859.00,2.51,-1.92,-0.29,0.91
2023-10-23,14.78,14.33,14.78,14.26,91836,132698049.00,3.51,-3.31,-0.49,0.99
2023-10-24,14.39,14.88,15.07,14.23,110928,163450145.00,5.86,3.84,0.55,1.19
2023-10-25,15.00,15.04,15.24,14.95,82826,124997029.00,1.95,1.08,0.16,0.89
2023-10-26,14.96,15.13,15.19,14.85,81604,122640846.00,2.26,0.60,0.09,0.88
2023-10-27,15.10,15.91,16.05,15.01,169092,264532519.00,6.87,5.16,0.78,1.82
2023-10-30,15.94,16.45,16.64,15.86,192458,315113277.00,4.90,3.39,0.54,2.07
2023-10-31,16.56,18.10,18.10,16.56,454256,795412638.00,9.36,10.03,1.65,4.88
2023-11-01,17.64,17.26,17.72,17.10,408662,711192008.00,3.43,-4.64,-0.84,4.39
2023-11-02,17.12,16.74,17.39,16.68,189023,320482190.00,4.11,-3.01,-0.52,2.03
2023-11-03,16.65,16.83,16.95,16.61,185080,310468260.00,2.03,0.54,0.09,1.99
2023-11-06,16.84,16.97,17.12,16.76,138831,235239291.00,2.14,0.83,0.14,1.49
2023-11-07,16.99,17.21,17.31,16.92,219714,376193384.00,2.30,1.41,0.24,2.36
2023-11-08,17.20,18.93,18.93,17.16,542646,997067346.00,10.28,9.99,1.72,5.83
2023-11-09,18.87,18.58,19.07,18.21,593232,1108741286.00,4.54,-1.85,-0.35,6.37
2023-11-10,18.75,18.17,18.86,18.13,252486,465602825.00,3.93,-2.21,-0.41,2.71
2023-11-13,18.33,18.07,18.45,17.92,182754,330077071.00,2.92,-0.55,-0.10,1.96
2023-11-14,17.98,18.20,18.32,17.82,161462,292697488.00,2.77,0.72,0.13,1.73
2023-11-15,18.30,18.08,18.54,18.00,155355,282643841.00,2.97,-0.66,-0.12,1.67
2023-11-16,18.00,17.79,18.10,17.77,143298,256561818.00,1.83,-1.60,-0.29,1.54
2023-11-17,18.10,18.01,18.66,17.90,209854,382483901.00,4.27,1.24,0.22,2.25
2023-11-20,18.07,17.73,18.15,17.69,145480,259302752.00,2.55,-1.55,-0.28,1.56
2023-11-21,17.65,17.58,17.88,17.48,135968,240039825.00,2.26,-0.85,-0.15,1.46
2023-11-22,17.39,17.16,17.56,17.16,119234,206674035.00,2.28,-2.39,-0.42,1.28
2023-11-23,17.00,17.17,17.30,17.00,101396,173889077.00,1.75,0.06,0.01,1.09
2023-11-24,17.18,16.75,17.22,16.65,130293,219288847.00,3.32,-2.45,-0.42,1.40
2023-11-27,16.72,17.11,17.47,16.53,226243,384952732.00,5.61,2.15,0.36,2.43
2023-11-28,16.92,17.31,17.70,16.92,183170,318213088.00,4.56,1.17,0.20,1.97
2023-11-29,17.13,17.52,17.85,17.13,209376,370032663.00,4.16,1.21,0.21,2.25
2023-11-30,17.37,17.27,17.51,17.00,148620,255808678.00,2.91,-1.43,-0.25,1.60
2023-12-01,17.31,17.27,17.67,17.03,113598,196918949.00,3.71,0.00,0.00,1.22
2023-12-04,17.33,17.80,17.98,17.29,184578,326252556.00,4.00,3.07,0.53,1.98
2023-12-05,17.77,16.95,17.77,16.91,160533,276642633.00,4.83,-4.78,-0.85,1.72
2023-12-06,16.91,17.15,17.38,16.91,118637,203288112.00,2.77,1.18,0.20,1.27
2023-12-07,17.15,16.98,17.41,16.93,92301,157859677.00,2.80,-0.99,-0.17,0.99
2023-12-08,17.07,16.83,17.29,16.82,85979,146247460.00,2.77,-0.88,-0.15,0.92
2023-12-11,16.70,17.50,17.57,16.57,149305,256039894.00,5.94,3.98,0.67,1.60
2023-12-12,17.53,17.27,17.57,17.20,83134,144372861.00,2.11,-1.31,-0.23,0.89
2023-12-13,17.26,17.23,17.48,17.01,72153,124707236.00,2.72,-0.23,-0.04,0.78
2023-12-14,17.24,17.31,17.62,17.14,114965,199501962.00,2.79,0.46,0.08,1.24
2023-12-15,17.31,16.95,17.44,16.88,82086,140001549.00,3.24,-2.08,-0.36,0.88
2023-12-18,16.90,16.77,17.07,16.75,70812,119455312.00,1.89,-1.06,-0.18,0.76
2023-12-19,16.71,16.85,17.29,16.66,102484,174368170.00,3.76,0.48,0.08,1.10
2023-12-20,16.88,16.38,16.98,16.38,66075,109815166.00,3.56,-2.79,-0.47,0.71
2023-12-21,16.31,16.59,16.85,16.22,61830,102426065.00,3.85,1.28,0.21,0.66
2023-12-22,16.60,16.60,16.98,16.38,89719,149316404.00,3.62,0.06,0.01,0.96
2023-12-25,16.61,17.14,17.70,16.61,96747,167676160.00,6.57,3.25,0.54,1.04