2026-01-05,16.50,17.02,17.57,16.50,3812227,6456595957.50,6.22,-1.05,-0.18,11.50
2026-01-06,16.71,18.09,18.72,16.50,4198467,7440896160.95,13.04,6.29,1.07,12.67
2026-01-07,17.50,17.82,19.11,17.40,3591467,6496126947.90,9.45,-1.49,-0.27,10.84
2026-01-08,17.34,18.51,19.10,17.20,3354673,6182519660.19,10.66,3.87,0.69,10.12
2026-01-09,18.33,19.85,20.36,18.12,3535110,6949252099.45,12.10,7.24,1.34,10.67
2026-01-12,19.85,20.45,21.80,19.50,3590694,7328936398.29,11.59,3.02,0.60,10.83
2026-01-13,20.11,18.95,20.96,18.46,3478365,6802342450.03,12.22,-7.33,-1.50,10.49
2026-01-14,18.96,18.79,20.09,18.53,3163242,6103817747.34,8.23,-0.84,-0.16,9.54
2026-01-15,18.56,17.99,18.78,17.76,2282452,4139762313.25,5.43,-4.26,-0.80,6.89
2026-01-16,18.21,19.26,19.79,18.21,3425336,6596136837.20,8.78,7.06,1.27,10.33
2026-01-19,19.43,19.42,19.99,18.81,2952818,5728088408.22,6.13,0.83,0.16,8.91
2026-01-20,19.22,19.46,19.85,18.89,2195206,4245812936.64,4.94,0.21,0.04,6.62
2026-01-21,19.10,20.06,20.43,18.89,2824443,5643940867.82,7.91,3.08,0.60,8.52
2026-01-22,20.06,19.68,20.84,19.49,2343098,4693634847.23,6.73,-1.89,-0.38,7.07
2026-01-23,19.72,19.69,20.68,19.51,2034901,4057295408.92,5.95,0.05,0.01,6.14
2026-01-26,19.81,18.81,20.30,18.61,1976872,3819762470.97,8.58,-4.47,-0.88,5.96
2026-01-27,18.70,18.51,18.91,18.06,1468067,2705748502.53,4.52,-1.59,-0.30,4.43
2026-01-28,18.33,17.80,18.33,17.51,1481959,2637358679.90,4.43,-3.84,-0.71,4.47
2026-01-29,17.74,17.20,17.93,17.11,1325031,2312297305.99,4.61,-3.37,-0.60,4.00
2026-01-30,17.19,17.23,17.58,16.73,1264109,2171057201.56,4.94,0.17,0.03,3.81
2026-02-02,17.06,17.24,17.92,17.06,1498107,2613265508.45,4.99,0.06,0.01,4.52
2026-02-03,17.30,17.52,17.55,16.91,1261974,2174717707.43,3.71,1.62,0.28,3.81
2026-02-04,17.30,17.19,17.39,17.02,958586,1647193222.51,2.11,-1.88,-0.33,2.89
2026-02-05,17.02,16.65,17.08,16.55,846497,1414395176.84,3.08,-3.14,-0.54,2.55
2026-02-06,16.56,17.42,17.98,16.50,1732230,3017136160.24,8.89,4.62,0.77,5.23
2026-02-09,17.41,17.75,17.93,17.38,1312480,2317054241.67,3.16,1.89,0.33,3.96
2026-02-10,17.75,19.53,19.53,17.53,2296724,4255897439.00,11.27,10.03,1.78,6.93
2026-02-11,19.24,20.21,20.88,18.80,3639387,7221334249.64,10.65,3.48,0.68,10.98
2026-02-12,19.85,19.62,20.53,19.56,2385291,4744908604.30,4.80,-2.92,-0.59,7.20
2026-02-13,19.52,20.31,20.64,19.46,2499078,5054041841.56,6.01,3.52,0.69,7.54
2026-02-24,20.41,19.88,20.78,18.85,2400730,4730172166.07,9.50,-2.12,-0.43,7.24
2026-02-25,19.43,19.28,19.47,18.88,1525288,2926833602.35,2.97,-3.02,-0.60,4.60
2026-02-26,19.27,19.44,20.24,19.16,1628318,3186152108.51,5.60,0.83,0.16,4.91
2026-02-27,19.22,20.07,20.17,19.10,1417098,2793465150.12,5.50,3.24,0.63,4.28
2026-03-02,19.26,18.68,19.53,18.60,1623756,3073596891.08,4.63,-6.93,-1.39,4.90
2026-03-03,18.67,17.20,19.09,17.04,1521146,2696319201.42,10.97,-7.92,-1.48,4.59
2026-03-04,16.91,17.49,17.64,16.91,861547,1497438070.29,4.24,1.69,0.29,2.60
2026-03-05,17.90,17.86,18.18,17.71,978151,1758385994.05,2.69,2.12,0.37,2.95
2026-03-06,17.73,17.89,18.26,17.63,701053,1262584799.19,3.53,0.17,0.03,2.12
2026-03-09,17.47,17.66,17.75,17.10,765586,1331333706.56,3.63,-1.29,-0.23,2.31
2026-03-10,18.00,18.37,18.62,17.80,1344276,2452606993.59,4.64,4.02,0.71,4.06
2026-03-11,18.27,17.89,18.45,17.84,945502,1711352426.52,3.32,-2.61,-0.48,2.85
2026-03-12,17.81,17.57,18.07,17.51,719483,1276024855.84,3.13,-1.79,-0.32,2.17
2026-03-13,17.30,16.95,17.48,16.85,755978,1294244524.81,3.59,-3.53,-0.62,2.28
2026-03-16,16.81,16.69,16.89,16.36,584665,970603764.55,3.13,-1.53,-0.26,1.76
2026-03-17,16.89,16.32,17.00,16.30,588573,979665580.87,4.19,-2.22,-0.37,1.78
2026-03-18,16.36,16.57,16.60,16.21,453868,745487563.04,2.39,1.53,0.25,1.37
2026-03-19,16.23,15.92,16.28,15.83,567136,908810553.35,2.72,-3.92,-0.65,1.71
2026-03-20,15.99,15.55,16.15,15.50,468024,739342468.43,4.08,-2.32,-0.37,1.41
2026-03-23,15.29,14.83,15.70,14.75,849412,1296409073.63,6.11,-4.63,-0.72,2.56
2026-03-24,15.18,15.01,15.22,14.64,666676,992863857.43,3.91,1.21,0.18,2.01
2026-03-25,15.06,15.60,15.73,15.06,854756,1322249888.74,4.46,3.93,0.59,2.58
2026-03-26,15.49,15.46,15.95,15.40,770313,1206677627.48,3.53,-0.90,-0.14,2.32
2026-03-27,15.11,15.43,15.56,15.11,467803,719359393.69,2.91,-0.19,-0.03,1.41
2026-03-30,15.15,15.40,15.46,15.08,394236,602678256.07,2.46,-0.19,-0.03,1.19
2026-03-31,15.40,15.43,15.95,15.40,645526,1008529809.57,3.57,0.19,0.03,1.95
2026-04-01,15.79,15.69,15.95,15.43,703505,1102853693.51,3.37,1.69,0.26,2.12
2026-04-02,15.55,15.24,15.68,15.16,497010,764332855.70,3.31,-2.87,-0.45,1.50
2026-04-03,15.41,14.80,15.42,14.79,425532,635512904.40,4.13,-2.89,-0.44,1.28
2026-04-07,15.01,14.85,15.10,14.77,351199,524710090.80,2.23,0.34,0.05,1.06
2026-04-08,15.26,15.69,15.72,15.20,619030,960152773.28,3.50,5.66,0.84,1.87
2026-04-09,15.41,15.31,15.52,15.08,502938,771148584.53,2.80,-2.42,-0.38,1.52
2026-04-10,15.47,16.32,16.84,15.40,1847077,3039656883.93,9.41,6.60,1.01,5.57
2026-04-13,15.90,16.15,16.18,15.86,1124107,1800017233.99,1.96,-1.04,-0.17,3.39
2026-04-14,16.33,16.46,16.58,16.03,1001465,1638951926.03,3.41,1.92,0.31,3.02
2026-04-15,16.60,16.28,16.70,16.18,996710,1634925573.42,3.16,-1.09,-0.18,3.01
2026-04-16,16.69,16.54,16.78,16.30,927957,1528174808.80,2.95,1.60,0.26,2.80
2026-04-17,16.28,16.29,16.45,16.11,730483,1186636731.90,2.06,-1.51,-0.25,2.20
2026-04-20,16.30,16.60,16.84,16.20,1105640,1825526344.60,3.93,1.90,0.31,3.34
2026-04-21,16.44,17.27,17.70,16.21,1672082,2861688904.03,8.98,4.04,0.67,5.04
2026-04-22,16.98,17.15,17.34,16.85,964350,1649557109.20,2.84,-0.69,-0.12,2.91
2026-04-23,17.16,17.98,18.78,16.53,2004231,3514876224.04,13.12,4.84,0.83,6.05
2026-04-24,17.58,17.70,18.01,17.50,1169587,2079322357.71,2.84,-1.56,-0.28,3.53
2026-04-27,17.00,17.08,17.42,16.67,988917,1685467153.78,4.24,-3.50,-0.62,2.98
2026-04-28,16.80,15.76,16.90,15.73,1111519,1805025448.06,6.85,-7.73,-1.32,3.35
2026-04-29,15.70,15.84,16.11,15.60,606088,963067190.11,3.24,0.51,0.08,1.83
2026-04-30,15.73,16.09,16.43,15.72,619527,1000596596.95,4.48,1.58,0.25,1.87