2009-01-05,7.54,7.55,7.63,7.33,32524,44656472.00,4.03,1.48,0.11,1.00
2009-01-06,7.47,7.62,7.67,7.36,48423,67605081.00,4.11,0.93,0.07,1.49
2009-01-07,7.62,7.38,7.62,7.30,42158,57836581.00,4.20,-3.15,-0.24,1.30
2009-01-08,7.29,7.06,7.35,6.91,43656,57911290.00,5.96,-4.34,-0.32,1.35
2009-01-09,7.04,7.12,7.13,6.89,54646,71799842.00,3.40,0.85,0.06,1.69
2009-01-12,7.02,6.98,7.09,6.81,35916,46759351.00,3.93,-1.97,-0.14,1.11
2009-01-13,6.95,6.65,6.95,6.58,32794,41805478.00,5.30,-4.73,-0.33,1.01
2009-01-14,6.65,6.92,6.97,6.58,43021,55124328.00,5.86,4.06,0.27,1.33
2009-01-15,6.71,6.99,7.06,6.71,53672,69743107.00,5.06,1.01,0.07,1.66
2009-01-16,7.06,6.57,7.12,6.29,143958,181018363.00,11.87,-6.01,-0.42,4.44
2009-01-19,6.58,6.69,6.78,6.50,84765,107091412.00,4.26,1.83,0.12,2.62
2009-01-20,6.64,6.95,6.99,6.57,63578,81963857.00,6.28,3.89,0.26,1.96
2009-01-21,6.88,6.92,6.99,6.82,42572,55267041.00,2.45,-0.43,-0.03,1.31
2009-01-22,6.92,6.77,6.99,6.50,81413,104935285.00,7.08,-2.17,-0.15,2.51
2009-01-23,6.67,6.38,6.90,6.33,66333,82613209.00,8.42,-5.76,-0.39,2.05
2009-02-02,6.51,6.56,6.61,6.39,34926,43425001.00,3.45,2.82,0.18,1.08
2009-02-03,6.57,7.01,7.01,6.49,83372,106967217.00,7.93,6.86,0.45,2.57
2009-02-04,7.10,7.05,7.40,6.95,119962,160499010.00,6.42,0.57,0.04,3.70
2009-02-05,7.07,6.61,7.15,6.55,170196,218292653.00,8.51,-6.24,-0.44,5.25
2009-02-06,6.67,6.97,6.97,6.56,179392,229265658.00,6.20,5.45,0.36,5.54
2009-02-09,7.06,7.70,7.83,7.06,223627,306252866.00,11.05,10.47,0.73,6.90
2009-02-10,7.60,7.60,7.61,7.31,143659,197741134.00,3.90,-1.30,-0.10,4.43
2009-02-11,7.44,7.72,8.03,7.26,190452,267042572.00,10.13,1.58,0.12,5.88
2009-02-12,7.72,7.86,7.92,7.44,135726,191430242.00,6.22,1.81,0.14,4.19
2009-02-13,7.89,7.99,8.22,7.82,205396,299558018.00,5.09,1.65,0.13,6.34
2009-02-16,8.01,7.73,8.05,7.56,186217,264113454.00,6.13,-3.25,-0.26,5.75
2009-02-17,7.75,7.26,7.86,7.25,184442,254369737.00,7.89,-6.08,-0.47,5.69
2009-02-18,7.13,7.34,7.62,7.06,200088,275396494.00,7.71,1.10,0.08,6.18
2009-02-19,7.37,8.29,8.29,7.17,350480,506033749.00,15.26,12.94,0.95,10.82
2009-02-20,8.31,8.76,9.16,8.31,330588,520270352.00,10.25,5.67,0.47,10.20
2009-02-23,8.72,9.08,9.31,8.49,162077,259845091.00,9.36,3.65,0.32,5.00
2009-02-24,8.93,8.62,9.24,8.58,202914,320116883.00,7.27,-5.07,-0.46,6.26
2009-02-25,8.76,9.24,9.42,8.57,193639,310555419.00,9.86,7.19,0.62,5.98
2009-02-26,9.24,8.87,10.36,8.55,198500,334533176.00,19.59,-4.00,-0.37,6.13
2009-02-27,8.92,8.90,9.52,8.67,168950,270948331.00,9.58,0.34,0.03,5.21
2009-03-02,8.72,10.01,10.01,8.65,194539,324125688.00,15.28,12.47,1.11,6.00
2009-03-03,9.84,9.88,10.29,9.46,155322,267481315.00,8.29,-1.30,-0.13,4.79
2009-03-04,9.97,10.29,10.74,9.54,302068,537069997.00,12.15,4.15,0.41,9.32
2009-03-05,10.29,10.17,10.71,9.96,156596,281237217.00,7.29,-1.17,-0.12,4.83
2009-03-06,10.17,8.99,10.17,8.95,240603,398473735.00,12.00,-11.60,-1.18,7.43
2009-03-09,8.86,9.27,9.65,8.86,211430,345772446.00,8.79,3.11,0.28,6.53
2009-03-10,9.07,9.30,9.52,8.70,124805,200957499.00,8.85,0.32,0.03,3.85
2009-03-11,9.47,9.55,9.95,9.35,161182,273333590.00,6.45,2.69,0.25,4.98
2009-03-12,9.47,9.51,9.74,9.21,90472,151194658.00,5.55,-0.42,-0.04,2.79
2009-03-13,9.53,9.83,9.96,9.53,108497,186190118.00,4.52,3.36,0.32,3.35
2009-03-16,9.83,9.48,9.86,9.22,74693,124329581.00,6.51,-3.56,-0.35,2.31
2009-03-17,9.40,9.56,9.70,9.17,116746,194468712.00,5.59,0.84,0.08,3.60
2009-03-18,9.60,9.35,9.63,9.01,202801,334145335.00,6.49,-2.20,-0.21,6.26
2009-03-19,9.26,9.36,9.41,9.11,127658,209058557.00,3.21,0.11,0.01,3.94
2009-03-20,9.40,9.38,9.40,9.10,118697,194036745.00,3.21,0.21,0.02,3.66
2009-03-23,9.21,10.01,10.04,9.17,200751,334947898.00,9.28,6.72,0.63,6.20
2009-03-24,9.85,9.46,10.04,9.35,232030,391491748.00,6.89,-5.49,-0.55,7.16
2009-03-25,9.38,8.81,9.38,8.78,195194,313731545.00,6.34,-6.87,-0.65,6.03
2009-03-26,8.81,9.08,9.11,8.78,139615,221383593.00,3.75,3.06,0.27,4.31
2009-03-27,9.08,8.97,9.20,8.92,177642,284969777.00,3.08,-1.21,-0.11,5.48
2009-03-30,8.89,8.84,9.04,8.72,91588,144663205.00,3.57,-1.45,-0.13,2.83
2009-03-31,8.69,9.18,9.24,8.59,175463,281560609.00,7.35,3.85,0.34,5.42
2009-04-01,9.23,9.13,9.26,9.04,125511,203213797.00,2.40,-0.54,-0.05,3.87
2009-04-02,9.15,8.90,9.19,8.88,133736,213665137.00,3.40,-2.52,-0.23,4.13
2009-04-03,8.91,8.69,9.00,8.66,103665,162557853.00,3.82,-2.36,-0.21,3.20
2009-04-07,8.70,9.12,9.20,8.70,142778,228896468.00,5.75,4.95,0.43,4.41
2009-04-08,9.12,8.81,9.23,8.79,86827,139047879.00,4.82,-3.40,-0.31,2.68
2009-04-09,8.81,9.01,9.03,8.71,79200,125904704.00,3.63,2.27,0.20,2.44
2009-04-10,9.08,9.43,9.63,8.95,216847,358117189.00,7.55,4.66,0.42,6.69
2009-04-15,9.77,9.36,9.89,9.06,247959,411520390.00,8.80,-0.74,-0.07,7.65
2009-04-16,9.21,9.44,9.56,9.11,160324,264505496.00,4.81,0.85,0.08,4.95
2009-04-17,9.50,9.21,9.55,9.06,119109,195709038.00,5.19,-2.44,-0.23,3.68
2009-04-20,9.15,9.40,9.47,9.14,97459,160489646.00,3.58,2.06,0.19,3.01
2009-04-21,9.17,9.79,9.81,9.07,227839,380171447.00,7.87,4.15,0.39,7.03
2009-04-22,9.78,9.38,9.83,9.36,179807,303244014.00,4.80,-4.19,-0.41,5.55
2009-04-23,9.22,9.12,9.37,8.79,93513,150813322.00,6.18,-2.77,-0.26,2.89
2009-04-24,9.21,8.99,9.37,8.94,69679,112965553.00,4.71,-1.43,-0.13,2.15
2009-04-27,8.95,8.11,9.04,8.10,103591,159045274.00,10.46,-9.79,-0.88,3.20
2009-04-28,8.03,7.72,8.06,7.61,92546,131767162.00,5.55,-4.81,-0.39,2.86
2009-04-29,7.76,8.07,8.08,7.76,83460,120815180.00,4.15,4.53,0.35,2.58
2009-04-30,8.11,8.41,8.67,7.97,83703,124296855.00,8.67,4.21,0.34,2.58
2009-05-04,8.38,8.44,8.57,8.29,132959,201443857.00,3.33,0.36,0.03,4.10
2009-05-05,8.49,8.62,8.68,8.38,100130,153065575.00,3.55,2.13,0.18,3.09
2009-05-07,8.78,8.33,8.86,8.24,107190,164332688.00,7.19,-3.36,-0.29,3.31
2009-05-08,8.33,7.89,8.35,7.69,139523,201214368.00,7.92,-5.28,-0.44,4.31
2009-05-11,7.87,7.41,8.06,7.40,127174,179831655.00,8.37,-6.08,-0.48,3.93
2009-05-12,7.48,7.68,7.72,7.42,66349,92618788.00,4.05,3.64,0.27,2.05
2009-05-13,7.74,7.66,7.74,7.50,77372,108283410.00,3.13,-0.26,-0.02,2.39
2009-05-14,7.61,7.95,8.04,7.54,110997,160384773.00,6.53,3.79,0.29,3.43
2009-05-15,7.99,7.86,8.06,7.67,73100,104322546.00,4.91,-1.13,-0.09,2.26
2009-05-18,7.82,7.94,7.99,7.60,76868,109294888.00,4.96,1.02,0.08,2.37
2009-05-19,7.98,8.51,8.72,7.82,218204,330178230.00,11.34,7.18,0.57,6.74
2009-05-20,8.51,8.50,8.76,8.45,113377,175046435.00,3.64,-0.12,-0.01,3.50
2009-05-21,8.41,8.84,8.99,8.36,197613,309991222.00,7.41,4.00,0.34,6.10
2009-05-22,8.93,8.81,9.24,8.69,212722,340332370.00,6.22,-0.34,-0.03,4.16
2009-05-25,8.58,9.04,9.20,8.32,123350,194306964.00,9.99,2.61,0.23,2.41
2009-05-26,9.13,9.42,10.08,9.13,266373,449869049.00,10.51,4.20,0.38,5.21
2009-05-27,9.41,9.58,9.81,9.29,200049,337171875.00,5.52,1.70,0.16,3.91
2009-06-01,9.61,9.87,9.90,9.35,232470,394177320.00,5.74,3.03,0.29,4.55
2009-06-02,9.96,9.78,9.97,9.56,228867,391426552.00,4.15,-0.91,-0.09,4.48
2009-06-03,9.78,9.56,9.90,9.52,123677,209857930.00,3.89,-2.25,-0.22,2.42
2009-06-04,9.49,9.80,10.36,9.36,220132,382182783.00,10.46,2.51,0.24,4.31
2009-06-05,9.83,10.53,10.81,9.83,286165,519179029.00,10.00,7.45,0.73,5.60
2009-06-08,10.58,10.06,10.71,9.85,169227,297500374.00,8.17,-4.46,-0.47,3.31
2009-06-09,10.03,10.06,10.42,9.68,70057,101333674.00,7.36,0.00,0.00,1.14
2009-06-10,9.90,9.73,10.04,9.50,117055,164096436.00,5.37,-3.28,-0.33,1.91
2009-06-11,9.73,9.83,10.00,9.53,107705,153385438.00,4.83,1.03,0.10,1.76
2009-06-12,9.86,9.30,9.86,9.04,96510,132430190.00,8.34,-5.39,-0.53,1.57
2009-06-15,9.29,9.13,9.38,9.08,75758,102224182.00,3.23,-1.83,-0.17,1.23
2009-06-16,9.13,9.30,9.46,9.13,87407,119500762.00,3.61,1.86,0.17,1.42
2009-06-17,9.33,9.28,9.36,9.08,50041,67409835.00,3.01,-0.22,-0.02,0.82
2009-06-18,9.39,9.48,9.51,9.13,94965,129791082.00,4.09,2.16,0.20,1.55
2009-06-19,9.39,9.46,9.60,9.39,49525,68435632.00,2.22,-0.21,-0.02,0.81
2009-06-22,9.54,9.20,9.59,9.11,98372,133083021.00,5.07,-2.75,-0.26,1.60
2009-06-23,9.16,8.91,9.23,8.82,70985,93894248.00,4.46,-3.15,-0.29,1.16
2009-06-24,8.96,9.08,9.12,8.88,62448,82910031.00,2.69,1.91,0.17,1.02
2009-06-25,9.18,10.20,10.20,9.16,454917,657228171.00,11.45,12.33,1.12,7.42
2009-06-26,10.20,10.56,10.77,9.97,248277,370841475.00,7.84,3.53,0.36,4.05
2009-06-29,10.57,10.42,10.71,10.06,157521,235316147.00,6.16,-1.33,-0.14,2.57
2009-06-30,10.44,10.20,10.44,10.08,89483,131472213.00,3.45,-2.11,-0.22,1.46
2009-07-01,10.17,11.05,11.43,10.13,284098,448997739.00,12.75,8.33,0.85,4.63
2009-07-02,10.79,10.83,11.17,10.69,198791,308111851.00,4.34,-1.99,-0.22,3.24
2009-07-03,10.83,11.43,11.70,10.83,218030,352094483.00,8.03,5.54,0.60,3.55
2009-07-06,11.63,11.41,12.09,11.23,297388,488774456.00,7.52,-0.17,-0.02,4.85
2009-07-07,11.41,11.27,11.63,11.08,202827,325691991.00,4.82,-1.23,-0.14,3.31
2009-07-08,11.29,11.16,11.53,10.77,165799,261636132.00,6.74,-0.98,-0.11,2.70
2009-07-09,11.13,11.07,11.31,10.63,295947,463317623.00,6.09,-0.81,-0.09,4.82
2009-07-10,11.09,11.30,11.63,11.09,305911,492912945.00,4.88,2.08,0.23,4.99
2009-07-13,11.38,12.63,12.63,11.38,317838,549555915.00,11.06,11.77,1.33,5.18
2009-07-14,13.05,12.74,13.37,12.50,303317,538451768.00,6.89,0.87,0.11,4.94
2009-07-15,12.76,13.83,14.21,12.67,309464,575171092.00,12.09,8.56,1.09,5.04
2009-07-16,14.04,14.20,14.33,13.67,317668,611362338.00,4.77,2.68,0.37,5.18
2009-07-20,14.63,13.11,14.86,12.88,685511,1263377289.00,13.94,-7.68,-1.09,11.17
2009-07-21,13.13,12.46,13.19,12.43,320852,566186226.00,5.80,-4.96,-0.65,5.23
2009-07-22,12.38,12.56,12.84,12.21,223326,391757028.00,5.06,0.80,0.10,3.64
2009-07-23,12.54,12.38,12.54,12.08,228726,393375295.00,3.66,-1.43,-0.18,3.73
2009-07-24,12.56,12.93,13.08,12.55,363458,650560397.00,4.28,4.44,0.55,5.92
2009-07-27,13.08,12.94,13.17,12.72,201966,362535613.00,3.48,0.08,0.01,3.29
2009-07-28,12.96,13.32,13.61,12.54,297681,541904764.00,8.27,2.94,0.38,4.85
2009-07-29,13.15,12.04,13.24,11.78,232346,408544135.00,10.96,-9.61,-1.28,3.79
2009-07-30,12.13,12.12,12.45,11.64,127766,215739762.00,6.73,0.66,0.08,2.08
2009-07-31,12.22,12.53,12.65,12.12,132842,231446440.00,4.37,3.38,0.41,2.17
2009-08-03,12.70,12.39,12.79,12.12,212917,369479338.00,5.35,-1.12,-0.14,3.47
2009-08-04,12.42,12.12,12.45,11.96,160047,272051168.00,3.95,-2.18,-0.27,2.61
2009-08-05,12.13,12.22,12.47,11.98,158457,271427056.00,4.04,0.83,0.10,2.58
2009-08-06,12.13,12.64,13.19,11.96,337527,598153499.00,10.07,3.44,0.42,5.50
2009-08-07,12.66,12.28,13.12,12.25,202295,357065438.00,6.88,-2.85,-0.36,3.30
2009-08-10,12.29,12.28,12.70,12.07,92341,159316357.00,5.13,0.00,0.00,1.51
2009-08-11,12.38,12.65,12.83,12.29,154770,273071536.00,4.40,3.01,0.37,2.52
2009-08-12,12.63,12.35,12.83,12.31,165580,291341482.00,4.11,-2.37,-0.30,2.70
2009-08-13,12.35,11.94,12.43,11.75,94209,158377792.00,5.51,-3.32,-0.41,1.54
2009-08-14,11.87,11.61,11.99,10.69,202094,319708672.00,10.89,-2.76,-0.33,3.29
2009-08-17,11.13,11.13,11.31,10.65,117066,183713751.00,5.68,-4.13,-0.48,1.91
2009-08-18,11.12,11.26,11.55,11.00,117565,188651375.00,4.94,1.17,0.13,1.92
2009-08-19,11.13,10.78,11.54,10.68,89619,142511139.00,7.64,-4.26,-0.48,1.46
2009-08-20,10.71,11.02,11.04,10.38,73119,112938761.00,6.12,2.23,0.24,1.19
2009-08-21,10.96,11.18,11.33,10.79,88622,140100642.00,4.90,1.45,0.16,1.44
2009-08-24,11.22,11.85,12.03,11.18,171584,283351547.00,7.60,5.99,0.67,2.80
2009-08-25,11.77,11.93,12.17,11.50,154628,257349857.00,5.65,0.68,0.08,2.52
2009-08-26,11.98,12.12,12.43,11.73,203534,349139647.00,5.87,1.59,0.19,3.32
2009-08-27,12.13,12.13,12.42,11.96,90728,155001998.00,3.80,0.08,0.01,1.48
2009-08-28,12.04,12.29,12.44,11.89,130540,223085747.00,4.53,1.32,0.16,2.13
2009-08-31,12.15,11.22,12.15,11.18,131483,215971884.00,7.89,-8.71,-1.07,2.14
2009-09-01,10.95,11.03,11.37,10.88,57630,91270262.00,4.37,-1.69,-0.19,0.94
2009-09-02,11.03,11.01,11.25,10.67,72304,112535699.00,5.26,-0.18,-0.02,1.18
2009-09-03,10.88,11.63,11.67,10.88,69787,112605745.00,7.18,5.63,0.62,1.14
2009-09-04,11.62,12.23,12.34,11.47,132497,221671443.00,7.48,5.16,0.60,2.16
2009-09-07,12.13,12.47,12.58,12.13,142246,246699597.00,3.68,1.96,0.24,2.32
2009-09-08,12.38,12.88,12.92,12.29,184258,326857484.00,5.05,3.29,0.41,3.00
2009-09-09,12.91,12.67,12.92,12.49,119236,210993257.00,3.34,-1.63,-0.21,1.94
2009-09-10,12.79,13.01,13.26,12.63,205569,373535336.00,4.97,2.68,0.34,3.35
2009-09-11,12.96,12.75,13.13,12.67,102052,181954942.00,3.54,-2.00,-0.26,1.66
2009-09-14,12.80,12.86,12.92,12.53,119303,211428846.00,3.06,0.86,0.11,1.94
2009-09-15,12.76,12.90,13.13,12.67,99833,178659379.00,3.58,0.31,0.04,1.63
2009-09-16,12.89,13.44,13.75,12.88,265215,487310419.00,6.74,4.19,0.54,4.32
2009-09-17,13.43,13.43,13.63,12.97,214525,393612453.00,4.91,-0.07,-0.01,3.50
2009-09-18,13.43,12.86,13.89,12.63,209889,390287525.00,9.38,-4.24,-0.57,3.42
2009-09-21,12.80,13.97,14.34,12.75,268176,497963684.00,12.36,8.63,1.11,4.37
2009-09-22,13.79,13.71,14.15,13.55,217774,416605959.00,4.29,-1.86,-0.26,3.55
2009-09-23,13.54,13.21,14.09,12.96,156885,292326923.00,8.24,-3.65,-0.50,2.56
2009-09-24,13.21,12.58,13.38,12.25,109930,195410445.00,8.55,-4.77,-0.63,1.79
2009-09-25,12.54,12.12,12.73,12.05,79496,138095338.00,5.41,-3.66,-0.46,1.30
2009-09-28,12.35,11.90,12.43,11.79,56221,95726168.00,5.28,-1.82,-0.22,0.92
2009-09-29,11.79,12.20,12.28,11.51,71209,119488298.00,6.47,2.52,0.30,1.16
2009-09-30,12.29,12.24,12.43,12.20,46157,79546211.00,1.89,0.33,0.04,0.75
2009-10-09,12.49,12.88,12.90,12.26,49748,88172004.00,5.23,5.23,0.64,0.81
2009-10-12,12.73,12.88,13.06,12.56,63041,112364770.00,3.88,0.00,0.00,1.03
2009-10-13,12.93,13.40,13.47,12.72,120356,220054812.00,5.82,4.04,0.52,1.96
2009-10-14,13.34,13.23,13.53,13.18,98272,181617600.00,2.61,-1.27,-0.17,1.60
2009-10-15,13.33,12.78,13.38,12.62,69161,124447603.00,5.74,-3.40,-0.45,1.13
2009-10-16,12.85,12.73,12.88,12.41,38598,67949995.00,3.68,-0.39,-0.05,0.63
2009-10-19,12.54,12.88,12.93,12.42,101503,179580828.00,4.01,1.18,0.15,1.65
2009-10-20,12.84,13.16,13.18,12.76,96214,174072369.00,3.26,2.17,0.28,1.57
2009-10-21,13.08,12.63,13.13,12.61,119458,213630948.00,3.95,-4.03,-0.53,1.95
2009-10-22,12.50,12.38,12.62,12.23,72391,125216609.00,3.09,-1.98,-0.25,1.18
2009-10-23,12.40,12.60,12.61,12.29,104434,181283586.00,2.58,1.78,0.22,1.70
2009-10-26,12.55,12.33,12.56,12.23,93061,160594773.00,2.62,-2.14,-0.27,1.52
2009-10-27,12.28,12.16,12.58,12.08,115465,199336515.00,4.06,-1.38,-0.17,1.88
2009-10-28,12.04,12.33,12.34,11.96,52168,89009798.00,3.13,1.40,0.17,0.85
2009-10-29,12.20,12.32,12.45,12.08,42244,72634146.00,3.00,-0.08,-0.01,0.69
2009-10-30,12.38,12.08,12.44,12.04,84916,145535810.00,3.25,-1.95,-0.24,1.38
2009-11-02,11.88,12.48,12.54,11.79,108172,186305281.00,6.21,3.31,0.40,1.76
2009-11-03,12.44,13.19,13.21,12.42,222614,401278343.00,6.33,5.69,0.71,3.63
2009-11-04,13.46,13.44,13.71,13.23,262407,488784913.00,3.64,1.90,0.25,4.28
2009-11-05,13.71,13.18,13.78,13.03,190023,348587858.00,5.58,-1.93,-0.26,3.10
2009-11-06,13.23,13.05,13.34,13.00,177234,322472073.00,2.58,-0.99,-0.13,2.89
2009-11-13,13.36,13.20,13.36,12.67,209931,378412551.00,5.29,1.15,0.15,3.08
2009-11-16,13.23,13.37,13.58,12.96,174699,322268042.00,4.70,1.29,0.17,2.56
2009-11-17,13.36,13.01,13.36,12.88,186234,336345331.00,3.59,-2.69,-0.36,2.73
2009-11-18,12.96,12.82,13.08,12.68,136525,243311544.00,3.07,-1.46,-0.19,2.00
2009-11-19,12.80,13.03,13.04,12.64,186194,332087952.00,3.12,1.64,0.21,2.73
2009-11-20,12.94,12.98,13.17,12.88,146087,264107768.00,2.23,-0.38,-0.05,2.14
2009-11-23,13.03,13.45,13.59,12.88,267822,491680306.00,5.47,3.62,0.47,3.92
2009-11-24,13.25,12.57,13.28,12.50,490170,882325976.00,5.80,-6.54,-0.88,7.18
2009-11-25,12.45,12.65,12.71,12.30,164176,286612887.00,3.26,0.64,0.08,2.41
2009-11-26,12.64,11.85,12.64,11.75,176235,301767041.00,7.04,-6.32,-0.80,2.58
2009-11-27,11.75,11.77,11.99,11.68,118080,196780672.00,2.62,-0.68,-0.08,1.73
2009-11-30,11.86,12.28,12.54,11.86,157612,269181641.00,5.78,4.33,0.51,2.31
2009-12-01,12.32,12.39,12.49,12.11,142924,246119511.00,3.09,0.90,0.11,2.09
2009-12-02,12.38,12.48,12.48,12.29,100556,173883254.00,1.53,0.73,0.09,1.47
2009-12-03,12.55,12.33,12.63,12.18,127386,219912811.00,3.61,-1.20,-0.15,1.87
2009-12-04,12.38,12.25,12.45,11.75,222529,377344477.00,5.68,-0.65,-0.08,3.26
2009-12-07,12.33,12.16,12.38,12.09,132379,225991725.00,2.37,-0.73,-0.09,1.94
2009-12-08,11.96,11.96,12.26,11.83,155569,261915405.00,3.54,-1.64,-0.20,2.28
2009-12-09,11.93,11.80,12.06,11.75,114850,192078325.00,2.59,-1.34,-0.16,1.68
2009-12-10,11.84,11.87,11.95,11.75,89540,148968145.00,1.69,0.59,0.07,1.31
2009-12-11,12.00,12.22,12.30,11.86,179141,304473792.00,3.71,2.95,0.35,2.62
2009-12-14,12.26,11.93,12.26,11.69,106266,177351801.00,4.66,-2.37,-0.29,1.56
2009-12-15,11.95,11.71,11.96,11.69,97754,162093887.00,2.26,-1.84,-0.22,1.43
2009-12-16,11.78,11.68,11.87,11.63,77826,128562138.00,2.05,-0.26,-0.03,1.14
2009-12-17,11.72,11.16,11.77,11.14,124076,199135902.00,5.39,-4.45,-0.52,1.82
2009-12-18,11.08,10.60,11.17,10.46,87707,134994258.00,6.36,-5.02,-0.56,1.29
2009-12-21,10.75,10.87,10.99,10.54,86986,134391589.00,4.25,2.55,0.27,1.27
2009-12-22,10.91,10.48,10.95,10.47,60604,92413955.00,4.42,-3.59,-0.39,0.89
2009-12-23,10.53,10.57,10.58,10.38,46696,70321438.00,1.91,0.86,0.09,0.68
2009-12-24,10.61,10.93,11.03,10.58,86671,133981216.00,4.26,3.41,0.36,1.27
2009-12-25,10.93,10.95,11.24,10.87,86785,136426971.00,3.39,0.18,0.02,1.27
2009-12-28,10.95,11.00,11.21,10.92,73484,115216650.00,2.65,0.46,0.05,1.08
2009-12-29,11.07,10.96,11.11,10.79,90553,140817892.00,2.91,-0.36,-0.04,1.33
2009-12-30,11.00,10.65,11.00,10.57,187590,286221194.00,3.92,-2.83,-0.31,2.75
2009-12-31,10.72,10.80,10.81,10.62,111962,171363606.00,1.78,1.41,0.15,1.64