MjAxOS0wMS0wMiw0LjgzLDQuODQsNC45Niw0Ljc4LDM0MDM5NywxNjY4MzgxMDUuMDAsMy43MCwtMC42MiwtMC4wMywzLjI2
2019-01-03,4.81,4.65,4.92,4.58,390234,184997693.00,7.02,-3.93,-0.19,3.73
2019-01-04,4.70,5.12,5.12,4.70,446655,223195833.00,9.03,10.11,0.47,4.27
2019-01-07,5.27,5.30,5.55,5.24,993934,538251792.00,6.05,3.52,0.18,9.51
2019-01-08,5.30,5.61,5.83,5.30,988941,559236944.00,10.00,5.85,0.31,9.46
2019-01-09,5.49,5.46,5.78,5.35,828775,464247968.00,7.66,-2.67,-0.15,7.93
2019-01-10,5.46,5.33,5.73,5.19,637055,350489168.00,9.89,-2.38,-0.13,6.10
2019-01-11,5.35,5.29,5.40,5.16,425824,225922495.00,4.50,-0.75,-0.04,4.08
2019-01-14,5.37,5.42,5.60,5.29,573131,313737520.00,5.86,2.46,0.13,5.49
2019-01-15,5.35,5.37,5.39,5.17,368126,195570478.00,4.06,-0.92,-0.05,3.52
2019-01-16,5.52,5.41,5.67,5.40,540490,300444880.00,5.03,0.74,0.04,5.17
2019-01-17,5.57,5.95,5.95,5.52,953035,558051440.00,7.95,9.98,0.54,9.12
2019-01-18,5.85,5.58,5.91,5.35,829812,470889488.00,9.41,-6.22,-0.37,7.94
2019-01-21,5.50,5.70,5.80,5.44,489247,277569264.00,6.45,2.15,0.12,4.68
2019-01-22,5.63,5.81,6.04,5.52,709142,413259040.00,9.12,1.93,0.11,6.79
2019-01-23,5.76,6.04,6.14,5.75,799705,478040000.00,6.71,3.96,0.23,7.65
2019-01-24,6.05,5.80,6.10,5.78,676810,402357632.00,5.30,-3.97,-0.24,6.48
2019-01-25,5.67,5.94,5.96,5.64,541201,316718576.00,5.52,2.41,0.14,5.18
2019-01-28,5.97,5.83,5.99,5.78,383195,226280282.00,3.54,-1.85,-0.11,3.67
2019-01-29,5.67,5.24,5.76,5.24,607344,328214128.00,8.92,-10.12,-0.59,5.81
2019-01-30,5.16,5.28,5.32,5.12,299882,157996542.00,3.82,0.76,0.04,2.87
2019-01-31,5.42,4.98,5.42,4.86,397669,204302220.00,10.61,-5.68,-0.30,3.81
2019-02-01,5.00,5.05,5.10,4.95,202148,102299597.00,3.01,1.41,0.07,1.93
2019-02-11,5.07,5.21,5.21,5.04,213982,110900291.00,3.37,3.17,0.16,2.05
2019-02-12,5.18,5.28,5.32,5.13,292340,153532692.00,3.65,1.34,0.07,2.80
2019-02-13,5.25,5.32,5.37,5.18,338169,180243384.00,3.60,0.76,0.04,3.24
2019-02-14,5.43,5.54,5.72,5.42,548245,305993920.00,5.64,4.14,0.22,5.25
2019-02-15,5.40,5.43,5.54,5.34,326075,178432550.00,3.61,-1.99,-0.11,3.12
2019-02-18,5.49,5.63,5.72,5.43,439281,246282566.00,5.34,3.68,0.20,4.20
2019-02-19,5.64,5.85,5.86,5.58,544463,312439648.00,4.97,3.91,0.22,5.21
2019-02-20,5.77,5.73,5.81,5.64,328044,188801749.00,2.91,-2.05,-0.12,3.14
2019-02-21,5.69,5.74,6.03,5.69,521922,306749568.00,5.93,0.17,0.01,5.00
2019-02-22,5.65,6.32,6.32,5.65,1028697,638996720.00,11.67,10.10,0.58,9.85
2019-02-25,6.63,6.96,6.96,6.33,1066475,715876592.00,9.97,10.13,0.64,10.21
2019-02-26,6.87,6.54,7.01,6.52,988601,669979632.00,7.04,-6.03,-0.42,9.46
2019-02-27,6.72,6.78,6.81,6.48,780209,523167808.00,5.05,3.67,0.24,7.47
2019-02-28,6.47,6.13,6.54,6.10,722592,456415072.00,6.49,-9.59,-0.65,6.92
2019-03-01,6.13,6.24,6.31,6.02,407686,253202459.00,4.73,1.79,0.11,3.90
2019-03-04,6.47,6.54,6.79,6.38,719376,473602496.00,6.57,4.81,0.30,6.88
2019-03-05,6.50,6.98,7.04,6.41,834307,573123968.00,9.63,6.73,0.44,7.98
2019-03-06,7.06,6.96,7.11,6.58,762903,521457488.00,7.59,-0.29,-0.02,7.30
2019-03-07,6.77,6.88,7.19,6.69,764817,530096176.00,7.18,-1.15,-0.08,7.32
2019-03-08,6.66,6.83,7.33,6.45,852130,588607888.00,12.79,-0.73,-0.05,8.16
2019-03-11,6.80,7.46,7.46,6.80,804096,578202880.00,9.66,9.22,0.63,7.70
2019-03-12,7.33,7.50,7.95,7.26,953996,722395856.00,9.25,0.54,0.04,9.13
2019-03-13,7.52,7.63,8.17,7.46,912896,712310608.00,9.47,1.73,0.13,8.74
2019-03-14,7.35,6.86,7.35,6.86,607074,428726896.00,6.42,-10.09,-0.77,5.81
2019-03-15,6.88,7.30,7.52,6.88,640313,462741408.00,9.33,6.41,0.44,6.13
2019-03-18,7.46,7.15,7.46,6.77,456863,324526720.00,9.45,-2.05,-0.15,4.37
2019-03-19,7.02,7.15,7.25,6.97,393478,281172464.00,3.92,0.00,0.00,3.77
2019-03-20,7.16,7.16,7.31,6.89,393102,280692176.00,5.87,0.14,0.01,3.76
2019-03-21,7.17,7.59,7.88,7.05,920964,699476784.00,11.59,6.01,0.43,8.81
2019-03-22,7.37,7.75,7.81,7.30,699545,531345680.00,6.72,2.11,0.16,6.69
2019-03-25,7.47,7.22,7.63,7.11,551696,410498896.00,6.71,-6.84,-0.53,5.28
2019-03-26,7.20,6.76,7.31,6.68,443288,308318592.00,8.73,-6.37,-0.46,4.24
2019-03-27,6.80,6.66,6.88,6.48,249371,166672036.00,5.92,-1.48,-0.10,2.39
2019-03-28,6.59,6.53,6.91,6.53,239867,161613598.00,5.71,-1.95,-0.13,2.30
2019-03-29,6.51,6.71,6.72,6.30,297095,194963399.00,6.43,2.76,0.18,2.84
2019-04-01,6.71,6.86,6.91,6.66,332617,227554704.00,3.73,2.24,0.15,3.18
2019-04-02,6.93,6.87,7.05,6.79,326067,226864222.00,3.79,0.15,0.01,3.12
2019-04-03,6.83,6.84,6.94,6.75,248894,171151149.00,2.77,-0.44,-0.03,2.38
2019-04-04,6.85,6.71,6.90,6.64,271544,184082164.00,3.80,-1.90,-0.13,2.60
2019-04-08,6.72,6.58,6.80,6.42,200542,133425501.00,5.66,-1.94,-0.13,1.92
2019-04-09,6.57,6.63,6.70,6.50,150107,100203597.00,3.04,0.76,0.05,1.44
2019-04-10,6.61,6.53,6.64,6.44,193960,126964169.00,3.02,-1.51,-0.10,1.86
2019-04-11,6.55,6.35,6.56,6.31,176070,113493885.00,3.83,-2.76,-0.18,1.69
2019-04-12,6.36,6.36,6.44,6.30,115161,73594943.00,2.20,0.16,0.01,1.10
2019-04-15,6.46,6.40,6.55,6.38,145925,94831063.00,2.67,0.63,0.04,1.40
2019-04-16,6.39,6.54,6.54,6.27,160946,103751364.00,4.22,2.19,0.14,1.54
2019-04-17,6.57,6.59,6.70,6.48,187526,124011118.00,3.36,0.76,0.05,1.79
2019-04-18,6.57,6.42,6.59,6.40,136476,89048624.00,2.88,-2.58,-0.17,1.31
2019-04-19,6.42,6.30,6.45,6.19,164879,104465004.00,4.05,-1.87,-0.12,1.58
2019-04-22,6.33,6.35,6.49,6.23,157517,100907528.00,4.13,0.79,0.05,1.51
2019-04-23,6.30,6.40,6.46,6.23,161468,103497409.00,3.62,0.79,0.05,1.55
2019-04-24,6.46,6.24,6.48,6.12,160387,100693812.00,5.63,-2.50,-0.16,1.53
2019-04-25,6.22,5.76,6.22,5.66,213670,128441240.00,8.97,-7.69,-0.48,2.04
2019-04-26,5.76,5.67,5.82,5.66,108186,62499859.00,2.78,-1.56,-0.09,1.04
2019-04-29,5.63,5.33,5.67,5.31,156037,85219210.00,6.35,-6.00,-0.34,1.49
2019-04-30,5.36,5.48,5.56,5.33,111533,61266401.00,4.32,2.81,0.15,1.07
2019-05-06,5.35,4.93,5.35,4.93,159685,82097539.00,7.66,-10.04,-0.55,1.53
2019-05-07,5.01,5.05,5.12,4.94,108539,54946945.00,3.65,2.43,0.12,1.04
2019-05-08,4.94,5.14,5.23,4.90,128218,66116331.00,6.53,1.78,0.09,1.23
2019-05-09,5.11,5.13,5.25,5.07,93364,48776121.00,3.50,-0.19,-0.01,0.89
2019-05-10,5.24,5.27,5.32,4.98,121312,63767097.00,6.63,2.73,0.14,1.16
2019-05-13,5.23,5.32,5.36,5.22,107583,57565441.00,2.66,0.95,0.05,1.03
2019-05-14,5.17,5.25,5.37,5.08,119010,63126573.00,5.45,-1.32,-0.07,1.14
2019-05-15,5.32,5.42,5.45,5.27,142473,76990805.00,3.43,3.24,0.17,1.36
2019-05-16,5.40,5.55,5.63,5.34,134924,75068734.00,5.35,2.40,0.13,1.29
2019-05-17,5.55,5.25,5.59,5.20,123873,67270493.00,7.03,-5.41,-0.30,1.19
2019-05-20,5.31,5.44,5.45,5.06,104918,55984012.00,7.43,3.62,0.19,1.00
2019-05-21,5.46,5.40,5.52,5.37,115940,63331507.00,2.76,-0.74,-0.04,1.11
2019-05-22,5.40,5.34,5.44,5.21,85648,45946906.00,4.26,-1.11,-0.06,0.82
2019-05-23,5.28,5.26,5.43,5.22,101850,54465249.00,3.93,-1.50,-0.08,0.97
2019-05-24,5.22,5.25,5.52,5.14,114637,61374248.00,7.22,-0.19,-0.01,1.10
2019-05-27,5.24,5.34,5.35,5.14,86729,45884743.00,4.00,1.71,0.09,0.83
2019-05-28,5.35,5.47,5.62,5.35,167011,92658753.00,5.06,2.43,0.13,1.60
2019-05-29,5.42,5.42,5.51,5.37,98454,53916627.00,2.56,-0.91,-0.05,0.94
2019-05-30,5.40,5.40,5.40,5.28,76837,41261570.00,2.21,-0.37,-0.02,0.74
2019-05-31,5.42,5.31,5.43,5.30,78696,42304886.00,2.41,-1.67,-0.09,0.75
2019-06-03,5.30,5.20,5.36,5.18,64592,34190437.00,3.39,-2.07,-0.11,0.62
2019-06-04,5.24,5.03,5.24,5.01,72616,37243421.00,4.42,-3.27,-0.17,0.69
2019-06-05,5.07,5.06,5.13,5.02,48860,24935293.00,2.19,0.60,0.03,0.47
2019-06-06,5.07,4.98,5.11,4.93,58818,29598212.00,3.56,-1.58,-0.08,0.56
2019-06-10,4.96,5.02,5.04,4.96,43814,22035337.00,1.61,0.80,0.04,0.42
2019-06-11,5.03,5.23,5.26,4.98,92475,47956821.00,5.58,4.18,0.21,0.89
2019-06-12,5.19,5.15,5.22,5.11,68012,35370933.00,2.10,-1.53,-0.08,0.65
2019-06-13,5.12,5.21,5.25,5.11,54006,28266238.00,2.72,1.17,0.06,0.52
2019-06-14,5.26,5.06,5.26,5.06,63892,33170092.00,3.84,-2.88,-0.15,0.61
2019-06-17,5.05,5.17,5.21,5.05,53204,27622808.00,3.16,2.17,0.11,0.51
2019-06-18,5.22,5.13,5.22,5.09,39395,20370329.00,2.51,-0.77,-0.04,0.38
2019-06-19,5.23,5.17,5.25,5.16,56113,29326541.00,1.75,0.78,0.04,0.54
2019-06-20,5.16,5.26,5.29,5.13,96670,50690280.00,3.09,1.74,0.09,0.93
2019-06-21,5.28,5.36,5.40,5.28,119563,64128307.00,2.28,1.90,0.10,1.14
2019-06-24,5.36,5.39,5.47,5.33,58704,31731693.00,2.61,0.56,0.03,0.56
2019-06-25,5.42,5.25,5.42,5.19,66132,34961573.00,4.27,-2.60,-0.14,0.63
2019-06-26,5.25,5.22,5.29,5.20,48613,25528496.00,1.71,-0.57,-0.03,0.47
2019-06-27,5.27,5.20,5.27,5.19,54388,28523554.00,1.53,-0.38,-0.02,0.52
2019-06-28,5.19,5.08,5.21,5.03,75906,38797692.00,3.46,-2.31,-0.12,0.73
2019-07-01,5.14,5.22,5.22,5.14,66533,34642569.00,1.57,2.76,0.14,0.64
2019-07-02,5.23,5.15,5.24,5.11,60058,31137191.00,2.49,-1.34,-0.07,0.57
2019-07-03,5.18,5.09,5.18,5.06,54439,27847687.00,2.33,-1.17,-0.06,0.52
2019-07-04,5.12,5.08,5.14,5.06,43167,22046821.00,1.57,-0.20,-0.01,0.41
2019-07-05,5.08,5.09,5.12,5.04,27631,14122171.00,1.57,0.20,0.01,0.26
2019-07-08,5.11,4.91,5.11,4.90,77069,38453052.00,4.13,-3.54,-0.18,0.74
2019-07-09,4.91,4.85,4.92,4.74,71335,34422747.00,3.67,-1.22,-0.06,0.68
2019-07-10,4.84,4.74,4.85,4.71,43481,20857611.00,2.89,-2.27,-0.11,0.42
2019-07-11,4.73,4.75,4.82,4.71,35693,17081906.00,2.32,0.21,0.01,0.34
2019-07-12,4.75,4.79,4.80,4.74,34469,16541111.00,1.26,0.84,0.04,0.33
2019-07-15,4.78,4.81,4.83,4.71,43380,20806538.00,2.51,0.42,0.02,0.42
2019-07-16,4.80,4.79,4.83,4.77,43204,20808684.00,1.25,-0.42,-0.02,0.41
2019-07-17,4.79,4.80,4.82,4.75,35983,17331958.00,1.46,0.21,0.01,0.34
2019-07-18,4.81,4.72,4.81,4.70,35830,17047728.00,2.29,-1.67,-0.08,0.34
2019-07-19,4.71,4.74,4.78,4.71,34242,16332775.00,1.48,0.42,0.02,0.33
2019-07-22,4.77,4.45,4.77,4.26,58808,26632770.00,10.76,-6.12,-0.29,0.56
2019-07-23,4.49,4.60,4.60,4.49,49268,22487192.00,2.47,3.37,0.15,0.47
2019-07-24,4.67,4.58,4.68,4.57,49012,22793724.00,2.39,-0.43,-0.02,0.47
2019-07-25,4.60,4.66,4.68,4.58,42511,19875180.00,2.18,1.75,0.08,0.41
2019-07-26,4.65,4.64,4.73,4.59,42950,20039102.00,3.00,-0.43,-0.02,0.41
2019-07-29,4.64,4.62,4.70,4.59,25408,11821124.00,2.37,-0.43,-0.02,0.24
2019-07-30,4.61,4.69,4.71,4.61,38346,18057229.00,2.16,1.52,0.07,0.37
2019-07-31,4.69,4.68,4.70,4.63,35769,16743689.00,1.49,-0.21,-0.01,0.34
2019-08-01,4.68,4.57,4.68,4.51,54079,24990729.00,3.63,-2.35,-0.11,0.52
2019-08-02,4.49,4.41,4.55,4.36,63093,28050397.00,4.16,-3.50,-0.16,0.60
2019-08-05,4.43,4.47,4.66,4.37,68647,31087325.00,6.58,1.36,0.06,0.66
2019-08-06,4.37,4.19,4.37,4.18,83060,35375354.00,4.25,-6.26,-0.28,0.79
2019-08-07,4.27,4.18,4.28,4.14,36753,15504184.00,3.34,-0.24,-0.01,0.35
2019-08-08,4.20,4.20,4.24,4.17,34456,14550840.00,1.67,0.48,0.02,0.33
2019-08-09,4.24,4.13,4.27,4.12,39750,16641225.00,3.57,-1.67,-0.07,0.38
2019-08-12,4.13,4.19,4.20,4.13,30382,12722167.00,1.69,1.45,0.06,0.29
2019-08-13,4.19,4.20,4.21,4.16,19200,8085907.00,1.19,0.24,0.01,0.18
2019-08-14,4.23,4.20,4.26,4.17,49809,21053869.00,2.14,0.00,0.00,0.48
2019-08-15,4.14,4.23,4.23,4.07,51075,21203762.00,3.81,0.71,0.03,0.49
2019-08-16,4.23,4.25,4.28,4.20,52434,22408054.00,1.89,0.47,0.02,0.50
2019-08-19,4.26,4.33,4.36,4.26,69258,30056729.00,2.35,1.88,0.08,0.66
2019-08-20,4.35,4.66,4.77,4.34,247837,115109592.00,9.93,7.62,0.33,2.37
2019-08-21,4.58,4.55,4.61,4.49,103677,47297307.00,2.58,-2.36,-0.11,0.99
2019-08-22,4.65,4.59,4.71,4.55,94009,43623324.00,3.52,0.88,0.04,0.90
2019-08-23,4.58,4.53,4.60,4.52,64761,29621962.00,1.74,-1.31,-0.06,0.62
2019-08-26,4.44,4.57,4.62,4.39,76671,34818613.00,5.08,0.88,0.04,0.73
2019-08-27,4.60,4.62,4.66,4.58,62695,29117460.00,1.75,1.09,0.05,0.60
2019-08-28,4.60,4.62,4.70,4.59,57682,26813760.00,2.38,0.00,0.00,0.55
2019-08-29,4.63,4.80,5.05,4.62,202418,98220533.00,9.31,3.90,0.18,1.94
2019-08-30,4.81,4.58,4.82,4.49,121059,56914382.00,6.88,-4.58,-0.22,1.16
2019-09-02,4.56,4.72,4.78,4.53,90026,42378376.00,5.46,3.06,0.14,0.86
2019-09-03,4.72,4.83,4.93,4.70,116489,56159675.00,4.87,2.33,0.11,1.11
2019-09-04,4.81,4.82,4.90,4.72,72681,35002741.00,3.73,-0.21,-0.01,0.70
2019-09-05,4.83,4.81,4.88,4.79,101913,49460851.00,1.87,-0.21,-0.01,0.98
2019-09-06,4.84,4.78,4.87,4.75,70706,34048545.00,2.49,-0.62,-0.03,0.68
2019-09-09,4.80,4.86,4.87,4.80,80686,39217070.00,1.46,1.67,0.08,0.77
2019-09-10,4.86,4.82,4.87,4.77,53006,25604909.00,2.06,-0.82,-0.04,0.51
2019-09-11,4.84,4.78,4.85,4.77,55200,26646820.00,1.66,-0.83,-0.04,0.53
2019-09-12,4.77,4.76,4.82,4.72,46538,22233918.00,2.09,-0.42,-0.02,0.45
2019-09-16,4.79,4.89,4.95,4.79,121498,59545650.00,3.36,2.73,0.13,1.16
2019-09-17,4.90,4.70,4.90,4.64,84575,40378101.00,5.32,-3.89,-0.19,0.81
2019-09-18,4.70,4.81,4.93,4.70,95633,46327901.00,4.89,2.34,0.11,0.92
2019-09-19,4.86,4.81,4.86,4.73,61242,29417397.00,2.70,0.00,0.00,0.59
2019-09-20,4.81,4.71,4.83,4.70,61629,29428774.00,2.70,-2.08,-0.10,0.59
2019-09-23,4.76,4.65,4.79,4.59,67481,31715639.00,4.25,-1.27,-0.06,0.65
2019-09-24,4.62,4.61,4.68,4.59,50177,23343320.00,1.94,-0.86,-0.04,0.48
2019-09-25,4.59,4.45,4.59,4.43,59099,26648457.00,3.47,-3.47,-0.16,0.57
2019-09-26,4.44,4.31,4.52,4.30,56103,24742800.00,4.94,-3.15,-0.14,0.54
2019-09-27,4.33,4.35,4.39,4.32,28908,12639248.00,1.62,0.93,0.04,0.28
2019-09-30,4.36,4.34,4.40,4.29,31585,13740773.00,2.53,-0.23,-0.01,0.30
2019-10-08,4.33,4.34,4.39,4.32,31034,13591138.00,1.61,0.00,0.00,0.30
2019-10-09,4.31,4.42,4.44,4.26,34507,15179005.00,4.15,1.84,0.08,0.33
2019-10-10,4.40,4.51,4.53,4.40,36327,16365255.00,2.94,2.04,0.09,0.35
2019-10-11,4.48,4.50,4.54,4.46,42992,19456552.00,1.77,-0.22,-0.01,0.41
2019-10-14,4.54,4.58,4.74,4.50,78076,36161526.00,5.33,1.78,0.08,0.75
2019-10-15,4.62,4.55,4.62,4.53,50161,22986808.00,1.97,-0.66,-0.03,0.48
2019-10-16,4.60,4.53,4.62,4.52,36089,16566986.00,2.20,-0.44,-0.02,0.35
2019-10-17,4.57,4.65,4.86,4.54,88301,41489846.00,7.06,2.65,0.12,0.85
2019-10-18,4.65,4.48,4.66,4.18,102978,46536417.00,10.32,-3.66,-0.17,0.99
2019-10-21,4.43,4.48,4.50,4.36,45718,20339152.00,3.13,0.00,0.00,0.44
2019-10-22,4.56,4.54,4.56,4.46,54250,24613267.00,2.23,1.34,0.06,0.52
2019-10-23,4.54,4.52,4.57,4.48,35335,16067243.00,1.98,-0.44,-0.02,0.34
2019-10-24,4.52,4.46,4.56,4.44,36158,16258389.00,2.65,-1.33,-0.06,0.35
2019-10-25,4.45,4.53,4.54,4.43,35581,16044545.00,2.47,1.57,0.07,0.34
2019-10-28,4.48,4.66,4.67,4.48,61144,28372878.00,4.19,2.87,0.13,0.59
2019-10-29,4.68,4.63,4.73,4.61,62434,29349198.00,2.58,-0.64,-0.03,0.60
2019-10-30,4.61,4.59,4.64,4.54,42210,19390705.00,2.16,-0.86,-0.04,0.40
2019-10-31,4.60,4.54,4.65,4.51,40150,18402756.00,3.05,-1.09,-0.05,0.38
2019-11-01,4.52,4.56,4.57,4.46,26338,11982772.00,2.42,0.44,0.02,0.25
2019-11-04,4.56,4.58,4.65,4.56,34002,15708244.00,1.97,0.44,0.02,0.33
2019-11-05,4.62,4.60,4.62,4.53,26723,12298222.00,1.97,0.44,0.02,0.26
2019-11-06,4.58,4.93,4.96,4.55,232882,112170073.00,8.91,7.17,0.33,2.23
2019-11-07,4.89,4.93,5.05,4.81,213785,105908115.00,4.87,0.00,0.00,2.05
2019-11-08,4.94,4.87,4.97,4.80,105546,51749927.00,3.45,-1.22,-0.06,1.01
2019-11-11,4.91,4.89,4.92,4.73,77066,37423107.00,3.90,0.41,0.02,0.74
2019-11-12,4.87,4.84,4.90,4.76,70374,34120905.00,2.86,-1.02,-0.05,0.67
2019-11-13,4.85,4.84,4.86,4.75,50193,24203584.00,2.27,0.00,0.00,0.48
2019-11-14,4.83,4.94,5.02,4.83,125154,62207696.00,3.93,2.07,0.10,1.20
2019-11-15,4.94,4.95,5.11,4.85,138322,69311018.00,5.26,0.20,0.01,1.32
2019-11-18,4.97,4.86,5.05,4.82,94471,46709482.00,4.65,-1.82,-0.09,0.90
2019-11-19,4.86,4.98,4.99,4.78,90393,44619647.00,4.32,2.47,0.12,0.87
2019-11-20,4.98,4.95,5.01,4.88,83116,41139613.00,2.61,-0.60,-0.03,0.80
2019-11-21,4.91,4.96,5.00,4.91,55673,27685572.00,1.82,0.20,0.01,0.53
2019-11-22,4.97,5.03,5.07,4.90,106988,53706704.00,3.43,1.41,0.07,1.02
2019-11-25,4.99,5.08,5.08,4.94,76603,38557443.00,2.78,0.99,0.05,0.73
2019-11-26,5.17,5.35,5.42,5.09,198747,105276907.00,6.50,5.31,0.27,1.90
2019-11-27,5.26,5.27,5.32,5.21,95382,50348074.00,2.06,-1.50,-0.08,0.91
2019-11-28,5.26,5.10,5.27,5.04,99942,51605800.00,4.36,-3.23,-0.17,0.96
2019-11-29,5.07,5.07,5.15,5.04,45310,23125609.00,2.16,-0.59,-0.03,0.43
2019-12-02,5.06,4.95,5.13,4.94,72132,36122186.00,3.75,-2.37,-0.12,0.69
2019-12-03,4.93,4.95,5.02,4.87,79370,39424550.00,3.03,0.00,0.00,0.76
2019-12-04,4.92,4.94,4.99,4.91,33621,16706719.00,1.62,-0.20,-0.01,0.32
2019-12-05,4.95,5.02,5.02,4.93,48154,24107490.00,1.82,1.62,0.08,0.46
2019-12-06,5.03,5.01,5.05,4.97,36950,18553740.00,1.59,-0.20,-0.01,0.35
2019-12-09,5.02,5.20,5.24,5.01,86945,45038634.00,4.59,3.79,0.19,0.83
2019-12-10,5.17,5.33,5.36,5.13,97149,51699457.00,4.42,2.50,0.13,0.93
2019-12-11,5.31,5.43,5.63,5.29,195589,107845244.00,6.38,1.88,0.10,1.87
2019-12-12,5.43,5.51,5.58,5.43,127317,70302790.00,2.76,1.47,0.08,1.22
2019-12-13,5.54,5.49,5.60,5.42,119721,65945127.00,3.27,-0.36,-0.02,1.15
2019-12-16,5.57,5.54,5.62,5.49,91999,51258576.00,2.37,0.91,0.05,0.88
2019-12-17,5.53,5.61,5.75,5.49,142484,80567252.00,4.69,1.26,0.07,1.36
2019-12-18,5.58,5.62,5.65,5.46,116793,65150252.00,3.39,0.18,0.01,1.12
2019-12-19,5.60,5.55,5.77,5.52,111528,62777094.00,4.45,-1.25,-0.07,1.07
2019-12-20,5.54,5.44,5.64,5.43,69477,38420902.00,3.78,-1.98,-0.11,0.66
2019-12-23,5.44,5.27,5.46,5.26,82475,44359988.00,3.68,-3.13,-0.17,0.79
2019-12-24,5.32,5.37,5.40,5.30,46169,24780522.00,1.90,1.90,0.10,0.44
2019-12-25,5.37,5.36,5.40,5.31,30198,16243188.00,1.68,-0.19,-0.01,0.29
2019-12-26,5.36,5.90,5.90,5.32,270865,156598782.00,10.82,10.07,0.54,2.59
2019-12-27,5.98,5.86,6.14,5.80,288013,172067151.00,5.76,-0.68,-0.04,2.76
2019-12-30,5.94,5.80,5.95,5.65,190435,110383407.00,5.12,-1.02,-0.06,1.82
2019-12-31,5.80,5.71,5.83,5.65,123104,70857683.00,3.10,-1.55,-0.09,1.18