MjAyMC0wMS0wMiw1LjEwLDUuMTUsNS4yMSw1LjA5LDIzNDk0OTQsMTQwNDQ0Mjc1Mi4wMCwyLjM3LDEuNzgsMC4wOSwwLjA5
2020-01-03,5.15,5.17,5.20,5.14,1522130,911951568.00,1.17,0.39,0.02,0.06
2020-01-06,5.14,5.15,5.23,5.13,2265097,1359917424.00,1.93,-0.39,-0.02,0.08
2020-01-07,5.16,5.19,5.22,5.16,1168044,701615824.00,1.17,0.78,0.04,0.04
2020-01-08,5.14,5.09,5.15,5.08,1585591,940552720.00,1.35,-1.93,-0.10,0.06
2020-01-09,5.13,5.09,5.14,5.06,1377134,813806688.00,1.57,0.00,0.00,0.05
2020-01-10,5.09,5.09,5.11,5.04,978378,576580176.00,1.38,0.00,0.00,0.04
2020-01-13,5.08,5.11,5.11,5.05,1089910,642791840.00,1.18,0.39,0.02,0.04
2020-01-14,5.10,5.12,5.14,5.09,1367701,812389856.00,0.98,0.20,0.01,0.05
2020-01-15,5.11,5.06,5.12,5.05,1288908,759512880.00,1.37,-1.17,-0.06,0.05
2020-01-16,5.05,4.98,5.07,4.97,2690313,1572007904.00,1.98,-1.58,-0.08,0.10
2020-01-17,4.99,5.00,5.02,4.98,1039490,605076656.00,0.80,0.40,0.02,0.04
2020-01-20,4.99,5.02,5.04,4.98,1033400,602786608.00,1.20,0.40,0.02,0.04
2020-01-21,5.00,4.95,5.01,4.94,1432237,828268480.00,1.39,-1.39,-0.07,0.05
2020-01-22,4.94,4.97,4.97,4.89,1283708,738870048.00,1.62,0.40,0.02,0.05
2020-01-23,4.94,4.90,4.96,4.88,2000377,1146238544.00,1.61,-1.41,-0.07,0.07
2020-02-03,4.48,4.60,4.76,4.48,4680399,2524272176.00,5.71,-6.12,-0.30,0.17
2020-02-04,4.57,4.68,4.71,4.54,4013853,2178867248.00,3.70,1.74,0.08,0.15
2020-02-05,4.67,4.67,4.70,4.60,2508538,1374458720.00,2.14,-0.21,-0.01,0.09
2020-02-06,4.68,4.68,4.71,4.62,2809954,1538957664.00,1.93,0.21,0.01,0.10
2020-02-07,4.65,4.62,4.65,4.58,2373190,1288428160.00,1.50,-1.28,-0.06,0.09
2020-02-10,4.59,4.60,4.61,4.56,1902386,1027646560.00,1.08,-0.43,-0.02,0.07
2020-02-11,4.61,4.64,4.65,4.59,1984985,1081002720.00,1.30,0.87,0.04,0.07
2020-02-12,4.64,4.64,4.65,4.60,2039144,1109148704.00,1.08,0.00,0.00,0.08
2020-02-13,4.63,4.59,4.63,4.58,1995658,1082005696.00,1.08,-1.08,-0.05,0.07
2020-02-14,4.58,4.61,4.62,4.57,1415764,767126656.00,1.09,0.44,0.02,0.05
2020-02-17,4.60,4.67,4.67,4.59,2141949,1169117312.00,1.74,1.30,0.06,0.08
2020-02-18,4.65,4.64,4.66,4.62,1845424,1007061200.00,0.86,-0.64,-0.03,0.07
2020-02-19,4.63,4.66,4.68,4.63,2040524,1115986864.00,1.08,0.43,0.02,0.08
2020-02-20,4.66,4.69,4.70,4.62,2836681,1552477584.00,1.72,0.64,0.03,0.11
2020-02-21,4.67,4.67,4.70,4.65,2237103,1228187056.00,1.07,-0.43,-0.02,0.08
2020-02-24,4.66,4.62,4.67,4.61,1933292,1053685888.00,1.28,-1.07,-0.05,0.07
2020-02-25,4.58,4.59,4.60,4.57,2301333,1243466240.00,0.65,-0.65,-0.03,0.09
2020-02-26,4.56,4.59,4.62,4.54,2579688,1393315552.00,1.74,0.00,0.00,0.10
2020-02-27,4.58,4.58,4.60,4.57,2225556,1202215360.00,0.65,-0.22,-0.01,0.08
2020-02-28,4.55,4.48,4.56,4.46,4229372,2256218768.00,2.18,-2.18,-0.10,0.16
2020-03-02,4.48,4.54,4.54,4.47,2399023,1279829488.00,1.56,1.34,0.06,0.09
2020-03-03,4.55,4.56,4.58,4.53,2554032,1374004544.00,1.10,0.44,0.02,0.09
2020-03-04,4.55,4.57,4.57,4.54,1342816,721906816.00,0.66,0.22,0.01,0.05
2020-03-05,4.58,4.64,4.64,4.56,3305398,1794965696.00,1.75,1.53,0.07,0.12
2020-03-06,4.60,4.59,4.61,4.57,1959499,1059304464.00,0.86,-1.08,-0.05,0.07
2020-03-09,4.52,4.49,4.53,4.48,2880620,1532677424.00,1.09,-2.18,-0.10,0.11
2020-03-10,4.47,4.54,4.55,4.47,2508208,1336201312.00,1.78,1.11,0.05,0.09
2020-03-11,4.53,4.50,4.55,4.50,1694070,904475648.00,1.10,-0.88,-0.04,0.06
2020-03-12,4.48,4.47,4.50,4.45,2462965,1303003584.00,1.11,-0.67,-0.03,0.09
2020-03-13,4.34,4.40,4.45,4.31,2997241,1553653696.00,3.13,-1.57,-0.07,0.11
2020-03-16,4.40,4.35,4.47,4.32,3044663,1586443696.00,3.41,-1.14,-0.05,0.11
2020-03-17,4.34,4.35,4.41,4.30,2577129,1329255600.00,2.53,0.00,0.00,0.10
2020-03-18,4.36,4.29,4.38,4.29,2025068,1045181424.00,2.07,-1.38,-0.06,0.08
2020-03-19,4.29,4.17,4.30,4.11,2898850,1452206736.00,4.43,-2.80,-0.12,0.11
2020-03-20,4.20,4.26,4.29,4.18,2125136,1073508064.00,2.64,2.16,0.09,0.08
2020-03-23,4.18,4.17,4.21,4.16,1399893,699169088.00,1.17,-2.11,-0.09,0.05
2020-03-24,4.20,4.30,4.30,4.20,2303316,1166514208.00,2.40,3.12,0.13,0.09
2020-03-25,4.35,4.36,4.36,4.28,2321786,1195478384.00,1.86,1.40,0.06,0.09
2020-03-26,4.31,4.36,4.40,4.29,1556128,805142976.00,2.52,0.00,0.00,0.06
2020-03-27,4.39,4.39,4.43,4.36,1727365,901046976.00,1.61,0.69,0.03,0.06
2020-03-30,4.36,4.40,4.42,4.33,1953885,1016609264.00,2.05,0.23,0.01,0.07
2020-03-31,4.40,4.33,4.42,4.30,1761032,912323376.00,2.73,-1.59,-0.07,0.07
2020-04-01,4.33,4.34,4.37,4.31,1018584,525623744.00,1.39,0.23,0.01,0.04
2020-04-02,4.32,4.37,4.37,4.29,1228856,632366528.00,1.84,0.69,0.03,0.05
2020-04-03,4.34,4.32,4.36,4.30,1096046,564119680.00,1.37,-1.14,-0.05,0.04
2020-04-07,4.36,4.34,4.37,4.31,1703016,878022928.00,1.39,0.46,0.02,0.06
2020-04-08,4.32,4.32,4.33,4.30,1034743,531023696.00,0.69,-0.46,-0.02,0.04
2020-04-09,4.32,4.31,4.33,4.30,735821,377790160.00,0.69,-0.23,-0.01,0.03
2020-04-10,4.31,4.29,4.32,4.28,978069,500477712.00,0.93,-0.46,-0.02,0.04
2020-04-13,4.28,4.28,4.31,4.27,855087,436405776.00,0.93,-0.23,-0.01,0.03
2020-04-14,4.29,4.30,4.31,4.28,883218,451932576.00,0.70,0.47,0.02,0.03
2020-04-15,4.29,4.31,4.31,4.28,946035,484407184.00,0.70,0.23,0.01,0.04
2020-04-16,4.29,4.30,4.31,4.28,700632,358394224.00,0.70,-0.23,-0.01,0.03
2020-04-17,4.31,4.33,4.35,4.29,1382449,710819552.00,1.40,0.70,0.03,0.05
2020-04-20,4.32,4.30,4.33,4.30,1038087,532094032.00,0.69,-0.69,-0.03,0.04
2020-04-21,4.29,4.26,4.30,4.25,1176049,598287920.00,1.16,-0.93,-0.04,0.04
2020-04-22,4.25,4.27,4.28,4.23,876584,445105984.00,1.17,0.23,0.01,0.03
2020-04-23,4.27,4.25,4.27,4.23,1033422,523778032.00,0.94,-0.47,-0.02,0.04
2020-04-24,4.24,4.23,4.25,4.22,687952,347600176.00,0.71,-0.47,-0.02,0.03
2020-04-27,4.23,4.27,4.29,4.23,1172997,596976656.00,1.42,0.95,0.04,0.04
2020-04-28,4.27,4.29,4.30,4.22,1505136,766309872.00,1.87,0.47,0.02,0.06
2020-04-29,4.28,4.33,4.33,4.26,1210796,621183008.00,1.63,0.93,0.04,0.04
2020-04-30,4.33,4.35,4.36,4.32,1040639,537925248.00,0.92,0.46,0.02,0.04
2020-05-06,4.30,4.29,4.30,4.26,1620612,826750784.00,0.92,-1.38,-0.06,0.06
2020-05-07,4.28,4.28,4.29,4.27,788982,402339520.00,0.47,-0.23,-0.01,0.03
2020-05-08,4.28,4.28,4.30,4.27,1148278,586300544.00,0.70,0.00,0.00,0.04
2020-05-11,4.29,4.32,4.32,4.28,1130519,579421728.00,0.93,0.93,0.04,0.04
2020-05-12,4.31,4.31,4.33,4.29,1016321,521289504.00,0.93,-0.23,-0.01,0.04
2020-05-13,4.30,4.31,4.31,4.29,556280,284796160.00,0.46,0.00,0.00,0.02
2020-05-14,4.30,4.28,4.31,4.27,811525,414442720.00,0.93,-0.70,-0.03,0.03
2020-05-15,4.28,4.27,4.30,4.26,959061,488458000.00,0.93,-0.23,-0.01,0.04
2020-05-18,4.27,4.28,4.28,4.25,936179,476194384.00,0.70,0.23,0.01,0.03
2020-05-19,4.30,4.30,4.31,4.28,1361801,696256256.00,0.70,0.47,0.02,0.05
2020-05-20,4.29,4.30,4.30,4.28,867649,443325184.00,0.47,0.00,0.00,0.03
2020-05-21,4.30,4.28,4.31,4.28,810031,414491664.00,0.70,-0.47,-0.02,0.03
2020-05-22,4.28,4.23,4.29,4.23,1433771,727859696.00,1.40,-1.17,-0.05,0.05
2020-05-25,4.24,4.27,4.28,4.22,1055065,535413168.00,1.42,0.95,0.04,0.04
2020-05-26,4.28,4.26,4.29,4.26,925221,471204944.00,0.70,-0.23,-0.01,0.03
2020-05-27,4.26,4.30,4.31,4.26,1195940,611685984.00,1.17,0.94,0.04,0.04
2020-05-28,4.30,4.35,4.36,4.30,1457287,751332000.00,1.40,1.16,0.05,0.05
2020-05-29,4.32,4.30,4.33,4.28,1257614,644333216.00,1.15,-1.15,-0.05,0.05
2020-06-01,4.31,4.34,4.34,4.30,1050079,540140880.00,0.93,0.93,0.04,0.04
2020-06-02,4.33,4.37,4.37,4.31,1528292,788749040.00,1.38,0.69,0.03,0.06
2020-06-03,4.38,4.37,4.42,4.36,1345468,700101344.00,1.37,0.00,0.00,0.05
2020-06-04,4.38,4.36,4.39,4.35,763941,396059488.00,0.92,-0.23,-0.01,0.03
2020-06-05,4.37,4.39,4.40,4.34,1098658,569906512.00,1.38,0.69,0.03,0.04
2020-06-08,4.40,4.42,4.44,4.38,1709294,894672992.00,1.37,0.68,0.03,0.06
2020-06-09,4.42,4.44,4.46,4.41,1186765,624176016.00,1.13,0.45,0.02,0.04
2020-06-10,4.45,4.45,4.46,4.43,1301162,685774224.00,0.68,0.23,0.01,0.05
2020-06-11,4.45,4.45,4.48,4.42,2019545,1065079808.00,1.35,0.00,0.00,0.07
2020-06-12,4.41,4.40,4.50,4.38,3797260,2002673520.00,2.70,-1.12,-0.05,0.14
2020-06-15,4.42,4.42,4.49,4.41,2160776,1137899840.00,1.82,0.45,0.02,0.08
2020-06-16,4.45,4.48,4.49,4.44,1230380,650847984.00,1.13,1.36,0.06,0.05
2020-06-17,4.46,4.44,4.48,4.43,879845,463475824.00,1.12,-0.89,-0.04,0.03
2020-06-18,4.38,4.37,4.40,4.34,2109655,1095065088.00,1.35,-1.58,-0.07,0.08
2020-06-19,4.36,4.38,4.39,4.33,1986051,1029454848.00,1.37,0.23,0.01,0.07
2020-06-22,4.38,4.34,4.40,4.34,1569840,814365104.00,1.37,-0.91,-0.04,0.06
2020-06-23,4.34,4.32,4.34,4.30,1798935,924358320.00,0.92,-0.46,-0.02,0.07
2020-06-24,4.33,4.40,4.42,4.32,1941728,1008333088.00,2.31,1.85,0.08,0.07
2020-06-29,4.46,4.43,4.49,4.38,3000963,1574885424.00,2.50,0.68,0.03,0.11
2020-06-30,4.44,4.42,4.47,4.40,2135599,1064429280.00,1.58,-0.23,-0.01,0.08
2020-07-01,4.42,4.43,4.43,4.36,1953424,968080288.00,1.58,0.23,0.01,0.07
2020-07-02,4.42,4.50,4.51,4.40,3336395,1672846064.00,2.48,1.58,0.07,0.12
2020-07-03,4.50,4.60,4.62,4.50,3494608,1791281776.00,2.67,2.22,0.10,0.13
2020-07-06,4.64,5.04,5.05,4.63,7463596,4044172400.00,9.13,9.57,0.44,0.28
2020-07-07,5.11,5.00,5.29,5.00,6224565,3518396224.00,5.75,-0.79,-0.04,0.23
2020-07-08,4.96,4.91,5.03,4.82,6130511,3357353296.00,4.20,-1.80,-0.09,0.23
2020-07-09,4.87,4.82,4.89,4.79,5693420,3064469072.00,2.04,-1.83,-0.09,0.21
2020-07-10,4.80,4.66,4.81,4.64,6260793,3302585360.00,3.53,-3.32,-0.16,0.23
2020-07-13,4.64,4.65,4.69,4.60,6089284,3167529376.00,1.93,-0.21,-0.01,0.23
2020-07-14,4.63,4.58,4.64,4.57,4639220,2397441232.00,1.51,-1.51,-0.07,0.17
2020-07-15,4.60,4.52,4.62,4.51,4611494,2355023792.00,2.40,-1.31,-0.06,0.17
2020-07-16,4.52,4.50,4.57,4.49,4922858,2505984416.00,1.77,-0.44,-0.02,0.18
2020-07-17,4.50,4.50,4.52,4.47,2975298,1504161296.00,1.11,0.00,0.00,0.11
2020-07-20,4.51,4.57,4.58,4.49,3865924,1974500416.00,2.00,1.56,0.07,0.14
2020-07-21,4.57,4.54,4.58,4.53,2262538,1154453552.00,1.09,-0.66,-0.03,0.08
2020-07-22,4.54,4.53,4.58,4.51,2926611,1493366736.00,1.54,-0.22,-0.01,0.11
2020-07-23,4.51,4.47,4.52,4.46,3751366,1890158448.00,1.32,-1.32,-0.06,0.14
2020-07-24,4.47,4.42,4.47,4.40,3637610,1817042784.00,1.57,-1.12,-0.05,0.13
2020-07-27,4.42,4.41,4.44,4.39,2176345,1082016320.00,1.13,-0.23,-0.01,0.08
2020-07-28,4.43,4.42,4.44,4.40,1748446,870345472.00,0.91,0.23,0.01,0.06
2020-07-29,4.41,4.46,4.46,4.37,2758567,1375574096.00,2.04,0.90,0.04,0.10
2020-07-30,4.46,4.42,4.46,4.42,1537829,768439792.00,0.90,-0.90,-0.04,0.06
2020-07-31,4.42,4.40,4.45,4.39,2549673,1268345184.00,1.36,-0.45,-0.02,0.09
2020-08-03,4.42,4.42,4.44,4.40,2446868,1217707584.00,0.91,0.45,0.02,0.09
2020-08-04,4.43,4.49,4.51,4.41,4012205,2015491472.00,2.26,1.58,0.07,0.15
2020-08-05,4.46,4.44,4.47,4.43,2052320,1027991584.00,0.89,-1.11,-0.05,0.08
2020-08-06,4.45,4.46,4.47,4.42,2099271,1049299504.00,1.13,0.45,0.02,0.08
2020-08-07,4.45,4.42,4.45,4.41,1921433,957716704.00,0.90,-0.90,-0.04,0.07
2020-08-10,4.41,4.43,4.44,4.40,2009869,1001722880.00,0.90,0.23,0.01,0.07
2020-08-11,4.42,4.42,4.46,4.41,2767246,1383596400.00,1.13,-0.23,-0.01,0.10
2020-08-12,4.41,4.43,4.43,4.40,2256124,1121910720.00,0.68,0.23,0.01,0.08
2020-08-13,4.42,4.42,4.44,4.41,1163829,580121568.00,0.68,-0.23,-0.01,0.04
2020-08-14,4.42,4.46,4.46,4.41,2085845,1042149488.00,1.13,0.90,0.04,0.08
2020-08-17,4.46,4.53,4.55,4.46,5486933,2783708784.00,2.02,1.57,0.07,0.20
2020-08-18,4.53,4.49,4.53,4.48,2371955,1199875632.00,1.10,-0.88,-0.04,0.09
2020-08-19,4.50,4.47,4.51,4.47,1630051,821836848.00,0.89,-0.45,-0.02,0.06
2020-08-20,4.46,4.44,4.47,4.43,1642453,821731216.00,0.89,-0.67,-0.03,0.06
2020-08-21,4.45,4.45,4.46,4.43,1301845,651086304.00,0.68,0.23,0.01,0.05
2020-08-24,4.45,4.43,4.46,4.43,1200786,600551216.00,0.67,-0.45,-0.02,0.04
2020-08-25,4.44,4.44,4.45,4.42,1548987,773465200.00,0.68,0.23,0.01,0.06
2020-08-26,4.44,4.42,4.44,4.41,1514622,754742688.00,0.68,-0.45,-0.02,0.06
2020-08-27,4.42,4.41,4.42,4.40,1416657,703831744.00,0.45,-0.23,-0.01,0.05
2020-08-28,4.41,4.44,4.45,4.40,2103678,1048187712.00,1.13,0.68,0.03,0.08
2020-08-31,4.43,4.40,4.45,4.40,2631484,1312043184.00,1.13,-0.90,-0.04,0.10
2020-09-01,4.40,4.40,4.41,4.38,1566484,776360128.00,0.68,0.00,0.00,0.06
2020-09-02,4.40,4.36,4.40,4.36,2729008,1345657216.00,0.91,-0.91,-0.04,0.10
2020-09-03,4.36,4.35,4.38,4.33,1839672,903223968.00,1.15,-0.23,-0.01,0.07
2020-09-04,4.33,4.34,4.35,4.32,1409394,689451440.00,0.69,-0.23,-0.01,0.05
2020-09-07,4.33,4.34,4.36,4.32,1525627,748340496.00,0.92,0.00,0.00,0.06
2020-09-08,4.34,4.39,4.40,4.33,1995481,984987760.00,1.61,1.15,0.05,0.07
2020-09-09,4.37,4.38,4.39,4.36,1613341,796614944.00,0.68,-0.23,-0.01,0.06
2020-09-10,4.38,4.35,4.39,4.34,1444378,710761040.00,1.14,-0.68,-0.03,0.05
2020-09-11,4.34,4.37,4.39,4.34,1494302,735936768.00,1.15,0.46,0.02,0.06
2020-09-14,4.37,4.37,4.38,4.35,1027571,505351328.00,0.69,0.00,0.00,0.04
2020-09-15,4.36,4.36,4.37,4.35,828081,407040416.00,0.46,-0.23,-0.01,0.03
2020-09-16,4.36,4.38,4.38,4.34,1076156,530226176.00,0.92,0.46,0.02,0.04
2020-09-17,4.38,4.38,4.39,4.36,1208864,596571632.00,0.68,0.00,0.00,0.04
2020-09-18,4.39,4.42,4.42,4.37,2607344,1293690928.00,1.14,0.91,0.04,0.10
2020-09-21,4.41,4.40,4.43,4.38,1217665,604081552.00,1.13,-0.45,-0.02,0.05
2020-09-22,4.39,4.37,4.40,4.36,1097050,542057888.00,0.91,-0.68,-0.03,0.04
2020-09-23,4.37,4.36,4.38,4.35,1005836,495260688.00,0.69,-0.23,-0.01,0.04
2020-09-24,4.35,4.34,4.36,4.32,1265965,619885392.00,0.92,-0.46,-0.02,0.05
2020-09-25,4.34,4.33,4.35,4.32,1080018,528791472.00,0.69,-0.23,-0.01,0.04
2020-09-28,4.34,4.38,4.38,4.32,1634647,803113056.00,1.39,1.15,0.05,0.06
2020-09-29,4.38,4.35,4.39,4.35,1156134,570003168.00,0.91,-0.68,-0.03,0.04
2020-09-30,4.36,4.36,4.39,4.35,1512343,745278048.00,0.92,0.23,0.01,0.06
2020-10-09,4.38,4.35,4.38,4.35,1289984,635218848.00,0.69,-0.23,-0.01,0.05
2020-10-12,4.36,4.40,4.41,4.35,2525438,1248536336.00,1.38,1.15,0.05,0.09
2020-10-13,4.39,4.36,4.40,4.35,1674337,825268304.00,1.14,-0.91,-0.04,0.06
2020-10-14,4.36,4.36,4.37,4.35,1408489,692484416.00,0.46,0.00,0.00,0.05
2020-10-15,4.36,4.37,4.39,4.34,2011509,992204000.00,1.15,0.23,0.01,0.07
2020-10-16,4.36,4.43,4.46,4.36,5009558,2496968032.00,2.29,1.37,0.06,0.19
2020-10-19,4.43,4.46,4.52,4.42,3458163,1741740688.00,2.26,0.68,0.03,0.13
2020-10-20,4.45,4.42,4.45,4.39,2406896,1197285744.00,1.35,-0.90,-0.04,0.09
2020-10-21,4.42,4.49,4.51,4.39,3258762,1637539376.00,2.71,1.58,0.07,0.12
2020-10-22,4.49,4.50,4.51,4.46,1910635,963485744.00,1.11,0.22,0.01,0.07
2020-10-23,4.49,4.50,4.52,4.47,2356156,1193368832.00,1.11,0.00,0.00,0.09
2020-10-26,4.50,4.46,4.51,4.45,1797836,905802528.00,1.33,-0.89,-0.04,0.07
2020-10-27,4.45,4.47,4.48,4.44,1597959,801971536.00,0.90,0.22,0.01,0.06
2020-10-28,4.46,4.44,4.47,4.42,1820639,910381920.00,1.12,-0.67,-0.03,0.07
2020-10-29,4.42,4.40,4.43,4.39,1674462,831255136.00,0.90,-0.90,-0.04,0.06
2020-10-30,4.40,4.36,4.42,4.35,2107643,1040631792.00,1.59,-0.91,-0.04,0.08
2020-11-02,4.36,4.38,4.39,4.35,1572267,775279280.00,0.92,0.46,0.02,0.06
2020-11-03,4.39,4.39,4.42,4.38,1353574,671170592.00,0.91,0.23,0.01,0.05
2020-11-04,4.41,4.39,4.42,4.37,1464985,726041152.00,1.14,0.00,0.00,0.05
2020-11-05,4.41,4.39,4.43,4.38,1637350,811620256.00,1.14,0.00,0.00,0.06
2020-11-06,4.39,4.40,4.42,4.37,1659587,822468064.00,1.14,0.23,0.01,0.06
2020-11-09,4.41,4.42,4.43,4.40,2256021,1122494992.00,0.68,0.45,0.02,0.08
2020-11-10,4.45,4.46,4.49,4.44,2591684,1300974720.00,1.13,0.90,0.04,0.10
2020-11-11,4.45,4.51,4.52,4.44,3096115,1564938512.00,1.79,1.12,0.05,0.11
2020-11-12,4.50,4.45,4.50,4.45,1398752,702982496.00,1.11,-1.33,-0.06,0.05
2020-11-13,4.45,4.40,4.45,4.39,1922654,955481760.00,1.35,-1.12,-0.05,0.07
2020-11-16,4.41,4.42,4.43,4.40,1282416,637821648.00,0.68,0.45,0.02,0.05
2020-11-17,4.42,4.44,4.44,4.41,1220333,608551312.00,0.68,0.45,0.02,0.05
2020-11-18,4.44,4.47,4.49,4.42,1935618,972693584.00,1.58,0.68,0.03,0.07
2020-11-19,4.46,4.48,4.49,4.46,1545694,778151984.00,0.67,0.22,0.01,0.06
2020-11-20,4.49,4.47,4.50,4.45,1265721,636625584.00,1.12,-0.22,-0.01,0.05
2020-11-23,4.45,4.51,4.52,4.45,2825800,1428218320.00,1.57,0.89,0.04,0.10
2020-11-24,4.51,4.49,4.53,4.49,1893180,959879200.00,0.89,-0.44,-0.02,0.07
2020-11-25,4.52,4.48,4.55,4.48,2002930,1017147728.00,1.56,-0.22,-0.01,0.07
2020-11-26,4.48,4.53,4.54,4.47,1973923,1002567136.00,1.56,1.12,0.05,0.07
2020-11-27,4.55,4.83,4.83,4.55,9297495,4879296256.00,6.18,6.62,0.30,0.34
2020-11-30,4.90,4.76,5.08,4.75,12456636,6850764288.00,6.83,-1.45,-0.07,0.46
2020-12-01,4.75,4.91,4.94,4.72,5303736,2868661472.00,4.62,3.15,0.15,0.20
2020-12-02,4.88,4.89,4.97,4.79,3518096,1915490208.00,3.67,-0.41,-0.02,0.13
2020-12-03,4.89,4.82,4.92,4.78,2788019,1502313600.00,2.86,-1.43,-0.07,0.10
2020-12-04,4.82,4.75,4.82,4.66,3302805,1743943248.00,3.32,-1.45,-0.07,0.12
2020-12-07,4.73,4.63,4.77,4.61,2754023,1438818976.00,3.37,-2.53,-0.12,0.10
2020-12-08,4.63,4.56,4.66,4.55,2661064,1368985712.00,2.38,-1.51,-0.07,0.10
2020-12-09,4.58,4.54,4.60,4.53,2437226,1248006368.00,1.54,-0.44,-0.02,0.09
2020-12-10,4.54,4.50,4.55,4.48,2594727,1313829152.00,1.54,-0.88,-0.04,0.10
2020-12-11,4.50,4.52,4.52,4.46,2792733,1408322768.00,1.33,0.44,0.02,0.10
2020-12-14,4.51,4.49,4.53,4.47,2721060,1375565024.00,1.33,-0.66,-0.03,0.10
2020-12-15,4.49,4.45,4.49,4.42,3407518,1703696320.00,1.56,-0.89,-0.04,0.13
2020-12-16,4.45,4.44,4.49,4.43,2660675,1333083488.00,1.35,-0.22,-0.01,0.10
2020-12-17,4.44,4.47,4.48,4.40,3311279,1653433808.00,1.80,0.68,0.03,0.12
2020-12-18,4.45,4.44,4.47,4.42,2197722,1098952032.00,1.12,-0.67,-0.03,0.08
2020-12-21,4.45,4.44,4.46,4.42,2058288,1029138048.00,0.90,0.00,0.00,0.08
2020-12-22,4.43,4.38,4.44,4.36,3657494,1813673040.00,1.80,-1.35,-0.06,0.14
2020-12-23,4.38,4.40,4.41,4.37,2191464,1083275744.00,0.91,0.46,0.02,0.08
2020-12-24,4.40,4.40,4.42,4.38,1222628,606453344.00,0.91,0.00,0.00,0.05
2020-12-25,4.40,4.41,4.41,4.39,1532839,760124144.00,0.45,0.23,0.01,0.06
2020-12-28,4.40,4.41,4.41,4.37,2319268,1148788800.00,0.91,0.00,0.00,0.09
2020-12-29,4.41,4.42,4.42,4.39,2542023,1262344544.00,0.68,0.23,0.01,0.09
2020-12-30,4.41,4.40,4.42,4.38,2540785,1258737040.00,0.90,-0.45,-0.02,0.09
2020-12-31,4.39,4.43,4.45,4.39,3100040,1545155696.00,1.36,0.68,0.03,0.11