2004-08-04,0.41,0.43,0.47,0.36,157755,227864122.74,-550.00,2250.00,0.45,54.40
2004-08-05,0.40,0.45,0.45,0.38,78026,113804012.80,16.28,4.65,0.02,26.91
2004-08-06,0.44,0.44,0.47,0.37,60837,88672430.95,22.22,-2.22,-0.01,20.98
2004-08-09,0.41,0.33,0.41,0.31,43604,60979027.64,22.73,-25.00,-0.11,15.04
2004-08-10,0.31,0.33,0.34,0.30,22431,30558836.31,12.12,0.00,0.00,7.73
2004-08-11,0.33,0.25,0.33,0.23,34620,45429578.84,30.30,-24.24,-0.08,11.94
2004-08-12,0.24,0.23,0.25,0.21,18224,23361793.23,16.00,-8.00,-0.02,6.28
2004-08-13,0.22,0.19,0.25,0.18,18791,23820869.50,30.43,-17.39,-0.04,6.48
2004-08-16,0.17,0.07,0.18,0.06,31370,36557207.98,63.16,-63.16,-0.12,10.82
2004-08-17,0.06,0.06,0.09,0.04,14692,16686263.12,71.43,-14.29,-0.01,5.07
2004-08-18,0.05,0.01,0.06,0.01,22588,24711912.94,83.33,-83.33,-0.05,7.79
2004-08-19,-0.01,0.01,0.03,-0.02,15518,16759883.51,500.00,0.00,0.00,5.35
2004-08-20,0.02,0.02,0.04,-0.01,11329,12367271.67,500.00,100.00,0.01,3.91
2004-08-23,0.00,-0.05,0.00,-0.06,15233,15843927.61,300.00,-350.00,-0.07,5.25
2004-08-24,-0.05,-0.04,-0.02,-0.08,13680,14232216.85,-120.00,20.00,0.01,4.72
2004-08-25,-0.04,-0.03,-0.03,-0.07,9990,10311169.29,-100.00,25.00,0.01,3.44
2004-08-26,-0.03,-0.08,-0.02,-0.08,15019,15404434.88,-200.00,-166.67,-0.05,5.18
2004-08-27,-0.05,-0.03,-0.01,-0.06,25493,26714860.48,-62.50,62.50,0.05,8.79
2004-08-30,-0.04,0.01,0.07,-0.05,30151,33013872.09,-400.00,133.33,0.04,10.40
2004-08-31,0.06,0.02,0.08,0.02,31521,35119815.23,600.00,100.00,0.01,10.87
2004-09-01,0.00,-0.01,0.02,-0.01,11964,12875840.21,150.00,-150.00,-0.03,4.13
2004-09-02,-0.01,0.02,0.02,-0.03,13186,14122181.57,-500.00,300.00,0.03,4.55
2004-09-03,0.02,-0.01,0.02,-0.02,8281,8901069.72,200.00,-150.00,-0.03,2.86
2004-09-06,-0.01,-0.01,0.00,-0.02,4400,4692892.12,-200.00,0.00,0.00,1.52
2004-09-07,0.00,0.00,0.01,-0.02,3740,4003830.12,-300.00,100.00,0.01,1.29
2004-09-08,0.00,0.00,0.00,-0.02,4145,4430504.19,-3096.41,0.00,0.00,1.43
2004-09-09,-0.02,-0.04,-0.01,-0.04,7145,7475330.56,-719.50,0.00,-0.04,2.46
2004-09-10,-0.04,-0.03,-0.02,-0.05,4693,4895861.52,-75.00,25.00,0.01,1.62
2004-09-13,-0.03,-0.07,-0.02,-0.08,6803,6930964.80,-200.00,-133.33,-0.04,2.35
2004-09-14,-0.06,-0.03,-0.01,-0.06,11095,11619294.58,-71.43,57.14,0.04,3.83
2004-09-15,-0.03,0.04,0.07,-0.04,34728,38297276.40,-366.67,233.33,0.07,11.98
2004-09-16,0.05,0.08,0.10,0.04,47142,53876444.61,150.00,100.00,0.04,16.26
2004-09-17,0.08,0.13,0.13,0.05,34421,39812399.15,100.00,62.50,0.05,11.87
2004-09-20,0.14,0.16,0.17,0.11,36731,44164869.55,46.15,23.08,0.03,12.67
2004-09-21,0.16,0.17,0.20,0.12,35130,42979260.81,50.00,6.25,0.01,12.11
2004-09-22,0.16,0.17,0.19,0.15,31537,38825985.92,23.53,0.00,0.00,10.87
2004-09-23,0.17,0.15,0.18,0.11,24387,29298785.47,41.18,-11.76,-0.02,8.41
2004-09-24,0.16,0.10,0.21,0.10,36474,45179246.15,73.33,-33.33,-0.05,12.58
2004-09-27,0.14,0.10,0.16,0.09,15985,18967428.87,70.00,0.00,0.00,5.51
2004-09-28,0.10,0.11,0.12,0.09,9084,10660024.95,30.00,10.00,0.01,3.13
2004-09-29,0.11,0.11,0.13,0.10,8370,9891957.53,27.27,0.00,0.00,2.89
2004-09-30,0.11,0.09,0.14,0.09,10490,12385797.57,45.45,-18.18,-0.02,3.62
2004-10-08,0.10,0.17,0.17,0.10,19806,23926291.29,77.78,88.89,0.08,6.83
2004-10-11,0.19,0.17,0.25,0.16,36058,45451538.50,52.94,0.00,0.00,12.43
2004-10-13,0.15,0.15,0.18,0.12,17565,21231638.75,35.29,-11.76,-0.02,6.06
2004-10-14,0.15,0.01,0.16,0.01,23437,26272922.78,100.00,-93.33,-0.14,8.08
2004-10-15,-0.01,-0.02,0.01,-0.04,12885,13629282.76,500.00,-300.00,-0.03,4.44
2004-10-18,-0.02,0.01,0.02,-0.02,8834,9577956.81,-200.00,150.00,0.03,3.05
2004-10-19,0.02,-0.02,0.04,-0.02,8026,8709695.35,600.00,-300.00,-0.03,2.77
2004-10-20,-0.02,0.00,0.00,-0.03,4714,4982719.35,-150.00,100.00,0.02,1.63
2004-10-21,-0.01,-0.02,0.02,-0.02,5986,6392558.23,-2354.96,0.00,-0.02,2.06
2004-10-22,-0.02,0.02,0.02,-0.05,10678,11401995.85,-350.00,200.00,0.04,3.68
2004-10-25,0.02,-0.02,0.03,-0.02,9029,9795560.16,250.00,-200.00,-0.04,3.11
2004-10-26,-0.02,0.02,0.02,-0.03,7665,8187073.37,-250.00,200.00,0.04,2.64
2004-10-27,0.02,0.07,0.07,0.00,18562,20661429.81,350.00,250.00,0.05,6.40
2004-10-28,0.07,0.03,0.08,0.02,14225,15966209.24,85.71,-57.14,-0.04,4.91
2004-10-29,0.03,0.06,0.10,0.03,20735,23693618.75,233.33,100.00,0.03,7.15
2004-11-01,0.07,0.06,0.08,0.05,8023,9074586.95,50.00,0.00,0.00,2.77
2004-11-02,0.04,0.03,0.06,0.02,7814,8643057.29,66.67,-50.00,-0.03,2.69
2004-11-03,0.04,0.08,0.08,0.03,8345,9439919.69,166.67,166.67,0.05,2.88
2004-11-04,0.08,0.02,0.09,0.02,10540,11834873.56,87.50,-75.00,-0.06,3.63
2004-11-05,0.05,0.03,0.05,0.02,5380,5941556.78,150.00,50.00,0.01,1.86
2004-11-08,0.03,0.01,0.04,0.00,3949,4296143.93,133.33,-66.67,-0.02,1.36
2004-11-09,0.01,0.02,0.04,0.01,4319,4755130.55,300.00,100.00,0.01,1.49
2004-11-10,0.04,0.14,0.14,0.02,30261,35835011.97,600.00,600.00,0.12,10.43
2004-11-11,0.20,0.16,0.24,0.16,81803,102775099.68,57.14,14.29,0.02,28.21
2004-11-12,0.17,0.17,0.19,0.14,30899,37863525.29,31.25,6.25,0.01,10.65
2004-11-15,0.17,0.17,0.18,0.15,16100,19764892.79,17.65,0.00,0.00,5.55
2004-11-16,0.18,0.15,0.18,0.14,12681,15388758.00,23.53,-11.76,-0.02,4.37
2004-11-17,0.15,0.16,0.18,0.14,15432,18848192.93,26.67,6.67,0.01,5.32
2004-11-18,0.16,0.16,0.18,0.15,9799,12013954.23,18.75,0.00,0.00,3.38
2004-11-19,0.16,0.18,0.19,0.15,11749,14456806.71,25.00,12.50,0.02,4.05
2004-11-22,0.19,0.23,0.23,0.18,32701,41368619.72,27.78,27.78,0.05,11.28
2004-11-23,0.23,0.18,0.23,0.17,18023,22532551.62,26.09,-21.74,-0.05,6.21
2004-11-24,0.17,0.15,0.19,0.13,20597,25077327.77,33.33,-16.67,-0.03,7.10
2004-11-25,0.15,0.14,0.16,0.13,8298,9995922.37,20.00,-6.67,-0.01,2.86
2004-11-26,0.13,0.14,0.15,0.13,4707,5671976.67,14.29,0.00,0.00,1.62
2004-11-29,0.13,0.09,0.14,0.09,9136,10689260.77,35.71,-35.71,-0.05,3.15
2004-11-30,0.09,0.10,0.11,0.08,4582,5320104.35,33.33,11.11,0.01,1.58
2004-12-01,0.10,0.08,0.11,0.08,5080,5873819.03,30.00,-20.00,-0.02,1.75
2004-12-02,0.08,0.08,0.08,0.06,6889,7848915.57,25.00,0.00,0.00,2.38
2004-12-03,0.08,0.15,0.21,0.08,30357,37167496.36,162.50,87.50,0.07,10.47
2004-12-06,0.15,0.15,0.17,0.12,8542,10279161.61,33.33,0.00,0.00,2.95
2004-12-07,0.16,0.12,0.16,0.11,5421,6469693.71,33.33,-20.00,-0.03,1.87
2004-12-08,0.14,0.15,0.18,0.14,11450,13954674.94,33.33,25.00,0.03,3.95
2004-12-09,0.15,0.18,0.21,0.15,28722,35808220.88,40.00,20.00,0.03,9.90
2004-12-10,0.17,0.13,0.17,0.13,11185,13509919.21,22.22,-27.78,-0.05,3.86
2004-12-13,0.13,0.17,0.17,0.12,8265,10072639.01,38.46,30.77,0.04,2.85
2004-12-14,0.17,0.17,0.18,0.14,4597,5627266.14,23.53,0.00,0.00,1.59
2004-12-15,0.18,0.17,0.19,0.15,8348,10264830.66,23.53,0.00,0.00,2.88
2004-12-16,0.16,0.13,0.17,0.13,7237,8747312.89,23.53,-23.53,-0.04,2.50
2004-12-17,0.12,0.10,0.12,0.09,7236,8461514.49,23.08,-23.08,-0.03,2.50
2004-12-20,0.09,0.07,0.09,0.05,5970,6759210.34,40.00,-30.00,-0.03,2.06
2004-12-21,0.07,0.07,0.09,0.06,3561,4066514.54,42.86,0.00,0.00,1.23
2004-12-22,0.08,0.12,0.12,0.07,7316,8557694.42,71.43,71.43,0.05,2.52
2004-12-23,0.12,0.07,0.12,0.07,4882,5652519.29,41.67,-41.67,-0.05,1.68
2004-12-24,0.06,0.08,0.10,0.06,3291,3778296.16,57.14,14.29,0.01,1.13
2004-12-27,0.07,0.07,0.09,0.06,3122,3558133.06,37.50,-12.50,-0.01,1.08
2004-12-28,0.07,0.07,0.08,0.06,2206,2503555.19,28.57,0.00,0.00,0.76
2004-12-29,0.07,0.03,0.08,0.03,5803,6468939.25,71.43,-57.14,-0.04,2.00
2004-12-30,0.02,0.04,0.05,0.01,2702,2985591.20,133.33,33.33,0.01,0.93
2004-12-31,0.04,0.01,0.05,0.00,4273,4675947.80,125.00,-75.00,-0.03,1.47