2026-01-05,18.71,19.57,19.66,18.71,27589,53124121.00,5.09,4.88,0.91,1.25
2026-01-06,19.58,19.61,19.94,19.54,22543,44405333.00,2.04,0.20,0.04,1.02
2026-01-07,19.62,19.35,19.62,19.26,14895,28900048.00,1.84,-1.33,-0.26,0.68
2026-01-08,19.35,19.50,19.56,19.20,12387,24082912.00,1.86,0.78,0.15,0.56
2026-01-09,19.50,19.72,19.72,19.30,16892,33052378.00,2.15,1.13,0.22,0.77
2026-01-12,19.70,19.59,19.74,19.51,18438,36127998.00,1.17,-0.66,-0.13,0.84
2026-01-13,19.53,19.43,19.85,19.41,19129,37545907.00,2.25,-0.82,-0.16,0.87
2026-01-14,19.43,19.55,19.66,19.21,22004,42859410.00,2.32,0.62,0.12,1.00
2026-01-15,19.45,19.47,19.62,19.38,10139,19756603.00,1.23,-0.41,-0.08,0.46
2026-01-16,19.54,19.26,19.54,19.19,10317,19915612.00,1.80,-1.08,-0.21,0.47
2026-01-19,19.30,19.38,19.45,19.20,8568,16592552.00,1.30,0.62,0.12,0.39
2026-01-20,19.38,19.46,19.51,19.27,12485,24192142.00,1.24,0.41,0.08,0.57
2026-01-21,19.47,19.42,19.52,19.26,9862,19171647.00,1.34,-0.21,-0.04,0.45
2026-01-22,19.46,19.67,19.80,19.37,15638,30672594.00,2.21,1.29,0.25,0.71
2026-01-23,19.67,19.65,19.76,19.59,12630,24822248.00,0.86,-0.10,-0.02,0.57
2026-01-26,19.53,19.80,19.94,19.37,27011,53030784.00,2.90,0.76,0.15,1.23
2026-01-27,19.70,19.54,19.76,19.06,23416,45471599.00,3.54,-1.31,-0.26,1.06
2026-01-28,19.50,18.95,19.50,18.88,18583,35529456.00,3.17,-3.02,-0.59,0.84
2026-01-29,18.88,18.90,19.10,18.71,16827,31783301.00,2.06,-0.26,-0.05,0.76
2026-01-30,18.81,18.91,19.03,18.71,10953,20653185.00,1.69,0.05,0.01,0.50
2026-02-02,18.85,19.46,19.98,18.81,44756,86969374.00,6.19,2.91,0.55,2.03
2026-02-03,19.51,19.26,19.76,19.10,34841,67499957.00,3.39,-1.03,-0.20,1.58
2026-02-04,19.19,19.58,19.60,19.01,24748,48093047.00,3.06,1.66,0.32,1.12
2026-02-05,19.57,19.69,19.70,19.46,11738,22995965.00,1.23,0.56,0.11,0.53
2026-02-06,19.90,19.51,19.90,19.51,12982,25450419.00,1.98,-0.91,-0.18,0.59
2026-02-09,19.62,19.55,19.75,19.46,9095,17825762.00,1.49,0.21,0.04,0.41
2026-02-10,19.64,19.67,19.75,19.51,11322,22251189.00,1.23,0.61,0.12,0.51
2026-02-11,19.61,19.46,19.64,19.40,10228,19980634.00,1.22,-1.07,-0.21,0.46
2026-02-12,19.40,19.04,19.42,18.90,16704,31947816.00,2.67,-2.16,-0.42,0.76
2026-02-13,19.26,18.95,19.26,18.95,9225,17624676.00,1.63,-0.47,-0.09,0.42
2026-02-24,19.11,19.17,19.21,19.01,8267,15801354.00,1.06,1.16,0.22,0.37
2026-02-25,19.17,19.00,19.28,18.98,11090,21193723.00,1.56,-0.89,-0.17,0.50
2026-02-26,19.06,18.99,19.06,18.88,9768,18529092.00,0.95,-0.05,-0.01,0.44
2026-02-27,18.99,18.89,18.99,18.82,9255,17468919.00,0.90,-0.53,-0.10,0.42
2026-03-02,18.80,18.32,18.85,18.21,20150,37119285.00,3.39,-3.02,-0.57,0.91
2026-03-03,18.26,18.05,18.55,18.03,16596,30303691.00,2.84,-1.47,-0.27,0.75
2026-03-04,18.05,17.62,18.05,17.40,22543,39899184.00,3.60,-2.38,-0.43,1.02
2026-03-05,17.70,17.75,17.87,17.67,13261,23549854.00,1.14,0.74,0.13,0.60
2026-03-06,17.71,18.14,18.15,17.67,11760,21128491.00,2.70,2.20,0.39,0.53
2026-03-09,17.98,18.01,18.05,17.78,8660,15525397.00,1.49,-0.72,-0.13,0.39
2026-03-10,18.18,18.18,18.20,17.96,9806,17725795.00,1.33,0.94,0.17,0.44
2026-03-11,18.20,18.09,18.20,17.99,10281,18540911.00,1.16,-0.50,-0.09,0.47
2026-03-12,18.07,17.81,18.07,17.80,9332,16683351.00,1.49,-1.55,-0.28,0.42
2026-03-13,17.86,18.15,18.19,17.81,12234,22097489.00,2.13,1.91,0.34,0.55
2026-03-16,18.16,18.22,18.22,17.92,9512,17182523.00,1.65,0.39,0.07,0.43
2026-03-17,18.18,18.06,18.30,18.04,9544,17359160.00,1.43,-0.88,-0.16,0.43
2026-03-18,18.02,18.12,18.15,17.95,11608,20984274.00,1.11,0.33,0.06,0.53
2026-03-19,18.06,17.62,18.12,17.59,13459,23976593.00,2.92,-2.76,-0.50,0.61
2026-03-20,17.62,17.30,17.80,17.27,13903,24261719.00,3.01,-1.82,-0.32,0.63
2026-03-23,17.25,16.20,17.25,16.08,18532,30612416.00,6.76,-6.36,-1.10,0.84
2026-03-24,16.60,17.18,17.20,16.37,16944,28398319.00,5.12,6.05,0.98,0.77
2026-03-25,17.18,17.03,17.25,16.99,11665,19921357.00,1.51,-0.87,-0.15,0.53
2026-03-26,17.03,16.84,17.18,16.77,7654,12957295.00,2.41,-1.12,-0.19,0.35
2026-03-27,16.73,17.31,17.39,16.73,9764,16756379.00,3.92,2.79,0.47,0.44