MjAwNS0wMS0wNCwyLjI1LDIuMjUsMi4yNiwyLjIwLDE5ODksODkxOTQ5LjAwLDIuNjUsLTAuNDQsLTAuMDEsMC4zMg==
2005-01-05,2.25,2.29,2.34,2.25,1993,912757.00,4.00,1.78,0.04,0.32
2005-01-06,2.29,2.25,2.30,2.24,1183,534242.00,2.62,-1.75,-0.04,0.19
2005-01-07,2.28,2.29,2.32,2.24,1627,742064.00,3.56,1.78,0.04,0.26
2005-01-10,2.29,2.32,2.33,2.25,2751,1258881.00,3.49,1.31,0.03,0.44
2005-01-11,2.32,2.34,2.34,2.30,2800,1295755.00,1.72,0.86,0.02,0.45
2005-01-12,2.34,2.35,2.36,2.31,2050,955604.00,2.14,0.43,0.01,0.33
2005-01-13,2.34,2.37,2.41,2.33,3841,1827027.00,3.40,0.85,0.02,0.62
2005-01-14,2.34,2.30,2.39,2.29,2246,1050193.00,4.22,-2.95,-0.07,0.36
2005-01-17,2.25,2.26,2.28,2.24,2319,1047232.00,1.74,-1.74,-0.04,0.37
2005-01-18,2.28,2.30,2.31,2.26,1730,788238.00,2.21,1.77,0.04,0.28
2005-01-19,2.27,2.32,2.33,2.27,2114,971851.00,2.61,0.87,0.02,0.34
2005-01-20,2.33,2.32,2.33,2.29,3042,1401165.00,1.72,0.00,0.00,0.49
2005-01-21,2.43,2.42,2.50,2.35,27364,13305677.00,6.47,4.31,0.10,4.41
2005-01-24,2.44,2.45,2.48,2.42,8591,4190782.00,2.48,1.24,0.03,1.39
2005-01-25,2.42,2.38,2.42,2.36,4779,2270151.00,2.45,-2.86,-0.07,0.77
2005-01-26,2.38,2.33,2.39,2.32,3609,1688957.00,2.94,-2.10,-0.05,0.58
2005-01-27,2.30,2.28,2.33,2.28,2708,1241420.00,2.15,-2.15,-0.05,0.44
2005-01-28,2.26,2.20,2.27,2.19,4579,2042373.00,3.51,-3.51,-0.08,0.74
2005-01-31,2.19,2.06,2.19,2.06,4016,1681089.00,5.91,-6.36,-0.14,0.65
2005-02-01,2.06,2.07,2.11,2.05,3253,1350537.00,2.91,0.49,0.01,0.52
2005-02-02,2.09,2.19,2.20,2.08,3998,1716323.00,5.80,5.80,0.12,0.64
2005-02-03,2.19,2.12,2.20,2.11,4275,1836954.00,4.11,-3.20,-0.07,0.69
2005-02-04,2.11,2.15,2.16,2.11,3370,1440281.00,2.36,1.42,0.03,0.54
2005-02-16,2.18,2.19,2.20,2.15,2783,1212153.00,2.33,1.86,0.04,0.45
2005-02-17,2.17,2.20,2.20,2.15,2243,974045.00,2.28,0.46,0.01,0.36
2005-02-18,2.20,2.16,2.20,2.15,2063,898357.00,2.27,-1.82,-0.04,0.33
2005-02-21,2.17,2.22,2.24,2.16,4497,1987233.00,3.70,2.78,0.06,0.73
2005-02-22,2.21,2.29,2.29,2.19,8034,3599833.00,4.50,3.15,0.07,1.30
2005-02-23,2.28,2.29,2.35,2.26,8823,4069342.00,3.93,0.00,0.00,1.42
2005-02-24,2.28,2.32,2.32,2.28,4530,2082662.00,1.75,1.31,0.03,0.73
2005-02-25,2.32,2.32,2.36,2.29,8127,3774738.00,3.02,0.00,0.00,1.31
2005-02-28,2.30,2.28,2.31,2.27,4067,1856881.00,1.72,-1.72,-0.04,0.66
2005-03-01,2.27,2.29,2.30,2.26,2713,1231832.00,1.75,0.44,0.01,0.44
2005-03-02,2.28,2.25,2.32,2.24,4149,1890333.00,3.49,-1.75,-0.04,0.67
2005-03-03,2.24,2.30,2.30,2.21,4876,2194804.00,4.00,2.22,0.05,0.79
2005-03-04,2.30,2.26,2.35,2.26,2669,1219880.00,3.91,-1.74,-0.04,0.43
2005-03-07,2.32,2.31,2.35,2.29,6580,3043427.00,2.65,2.21,0.05,1.06
2005-03-08,2.34,2.34,2.34,2.28,5063,2340255.00,2.60,1.30,0.03,0.82
2005-03-09,2.34,2.33,2.35,2.30,4791,2218381.00,2.14,-0.43,-0.01,0.77
2005-03-10,2.33,2.22,2.33,2.22,4515,2046356.00,4.72,-4.72,-0.11,0.73
2005-03-11,2.22,2.23,2.25,2.19,3850,1708254.00,2.70,0.45,0.01,0.62
2005-03-14,2.23,2.18,2.23,2.17,3936,1719614.00,2.69,-2.24,-0.05,0.63
2005-03-15,2.18,2.16,2.18,2.13,4583,1963277.00,2.29,-0.92,-0.02,0.74
2005-03-16,2.13,2.15,2.17,2.11,3427,1463836.00,2.78,-0.46,-0.01,0.55
2005-03-17,2.13,2.13,2.16,2.11,1663,710603.00,2.33,-0.93,-0.02,0.27
2005-03-18,2.15,2.07,2.16,2.07,3480,1460799.00,4.23,-2.82,-0.06,0.56
2005-03-21,2.06,2.08,2.09,2.06,1053,437159.00,1.45,0.48,0.01,0.17
2005-03-22,2.13,2.01,2.14,1.95,5239,2125368.00,9.13,-3.37,-0.07,0.85
2005-03-23,2.03,2.08,2.09,2.02,10742,4423916.00,3.48,3.48,0.07,1.73
2005-03-24,2.07,2.10,2.10,2.00,4914,2005416.00,4.81,0.96,0.02,0.79
2005-03-25,2.10,2.14,2.14,2.04,10208,4327521.00,4.76,1.90,0.04,1.65
2005-03-28,2.13,2.08,2.15,2.03,6654,2766815.00,5.61,-2.80,-0.06,1.07
2005-03-29,2.08,2.01,2.08,2.01,5605,2280600.00,3.37,-3.37,-0.07,0.90
2005-03-30,2.01,1.94,2.01,1.93,5629,2213279.00,3.98,-3.48,-0.07,0.91
2005-03-31,1.93,1.95,1.95,1.89,2818,1078655.00,3.09,0.52,0.01,0.45
2005-04-01,1.94,2.02,2.03,1.91,6987,2762389.00,6.15,3.59,0.07,1.13
2005-04-04,2.00,1.94,2.00,1.93,4436,1736899.00,3.47,-3.96,-0.08,0.72
2005-04-05,1.94,1.91,1.95,1.89,4106,1572495.00,3.09,-1.55,-0.03,0.66
2005-04-06,1.88,1.92,1.93,1.86,3258,1240038.00,3.66,0.52,0.01,0.53
2005-04-07,1.91,1.98,2.03,1.90,8627,3414815.00,6.77,3.13,0.06,1.39
2005-04-08,1.96,1.99,2.00,1.94,5078,1997108.00,3.03,0.51,0.01,0.82
2005-04-11,1.94,2.02,2.02,1.87,19095,7494966.00,7.54,1.51,0.03,3.08
2005-04-12,1.99,1.92,1.99,1.92,7544,2931137.00,3.47,-4.95,-0.10,1.22
2005-04-13,1.95,1.97,1.98,1.93,7364,2875030.00,2.60,2.60,0.05,1.19
2005-04-14,1.96,1.92,1.99,1.88,7835,3014471.00,5.58,-2.54,-0.05,1.26
2005-04-15,1.87,1.76,1.88,1.73,12378,4396584.00,7.81,-8.33,-0.16,2.00
2005-04-18,1.75,1.70,1.75,1.70,5039,1724939.00,2.84,-3.41,-0.06,0.81
2005-04-19,1.70,1.72,1.74,1.69,3901,1331320.00,2.94,1.18,0.02,0.63
2005-04-20,1.73,1.62,1.73,1.61,5522,1816427.00,6.98,-5.81,-0.10,0.89
2005-04-21,1.60,1.54,1.64,1.54,6127,1923357.00,6.17,-4.94,-0.08,0.99
2005-04-22,1.51,1.57,1.59,1.51,7051,2206051.00,5.19,1.95,0.03,1.14
2005-04-25,1.55,1.49,1.58,1.45,6691,2005719.00,8.28,-5.10,-0.08,1.08
2005-04-26,1.46,1.55,1.60,1.46,5465,1683139.00,9.40,4.03,0.06,0.88
2005-04-27,1.55,1.49,1.57,1.49,4675,1425924.00,5.16,-3.87,-0.06,0.75
2005-04-28,1.53,1.55,1.58,1.48,7027,2147441.00,6.71,4.03,0.06,1.13
2005-04-29,1.55,1.51,1.57,1.50,5889,1809387.00,4.52,-2.58,-0.04,0.95
2005-05-09,1.51,1.45,1.52,1.44,3746,1105155.00,5.30,-3.97,-0.06,0.60
2005-05-10,1.44,1.44,1.44,1.37,2540,715210.00,4.83,-0.69,-0.01,0.41
2005-05-11,1.49,1.45,1.49,1.43,2065,598972.00,4.17,0.69,0.01,0.33
2005-05-12,1.44,1.46,1.48,1.41,2664,768509.00,4.83,0.69,0.01,0.43
2005-05-13,1.46,1.50,1.51,1.46,4647,1380228.00,3.42,2.74,0.04,0.75
2005-05-16,1.49,1.50,1.50,1.46,2065,610951.00,2.67,0.00,0.00,0.33
2005-05-17,1.48,1.50,1.54,1.46,3309,996190.00,5.33,0.00,0.00,0.53
2005-05-18,1.51,1.53,1.54,1.50,4369,1322114.00,2.67,2.00,0.03,0.70
2005-05-19,1.53,1.52,1.53,1.50,2814,850705.00,1.96,-0.65,-0.01,0.45
2005-05-20,1.52,1.48,1.52,1.48,3002,900507.00,2.63,-2.63,-0.04,0.48
2005-05-23,1.46,1.41,1.47,1.41,2914,832782.00,4.05,-4.73,-0.07,0.47
2005-05-24,1.41,1.55,1.55,1.41,12978,3950670.00,9.93,9.93,0.14,2.09
2005-05-25,1.59,1.57,1.61,1.53,29798,9340662.00,5.16,1.29,0.02,4.81
2005-05-26,1.54,1.53,1.56,1.51,11289,3461363.00,3.18,-2.55,-0.04,1.82
2005-05-27,1.52,1.53,1.56,1.52,5637,1736650.00,2.61,0.00,0.00,0.91
2005-05-30,1.53,1.55,1.56,1.50,5263,1616657.00,3.92,1.31,0.02,0.85
2005-05-31,1.54,1.53,1.56,1.52,5030,1543668.00,2.58,-1.29,-0.02,0.81
2005-06-01,1.53,1.48,1.54,1.46,5670,1684441.00,5.23,-3.27,-0.05,0.91
2005-06-02,1.47,1.51,1.53,1.47,4704,1404427.00,4.05,2.03,0.03,0.76
2005-06-03,1.48,1.50,1.52,1.47,3054,911276.00,3.31,-0.66,-0.01,0.49
2005-06-06,1.49,1.51,1.52,1.47,2763,825250.00,3.33,0.67,0.01,0.45
2005-06-07,1.51,1.53,1.58,1.50,6634,2036064.00,5.30,1.32,0.02,1.07
2005-06-08,1.53,1.64,1.67,1.53,16492,5269064.00,9.15,7.19,0.11,2.66
2005-06-09,1.64,1.64,1.66,1.61,16351,5314752.00,3.05,0.00,0.00,2.64
2005-06-10,1.62,1.64,1.72,1.61,17729,5877707.00,6.71,0.00,0.00,2.86
2005-06-14,1.66,1.56,1.66,1.56,10323,3296494.00,6.10,-4.88,-0.08,1.67
2005-06-15,1.54,1.51,1.56,1.50,6316,1926105.00,3.85,-3.21,-0.05,1.02
2005-06-16,1.50,1.50,1.52,1.46,4387,1302642.00,3.97,-0.66,-0.01,0.71
2005-06-17,1.51,1.49,1.52,1.47,3048,907706.00,3.33,-0.67,-0.01,0.49
2005-06-20,1.48,1.53,1.53,1.45,6595,1976263.00,5.37,2.68,0.04,1.06
2005-06-21,1.53,1.59,1.60,1.51,9819,3055731.00,5.88,3.92,0.06,1.58
2005-06-22,1.57,1.57,1.59,1.54,5547,1729766.00,3.14,-1.26,-0.02,0.89
2005-06-23,1.57,1.60,1.64,1.55,20640,6654853.00,5.73,1.91,0.03,3.33
2005-06-24,1.58,1.61,1.63,1.56,8289,2652848.00,4.38,0.63,0.01,1.34
2005-06-27,1.63,1.72,1.72,1.59,31588,10617947.00,8.07,6.83,0.11,5.09
2005-06-28,1.70,1.69,1.75,1.68,37349,12723275.00,4.07,-1.74,-0.03,6.02
2005-06-29,1.68,1.65,1.69,1.63,9506,3147301.00,3.55,-2.37,-0.04,1.53
2005-06-30,1.60,1.65,1.68,1.60,13496,4476189.00,4.85,0.00,0.00,2.18
2005-07-01,1.65,1.57,1.70,1.55,25961,8552730.00,9.09,-4.85,-0.08,4.19
2005-07-04,1.50,1.41,1.55,1.41,19341,5565927.00,8.92,-10.19,-0.16,3.12
2005-07-05,1.43,1.42,1.43,1.38,7110,1992592.00,3.55,0.71,0.01,1.15
2005-07-06,1.42,1.38,1.44,1.37,2996,837321.00,4.93,-2.82,-0.04,0.48
2005-07-07,1.37,1.48,1.50,1.37,11276,3262277.00,9.42,7.25,0.10,1.82
2005-07-08,1.45,1.42,1.51,1.40,34674,10010235.00,7.43,-4.05,-0.06,5.59
2005-07-11,1.39,1.28,1.43,1.28,28042,7493703.00,10.56,-9.86,-0.14,4.52
2005-07-12,1.25,1.33,1.34,1.23,12317,3173095.00,8.59,3.91,0.05,1.99
2005-07-13,1.29,1.32,1.33,1.28,6839,1772980.00,3.76,-0.75,-0.01,1.10
2005-07-14,1.32,1.29,1.32,1.27,6451,1661255.00,3.79,-2.27,-0.03,1.04
2005-07-15,1.29,1.24,1.31,1.23,6793,1722258.00,6.20,-3.88,-0.05,1.10
2005-07-18,1.23,1.18,1.24,1.17,5805,1381184.00,5.65,-4.84,-0.06,0.94
2005-07-19,1.19,1.20,1.21,1.18,2910,693452.00,2.54,1.69,0.02,0.47
2005-07-20,1.20,1.21,1.23,1.20,3470,840958.00,2.50,0.83,0.01,0.56
2005-07-21,1.21,1.21,1.22,1.17,4426,1055026.00,4.13,0.00,0.00,0.71
2005-07-22,1.21,1.24,1.27,1.20,8507,2104613.00,5.79,2.48,0.03,1.37
2005-07-25,1.24,1.23,1.24,1.22,2802,687832.00,1.61,-0.81,-0.01,0.45
2005-07-26,1.24,1.28,1.28,1.23,11349,2863848.00,4.07,4.07,0.05,1.83
2005-07-27,1.30,1.33,1.35,1.29,22449,5908358.00,4.69,3.91,0.05,3.62
2005-07-28,1.32,1.31,1.34,1.29,14029,3676670.00,3.76,-1.50,-0.02,2.26
2005-07-29,1.29,1.32,1.34,1.29,8296,2182794.00,3.82,0.76,0.01,1.34
2005-08-01,1.32,1.34,1.35,1.31,7625,2016896.00,3.03,1.52,0.02,1.23
2005-08-02,1.34,1.35,1.35,1.31,11538,3072705.00,2.99,0.75,0.01,1.86
2005-08-03,1.35,1.36,1.42,1.33,20440,5595542.00,6.67,0.74,0.01,3.30
2005-08-04,1.35,1.37,1.40,1.35,9703,2655974.00,3.68,0.74,0.01,1.57
2005-08-05,1.37,1.41,1.43,1.37,17445,4876650.00,4.38,2.92,0.04,2.81
2005-08-08,1.42,1.43,1.44,1.40,16281,4636411.00,2.84,1.42,0.02,2.63
2005-08-09,1.42,1.47,1.48,1.41,17379,5034867.00,4.90,2.80,0.04,2.80
2005-08-10,1.47,1.47,1.49,1.41,14774,4273274.00,5.44,0.00,0.00,2.38
2005-08-11,1.47,1.47,1.48,1.42,21777,6306892.00,4.08,0.00,0.00,3.51
2005-08-12,1.47,1.50,1.57,1.44,37753,11339729.00,8.84,2.04,0.03,6.09
2005-08-15,1.49,1.50,1.51,1.44,17348,5145314.00,4.67,0.00,0.00,2.80
2005-08-16,1.50,1.55,1.57,1.49,27106,8310413.00,5.33,3.33,0.05,4.37
2005-08-17,1.53,1.57,1.61,1.49,21109,6520862.00,7.74,1.29,0.02,3.40
2005-08-18,1.57,1.55,1.69,1.55,47758,15442710.00,8.92,-1.27,-0.02,7.70
2005-08-19,1.53,1.46,1.57,1.40,30012,8812595.00,10.97,-5.81,-0.09,4.84
2005-08-22,1.43,1.47,1.49,1.43,14235,4182536.00,4.11,0.68,0.01,2.30
2005-08-23,1.45,1.39,1.47,1.38,20427,5772756.00,6.12,-5.44,-0.08,3.29
2005-08-24,1.39,1.41,1.42,1.37,11393,3183008.00,3.60,1.44,0.02,1.84
2005-08-25,1.40,1.44,1.45,1.40,14834,4234455.00,3.55,2.13,0.03,2.39
2005-08-26,1.45,1.52,1.56,1.45,31919,9542019.00,7.64,5.56,0.08,5.15
2005-08-29,1.53,1.50,1.53,1.48,16394,4910240.00,3.29,-1.32,-0.02,2.64
2005-08-30,1.52,1.53,1.54,1.49,16089,4895106.00,3.33,2.00,0.03,2.59
2005-08-31,1.54,1.58,1.59,1.51,45658,14173157.00,5.23,3.27,0.05,7.36
2005-09-01,1.58,1.74,1.74,1.53,68849,22548447.00,13.29,10.13,0.16,11.10
2005-09-02,1.72,1.77,1.81,1.66,82868,28644351.00,8.62,1.72,0.03,13.37
2005-09-05,1.72,1.74,1.80,1.65,33294,11525878.00,8.47,-1.69,-0.03,5.37
2005-09-06,1.78,1.65,1.78,1.63,24274,8201465.00,8.62,-5.17,-0.09,3.92
2005-09-07,1.65,1.71,1.71,1.62,18459,6162005.00,5.45,3.64,0.06,2.98
2005-09-08,1.71,1.68,1.72,1.66,20793,7004616.00,3.51,-1.75,-0.03,3.35
2005-09-09,1.68,1.64,1.69,1.64,9835,3265167.00,2.98,-2.38,-0.04,1.59
2005-09-12,1.64,1.65,1.65,1.59,11869,3840834.00,3.66,0.61,0.01,1.91
2005-09-13,1.64,1.70,1.71,1.64,13220,4422552.00,4.24,3.03,0.05,2.13
2005-09-14,1.71,1.72,1.73,1.68,16362,5573060.00,2.94,1.18,0.02,2.64
2005-09-15,1.72,1.75,1.77,1.69,21447,7432839.00,4.65,1.74,0.03,3.46
2005-09-16,1.75,1.72,1.75,1.70,11883,4087589.00,2.86,-1.71,-0.03,1.92
2005-09-19,1.71,1.75,1.76,1.70,14090,4864736.00,3.49,1.74,0.03,2.27
2005-09-20,1.74,1.80,1.80,1.73,33699,11912739.00,4.00,2.86,0.05,5.44
2005-09-21,1.80,1.71,1.81,1.70,19138,6676806.00,6.11,-5.00,-0.09,3.09
2005-09-22,1.72,1.58,1.73,1.54,22376,7236657.00,11.11,-7.60,-0.13,3.61
2005-09-23,1.58,1.56,1.61,1.55,12461,3933609.00,3.80,-1.27,-0.02,2.01
2005-09-26,1.56,1.55,1.58,1.53,8809,2717704.00,3.21,-0.64,-0.01,1.42
2005-09-27,1.55,1.45,1.56,1.44,10939,3260961.00,7.74,-6.45,-0.10,1.76
2005-09-28,1.45,1.43,1.49,1.42,9209,2671552.00,4.83,-1.38,-0.02,1.49
2005-09-29,1.44,1.48,1.48,1.43,8282,2425747.00,3.50,3.50,0.05,1.34
2005-09-30,1.49,1.48,1.50,1.46,6954,2060856.00,2.70,0.00,0.00,1.12
2005-10-10,1.48,1.44,1.49,1.44,4848,1406115.00,3.38,-2.70,-0.04,0.78
2005-10-11,1.45,1.51,1.51,1.42,5643,1667059.00,6.25,4.86,0.07,0.91
2005-10-12,1.50,1.52,1.55,1.48,6839,2067581.00,4.64,0.66,0.01,1.10
2005-10-13,1.53,1.53,1.54,1.48,8322,2521185.00,3.95,0.66,0.01,1.34
2005-10-14,1.53,1.47,1.53,1.47,4823,1439063.00,3.92,-3.92,-0.06,0.78
2005-10-17,1.48,1.47,1.49,1.45,3963,1157457.00,2.72,0.00,0.00,0.64
2005-10-18,1.47,1.53,1.53,1.47,6350,1900717.00,4.08,4.08,0.06,1.02
2005-10-19,1.51,1.51,1.55,1.50,9143,2790624.00,3.27,-1.31,-0.02,1.47
2005-10-20,1.50,1.48,1.50,1.43,9554,2791738.00,4.64,-1.99,-0.03,1.54
2005-10-21,1.48,1.49,1.50,1.46,6345,1883008.00,2.70,0.68,0.01,1.02
2005-10-24,1.48,1.52,1.53,1.46,11668,3513919.00,4.70,2.01,0.03,1.88
2005-10-25,1.52,1.46,1.52,1.46,6931,2049294.00,3.95,-3.95,-0.06,1.12
2005-10-26,1.45,1.39,1.47,1.39,9671,2762920.00,5.48,-4.79,-0.07,1.56
2005-10-27,1.38,1.35,1.41,1.34,7629,2095905.00,5.04,-2.88,-0.04,1.23
2005-10-28,1.38,1.29,1.38,1.27,7418,1960542.00,8.15,-4.44,-0.06,1.20
2005-10-31,1.27,1.32,1.35,1.27,5087,1340790.00,6.20,2.33,0.03,0.82
2005-11-01,1.32,1.39,1.45,1.27,13218,3562234.00,13.64,5.30,0.07,2.13
2005-11-02,1.38,1.44,1.47,1.36,18319,5194441.00,7.91,3.60,0.05,2.95
2005-11-03,1.42,1.42,1.45,1.40,7435,2108122.00,3.47,-1.39,-0.02,1.20
2005-11-04,1.40,1.41,1.43,1.38,3344,938036.00,3.52,-0.70,-0.01,0.54
2005-11-07,1.44,1.44,1.44,1.38,4358,1233173.00,4.26,2.13,0.03,0.70
2005-11-08,1.42,1.44,1.46,1.40,5491,1570833.00,4.17,0.00,0.00,0.89
2005-11-09,1.43,1.41,1.46,1.41,6552,1879942.00,3.47,-2.08,-0.03,1.06
2005-11-10,1.40,1.32,1.40,1.32,6597,1799478.00,5.67,-6.38,-0.09,1.06
2005-11-11,1.32,1.35,1.37,1.32,5216,1403799.00,3.79,2.27,0.03,0.84
2005-11-14,1.33,1.39,1.42,1.33,6536,1801439.00,6.67,2.96,0.04,1.05
2005-11-15,1.38,1.37,1.40,1.36,3554,980927.00,2.88,-1.44,-0.02,0.57
2005-11-16,1.38,1.42,1.44,1.34,9586,2683406.00,7.30,3.65,0.05,1.55
2005-11-17,1.40,1.41,1.43,1.39,3974,1119859.00,2.82,-0.70,-0.01,0.64
2005-11-18,1.43,1.43,1.45,1.40,7051,2017611.00,3.55,1.42,0.02,1.14
2005-11-21,1.44,1.44,1.45,1.43,4184,1200839.00,1.40,0.70,0.01,0.67
2005-11-22,1.44,1.39,1.44,1.38,6219,1753359.00,4.17,-3.47,-0.05,1.00
2005-11-24,1.40,1.49,1.50,1.39,27514,7915103.00,7.91,7.19,0.10,4.44
2005-11-25,1.47,1.45,1.48,1.45,11041,3227091.00,2.01,-2.68,-0.04,1.78
2005-11-28,1.46,1.47,1.48,1.43,8022,2329168.00,3.45,1.38,0.02,1.29
2005-11-29,1.47,1.41,1.47,1.40,6733,1916165.00,4.76,-4.08,-0.06,1.09
2005-11-30,1.41,1.40,1.42,1.37,5430,1507074.00,3.55,-0.71,-0.01,0.88
2005-12-01,1.40,1.38,1.40,1.37,5044,1395757.00,2.14,-1.43,-0.02,0.81
2005-12-02,1.37,1.36,1.40,1.36,4949,1355036.00,2.90,-1.45,-0.02,0.80
2005-12-05,1.39,1.30,1.39,1.28,10001,2624227.00,8.09,-4.41,-0.06,1.61
2005-12-06,1.31,1.32,1.33,1.30,4316,1134958.00,2.31,1.54,0.02,0.70
2005-12-07,1.33,1.34,1.35,1.33,3738,995231.00,1.52,1.52,0.02,0.60
2005-12-08,1.34,1.37,1.38,1.33,12487,3392189.00,3.73,2.24,0.03,2.01
2005-12-09,1.38,1.39,1.41,1.37,20875,5788383.00,2.92,1.46,0.02,3.37
2005-12-12,1.38,1.39,1.39,1.36,8112,2229132.00,2.16,0.00,0.00,1.31
2005-12-13,1.38,1.39,1.40,1.37,4002,1103989.00,2.16,0.00,0.00,0.65
2005-12-14,1.39,1.39,1.40,1.37,5089,1405730.00,2.16,0.00,0.00,0.82
2005-12-15,1.38,1.38,1.41,1.37,7027,1948639.00,2.88,-0.72,-0.01,1.13
2005-12-16,1.37,1.38,1.39,1.36,3555,976974.00,2.17,0.00,0.00,0.57
2005-12-19,1.38,1.39,1.40,1.38,4507,1245856.00,1.45,0.72,0.01,0.73
2005-12-20,1.39,1.42,1.43,1.38,10550,2964644.00,3.60,2.16,0.03,1.70
2005-12-21,1.42,1.38,1.42,1.37,8009,2220493.00,3.52,-2.82,-0.04,1.29
2005-12-22,1.37,1.37,1.39,1.36,5008,1363875.00,2.17,-0.72,-0.01,0.81
2005-12-23,1.37,1.38,1.39,1.36,3762,1033038.00,2.19,0.73,0.01,0.61
2005-12-26,1.38,1.40,1.40,1.38,4098,1138635.00,1.45,1.45,0.02,0.66
2005-12-27,1.39,1.39,1.40,1.37,4495,1243502.00,2.14,-0.71,-0.01,0.73
2005-12-28,1.39,1.39,1.40,1.38,3241,900630.00,1.44,0.00,0.00,0.52
2005-12-29,1.38,1.41,1.42,1.38,7592,2134181.00,2.88,1.44,0.02,1.22
2005-12-30,1.41,1.38,1.42,1.37,3663,1020796.00,3.55,-2.13,-0.03,0.59