2025-01-02,537.45,537.46,554.47,533.76,815748,1268765188.00,3.85,-0.16,-0.87,2.03
2025-01-03,538.22,522.28,538.22,521.93,879209,1324709850.00,3.03,-2.82,-15.18,2.19
2025-01-06,522.11,525.32,531.19,510.00,867021,1378312093.00,4.06,0.58,3.04,2.16
2025-01-07,524.39,531.14,531.14,518.23,675323,1092454575.00,2.46,1.11,5.82,1.68
2025-01-08,532.01,538.39,542.20,525.25,867011,1291549637.00,3.19,1.36,7.25,2.16
2025-01-09,532.68,529.77,536.97,529.77,669588,1023016231.00,1.34,-1.60,-8.62,1.67
2025-01-10,528.79,513.87,531.02,513.87,599001,851992178.00,3.24,-3.00,-15.90,1.49
2025-01-13,507.38,514.52,516.03,502.75,527922,798277948.00,2.58,0.13,0.65,1.31
2025-01-14,517.45,535.67,535.67,517.45,613608,904979547.00,3.54,4.11,21.15,1.53
2025-01-15,540.05,541.19,545.75,539.43,544360,770798445.00,1.18,1.03,5.52,1.36
2025-01-16,543.44,551.84,555.07,543.44,801998,1344378322.00,2.15,1.97,10.65,2.00
2025-01-17,550.00,553.70,556.06,544.67,656777,1164773866.00,2.06,0.34,1.86,1.64
2025-01-20,553.92,558.55,560.51,553.92,734439,1244893834.00,1.19,0.88,4.85,1.83
2025-01-21,560.78,555.75,560.78,551.36,569856,940190020.00,1.69,-0.50,-2.80,1.42
2025-01-22,554.35,548.25,554.35,546.11,452285,738153663.00,1.48,-1.35,-7.50,1.13
2025-01-23,551.96,546.53,552.67,546.53,544119,905502198.00,1.12,-0.31,-1.72,1.35
2025-01-24,545.38,549.42,550.22,541.38,537419,794094657.00,1.62,0.53,2.89,1.34
2025-01-27,551.44,550.74,556.75,549.48,453933,651566730.00,1.32,0.24,1.32,1.13
2025-02-05,550.34,542.90,550.34,541.28,513346,784098084.00,1.65,-1.42,-7.84,1.28
2025-02-06,542.52,548.52,548.58,539.84,505481,794876807.00,1.61,1.04,5.62,1.26
2025-02-07,548.43,554.41,559.63,547.34,648806,1012060605.00,2.24,1.07,5.89,1.62
2025-02-10,557.31,562.40,562.87,554.76,737602,1258476012.00,1.46,1.44,7.99,1.84
2025-02-11,562.28,561.98,563.78,558.40,539426,916402130.00,0.96,-0.07,-0.42,1.34
2025-02-12,560.97,562.15,562.15,557.12,523385,887861362.00,0.90,0.03,0.17,1.30
2025-02-13,562.80,559.51,562.89,555.00,496026,772844133.00,1.40,-0.47,-2.64,1.24
2025-02-14,558.77,562.09,562.62,557.16,592992,780202567.00,0.98,0.46,2.58,1.48
2025-02-17,561.93,561.82,562.53,557.59,596508,855019464.00,0.88,-0.05,-0.27,1.49
2025-02-18,561.76,548.77,563.06,546.86,648689,863506311.00,2.88,-2.32,-13.05,1.62
2025-02-19,547.83,550.74,550.85,546.33,485200,665460680.00,0.82,0.36,1.97,1.21
2025-02-20,551.29,563.50,564.73,551.06,696299,1065007163.00,2.48,2.32,12.76,1.73
2025-02-21,562.12,558.63,562.18,557.12,644558,968291381.00,0.90,-0.86,-4.87,1.61
2025-02-24,556.74,557.29,560.29,553.44,477160,702280051.00,1.23,-0.24,-1.34,1.19
2025-02-25,554.29,554.41,559.11,551.81,475524,762303204.00,1.31,-0.52,-2.88,1.18
2025-02-26,555.51,565.21,567.02,555.51,545296,861227674.00,2.08,1.95,10.80,1.36
2025-02-27,565.43,580.07,581.98,565.43,772381,1322862205.00,2.93,2.63,14.86,1.92
2025-02-28,579.25,576.29,582.73,574.42,776525,1158477503.00,1.43,-0.65,-3.78,1.93
2025-03-03,575.60,587.48,591.47,575.60,868650,1445437351.00,2.75,1.94,11.19,2.16
2025-03-04,584.53,586.55,587.48,581.48,725291,1311724531.00,1.02,-0.16,-0.93,1.81
2025-03-05,585.41,585.55,586.28,578.71,679097,1000306348.00,1.29,-0.17,-1.00,1.69
2025-03-06,586.71,593.60,594.88,585.19,709977,1263438282.00,1.65,1.37,8.05,1.77
2025-03-07,593.51,592.39,593.88,588.00,698674,1150127037.00,0.99,-0.20,-1.21,1.74
2025-03-10,591.07,591.60,595.76,589.98,647461,1004674400.00,0.98,-0.13,-0.79,1.61
2025-03-11,587.56,600.84,600.89,586.21,696248,1146881192.00,2.48,1.56,9.24,1.73
2025-03-12,601.60,602.39,604.27,599.40,610690,1036295551.00,0.81,0.26,1.55,1.52
2025-03-13,600.08,607.13,607.13,597.94,740288,1415263369.00,1.53,0.79,4.74,1.84
2025-03-14,609.14,636.27,636.80,608.48,1417435,2551904250.00,4.66,4.80,29.14,3.53
2025-03-17,633.05,628.66,633.05,623.53,1767558,3726943953.00,1.50,-1.20,-7.61,4.40
2025-03-18,627.63,622.18,627.63,619.23,1378617,2573539631.00,1.34,-1.03,-6.48,3.43
2025-03-19,618.34,618.81,620.52,613.42,900940,1651796516.00,1.14,-0.54,-3.37,2.24
2025-03-20,617.95,612.73,621.34,611.75,735833,1275693368.00,1.55,-0.98,-6.08,1.83
2025-03-21,611.44,608.65,617.03,606.27,807922,1591579547.00,1.76,-0.67,-4.08,2.01
2025-03-24,608.28,606.11,612.00,596.08,770794,1271191390.00,2.62,-0.42,-2.54,1.92
2025-03-25,605.10,607.61,610.63,600.55,712275,1245207655.00,1.66,0.25,1.50,1.77
2025-03-26,605.39,613.79,615.87,605.39,728949,1140893387.00,1.72,1.02,6.18,1.82
2025-03-27,612.99,618.31,620.90,609.61,744374,1154906073.00,1.84,0.74,4.52,1.85
2025-03-28,616.60,607.46,617.56,607.46,677440,1004958949.00,1.63,-1.75,-10.85,1.69
2025-03-31,603.42,600.11,607.25,595.09,699686,1179937268.00,2.00,-1.21,-7.35,1.74
2025-04-01,600.73,605.49,611.18,600.73,654709,1281981714.00,1.74,0.90,5.38,1.63
2025-04-02,603.38,621.07,622.32,603.38,656329,1197228470.00,3.13,2.57,15.58,1.63
2025-04-03,614.99,622.04,631.94,614.88,824788,1494663708.00,2.75,0.16,0.97,2.05
2025-04-07,589.63,556.30,591.32,548.41,936980,1504607219.00,6.90,-10.57,-65.74,2.33
2025-04-08,551.40,563.38,563.71,548.04,1042242,1802198572.00,2.82,1.27,7.08,2.60
2025-04-09,552.42,567.28,571.92,526.84,1078824,1625768728.00,8.00,0.69,3.90,2.69
2025-04-10,573.06,587.77,594.72,573.06,921442,1521478244.00,3.82,3.61,20.49,2.29
2025-04-11,584.99,586.49,592.57,581.28,827907,1298535596.00,1.92,-0.22,-1.28,2.06
2025-04-14,595.17,608.86,612.63,595.17,862019,1493889291.00,2.98,3.81,22.37,2.15
2025-04-15,613.37,632.98,640.28,605.11,1609470,2253552478.00,5.78,3.96,24.12,4.01
2025-04-16,633.27,629.70,633.27,615.77,2219339,2461666717.00,2.76,-0.52,-3.28,5.53
2025-04-17,626.31,630.23,636.08,626.10,2216697,2348207634.00,1.58,0.08,0.53,5.52
2025-04-18,628.41,607.98,628.41,604.39,1619145,1834859764.00,3.81,-3.53,-22.25,4.03
2025-04-21,604.13,635.26,636.89,604.13,1952948,2441244813.00,5.39,4.49,27.28,4.86
2025-04-22,640.51,629.27,640.51,625.23,1750479,2364018876.00,2.41,-0.94,-5.99,4.36
2025-04-23,630.71,625.67,635.38,624.51,1352493,1904431536.00,1.73,-0.57,-3.60,3.37
2025-04-24,624.37,654.01,655.51,621.57,1653746,2666970367.00,5.42,4.53,28.34,4.12
2025-04-25,655.36,644.37,655.36,643.83,1560035,2097052105.00,1.76,-1.47,-9.64,3.88
2025-04-28,642.32,630.51,642.32,626.90,1036415,1525009337.00,2.39,-2.15,-13.86,2.58
2025-04-29,631.59,653.54,656.32,629.46,1079013,2152444297.00,4.26,3.65,23.03,2.69
2025-04-30,655.43,651.77,669.32,650.82,1049971,2246282487.00,2.83,-0.27,-1.77,2.61
2025-05-06,652.33,660.71,661.10,651.67,942503,1868083186.00,1.45,1.37,8.94,2.35
2025-05-07,667.57,666.55,672.50,662.38,1021418,1688367263.00,1.53,0.88,5.84,2.54
2025-05-08,664.54,664.73,666.70,660.61,847904,1501900810.00,0.91,-0.27,-1.82,2.11
2025-05-09,662.58,677.94,682.54,662.58,1038365,1772201181.00,3.00,1.99,13.21,2.59
2025-05-12,680.41,676.75,683.92,672.39,925902,1694393467.00,1.70,-0.18,-1.19,2.31
2025-05-13,681.22,686.13,687.96,672.85,1013455,1922934148.00,2.23,1.39,9.38,2.52
2025-05-14,682.53,678.06,682.53,672.66,851459,1436201049.00,1.44,-1.18,-8.07,2.12
2025-05-15,676.48,710.89,711.06,671.85,2200034,2975263729.00,5.78,4.84,32.83,5.48
2025-05-16,704.38,707.81,710.62,694.70,2024637,2741591471.00,2.24,-0.43,-3.08,5.04
2025-05-19,705.32,728.60,729.73,697.12,1901412,2874181481.00,4.61,2.94,20.79,4.73
2025-05-20,723.57,752.04,780.68,723.57,2683860,4421865170.00,7.84,3.22,23.44,6.68
2025-05-21,742.67,752.91,761.39,742.67,2246802,3956097470.00,2.49,0.12,0.87,5.60
2025-05-22,740.17,732.14,759.34,728.32,2465601,3440324738.00,4.12,-2.76,-20.77,6.14
2025-05-23,726.76,721.38,736.40,719.94,1866525,2609002730.00,2.25,-1.47,-10.76,4.65
2025-05-26,721.20,721.95,724.08,710.35,1559728,2306680931.00,1.90,0.08,0.57,3.88
2025-05-27,718.85,737.42,738.70,714.28,1922606,2843512151.00,3.38,2.14,15.47,4.79
2025-05-28,734.75,733.83,737.73,725.00,1699692,2334853816.00,1.73,-0.49,-3.59,4.23
2025-05-29,731.65,724.44,731.99,722.34,1579494,2190500041.00,1.32,-1.28,-9.39,3.93
2025-05-30,721.54,717.64,730.24,716.06,1246242,1881682714.00,1.96,-0.94,-6.80,3.10
2025-06-03,711.20,748.04,750.20,711.20,1749843,3127970979.00,5.43,4.24,30.40,4.36
2025-06-04,749.30,780.60,780.60,747.42,1989194,3396718122.00,4.44,4.35,32.56,4.95
2025-06-05,779.27,748.43,782.87,747.09,1868021,3310168667.00,4.58,-4.12,-32.17,4.65
2025-06-06,743.20,735.90,743.20,724.10,1358015,2467652779.00,2.55,-1.67,-12.53,3.38
2025-06-09,737.53,738.02,745.39,732.39,1163037,1977586645.00,1.77,0.29,2.12,2.90
2025-06-10,738.97,757.68,761.48,738.28,1511423,2874485866.00,3.14,2.66,19.66,3.76
2025-06-11,753.73,748.07,753.73,744.79,1097800,1942397494.00,1.18,-1.27,-9.61,2.73
2025-06-12,746.40,766.47,767.70,746.40,1402001,2691947049.00,2.85,2.46,18.40,3.49
2025-06-13,757.20,735.27,757.20,733.52,1451970,2909920390.00,3.09,-4.07,-31.20,3.62
2025-06-16,731.93,730.65,734.44,722.50,1070357,2318885491.00,1.62,-0.63,-4.62,2.67
2025-06-17,730.61,710.42,730.61,707.21,907207,1965837668.00,3.20,-2.77,-20.23,2.26
2025-06-18,706.67,689.13,706.67,686.48,887736,1701024250.00,2.84,-3.00,-21.29,2.21
2025-06-19,688.42,677.81,688.42,674.91,871124,1645416571.00,1.96,-1.64,-11.32,2.17
2025-06-20,677.02,676.55,682.66,672.39,670951,1316085024.00,1.52,-0.19,-1.26,1.67
2025-06-23,672.53,681.81,682.09,671.20,662766,1228311062.00,1.61,0.78,5.26,1.65
2025-06-24,685.59,690.94,693.27,685.25,743274,1368506919.00,1.18,1.34,9.13,1.85
2025-06-25,692.28,684.73,696.45,679.15,870800,1616745170.00,2.50,-0.90,-6.21,2.17
2025-06-26,683.97,679.06,685.83,677.16,697648,1369625478.00,1.27,-0.83,-5.67,1.74
2025-06-27,679.97,679.32,681.96,672.82,670640,1336518939.00,1.35,0.04,0.26,1.67
2025-06-30,680.78,688.96,689.63,678.70,765137,1588711011.00,1.61,1.42,9.64,1.91
2025-07-01,689.84,704.52,706.08,689.84,933033,2052091824.00,2.36,2.26,15.56,2.32
2025-07-02,704.41,695.03,706.02,691.14,914056,1608100230.00,2.11,-1.35,-9.49,2.28
2025-07-03,694.44,698.73,705.01,694.44,705527,1416064369.00,1.52,0.53,3.70,1.76
2025-07-04,697.92,684.93,697.92,680.97,1027536,1776244344.00,2.43,-1.98,-13.80,2.56
2025-07-07,684.22,691.28,692.43,680.61,725416,1235280312.00,1.73,0.93,6.35,1.81
2025-07-08,691.58,692.89,698.16,689.15,732379,1305357922.00,1.30,0.23,1.61,1.82
2025-07-09,693.89,694.38,698.86,693.34,763817,1242067293.00,0.80,0.22,1.49,1.90
2025-07-10,692.83,691.19,692.97,686.89,612134,1083819920.00,0.88,-0.46,-3.19,1.52
2025-07-11,692.38,691.55,693.33,685.96,697069,1220857028.00,1.07,0.05,0.36,1.74
2025-07-14,692.63,697.56,699.72,692.32,1199919,1786673088.00,1.07,0.87,6.01,2.99
2025-07-15,696.68,686.50,696.68,681.75,1453156,1917994091.00,2.14,-1.59,-11.06,3.62
2025-07-16,686.75,694.89,695.32,686.75,899552,1247624722.00,1.25,1.22,8.39,2.24
2025-07-17,696.45,694.86,697.04,688.95,804401,1216966169.00,1.16,0.00,-0.03,2.00
2025-07-18,695.99,690.59,695.99,685.46,694003,1174918840.00,1.52,-0.61,-4.27,1.73
2025-07-21,690.56,706.34,709.58,690.56,991896,1835621287.00,2.75,2.28,15.75,2.47
2025-07-22,711.01,717.78,726.33,711.01,985570,1997868275.00,2.17,1.62,11.44,2.45
2025-07-23,715.50,726.36,730.94,715.50,1296131,2715297756.00,2.15,1.20,8.58,3.23
2025-07-24,728.16,729.27,733.73,727.25,1302654,2868693755.00,0.89,0.40,2.91,3.24
2025-07-25,728.05,737.28,737.52,724.18,1343260,2965055183.00,1.83,1.10,8.01,3.34
2025-07-28,734.29,748.52,748.65,734.16,1489241,3440640335.00,1.97,1.52,11.24,3.71
2025-07-29,771.81,738.91,771.81,736.68,2149297,3659168673.00,4.69,-1.28,-9.61,5.35
2025-07-30,733.33,730.53,733.56,722.80,1551378,2552024792.00,1.46,-1.13,-8.38,3.86
2025-07-31,729.00,717.35,729.00,717.33,1262722,2290553488.00,1.60,-1.80,-13.18,3.14
2025-08-01,723.89,722.64,726.14,719.50,975953,1812041104.00,0.93,0.74,5.29,2.43
2025-08-04,726.06,737.79,737.90,725.83,1079668,1944813595.00,1.67,2.10,15.15,2.69
2025-08-05,746.50,748.09,751.84,744.79,1122191,1859482507.00,0.96,1.40,10.30,2.79
2025-08-06,756.06,759.08,759.08,748.44,1144874,1900491723.00,1.42,1.47,10.99,2.85
2025-08-07,763.12,759.33,765.23,749.55,1283739,2976047015.00,2.07,0.03,0.25,3.20
2025-08-08,753.08,763.90,766.85,747.97,1235689,2437845428.00,2.49,0.60,4.57,3.08
2025-08-11,759.24,761.62,764.11,753.28,1276853,2497100248.00,1.42,-0.30,-2.28,3.18
2025-08-12,758.54,754.89,763.39,754.42,981871,1951504408.00,1.18,-0.88,-6.73,2.45
2025-08-13,757.43,757.82,761.49,752.59,977668,2021557558.00,1.18,0.39,2.93,2.43
2025-08-14,757.51,747.51,757.51,743.71,1025695,2048174391.00,1.82,-1.36,-10.31,2.55
2025-08-15,744.48,753.61,753.80,743.41,868249,1674432829.00,1.39,0.82,6.10,2.16
2025-08-18,752.88,759.70,762.03,752.88,1005687,2053144961.00,1.21,0.81,6.09,2.50
2025-08-19,759.25,772.00,774.98,756.86,1387228,2502912688.00,2.39,1.62,12.30,3.45
2025-08-20,772.46,777.41,778.10,767.54,1436609,2454520783.00,1.37,0.70,5.41,3.58
2025-08-21,777.30,784.82,793.61,777.30,1490320,2564440672.00,2.10,0.95,7.41,3.71
2025-08-22,782.42,780.49,785.73,775.45,1237567,2467799595.00,1.31,-0.55,-4.33,3.08
2025-08-25,778.82,775.97,780.00,771.12,1180654,2265024792.00,1.14,-0.58,-4.52,2.94
2025-08-26,775.43,777.97,782.09,774.44,1018865,2000489205.00,0.99,0.26,2.00,2.54
2025-08-27,778.95,754.85,778.95,754.82,1199198,2137337828.00,3.10,-2.97,-23.12,2.99
2025-08-28,754.81,759.51,769.87,737.84,1256655,2447638063.00,4.24,0.62,4.66,3.13
2025-08-29,758.91,771.78,778.69,758.91,1107593,2471388782.00,2.60,1.62,12.27,2.76
2025-09-01,767.78,763.05,768.45,756.15,1068334,2205235168.00,1.59,-1.13,-8.73,2.66
2025-09-02,762.30,749.85,762.30,743.60,927723,1726731901.00,2.45,-1.73,-13.20,2.31
2025-09-03,750.86,733.21,755.34,731.81,728633,1437577054.00,3.14,-2.22,-16.64,1.81
2025-09-04,733.97,760.98,765.38,733.16,1198591,2200269922.00,4.39,3.79,27.77,2.98
2025-09-05,758.28,764.84,764.84,744.21,1047212,1989903517.00,2.71,0.51,3.86,2.61
2025-09-08,762.27,773.71,777.03,762.27,1131762,2145444151.00,1.93,1.16,8.87,2.82
2025-09-09,772.95,769.55,780.37,764.03,1403991,1957283680.00,2.11,-0.54,-4.16,3.50
2025-09-10,771.65,770.27,776.69,767.19,2064953,2164449917.00,1.23,0.09,0.72,5.14
2025-09-11,771.82,778.32,778.32,762.42,1527944,2046927155.00,2.06,1.05,8.05,3.80
2025-09-12,777.42,774.60,781.73,773.27,1269644,1918331159.00,1.09,-0.48,-3.72,3.16
2025-09-15,773.07,771.28,773.07,763.23,988270,1645933256.00,1.27,-0.43,-3.32,2.46
2025-09-16,770.20,782.13,782.25,767.99,1070045,1710744783.00,1.85,1.41,10.85,2.66
2025-09-17,778.79,783.37,787.67,778.79,1010767,1751749628.00,1.14,0.16,1.24,2.52
2025-09-18,783.62,763.03,783.62,757.94,1132802,1968317377.00,3.28,-2.60,-20.34,2.82
2025-09-19,763.26,765.79,768.88,762.31,905351,1454507926.00,0.86,0.36,2.76,2.25
2025-09-22,765.21,759.28,765.77,753.43,767155,1241112463.00,1.61,-0.85,-6.51,1.91
2025-09-23,757.50,753.81,757.93,736.37,895713,1585862645.00,2.84,-0.72,-5.47,2.23
2025-09-24,754.27,760.87,760.87,749.46,676353,1238328348.00,1.51,0.94,7.06,1.68
2025-09-25,761.21,751.71,763.25,749.24,636321,1204815816.00,1.84,-1.20,-9.16,1.58
2025-09-26,749.35,750.31,758.99,745.61,644464,1075375914.00,1.78,-0.19,-1.40,1.60
2025-09-29,750.93,748.14,752.10,737.86,715073,1161552300.00,1.90,-0.29,-2.17,1.78
2025-09-30,749.74,755.35,758.05,748.45,628530,1067261675.00,1.28,0.96,7.21,1.57
2025-10-09,757.96,760.28,763.67,755.30,751335,1239398555.00,1.11,0.65,4.93,1.87
2025-10-10,759.60,776.85,781.17,759.60,903063,1683681394.00,2.84,2.18,16.57,2.25
2025-10-13,751.96,771.14,772.59,751.96,966370,1738760677.00,2.66,-0.74,-5.71,2.41
2025-10-14,773.99,768.72,773.99,763.10,721814,1168513905.00,1.41,-0.31,-2.42,1.80
2025-10-15,769.80,780.36,780.48,762.32,878543,1538019189.00,2.36,1.51,11.64,2.19
2025-10-16,777.12,765.56,784.04,763.59,752360,1304030350.00,2.62,-1.90,-14.80,1.87
2025-10-17,766.98,759.33,769.32,758.04,696714,1204336638.00,1.47,-0.81,-6.23,1.73
2025-10-20,762.64,762.39,766.13,758.12,662769,1118504888.00,1.05,0.40,3.06,1.65
2025-10-21,761.85,767.81,768.02,753.98,952732,1298617423.00,1.84,0.71,5.42,2.37
2025-10-22,765.37,766.08,769.93,761.88,768246,1143145026.00,1.05,-0.23,-1.73,1.91
2025-10-23,762.61,771.40,771.68,760.82,723210,1146117516.00,1.42,0.69,5.32,1.80
2025-10-24,774.11,768.32,781.55,767.66,702232,1140193029.00,1.80,-0.40,-3.08,1.75
2025-10-27,771.09,769.68,777.89,764.68,1096368,1833007576.00,1.72,0.18,1.36,2.73
2025-10-28,770.43,759.35,770.43,757.92,1576022,2611097613.00,1.63,-1.34,-10.33,3.92
2025-10-29,753.76,747.40,753.76,740.36,1047890,1787017297.00,1.76,-1.57,-11.95,2.61
2025-10-30,746.33,738.79,748.73,738.59,849403,1511610710.00,1.36,-1.15,-8.61,2.12
2025-10-31,740.16,744.73,748.73,740.16,694016,1351609867.00,1.16,0.80,5.94,1.73
2025-11-03,747.17,747.22,748.56,741.18,941063,1503702831.00,0.99,0.33,2.49,2.34
2025-11-04,747.87,740.28,747.87,735.81,853698,1228157429.00,1.61,-0.93,-6.94,2.13
2025-11-05,735.31,740.92,742.35,734.72,616425,977492346.00,1.03,0.09,0.64,1.54
2025-11-06,742.35,740.03,742.35,735.94,655879,999675310.00,0.87,-0.12,-0.89,1.63
2025-11-07,739.42,742.41,748.78,737.25,669209,1205800973.00,1.56,0.32,2.38,1.67
2025-11-10,742.26,766.01,766.31,740.22,1032475,2031192926.00,3.51,3.18,23.60,2.57
2025-11-11,764.86,766.18,768.70,760.34,891621,1582551278.00,1.09,0.02,0.17,2.22
2025-11-12,766.39,780.18,783.51,766.39,1479593,2076358640.00,2.23,1.83,14.00,3.68
2025-11-13,778.55,778.50,779.41,770.24,1093312,1655006869.00,1.18,-0.22,-1.68,2.72
2025-11-14,777.64,772.00,789.23,772.00,908633,1470409750.00,2.21,-0.83,-6.50,2.26
2025-11-17,771.47,771.34,775.44,765.06,1078029,1561270559.00,1.34,-0.09,-0.66,2.68
2025-11-18,767.95,771.46,772.98,765.10,968121,1392168661.00,1.02,0.02,0.12,2.41
2025-11-19,769.77,778.14,780.42,766.70,1074219,1945513091.00,1.78,0.87,6.68,2.68
2025-11-20,776.52,765.17,776.72,761.53,1010027,1906804424.00,1.95,-1.67,-12.97,2.52
2025-11-21,757.82,736.56,764.36,736.47,1016330,1667788263.00,3.64,-3.74,-28.61,2.53
2025-11-24,731.76,737.84,742.17,730.72,863790,1452809526.00,1.55,0.17,1.28,2.15
2025-11-25,740.94,743.96,747.91,736.45,716054,1309740158.00,1.55,0.83,6.12,1.78
2025-11-26,742.98,739.95,749.46,738.95,719097,1159502812.00,1.41,-0.54,-4.01,1.79
2025-11-27,741.43,744.63,751.73,741.43,782364,1215156398.00,1.39,0.63,4.68,1.95
2025-11-28,743.73,751.71,751.71,733.44,728677,1129168011.00,2.45,0.95,7.08,1.81
2025-12-01,751.06,757.77,759.17,751.06,709848,1204965723.00,1.08,0.81,6.06,1.77
2025-12-02,756.77,757.25,758.58,752.51,677992,1082590050.00,0.80,-0.07,-0.52,1.69
2025-12-03,755.84,747.99,757.65,747.17,633014,1000381222.00,1.38,-1.22,-9.26,1.58
2025-12-04,746.83,732.61,747.86,727.05,713843,1245034318.00,2.78,-2.06,-15.38,1.78
2025-12-05,731.90,734.62,735.14,722.64,532069,847451684.00,1.71,0.27,2.01,1.32
2025-12-08,736.45,735.28,739.18,733.46,591557,935058696.00,0.78,0.09,0.66,1.47
2025-12-09,736.87,738.74,742.91,734.97,661701,1095259136.00,1.08,0.47,3.46,1.65
2025-12-10,739.51,738.15,744.83,734.72,619015,952940525.00,1.37,-0.08,-0.59,1.54
2025-12-11,737.34,728.26,737.66,728.26,628727,937650495.00,1.27,-1.34,-9.89,1.57
2025-12-12,727.67,729.59,736.65,722.52,673076,1058048423.00,1.94,0.18,1.33,1.68
2025-12-15,728.99,740.42,746.91,728.29,719525,1171016260.00,2.55,1.48,10.83,1.79
2025-12-16,739.41,741.15,746.97,738.15,734906,1173408961.00,1.19,0.10,0.73,1.83
2025-12-17,739.88,744.37,749.82,732.75,733811,1239267646.00,2.30,0.43,3.22,1.83
2025-12-18,743.06,745.07,753.12,741.36,663420,971202599.00,1.58,0.09,0.70,1.65
2025-12-19,744.84,761.60,762.68,740.26,856985,1278152836.00,3.01,2.22,16.53,2.13
2025-12-22,761.40,759.26,764.72,756.52,832863,1184065131.00,1.08,-0.31,-2.34,2.07
2025-12-23,760.72,748.15,760.72,746.06,717140,1055849959.00,1.93,-1.46,-11.11,1.79
2025-12-24,747.32,756.24,756.51,745.44,682628,1014607993.00,1.48,1.08,8.09,1.70
2025-12-25,758.19,760.32,763.03,752.72,801445,1126595601.00,1.36,0.54,4.08,2.00
2025-12-26,759.88,754.25,763.67,753.52,812873,1132020335.00,1.33,-0.80,-6.07,2.02
2025-12-29,754.92,754.31,757.06,749.68,761585,1227809468.00,0.98,0.01,0.06,1.90
2025-12-30,752.93,754.51,760.19,751.78,685326,1093116552.00,1.11,0.03,0.20,1.71
2025-12-31,754.61,760.56,762.95,751.46,836903,1185213441.00,1.52,0.80,6.05,2.08