MjAyMy0wMS0wMywxNS4xMCwxNC42MywxNS4yNywxNC40MCw5NzQxMSwxNDM2MjA1MjkuMDAsNS42OSwtNC4yNSwtMC42NSwwLjg3
2023-01-04,14.63,15.03,15.20,14.28,79934,118925795.00,6.29,2.73,0.40,0.72
2023-01-05,15.18,14.93,15.25,14.61,92227,138072126.00,4.26,-0.67,-0.10,0.83
2023-01-06,14.85,15.82,15.88,14.82,110488,171760180.00,7.10,5.96,0.89,0.99
2023-01-09,15.62,15.68,16.21,15.60,74644,118094986.00,3.86,-0.88,-0.14,0.67
2023-01-10,15.77,15.64,16.06,15.25,95624,149201049.00,5.17,-0.26,-0.04,0.86
2023-01-11,15.51,15.39,15.92,15.25,69016,107516725.00,4.28,-1.60,-0.25,0.62
2023-01-12,15.45,15.50,15.95,15.36,55625,87386961.00,3.83,0.71,0.11,0.50
2023-01-13,15.48,15.63,15.86,15.46,38602,60366692.00,2.58,0.84,0.13,0.35
2023-01-16,15.55,15.01,15.79,14.92,165001,251510878.00,5.57,-3.97,-0.62,1.48
2023-01-17,15.02,14.65,15.06,14.41,112996,165493819.00,4.33,-2.40,-0.36,1.01
2023-01-18,14.79,14.49,14.85,14.14,84188,121241545.00,4.85,-1.09,-0.16,0.75
2023-01-19,14.48,14.52,14.77,14.28,101273,147031984.00,3.38,0.21,0.03,0.91
2023-01-20,14.49,14.70,14.77,14.40,46545,68061358.00,2.55,1.24,0.18,0.42
2023-01-30,15.00,15.97,16.05,15.00,160010,251411858.00,7.14,8.64,1.27,1.43
2023-01-31,15.80,16.57,17.00,15.47,224455,371851364.00,9.58,3.76,0.60,2.01
2023-02-01,16.42,16.50,16.87,16.23,94888,156997950.00,3.86,-0.42,-0.07,0.85
2023-02-02,16.52,17.02,17.10,16.32,129697,218442364.00,4.73,3.15,0.52,1.16
2023-02-03,17.51,16.30,17.60,15.90,255411,422005070.00,9.99,-4.23,-0.72,2.28
2023-02-06,16.30,15.74,16.44,15.69,120457,191164363.00,4.60,-3.44,-0.56,1.07
2023-02-07,15.74,15.85,15.90,15.31,116314,182377936.00,3.75,0.70,0.11,1.04
2023-02-08,15.85,15.67,15.85,15.22,110631,171657828.00,3.97,-1.14,-0.18,0.99
2023-02-09,15.60,15.54,15.95,15.30,119717,186397703.00,4.15,-0.83,-0.13,1.07
2023-02-10,15.60,15.42,16.00,15.25,84518,131748141.00,4.83,-0.77,-0.12,0.75
2023-02-13,15.42,15.73,16.10,15.26,121361,190992959.00,5.45,2.01,0.31,1.08
2023-02-14,15.75,15.31,15.80,15.22,79278,121923154.00,3.69,-2.67,-0.42,0.71
2023-02-15,15.47,15.13,15.74,15.05,66245,101240092.00,4.51,-1.18,-0.18,0.59
2023-02-16,15.13,14.50,15.22,14.34,99838,147067613.00,5.82,-4.16,-0.63,0.89
2023-02-17,14.50,14.58,14.70,14.20,62028,89952391.00,3.45,0.55,0.08,0.55
2023-02-20,14.58,14.64,14.74,14.03,86292,124319626.00,4.87,0.41,0.06,0.77
2023-02-21,14.63,15.18,15.34,14.53,99161,149237757.00,5.53,3.69,0.54,0.88
2023-02-22,15.19,15.10,15.19,14.97,32923,49559818.00,1.45,-0.53,-0.08,0.29
2023-02-23,15.15,15.11,15.24,15.04,43905,66363426.00,1.32,0.07,0.01,0.39
2023-02-24,15.11,14.76,15.13,14.72,41220,61166923.00,2.71,-2.32,-0.35,0.37
2023-02-27,14.80,14.41,14.80,14.31,57060,82673829.00,3.32,-2.37,-0.35,0.51
2023-02-28,14.40,14.33,14.67,14.15,56690,81416529.00,3.61,-0.56,-0.08,0.51
2023-03-01,14.45,14.30,14.45,14.00,52195,73913605.00,3.14,-0.21,-0.03,0.47
2023-03-02,14.80,14.04,14.86,14.00,90860,130150004.00,6.01,-1.82,-0.26,0.81
2023-03-03,14.01,13.97,14.18,13.82,69864,97621719.00,2.56,-0.50,-0.07,0.62
2023-03-06,13.97,14.16,14.19,13.77,50977,71270803.00,3.01,1.36,0.19,0.45
2023-03-07,14.18,14.08,14.24,14.00,44325,62559688.00,1.69,-0.56,-0.08,0.40
2023-03-08,13.98,13.64,14.01,13.56,66642,91227528.00,3.20,-3.13,-0.44,0.59
2023-03-09,13.60,13.36,13.66,13.29,56706,76163642.00,2.71,-2.05,-0.28,0.51
2023-03-10,13.27,12.92,13.32,12.83,74288,96585852.00,3.67,-3.29,-0.44,0.66
2023-03-13,12.91,13.08,13.30,12.79,70819,92168700.00,3.95,1.24,0.16,0.63
2023-03-14,12.93,12.90,13.15,12.43,89487,114010459.00,5.50,-1.38,-0.18,0.80
2023-03-15,12.90,12.70,13.20,12.63,54676,70331216.00,4.42,-1.55,-0.20,0.49
2023-03-16,12.69,12.67,12.83,12.51,46018,58457685.00,2.52,-0.24,-0.03,0.41
2023-03-17,12.69,12.58,12.90,12.54,45099,57162182.00,2.84,-0.71,-0.09,0.40
2023-03-20,12.49,13.09,13.18,12.30,109878,140933038.00,7.00,4.05,0.51,0.98
2023-03-21,13.10,14.40,14.40,13.10,218611,306886484.00,9.93,10.01,1.31,1.95
2023-03-22,14.50,14.69,14.78,14.36,222531,324637895.00,2.92,2.01,0.29,1.98
2023-03-23,14.69,14.42,14.69,14.20,95624,137822458.00,3.34,-1.84,-0.27,0.85
2023-03-24,14.38,14.23,14.45,14.15,54981,78411832.00,2.08,-1.32,-0.19,0.49
2023-03-27,14.21,14.20,14.40,14.10,54799,78015127.00,2.11,-0.21,-0.03,0.49
2023-03-28,14.20,14.71,14.87,14.10,144547,210953842.00,5.42,3.59,0.51,1.29
2023-03-29,14.76,14.69,15.33,14.63,162262,243851194.00,4.76,-0.14,-0.02,1.45
2023-03-30,14.69,14.63,14.87,14.44,57476,84000241.00,2.93,-0.41,-0.06,0.51
2023-03-31,14.55,14.93,15.05,14.33,95334,141074462.00,4.92,2.05,0.30,0.85
2023-04-03,14.90,14.34,14.98,14.13,97333,140006147.00,5.69,-3.95,-0.59,0.86
2023-04-04,14.37,13.76,14.37,13.36,214952,295325021.00,7.04,-4.04,-0.58,1.91
2023-04-06,13.71,13.52,13.74,13.38,127995,173572611.00,2.62,-1.74,-0.24,1.14
2023-04-07,13.61,13.39,13.70,13.35,74291,100138970.00,2.59,-0.96,-0.13,0.66
2023-04-10,13.30,13.29,13.51,13.08,70343,93349568.00,3.21,-0.75,-0.10,0.62
2023-04-11,13.21,13.11,13.33,12.99,49232,64555554.00,2.56,-1.35,-0.18,0.44
2023-04-12,13.14,12.90,13.22,12.80,51598,66861246.00,3.20,-1.60,-0.21,0.46
2023-04-13,12.90,12.55,12.90,12.45,69775,88061202.00,3.49,-2.71,-0.35,0.62
2023-04-14,12.57,13.48,13.66,12.57,146834,194397896.00,8.69,7.41,0.93,1.30
2023-04-17,13.49,13.03,13.64,13.00,68051,90186429.00,4.75,-3.34,-0.45,0.60
2023-04-18,13.20,13.02,13.20,12.90,51172,66638250.00,2.30,-0.08,-0.01,0.45
2023-04-19,13.49,12.97,13.60,12.87,88384,115511611.00,5.61,-0.38,-0.05,0.78
2023-04-20,12.85,12.61,12.98,12.40,81631,102898842.00,4.47,-2.78,-0.36,0.72
2023-04-21,12.57,12.36,12.84,12.30,69253,86407453.00,4.28,-1.98,-0.25,0.61
2023-04-24,12.36,12.79,12.89,12.15,87188,109813309.00,5.99,3.48,0.43,0.77
2023-04-25,12.68,12.51,12.81,12.03,105378,130414147.00,6.10,-2.19,-0.28,0.94
2023-04-26,12.36,13.08,13.30,12.36,97387,126609048.00,7.51,4.56,0.57,0.86
2023-04-27,13.00,12.95,13.17,12.51,74339,95525220.00,5.05,-0.99,-0.13,0.66
2023-04-28,13.05,12.77,13.21,12.70,87340,112770791.00,3.94,-1.39,-0.18,0.78
2023-05-04,12.86,12.88,13.22,12.67,52327,67906621.00,4.31,0.86,0.11,0.46
2023-05-05,12.85,12.70,12.99,12.52,59934,75903855.00,3.65,-1.40,-0.18,0.53
2023-05-08,12.70,12.40,12.94,12.30,43925,54960376.00,5.04,-2.36,-0.30,0.39
2023-05-09,12.36,12.12,12.48,12.10,47507,58140874.00,3.06,-2.26,-0.28,0.42
2023-05-10,12.12,12.77,12.94,12.03,157027,197879465.00,7.51,5.36,0.65,1.39
2023-05-11,12.86,12.50,12.87,12.21,105788,132464303.00,5.17,-2.11,-0.27,0.94
2023-05-12,12.60,12.08,12.60,11.91,87461,106087342.00,5.52,-3.36,-0.42,0.78
2023-05-15,12.14,12.50,12.63,11.95,120951,149786372.00,5.63,3.48,0.42,1.07
2023-05-16,12.50,12.42,12.64,12.30,50710,63109877.00,2.72,-0.64,-0.08,0.45
2023-05-17,12.42,12.72,13.00,12.34,88922,113488010.00,5.31,2.42,0.30,0.79
2023-05-18,12.78,13.22,13.45,12.66,122565,161748193.00,6.21,3.93,0.50,1.09
2023-05-19,13.17,13.15,13.23,12.83,59556,77704015.00,3.03,-0.53,-0.07,0.53
2023-05-22,13.16,13.52,13.70,12.97,86307,116084967.00,5.55,2.81,0.37,0.77
2023-05-23,13.52,13.80,14.06,13.48,117181,162682943.00,4.29,2.07,0.28,1.04
2023-05-24,13.79,13.56,13.82,13.47,68959,93864232.00,2.54,-1.74,-0.24,0.61
2023-05-25,13.36,13.60,13.90,13.36,81004,110100209.00,3.98,0.29,0.04,0.72
2023-05-26,13.60,13.75,14.19,13.36,108257,149562710.00,6.10,1.10,0.15,0.96
2023-05-29,14.10,13.88,14.10,13.43,87964,120632806.00,4.87,0.95,0.13,0.78
2023-05-30,13.89,13.94,14.40,13.75,80606,113348355.00,4.68,0.43,0.06,0.72
2023-05-31,13.88,13.74,13.92,13.51,68645,93856277.00,2.94,-1.43,-0.20,0.61
2023-06-01,13.83,14.10,14.46,13.74,136252,194445208.00,5.24,2.62,0.36,1.21
2023-06-02,14.20,14.50,14.59,14.00,102263,147457674.00,4.18,2.84,0.40,0.91
2023-06-05,14.50,14.95,15.12,14.40,138440,206005883.00,4.97,3.10,0.45,1.23
2023-06-06,14.96,14.50,15.00,14.45,66264,97179943.00,3.68,-3.01,-0.45,0.59
2023-06-07,14.50,14.30,14.65,14.08,51729,73829324.00,3.93,-1.38,-0.20,0.46
2023-06-08,14.18,14.30,14.42,14.14,37881,54094642.00,1.96,0.00,0.00,0.34
2023-06-09,14.44,14.55,14.57,14.29,50476,72992438.00,1.96,1.75,0.25,0.45
2023-06-12,14.48,14.65,14.78,14.11,84695,123103936.00,4.60,0.69,0.10,0.75
2023-06-13,14.72,14.50,14.73,14.44,33484,48703301.00,1.98,-1.02,-0.15,0.30
2023-06-14,14.50,14.32,14.56,14.21,44699,64013286.00,2.41,-1.24,-0.18,0.40
2023-06-15,14.27,14.61,14.87,14.13,74574,109370982.00,5.17,2.03,0.29,0.66
2023-06-16,14.64,14.13,14.80,13.99,125360,179786664.00,5.54,-3.29,-0.48,1.11
2023-06-19,14.13,14.15,14.49,14.10,88844,126354309.00,2.76,0.14,0.02,0.79
2023-06-20,14.25,14.34,14.72,13.98,78700,113042047.00,5.23,1.34,0.19,0.70
2023-06-21,14.01,14.22,14.68,14.01,66023,95002280.00,4.67,-0.84,-0.12,0.59
2023-06-26,14.15,14.22,14.35,14.06,66808,94664833.00,2.04,0.00,0.00,0.59
2023-06-27,14.38,14.71,14.85,14.01,100878,147011806.00,5.91,3.45,0.49,0.89
2023-06-28,14.70,14.68,14.80,14.44,53163,77713936.00,2.45,-0.20,-0.03,0.47
2023-06-29,14.53,14.47,14.83,14.37,70951,103208522.00,3.13,-1.43,-0.21,0.63
2023-06-30,14.39,14.30,14.60,14.20,49541,71117135.00,2.76,-1.17,-0.17,0.44
2023-07-03,14.25,13.85,14.48,13.83,101113,142208953.00,4.55,-3.15,-0.45,0.89
2023-07-04,13.89,14.24,14.53,13.68,177133,251317421.00,6.14,2.82,0.39,1.56
2023-07-05,14.34,14.20,14.44,14.04,62070,88540509.00,2.81,-0.28,-0.04,0.55
2023-07-06,14.14,13.96,14.32,13.81,54994,76945715.00,3.59,-1.69,-0.24,0.48
2023-07-07,13.94,13.62,13.99,13.58,70673,97399692.00,2.94,-2.44,-0.34,0.62
2023-07-10,13.63,13.32,13.70,13.26,86401,115617832.00,3.23,-2.20,-0.30,0.76
2023-07-11,13.31,13.77,14.00,13.12,139830,189840068.00,6.61,3.38,0.45,1.23
2023-07-12,13.80,13.40,14.05,13.25,103825,140517931.00,5.81,-2.69,-0.37,0.91
2023-07-13,13.60,13.55,14.00,13.42,156056,212271748.00,4.33,1.12,0.15,1.37
2023-07-14,13.55,13.38,13.69,13.10,64170,86280419.00,4.35,-1.25,-0.17,0.56
2023-07-17,13.40,13.65,13.90,13.25,91494,124871475.00,4.86,2.02,0.27,0.81
2023-07-18,13.73,14.80,14.98,13.53,218455,315955032.00,10.62,8.42,1.15,1.92
2023-07-19,14.85,15.00,15.25,14.56,233122,347592758.00,4.66,1.35,0.20,2.05
2023-07-20,14.91,14.27,14.98,14.20,125054,181343537.00,5.20,-4.87,-0.73,1.10
2023-07-21,14.55,14.16,14.65,14.10,106975,152887263.00,3.85,-0.77,-0.11,0.94
2023-07-24,14.11,14.79,15.23,14.10,176826,261086946.00,7.98,4.45,0.63,1.56
2023-07-25,15.07,15.92,16.27,14.88,320041,500964215.00,9.40,7.64,1.13,2.82
2023-07-26,15.89,15.58,16.09,15.40,154349,241511126.00,4.33,-2.14,-0.34,1.36
2023-07-27,15.89,15.83,16.55,15.58,189434,302013484.00,6.23,1.60,0.25,1.67
2023-07-28,15.75,15.57,16.10,15.36,113938,178684349.00,4.67,-1.64,-0.26,1.00
2023-07-31,15.57,15.74,16.37,15.50,138980,221432082.00,5.59,1.09,0.17,1.22
2023-08-01,15.66,15.86,16.08,15.45,102310,161852222.00,4.00,0.76,0.12,0.90
2023-08-02,15.81,15.76,16.32,15.62,92876,148200732.00,4.41,-0.63,-0.10,0.81
2023-08-03,15.72,15.30,15.83,15.20,124921,192180005.00,4.00,-2.92,-0.46,1.09
2023-08-04,15.40,15.50,15.59,15.05,87305,134021300.00,3.53,1.31,0.20,0.76
2023-08-07,15.50,15.72,15.86,15.36,81014,127002489.00,3.23,1.42,0.22,0.70
2023-08-08,15.93,15.51,15.99,15.41,43956,68542086.00,3.69,-1.34,-0.21,0.38
2023-08-09,15.41,15.22,15.51,14.93,58758,88917805.00,3.74,-1.87,-0.29,0.51
2023-08-10,15.00,14.86,15.20,14.81,70191,104698716.00,2.56,-2.37,-0.36,0.61
2023-08-11,14.95,14.75,15.07,14.68,50812,75664449.00,2.62,-0.74,-0.11,0.44
2023-08-14,14.54,14.79,14.89,14.11,97761,141443500.00,5.29,0.27,0.04,0.85
2023-08-15,14.67,14.40,14.82,14.34,52902,76459622.00,3.25,-2.64,-0.39,0.46
2023-08-16,14.36,14.05,14.46,14.03,50954,72181326.00,2.99,-2.43,-0.35,0.44
2023-08-17,14.17,14.30,14.50,13.90,49064,70042535.00,4.27,1.78,0.25,0.43
2023-08-18,14.47,14.17,14.48,14.17,42608,61050638.00,2.17,-0.91,-0.13,0.37
2023-08-21,14.11,14.31,14.64,14.11,50699,73017547.00,3.74,0.99,0.14,0.44
2023-08-22,14.45,14.63,14.74,14.25,63724,92132998.00,3.42,2.24,0.32,0.55
2023-08-23,14.50,14.12,14.64,14.09,56819,80893342.00,3.76,-3.49,-0.51,0.49
2023-08-24,14.21,14.32,14.74,14.09,59300,85355387.00,4.60,1.42,0.20,0.52
2023-08-25,14.28,13.97,14.35,13.82,49366,69071821.00,3.70,-2.44,-0.35,0.43
2023-08-28,14.66,14.17,14.90,14.01,73979,105920617.00,6.37,1.43,0.20,0.64
2023-08-29,14.17,14.97,15.04,13.98,105723,155882565.00,7.48,5.65,0.80,0.92
2023-08-30,15.00,15.11,15.23,14.94,49461,74426386.00,1.94,0.94,0.14,0.43
2023-08-31,14.95,14.53,15.08,14.15,136216,198709248.00,6.15,-3.84,-0.58,1.18
2023-09-01,14.40,14.77,14.92,14.40,40412,59614527.00,3.58,1.65,0.24,0.35
2023-09-04,14.83,14.43,14.83,14.35,71749,104281495.00,3.25,-2.30,-0.34,0.62
2023-09-05,14.43,14.25,14.55,14.25,35650,51204000.00,2.08,-1.25,-0.18,0.31
2023-09-06,14.18,14.28,14.40,14.14,30453,43385431.00,1.82,0.21,0.03,0.26
2023-09-07,14.21,13.99,14.21,13.95,42249,59217910.00,1.82,-2.03,-0.29,0.37
2023-09-08,13.89,13.77,14.07,13.72,49858,68889181.00,2.50,-1.57,-0.22,0.43
2023-09-11,13.85,14.44,14.60,13.63,74561,106268561.00,7.04,4.87,0.67,0.65