2019-05-27,3.53,3.53,3.53,3.53,4,1412.00,0.00,-9.95,-0.39,0.00
2019-05-28,3.18,3.18,3.18,3.18,3,954.00,0.00,-9.92,-0.35,0.00
2019-05-29,2.86,2.86,2.86,2.86,9,2574.00,0.00,-10.06,-0.32,0.00
2019-05-30,2.57,2.57,2.57,2.57,138,35466.00,0.00,-10.14,-0.29,0.00
2019-05-31,2.31,2.31,2.31,2.31,61,14091.00,0.00,-10.12,-0.26,0.00
2019-06-03,2.08,2.08,2.08,2.08,52,10816.00,0.00,-9.96,-0.23,0.00
2019-06-04,1.87,1.87,1.87,1.87,1824,341088.00,0.00,-10.10,-0.21,0.03
2019-06-05,1.68,1.68,1.68,1.68,73,12264.00,0.00,-10.16,-0.19,0.00
2019-06-06,1.51,1.51,1.51,1.51,40,6040.00,0.00,-10.12,-0.17,0.00
2019-06-10,1.36,1.36,1.36,1.36,2586,351696.00,0.00,-9.93,-0.15,0.04
2019-06-11,1.22,1.22,1.22,1.22,365,44530.00,0.00,-10.29,-0.14,0.01
2019-06-12,1.10,1.10,1.10,1.10,155,17050.00,0.00,-9.84,-0.12,0.00
2019-06-13,0.99,0.99,0.99,0.99,1549,153351.00,0.00,-10.00,-0.11,0.03
2019-06-14,0.89,0.89,0.89,0.89,5596,498044.00,0.00,-10.10,-0.10,0.10
2019-06-17,0.80,0.80,0.80,0.80,4392,351360.00,0.00,-10.11,-0.09,0.08
2019-06-18,0.72,0.72,0.72,0.72,3709,267048.00,0.00,-10.00,-0.08,0.06
2019-06-19,0.65,0.65,0.65,0.65,4271,277615.00,0.00,-9.72,-0.07,0.07
2019-06-20,0.59,0.59,0.59,0.59,354011,20886649.00,0.00,-9.23,-0.06,6.10
2019-06-21,0.54,0.53,0.57,0.53,312270,16739738.00,6.78,-10.17,-0.06,5.38
2019-06-24,0.52,0.54,0.56,0.50,448886,23724078.00,11.32,1.89,0.01,7.73
2019-06-25,0.56,0.59,0.59,0.54,321433,18719391.00,9.26,9.26,0.05,5.53
2019-06-26,0.60,0.57,0.64,0.53,186812,11155905.00,18.64,-3.39,-0.02,3.22
2019-06-27,0.57,0.55,0.59,0.55,103298,5838409.00,7.02,-3.51,-0.02,1.78
2019-06-28,0.56,0.56,0.57,0.55,72525,4039458.00,3.64,1.82,0.01,1.25
2019-07-01,0.56,0.59,0.61,0.56,120348,6979478.00,8.93,5.36,0.03,2.07
2019-07-02,0.59,0.57,0.59,0.57,114575,6602451.00,3.39,-3.39,-0.02,1.97
2019-07-03,0.56,0.58,0.60,0.56,121520,7061034.00,7.02,1.75,0.01,2.09
2019-07-04,0.58,0.59,0.60,0.58,132626,7794391.00,3.45,1.72,0.01,2.28
2019-07-05,0.60,0.65,0.65,0.57,343889,21289580.00,13.56,10.17,0.06,5.92
2019-07-08,0.66,0.71,0.72,0.61,495224,33821500.00,16.92,9.23,0.06,8.53