2023-01-03,8.10,8.29,8.30,8.08,2841,2338042.23,2.69,1.34,0.11,0.43
2023-01-04,8.34,8.28,8.34,8.21,1844,1529012.48,1.57,-0.12,-0.01,0.28
2023-01-05,8.28,8.47,8.65,8.28,8567,7041943.61,4.47,2.29,0.19,1.29
2023-01-06,8.49,8.20,8.49,8.08,5826,4781705.26,4.84,-3.19,-0.27,0.88
2023-01-09,8.22,8.22,8.33,8.12,4370,3572705.98,2.56,0.24,0.02,0.66
2023-01-10,8.25,8.17,8.25,8.16,1462,1196047.94,1.09,-0.61,-0.05,0.22
2023-01-11,8.12,8.20,8.32,8.12,1053,862667.73,2.45,0.37,0.03,0.16
2023-01-12,8.11,8.20,8.25,8.10,988,808732.70,1.83,0.00,0.00,0.15
2023-01-13,8.23,8.18,8.23,8.16,1105,905014.53,0.85,-0.24,-0.02,0.17
2023-01-16,8.35,8.24,8.35,8.15,1463,1205163.64,2.44,0.73,0.06,0.22
2023-01-17,8.24,8.23,8.34,8.23,1034,854456.58,1.33,-0.12,-0.01,0.16
2023-01-18,8.24,8.27,8.31,8.18,1828,1512286.53,1.58,0.49,0.04,0.28
2023-01-19,8.14,8.22,8.30,8.13,1487,1215829.58,2.06,-0.60,-0.05,0.22
2023-01-20,8.23,8.33,8.38,8.23,2850,2367606.11,1.82,1.34,0.11,0.43
2023-01-30,8.50,8.48,8.61,8.36,10146,8471258.53,3.00,1.80,0.15,1.53
2023-01-31,8.30,9.11,9.29,8.27,20123,17729838.31,12.03,7.43,0.63,3.03
2023-02-01,9.10,8.97,9.16,8.90,14827,13216612.55,2.85,-1.54,-0.14,2.23
2023-02-02,8.96,8.73,9.10,8.65,10342,9164279.57,5.02,-2.68,-0.24,1.56
2023-02-03,8.67,9.01,9.36,8.65,12266,11102183.27,8.13,3.21,0.28,1.85
2023-02-06,8.93,8.72,9.02,8.67,8130,7143742.45,3.88,-3.22,-0.29,1.22
2023-02-07,8.70,8.80,8.81,8.60,5873,5105218.55,2.41,0.92,0.08,0.88
2023-02-08,8.80,8.71,8.88,8.66,3387,2964078.03,2.50,-1.02,-0.09,0.51
2023-02-09,8.80,8.71,8.80,8.68,3406,2971199.53,1.38,0.00,0.00,0.51
2023-02-10,8.72,8.76,8.95,8.72,5209,4599096.02,2.64,0.57,0.05,0.78
2023-02-13,8.80,8.87,8.99,8.77,4282,3791606.35,2.51,1.26,0.11,0.64
2023-02-14,8.80,8.92,9.00,8.80,3239,2887880.33,2.25,0.56,0.05,0.49
2023-02-15,8.95,8.88,8.95,8.81,4569,4056561.49,1.57,-0.45,-0.04,0.69
2023-02-16,8.96,8.73,8.97,8.70,4577,4058576.87,3.04,-1.69,-0.15,0.69
2023-02-17,8.73,8.59,8.83,8.47,4509,3871661.07,4.12,-1.60,-0.14,0.68
2023-02-20,8.67,8.62,8.77,8.53,2029,1756415.68,2.79,0.35,0.03,0.31
2023-02-21,8.58,8.60,8.76,8.49,3411,2924614.56,3.13,-0.23,-0.02,0.51
2023-02-22,8.60,8.48,8.60,8.40,3574,3024187.13,2.33,-1.40,-0.12,0.54
2023-02-23,8.50,8.47,8.51,8.41,1973,1663770.46,1.18,-0.12,-0.01,0.30
2023-02-24,8.50,8.39,8.50,8.33,2921,2445337.08,2.01,-0.94,-0.08,0.44
2023-02-27,8.38,8.32,8.38,8.25,3074,2550943.30,1.55,-0.83,-0.07,0.46
2023-02-28,8.35,8.47,8.65,8.35,4177,3535127.36,3.61,1.80,0.15,0.63
2023-03-01,8.36,8.50,8.62,8.30,4581,3875612.83,3.78,0.35,0.03,0.69
2023-03-02,8.51,8.49,8.65,8.43,5004,4267032.44,2.59,-0.12,-0.01,0.75
2023-03-03,8.52,8.39,8.52,8.32,3802,3186098.65,2.36,-1.18,-0.10,0.57
2023-03-06,8.39,8.32,8.40,8.28,2029,1690057.43,1.43,-0.83,-0.07,0.31
2023-03-07,8.32,8.21,8.36,8.20,3094,2554248.51,1.92,-1.32,-0.11,0.47
2023-03-08,8.18,8.26,8.27,8.16,2824,2320080.35,1.34,0.61,0.05,0.43
2023-03-09,8.25,8.17,8.30,8.12,3438,2813737.42,2.18,-1.09,-0.09,0.52
2023-03-10,8.17,8.15,8.23,8.05,3262,2650048.08,2.20,-0.24,-0.02,0.49
2023-03-13,8.15,8.19,8.27,8.15,2241,1839316.11,1.47,0.49,0.04,0.34
2023-03-14,8.29,8.53,8.99,8.28,11824,10218467.83,8.67,4.15,0.34,1.78
2023-03-15,8.42,8.38,8.56,8.30,5329,4470397.25,3.05,-1.76,-0.15,0.80
2023-03-16,8.40,8.26,8.40,8.19,3846,3173860.67,2.51,-1.43,-0.12,0.58
2023-03-17,8.28,8.30,8.32,8.23,2818,2332171.04,1.09,0.48,0.04,0.42
2023-03-20,8.12,8.16,8.38,8.12,2179,1793043.90,3.13,-1.69,-0.14,0.33
2023-03-21,8.16,8.28,8.36,8.13,3296,2713435.30,2.82,1.47,0.12,0.50
2023-03-22,8.25,8.26,8.32,8.18,2649,2180290.30,1.69,-0.24,-0.02,0.40
2023-03-23,8.28,8.18,8.28,8.13,2837,2323483.21,1.82,-0.97,-0.08,0.43
2023-03-24,8.20,8.76,9.30,8.19,31612,27829182.22,13.57,7.09,0.58,4.76
2023-03-27,8.75,8.64,9.03,8.53,17330,15095266.18,5.71,-1.37,-0.12,2.61
2023-03-28,8.60,8.43,8.70,8.43,6054,5146310.26,3.13,-2.43,-0.21,0.91
2023-03-29,8.40,8.53,8.97,8.38,12133,10550863.46,7.00,1.19,0.10,1.83
2023-03-30,8.42,8.34,8.62,8.30,7853,6587928.86,3.75,-2.23,-0.19,1.18
2023-03-31,8.48,8.59,8.69,8.36,7771,6637083.59,3.96,3.00,0.25,1.17
2023-04-03,8.67,8.64,8.68,8.52,7219,6210974.68,1.86,0.58,0.05,1.09
2023-04-04,8.67,8.68,9.00,8.56,13852,12148218.56,5.09,0.46,0.04,2.09
2023-04-06,8.50,8.55,8.77,8.49,8103,6944026.96,3.23,-1.50,-0.13,1.22
2023-04-07,8.50,8.66,8.87,8.50,6928,6009596.51,4.33,1.29,0.11,1.04
2023-04-10,8.80,8.80,9.26,8.66,15367,13698393.24,6.93,1.62,0.14,2.31
2023-04-11,8.81,8.92,8.98,8.71,10782,9583287.01,3.07,1.36,0.12,1.62
2023-04-12,8.94,8.96,9.24,8.86,8405,7567389.56,4.26,0.45,0.04,1.27
2023-04-13,8.83,9.10,9.29,8.83,13798,12586798.83,5.13,1.56,0.14,2.08
2023-04-14,8.95,8.98,9.26,8.89,8644,7782471.53,4.07,-1.32,-0.12,1.30
2023-04-17,9.00,8.65,9.00,8.61,9701,8472758.51,4.34,-3.67,-0.33,1.46
2023-04-18,8.90,8.67,8.90,8.59,3802,3308596.85,3.58,0.23,0.02,0.57
2023-04-19,8.79,8.54,8.79,8.51,6121,5255240.84,3.23,-1.50,-0.13,0.92
2023-04-20,8.62,8.54,8.62,8.50,3179,2713187.30,1.41,0.00,0.00,0.48
2023-04-21,8.62,8.37,8.62,8.35,4025,3400769.34,3.16,-1.99,-0.17,0.61
2023-04-24,8.45,8.61,8.94,8.35,4800,4168037.96,7.05,2.87,0.24,0.72
2023-04-25,8.55,8.49,8.64,8.33,3439,2905845.21,3.60,-1.39,-0.12,0.52
2023-04-26,8.59,8.49,8.59,8.32,3899,3285634.61,3.18,0.00,0.00,0.59
2023-04-27,8.15,8.28,8.55,8.15,3930,3245340.65,4.71,-2.47,-0.21,0.59
2023-04-28,8.28,8.44,8.50,8.24,3244,2721808.99,3.14,1.93,0.16,0.49
2023-05-04,8.45,8.32,8.55,8.16,3397,2818517.44,4.62,-1.42,-0.12,0.51
2023-05-05,8.30,8.82,8.90,8.30,20277,17739034.99,7.21,6.01,0.50,3.05
2023-05-08,9.06,8.92,9.29,8.83,18832,17055725.27,5.22,1.13,0.10,2.84
2023-05-09,8.94,8.68,9.20,8.67,14126,12631907.90,5.94,-2.69,-0.24,2.13
2023-05-10,8.67,8.71,8.88,8.52,8404,7275704.00,4.15,0.35,0.03,1.27
2023-05-11,8.75,11.32,11.32,8.75,92747,98693752.43,29.51,29.97,2.61,13.97
2023-05-12,11.48,10.65,11.82,9.97,96070,103360603.58,16.34,-5.92,-0.67,14.47
2023-05-15,10.02,11.00,11.38,9.89,75920,80060184.04,13.99,3.29,0.35,11.43
2023-05-16,10.68,10.16,10.99,10.15,46787,49109450.27,7.64,-7.64,-0.84,7.05
2023-05-17,10.00,10.35,10.52,9.80,38868,39731921.05,7.09,1.87,0.19,5.85
2023-05-18,10.30,10.59,10.97,10.01,40014,42043495.30,9.28,2.32,0.24,6.03
2023-05-19,10.30,12.22,13.16,10.30,83208,96055986.14,27.01,15.39,1.63,12.53
2023-05-22,11.88,12.42,13.87,11.60,78010,100167146.84,18.58,1.64,0.20,11.75
2023-05-23,12.10,12.19,13.10,11.72,53433,67102477.18,11.11,-1.85,-0.23,8.05
2023-05-24,12.30,11.61,12.65,11.42,42602,50480757.73,10.09,-4.76,-0.58,6.42
2023-05-25,11.57,10.75,11.59,10.40,38900,42706187.48,10.25,-7.41,-0.86,5.86
2023-05-26,10.50,11.55,12.00,10.50,42448,48315624.40,13.95,7.44,0.80,6.39
2023-05-29,11.60,11.90,12.50,11.30,37062,44549345.16,10.39,3.03,0.35,5.58
2023-05-30,11.72,12.27,12.88,11.72,39491,48680633.49,9.75,3.11,0.37,5.95
2023-05-31,12.47,11.83,12.47,11.50,31308,37192833.39,7.91,-3.59,-0.44,4.71
2023-06-01,11.90,11.85,12.26,11.57,29374,35274127.32,5.83,0.17,0.02,4.42
2023-06-02,12.27,12.66,13.90,12.27,55848,72711108.97,13.76,6.84,0.81,8.41
2023-06-05,12.36,12.30,12.79,11.93,35745,43854567.22,6.79,-2.84,-0.36,5.38
2023-06-06,12.90,12.30,13.25,12.00,37390,47341804.96,10.16,0.00,0.00,5.63
2023-06-07,12.00,12.80,13.03,11.76,40692,50449879.91,10.33,4.07,0.50,6.13
2023-06-08,12.70,12.49,12.93,12.30,26413,33323346.29,4.92,-2.42,-0.31,3.98
2023-06-09,12.30,12.23,12.64,12.05,22603,27741778.02,4.72,-2.08,-0.26,3.40
2023-06-12,12.29,11.98,12.35,11.88,21512,25998027.70,3.84,-2.04,-0.25,3.24
2023-06-13,12.06,12.27,12.50,11.94,19747,24143710.30,4.67,2.42,0.29,2.97
2023-06-14,12.30,11.54,12.45,11.51,26639,31778815.26,7.66,-5.95,-0.73,4.01
2023-06-15,11.57,11.18,11.75,11.15,19515,22096892.47,5.20,-3.12,-0.36,2.94
2023-06-16,11.20,11.38,11.67,11.06,18634,21307524.59,5.46,1.79,0.20,2.81
2023-06-19,11.56,11.48,11.68,11.28,13822,15865551.01,3.51,0.88,0.10,2.08
2023-06-20,11.47,11.58,11.78,11.23,16644,19232014.55,4.79,0.87,0.10,2.51
2023-06-21,11.50,11.54,11.75,11.12,22595,25893513.48,5.44,-0.35,-0.04,3.40
2023-06-26,11.55,11.13,11.56,11.02,14213,15983186.57,4.68,-3.55,-0.41,2.14
2023-06-27,11.02,11.07,11.29,11.02,6633,7372176.79,2.43,-0.54,-0.06,1.00
2023-06-28,11.05,10.44,11.18,10.38,13998,14911833.14,7.23,-5.69,-0.63,2.11
2023-06-29,10.55,10.51,10.80,10.49,12254,13040984.51,2.97,0.67,0.07,1.85
2023-06-30,10.57,10.51,10.59,10.41,8848,9288336.36,1.71,0.00,0.00,1.33
2023-07-03,11.00,10.63,11.03,10.61,7846,8410445.70,4.00,1.14,0.12,1.18
2023-07-04,10.56,10.59,10.76,10.43,7517,7938487.09,3.10,-0.38,-0.04,1.13
2023-07-05,10.58,10.76,11.06,10.48,11285,12200870.60,5.48,1.61,0.17,1.70
2023-07-06,10.73,10.67,10.88,10.60,5571,5984181.95,2.60,-0.84,-0.09,0.84
2023-07-07,10.76,10.54,10.76,10.50,3929,4161235.76,2.44,-1.22,-0.13,0.59
2023-07-10,10.51,10.14,10.70,10.12,7740,8021449.61,5.50,-3.80,-0.40,1.17
2023-07-11,10.08,10.27,10.45,10.06,5894,6056299.17,3.85,1.28,0.13,0.89
2023-07-12,10.10,9.70,10.23,9.70,10689,10586987.00,5.16,-5.55,-0.57,1.61
2023-07-13,9.56,9.69,9.86,9.47,11281,10891003.44,4.02,-0.10,-0.01,1.70
2023-07-14,9.82,9.90,10.14,9.69,8785,8749489.62,4.64,2.17,0.21,1.32
2023-07-17,9.80,9.68,9.97,9.67,5603,5464227.94,3.03,-2.22,-0.22,0.84
2023-07-18,9.66,9.55,9.75,9.53,4868,4667559.93,2.27,-1.34,-0.13,0.73
2023-07-19,9.49,9.56,9.68,9.49,3074,2944087.23,1.99,0.10,0.01,0.46
2023-07-20,9.65,9.56,9.76,9.55,5085,4907766.79,2.20,0.00,0.00,0.77
2023-07-21,9.52,9.60,9.65,9.36,4317,4117302.09,3.03,0.42,0.04,0.65
2023-07-24,9.65,9.58,9.65,9.55,2476,2378099.93,1.04,-0.21,-0.02,0.37
2023-07-25,9.62,9.67,9.84,9.60,4372,4219357.01,2.51,0.94,0.09,0.66
2023-07-26,9.78,9.65,9.78,9.62,2484,2409824.54,1.65,-0.21,-0.02,0.37
2023-07-27,9.62,9.48,9.73,9.46,3585,3427483.70,2.80,-1.76,-0.17,0.54
2023-07-28,9.48,9.51,9.59,9.40,4226,4003107.96,2.00,0.32,0.03,0.64
2023-07-31,9.51,9.57,9.63,9.50,3066,2932770.44,1.37,0.63,0.06,0.46
2023-08-01,9.56,9.45,9.63,9.43,3539,3366239.95,2.09,-1.25,-0.12,0.53
2023-08-02,9.48,9.53,9.59,9.45,2343,2232298.62,1.48,0.85,0.08,0.35
2023-08-03,9.49,9.44,9.55,9.43,2347,2223978.81,1.26,-0.94,-0.09,0.35
2023-08-04,9.43,9.50,9.54,9.40,3218,3057314.87,1.48,0.64,0.06,0.48
2023-08-07,9.58,9.33,9.58,9.32,6834,6430631.73,2.74,-1.79,-0.17,1.03
2023-08-08,9.26,9.29,9.41,9.26,3849,3579893.71,1.61,-0.43,-0.04,0.58
2023-08-09,9.30,9.20,9.32,9.16,2913,2688786.99,1.72,-0.97,-0.09,0.44
2023-08-10,9.18,9.07,9.28,9.05,3094,2819020.24,2.50,-1.41,-0.13,0.47
2023-08-11,9.01,8.87,9.11,8.87,4080,3644184.42,2.65,-2.21,-0.20,0.61
2023-08-14,8.85,8.87,8.94,8.82,2686,2388064.07,1.35,0.00,0.00,0.40
2023-08-15,8.82,8.74,8.90,8.71,1899,1664118.21,2.14,-1.47,-0.13,0.29
2023-08-16,8.77,8.71,8.81,8.65,1718,1497432.37,1.83,-0.34,-0.03,0.26
2023-08-17,8.62,8.96,9.20,8.59,6073,5436455.08,7.00,2.87,0.25,0.91
2023-08-18,9.00,8.93,9.19,8.84,3401,3076807.21,3.91,-0.33,-0.03,0.51
2023-08-21,8.86,8.80,9.00,8.79,1824,1624621.04,2.35,-1.46,-0.13,0.27
2023-08-22,8.93,8.85,8.93,8.54,3923,3409174.37,4.43,0.57,0.05,0.59
2023-08-23,8.84,8.61,8.84,8.61,1617,1411343.20,2.60,-2.71,-0.24,0.24
2023-08-24,8.60,8.60,8.84,8.58,3487,3026042.23,3.02,-0.12,-0.01,0.53
2023-08-25,8.63,8.39,8.68,8.21,5054,4227933.64,5.47,-2.44,-0.21,0.76
2023-08-28,8.90,8.50,8.96,8.40,5359,4665716.77,6.67,1.31,0.11,0.81
2023-08-29,8.47,8.66,8.75,8.15,4287,3685413.02,7.06,1.88,0.16,0.65
2023-08-30,8.74,8.91,9.17,8.61,8738,7830386.05,6.47,2.89,0.25,1.32
2023-08-31,9.15,8.94,9.15,8.85,5712,5135252.57,3.37,0.34,0.03,0.86
2023-09-01,8.89,9.14,9.28,8.88,8260,7528197.30,4.47,2.24,0.20,1.24
2023-09-04,9.39,10.52,10.79,9.39,39283,40639165.07,15.32,15.10,1.38,5.92
2023-09-05,10.42,9.95,10.42,9.82,19329,19448303.85,5.70,-5.42,-0.57,2.91
2023-09-06,9.94,9.75,9.94,9.62,11839,11496376.29,3.22,-2.01,-0.20,1.78
2023-09-07,9.75,10.07,10.54,9.65,21381,21790013.08,9.13,3.28,0.32,3.22
2023-09-08,10.10,10.24,10.54,9.96,14332,14677377.42,5.76,1.69,0.17,2.16
2023-09-11,10.16,9.94,10.23,9.88,8788,8754926.03,3.42,-2.93,-0.30,1.32
2023-09-12,9.94,9.78,9.98,9.60,11258,10957677.33,3.82,-1.61,-0.16,1.70
2023-09-13,9.78,9.42,9.80,9.30,5734,5431732.06,5.11,-3.68,-0.36,0.86
2023-09-14,9.32,9.40,9.79,9.32,6508,6227676.57,4.99,-0.21,-0.02,0.98
2023-09-15,9.40,9.50,9.60,9.40,2842,2699799.72,2.13,1.06,0.10,0.43
2023-09-18,9.50,9.50,9.79,9.30,3213,3076973.68,5.16,0.00,0.00,0.48
2023-09-19,9.50,9.42,9.73,9.37,3669,3480688.18,3.79,-0.84,-0.08,0.55
2023-09-20,9.33,9.29,9.52,9.20,3972,3702047.99,3.40,-1.38,-0.13,0.60
2023-09-21,9.23,9.17,9.34,9.15,1934,1779046.14,2.05,-1.29,-0.12,0.29