2002-01-04,3.04,2.94,3.09,2.92,2001,2267414.00,5.56,-3.92,-0.12,0.35
2002-01-07,2.96,2.92,2.96,2.83,2795,3095071.00,4.42,-0.68,-0.02,0.49
2002-01-08,2.92,2.85,3.02,2.84,1813,2019742.00,6.16,-2.40,-0.07,0.31
2002-01-09,2.84,2.68,2.87,2.65,3279,3539992.00,7.72,-5.96,-0.17,0.57
2002-01-10,2.68,2.78,2.80,2.57,3389,3569839.00,8.58,3.73,0.10,0.59
2002-01-11,2.78,2.59,2.79,2.59,2352,2499600.00,7.19,-6.83,-0.19,0.41
2002-01-14,2.52,2.47,2.58,2.44,3934,3987712.00,5.41,-4.63,-0.12,0.68
2002-01-15,2.43,2.44,2.56,2.40,2217,2235861.00,6.48,-1.21,-0.03,0.39
2002-01-16,2.53,2.55,2.55,2.41,3373,3426654.00,5.74,4.51,0.11,0.59
2002-01-17,2.51,2.38,2.52,2.36,3521,3514618.00,6.27,-6.67,-0.17,0.61
2002-01-18,2.30,2.42,2.49,2.29,4952,4869401.00,8.40,1.68,0.04,0.86
2002-01-21,2.37,2.06,2.41,2.06,4823,4633737.00,14.46,-14.88,-0.36,0.84
2002-01-22,2.07,2.15,2.27,2.05,6931,6484834.00,10.68,4.37,0.09,1.20
2002-01-23,2.14,2.51,2.51,2.14,5674,5513313.00,17.21,16.74,0.36,0.99
2002-01-24,2.45,2.54,2.64,2.31,12789,13121563.00,13.15,1.20,0.03,2.22
2002-01-25,2.40,2.64,2.66,2.40,8899,9195347.00,10.24,3.94,0.10,1.55
2002-01-28,2.62,2.27,2.62,2.25,9800,9749309.00,14.02,-14.02,-0.37,1.70
2002-01-29,2.27,2.46,2.49,2.27,5493,5468349.00,9.69,8.37,0.19,0.95
2002-01-30,2.46,2.50,2.52,2.42,3379,3404002.00,4.07,1.63,0.04,0.59
2002-01-31,2.55,2.81,2.88,2.50,19070,20556285.00,15.20,12.40,0.31,3.31
2002-02-01,2.80,2.73,2.86,2.70,6306,6803407.00,5.69,-2.85,-0.08,1.10
2002-02-04,2.74,2.82,2.85,2.73,4480,4891767.00,4.40,3.30,0.09,0.78
2002-02-05,2.80,2.78,2.84,2.74,3457,3756692.00,3.55,-1.42,-0.04,0.60
2002-02-06,2.76,2.69,2.83,2.68,4954,5347237.00,5.40,-3.24,-0.09,0.86
2002-02-07,2.69,2.79,2.82,2.69,3059,3323000.00,4.83,3.72,0.10,0.53
2002-02-08,2.82,2.76,2.86,2.75,3717,4064868.00,3.94,-1.08,-0.03,0.65
2002-02-25,2.83,2.92,2.94,2.79,6461,7184719.00,5.43,5.80,0.16,1.12
2002-02-26,2.86,2.88,2.92,2.81,2516,2780012.00,3.77,-1.37,-0.04,0.44
2002-02-27,2.84,2.91,2.93,2.84,5341,5967321.00,3.13,1.04,0.03,0.93
2002-02-28,2.89,2.80,2.90,2.78,3393,3727165.00,4.12,-3.78,-0.11,0.59
2002-03-01,2.96,2.79,2.96,2.74,4266,4644099.00,7.86,-0.36,-0.01,0.74
2002-03-04,2.80,2.84,2.85,2.76,1596,1744766.00,3.23,1.79,0.05,0.28
2002-03-05,2.84,3.00,3.03,2.84,10476,11888612.00,6.69,5.63,0.16,1.82
2002-03-06,2.96,2.98,3.07,2.96,6172,7059464.00,3.67,-0.67,-0.02,1.07
2002-03-07,2.96,3.07,3.08,2.96,4925,5652456.00,4.03,3.02,0.09,0.86
2002-03-08,3.11,3.07,3.11,2.98,8692,10013566.00,4.23,0.00,0.00,1.51
2002-03-11,3.09,3.14,3.15,2.96,9914,11535445.00,6.19,2.28,0.07,1.72
2002-03-12,3.14,3.02,3.14,3.02,6608,7618001.00,3.82,-3.82,-0.12,1.15
2002-03-13,2.97,2.95,3.03,2.94,4213,4787769.00,2.98,-2.32,-0.07,0.73
2002-03-14,2.94,3.05,3.05,2.92,3559,4033785.00,4.41,3.39,0.10,0.62
2002-03-15,3.07,2.94,3.13,2.92,7473,8670703.00,6.89,-3.61,-0.11,1.30
2002-03-18,2.98,2.92,3.07,2.87,4581,5169578.00,6.80,-0.68,-0.02,0.80
2002-03-19,2.92,3.04,3.04,2.90,2713,3084452.00,4.79,4.11,0.12,0.47
2002-03-20,3.07,3.05,3.11,3.01,7899,9154247.00,3.29,0.33,0.01,1.37
2002-03-21,3.11,3.00,3.11,2.96,4772,5444645.00,4.92,-1.64,-0.05,0.83
2002-03-22,2.98,2.94,3.03,2.90,5589,6298104.00,4.33,-2.00,-0.06,0.97
2002-03-25,2.92,3.07,3.07,2.92,5564,6386746.00,5.10,4.42,0.13,0.97
2002-03-26,3.03,2.99,3.03,2.92,3133,3544188.00,3.58,-2.61,-0.08,0.54
2002-03-27,2.98,3.03,3.03,2.91,3670,4155026.00,4.01,1.34,0.04,0.64
2002-03-28,3.03,3.13,3.15,3.00,10578,12363703.00,4.95,3.30,0.10,1.84
2002-03-29,3.08,2.92,3.15,2.82,5149,5845156.00,10.54,-6.71,-0.21,0.89
2002-04-01,2.93,2.92,2.96,2.88,1651,1850880.00,2.74,0.00,0.00,0.29
2002-04-02,2.92,2.76,2.92,2.72,5508,6013403.00,6.85,-5.48,-0.16,0.96
2002-04-03,2.76,2.76,2.81,2.72,2715,2928066.00,3.26,0.00,0.00,0.47
2002-04-04,2.79,2.88,2.89,2.72,2313,2528254.00,6.16,4.35,0.12,0.40
2002-04-05,2.96,2.86,2.98,2.84,2763,3098359.00,4.86,-0.69,-0.02,0.48
2002-04-08,2.84,2.88,2.94,2.84,1252,1391325.00,3.50,0.70,0.02,0.22
2002-04-09,2.92,2.96,3.00,2.90,3226,3641993.00,3.47,2.78,0.08,0.56
2002-04-10,2.96,3.00,3.00,2.92,3119,3526899.00,2.70,1.35,0.04,0.54
2002-04-11,3.00,2.89,3.01,2.87,3139,3524610.00,4.67,-3.67,-0.11,0.55
2002-04-12,2.96,2.99,3.01,2.87,3563,4039029.00,4.84,3.46,0.10,0.62
2002-04-15,3.00,2.93,3.00,2.90,2023,2269738.00,3.34,-2.01,-0.06,0.35
2002-04-16,2.93,2.88,2.96,2.86,2737,3049762.00,3.41,-1.71,-0.05,0.48
2002-04-17,2.88,2.87,2.93,2.86,1638,1818527.00,2.43,-0.35,-0.01,0.28
2002-04-18,2.92,2.85,2.92,2.85,1837,2033610.00,2.44,-0.70,-0.02,0.32
2002-04-19,2.86,2.95,3.07,2.86,16283,18448223.00,7.37,3.51,0.10,2.83
2002-04-22,2.98,3.00,3.03,2.95,5937,6783474.00,2.71,1.69,0.05,1.03
2002-04-23,2.98,2.94,3.02,2.93,2379,2691468.00,3.00,-2.00,-0.06,0.41
2002-04-24,2.94,2.87,2.96,2.86,1658,1851710.00,3.40,-2.38,-0.07,0.29
2002-04-25,2.88,2.90,2.91,2.85,1328,1475556.00,2.09,1.05,0.03,0.23
2002-04-26,2.88,3.02,3.03,2.88,2973,3383215.00,5.17,4.14,0.12,0.52
2002-04-29,3.02,3.07,3.13,2.99,9061,10515285.00,4.64,1.66,0.05,1.57
2002-04-30,3.09,3.17,3.31,3.09,23005,27444579.00,7.17,3.26,0.10,4.00
2002-05-08,3.21,3.11,3.22,3.10,3843,4532900.00,3.79,-1.89,-0.06,0.67
2002-05-09,3.11,3.04,3.13,3.04,3409,3965816.00,2.89,-2.25,-0.07,0.59
2002-05-13,3.01,2.94,3.02,2.84,4125,4646817.00,5.92,-3.29,-0.10,0.72
2002-05-14,2.93,2.93,2.99,2.92,1935,2181593.00,2.38,-0.34,-0.01,0.34
2002-05-15,2.92,2.85,2.93,2.84,3133,3486618.00,3.07,-2.73,-0.08,0.54
2002-05-16,2.81,2.66,2.84,2.64,4806,5182016.00,7.02,-6.67,-0.19,0.83
2002-05-17,2.68,2.65,2.79,2.56,8435,8821774.00,8.65,-0.38,-0.01,1.46
2002-05-20,2.70,2.63,2.70,2.58,2171,2262994.00,4.53,-0.75,-0.02,0.38
2002-05-21,2.68,2.74,2.79,2.68,4641,4996887.00,4.18,4.18,0.11,0.81
2002-05-22,2.76,2.64,2.78,2.64,3484,3706418.00,5.11,-3.65,-0.10,0.61
2002-05-23,2.76,2.77,2.82,2.68,5734,6181503.00,5.30,4.92,0.13,1.00
2002-05-24,2.75,2.70,2.79,2.68,2036,2173260.00,3.97,-2.53,-0.07,0.35
2002-05-27,2.68,2.74,2.74,2.68,1436,1533943.00,2.22,1.48,0.04,0.25
2002-05-28,2.74,2.72,2.78,2.70,1651,1770600.00,2.92,-0.73,-0.02,0.29
2002-05-29,2.71,2.59,2.71,2.58,2547,2653382.00,4.78,-4.78,-0.13,0.44
2002-05-30,2.58,2.61,2.62,2.57,2605,2704273.00,1.93,0.77,0.02,0.45
2002-05-31,2.60,2.62,2.64,2.59,1352,1409583.00,1.92,0.38,0.01,0.23
2002-06-03,2.64,2.54,2.64,2.50,2503,2555588.00,5.34,-3.05,-0.08,0.43
2002-06-04,2.54,2.57,2.58,2.51,1308,1340555.00,2.76,1.18,0.03,0.23
2002-06-05,2.58,2.45,2.58,2.45,1616,1633936.00,5.06,-4.67,-0.12,0.28
2002-06-06,2.41,2.63,2.67,2.40,2241,2297898.00,11.02,7.35,0.18,0.39
2002-06-07,2.58,2.63,2.68,2.58,2365,2479085.00,3.80,0.00,0.00,0.41
2002-06-10,2.63,2.58,2.63,2.55,680,703276.00,3.04,-1.90,-0.05,0.12
2002-06-11,2.56,2.74,2.74,2.56,4661,4932875.00,6.98,6.20,0.16,0.81
2002-06-12,2.65,2.67,2.74,2.65,819,866858.00,3.28,-2.55,-0.07,0.14
2002-06-13,2.66,2.65,2.68,2.64,806,850039.00,1.50,-0.75,-0.02,0.14
2002-06-14,2.62,2.63,2.74,2.62,2018,2137865.00,4.53,-0.75,-0.02,0.35
2002-06-17,2.61,2.62,2.67,2.60,890,930434.00,2.66,-0.38,-0.01,0.15
2002-06-18,2.64,2.75,2.76,2.64,3370,3598426.00,4.58,4.96,0.13,0.59
2002-06-19,2.70,2.68,2.72,2.67,1441,1534103.00,1.82,-2.55,-0.07,0.25
2002-06-20,2.67,2.71,2.75,2.67,816,870770.00,2.99,1.12,0.03,0.14
2002-06-21,2.72,2.84,2.86,2.72,5230,5718490.00,5.17,4.80,0.13,0.91
2002-06-24,3.27,3.26,3.27,3.06,27047,32150835.00,7.39,14.79,0.42,4.70
2002-06-25,3.30,3.09,3.30,3.04,14059,16572632.00,7.98,-5.21,-0.17,2.44
2002-06-26,3.05,3.19,3.23,3.03,14427,17038858.00,6.47,3.24,0.10,2.51
2002-06-27,3.19,3.11,3.23,3.09,7332,8645000.00,4.39,-2.51,-0.08,1.27
2002-07-01,3.03,3.02,3.17,3.02,2459,2804140.00,4.82,-2.89,-0.09,0.43
2002-07-02,3.02,3.06,3.07,3.01,2060,2341151.00,1.99,1.32,0.04,0.36
2002-07-03,3.15,3.21,3.22,3.09,13952,16397242.00,4.25,4.90,0.15,2.42
2002-07-04,3.22,3.20,3.30,3.17,12510,14882706.00,4.05,-0.31,-0.01,2.17
2002-07-05,3.21,3.25,3.25,3.18,3962,4695418.00,2.19,1.56,0.05,0.69
2002-07-08,3.28,3.31,3.34,3.21,10924,13137855.00,4.00,1.85,0.06,1.90
2002-07-09,3.33,3.21,3.33,3.20,5638,6700048.00,3.93,-3.02,-0.10,0.98
2002-07-10,3.21,3.12,3.22,3.11,6052,7058405.00,3.43,-2.80,-0.09,1.05
2002-07-11,3.09,3.17,3.19,3.09,2018,2349707.00,3.21,1.60,0.05,0.35
2002-07-12,3.19,3.15,3.21,3.14,1251,1464695.00,2.21,-0.63,-0.02,0.22
2002-07-15,3.17,3.20,3.28,3.13,2753,3235365.00,4.76,1.59,0.05,0.48
2002-07-16,3.20,3.15,3.25,3.14,2331,2740038.00,3.44,-1.56,-0.05,0.40
2002-07-17,3.15,3.13,3.15,3.09,2351,2715045.00,1.90,-0.63,-0.02,0.41
2002-07-18,3.15,3.15,3.19,3.13,1170,1364312.00,1.92,0.64,0.02,0.20
2002-07-19,3.17,3.19,3.22,3.17,1404,1650896.00,1.59,1.27,0.04,0.24
2002-07-22,3.19,3.09,3.19,3.09,2256,2603874.00,3.13,-3.13,-0.10,0.39
2002-07-23,3.13,3.08,3.13,3.07,958,1101812.00,1.94,-0.32,-0.01,0.17
2002-07-24,3.09,3.11,3.16,3.09,633,729646.00,2.27,0.97,0.03,0.11
2002-07-25,3.14,3.10,3.14,3.07,1105,1271759.00,2.25,-0.32,-0.01,0.19
2002-07-26,3.10,3.13,3.13,3.05,1576,1816105.00,2.58,0.97,0.03,0.27
2002-07-29,3.07,3.08,3.09,3.05,646,739897.00,1.28,-1.60,-0.05,0.11
2002-07-30,3.09,3.09,3.09,3.06,721,826016.00,0.97,0.32,0.01,0.13
2002-07-31,3.06,3.05,3.08,3.02,1373,1562456.00,1.94,-1.29,-0.04,0.24
2002-08-01,3.04,3.07,3.13,2.98,2670,3027820.00,4.92,0.66,0.02,0.46
2002-08-02,3.07,3.08,3.09,3.02,871,995921.00,2.28,0.33,0.01,0.15
2002-08-05,3.05,3.00,3.09,2.98,1069,1204000.00,3.57,-2.60,-0.08,0.19
2002-08-06,2.98,3.05,3.07,2.98,1733,1968697.00,3.00,1.67,0.05,0.30
2002-08-07,3.02,3.00,3.03,2.96,1428,1603212.00,2.30,-1.64,-0.05,0.25
2002-08-08,3.01,2.99,3.02,2.98,1249,1403345.00,1.33,-0.33,-0.01,0.22
2002-08-09,2.98,2.98,3.05,2.95,1117,1260955.00,3.34,-0.33,-0.01,0.19
2002-08-12,2.92,2.89,2.98,2.82,3566,3919455.00,5.37,-3.02,-0.09,0.62
2002-08-13,2.89,2.92,2.96,2.83,2520,2763551.00,4.50,1.04,0.03,0.44
2002-08-14,2.92,2.93,2.97,2.91,892,987622.00,2.05,0.34,0.01,0.15
2002-08-15,2.93,2.98,2.98,2.92,4263,4765403.00,2.05,1.71,0.05,0.74
2002-08-16,2.92,3.03,3.05,2.92,3282,3708039.00,4.36,1.68,0.05,0.57
2002-08-19,3.13,3.04,3.15,3.03,2601,2977706.00,3.96,0.33,0.01,0.45
2002-08-20,3.04,3.09,3.10,3.02,3883,4447900.00,2.63,1.64,0.05,0.67
2002-08-21,3.09,3.04,3.10,3.04,2013,2299737.00,1.94,-1.62,-0.05,0.35
2002-08-22,3.05,3.10,3.14,3.05,2482,2862102.00,2.96,1.97,0.06,0.43
2002-08-23,3.11,3.07,3.13,3.03,2660,3035070.00,3.23,-0.97,-0.03,0.46
2002-08-26,3.09,3.09,3.14,3.08,3012,3477581.00,1.95,0.65,0.02,0.52
2002-08-27,3.14,3.19,3.24,3.13,6363,7457780.00,3.56,3.24,0.10,1.11
2002-08-28,3.21,3.18,3.21,3.15,2608,3060000.00,1.88,-0.31,-0.01,0.45
2002-08-29,3.17,3.15,3.20,3.11,2865,3351806.00,2.83,-0.94,-0.03,0.50
2002-08-30,3.17,3.16,3.17,3.13,1250,1457427.00,1.27,0.32,0.01,0.22
2002-09-02,3.17,3.22,3.23,3.16,2644,3115496.00,2.22,1.90,0.06,0.46
2002-09-03,3.23,3.19,3.24,3.17,1502,1767660.00,2.17,-0.93,-0.03,0.26
2002-09-04,3.19,3.13,3.19,3.11,2679,3110342.00,2.51,-1.88,-0.06,0.47
2002-09-05,3.15,3.06,3.15,3.05,1982,2272681.00,3.19,-2.24,-0.07,0.34
2002-09-06,3.06,3.02,3.07,3.00,1920,2180025.00,2.29,-1.31,-0.04,0.33
2002-09-09,3.00,3.01,3.03,3.00,1546,1745576.00,0.99,-0.33,-0.01,0.27
2002-09-10,3.00,3.03,3.05,3.00,1263,1430091.00,1.66,0.66,0.02,0.22
2002-09-11,3.04,2.98,3.04,2.98,1392,1566256.00,1.98,-1.65,-0.05,0.24
2002-09-12,3.02,3.04,3.05,3.00,974,1105225.00,1.68,2.01,0.06,0.17
2002-09-13,3.05,3.04,3.09,3.04,496,565958.00,1.64,0.00,0.00,0.09
2002-09-16,3.04,2.95,3.04,2.94,2177,2435337.00,3.29,-2.96,-0.09,0.38
2002-09-17,2.98,2.95,3.00,2.92,1444,1605921.00,2.71,0.00,0.00,0.25
2002-09-18,2.96,2.95,3.00,2.94,616,687168.00,2.03,0.00,0.00,0.11
2002-09-19,2.94,3.00,3.02,2.93,1575,1761894.00,3.05,1.69,0.05,0.27
2002-09-20,3.02,2.95,3.02,2.94,567,633889.00,2.67,-1.67,-0.05,0.10
2002-09-23,2.92,2.98,3.00,2.92,681,755869.00,2.71,1.02,0.03,0.12
2002-09-24,3.03,2.94,3.03,2.92,589,656367.00,3.69,-1.34,-0.04,0.10
2002-09-25,2.93,2.94,2.97,2.90,1192,1320488.00,2.38,0.00,0.00,0.21
2002-09-26,2.92,2.92,3.01,2.92,907,1007204.00,3.06,-0.68,-0.02,0.16
2002-09-27,2.92,2.88,2.94,2.88,1354,1490384.00,2.05,-1.37,-0.04,0.24
2002-10-08,2.83,2.83,2.86,2.83,743,807238.00,1.04,-1.74,-0.05,0.13
2002-10-09,2.85,2.78,2.85,2.75,1962,2101753.00,3.53,-1.77,-0.05,0.34
2002-10-10,2.75,2.76,2.80,2.75,1278,1365874.00,1.80,-0.72,-0.02,0.22
2002-10-11,2.77,2.77,2.84,2.76,832,892617.00,2.90,0.36,0.01,0.14
2002-10-14,2.74,2.76,2.77,2.70,1604,1697747.00,2.53,-0.36,-0.01,0.28
2002-10-15,2.74,2.77,2.79,2.74,437,466814.00,1.81,0.36,0.01,0.08
2002-10-16,2.77,2.78,2.83,2.77,939,1009612.00,2.17,0.36,0.01,0.16
2002-10-17,2.78,2.74,2.78,2.70,790,837986.00,2.88,-1.44,-0.04,0.14
2002-10-18,2.70,2.78,2.79,2.70,789,836125.00,3.28,1.46,0.04,0.14
2002-10-21,2.80,2.78,2.80,2.73,921,978516.00,2.52,0.00,0.00,0.16
2002-10-22,2.80,2.84,2.86,2.78,1435,1552586.00,2.88,2.16,0.06,0.25
2002-10-23,2.83,2.85,2.85,2.77,1860,1998379.00,2.82,0.35,0.01,0.32
2002-10-24,2.85,2.82,2.86,2.80,879,949562.00,2.11,-1.05,-0.03,0.15
2002-10-25,2.87,2.87,2.93,2.84,3003,3281042.00,3.19,1.77,0.05,0.52
2002-10-28,2.86,2.81,2.88,2.79,2542,2758520.00,3.14,-2.09,-0.06,0.44
2002-10-29,2.78,2.89,2.90,2.78,3375,3662018.00,4.27,2.85,0.08,0.59
2002-10-30,2.89,2.94,2.96,2.87,2235,2473331.00,3.11,1.73,0.05,0.39
2002-10-31,2.98,2.90,2.98,2.90,1789,1984010.00,2.72,-1.36,-0.04,0.31
2002-11-01,2.92,2.92,2.94,2.87,1517,1670982.00,2.41,0.69,0.02,0.26
2002-11-04,2.94,3.04,3.11,2.94,7534,8555211.00,5.82,4.11,0.12,1.31
2002-11-05,3.05,3.12,3.21,3.02,10908,12604020.00,6.25,2.63,0.08,1.89
2002-11-06,3.10,3.10,3.12,3.07,3446,3962298.00,1.60,-0.64,-0.02,0.60
2002-11-07,3.09,3.06,3.10,3.03,3103,3546800.00,2.26,-1.29,-0.04,0.54
2002-11-08,3.17,2.97,3.21,2.96,5646,6406597.00,8.17,-2.94,-0.09,0.98
2002-11-11,2.98,3.01,3.08,2.97,4481,5074665.00,3.70,1.35,0.04,0.78
2002-11-12,3.02,3.13,3.19,3.02,17343,20079491.00,5.65,3.99,0.12,3.01
2002-11-13,3.11,3.17,3.19,3.07,12109,14081063.00,3.83,1.28,0.04,2.10
2002-11-14,3.17,3.08,3.21,3.05,11684,13603940.00,5.05,-2.84,-0.09,2.03
2002-11-15,3.05,3.01,3.12,2.96,9874,11190684.00,5.19,-2.27,-0.07,1.71
2002-11-18,2.94,2.94,3.02,2.91,5087,5656273.00,3.65,-2.33,-0.07,0.88
2002-11-19,2.94,3.00,3.00,2.91,3685,4096891.00,3.06,2.04,0.06,0.64
2002-11-20,3.00,2.95,3.03,2.92,4558,5098237.00,3.67,-1.67,-0.05,0.79
2002-11-21,2.92,2.75,2.92,2.67,9131,9757691.00,8.47,-6.78,-0.20,1.59
2002-11-22,2.83,2.70,2.83,2.67,3570,3791781.00,5.82,-1.82,-0.05,0.62
2002-11-25,2.70,2.70,2.73,2.60,2343,2441727.00,4.81,0.00,0.00,0.41
2002-11-26,2.68,2.63,2.74,2.62,1612,1677224.00,4.44,-2.59,-0.07,0.28
2002-11-27,2.60,2.67,2.70,2.59,2487,2571006.00,4.18,1.52,0.04,0.43
2002-11-28,2.70,2.80,2.80,2.64,3266,3456856.00,5.99,4.87,0.13,0.57
2002-11-29,2.81,2.75,2.88,2.74,8132,8766092.00,5.00,-1.79,-0.05,1.41
2002-12-02,2.82,2.80,2.88,2.78,7148,7767357.00,3.64,1.82,0.05,1.24
2002-12-03,2.84,2.83,2.84,2.76,2667,2867437.00,2.86,1.07,0.03,0.46
2002-12-04,2.88,2.82,2.88,2.81,2648,2871092.00,2.47,-0.35,-0.01,0.46
2002-12-05,2.85,2.82,2.85,2.76,1518,1631527.00,3.19,0.00,0.00,0.26
2002-12-06,2.83,2.80,2.83,2.76,2043,2187000.00,2.48,-0.71,-0.02,0.35
2002-12-09,2.75,2.76,2.85,2.71,3273,3493215.00,5.00,-1.43,-0.04,0.57
2002-12-10,2.79,2.74,2.84,2.74,4006,4297491.00,3.62,-0.72,-0.02,0.70
2002-12-11,2.74,2.70,2.76,2.66,1921,2018441.00,3.65,-1.46,-0.04,0.33
2002-12-12,2.73,2.71,2.82,2.68,2757,2932140.00,5.19,0.37,0.01,0.48
2002-12-13,2.68,2.74,2.76,2.66,1370,1438975.00,3.69,1.11,0.03,0.24
2002-12-16,2.74,2.76,2.79,2.73,1377,1469395.00,2.19,0.73,0.02,0.24
2002-12-17,2.76,2.77,2.80,2.73,2435,2592772.00,2.54,0.36,0.01,0.42
2002-12-18,2.76,2.74,2.80,2.73,2273,2420567.00,2.53,-1.08,-0.03,0.39
2002-12-19,2.67,2.72,2.76,2.67,1676,1759817.00,3.28,-0.73,-0.02,0.29
2002-12-20,2.74,2.76,2.77,2.70,4306,4548539.00,2.57,1.47,0.04,0.75
2002-12-23,2.77,2.75,2.79,2.74,2309,2463958.00,1.81,-0.36,-0.01,0.40
2002-12-24,2.76,2.77,2.78,2.73,1172,1247077.00,1.82,0.73,0.02,0.20
2002-12-25,2.78,2.79,2.81,2.75,3201,3425627.00,2.17,0.72,0.02,0.56
2002-12-26,2.75,2.61,2.78,2.60,2647,2766252.00,6.45,-6.45,-0.18,0.46
2002-12-27,2.61,2.62,2.65,2.58,3341,3435226.00,2.68,0.38,0.01,0.58
2002-12-30,2.60,2.47,2.60,2.45,5136,5140881.00,5.73,-5.73,-0.15,0.89
2002-12-31,2.45,2.39,2.49,2.39,4460,4377500.00,4.05,-3.24,-0.08,0.77