2004-01-02,2.23,2.31,2.32,2.17,16039,14557604.00,6.73,3.59,0.08,2.78
2004-01-05,2.27,2.38,2.41,2.23,17092,16161743.00,7.79,3.03,0.07,2.97
2004-01-06,2.38,2.47,2.47,2.34,22764,21808212.00,5.46,3.78,0.09,3.95
2004-01-07,2.58,2.70,2.72,2.58,45654,46586514.00,5.67,9.31,0.23,7.93
2004-01-08,2.67,2.68,2.70,2.60,14102,14338834.00,3.70,-0.74,-0.02,2.45
2004-01-09,2.68,2.69,2.96,2.61,22517,23666561.00,13.06,0.37,0.01,3.91
2004-01-12,2.69,2.82,2.84,2.69,14340,15095879.00,5.58,4.83,0.13,2.49
2004-01-13,2.82,2.85,2.96,2.77,16799,18110583.00,6.74,1.06,0.03,2.92
2004-01-14,2.85,2.79,2.88,2.77,12091,12831808.00,3.86,-2.11,-0.06,2.10
2004-01-15,2.78,3.14,3.20,2.67,62891,70977955.00,19.00,12.54,0.35,10.92
2004-01-16,3.17,3.05,3.29,3.03,12607,14419385.00,8.28,-2.87,-0.09,2.19
2004-01-29,3.05,3.08,3.16,3.05,5180,5853884.00,3.61,0.98,0.03,0.90
2004-01-30,3.11,2.91,3.13,2.89,13415,14724795.00,7.79,-5.52,-0.17,2.33
2004-02-02,2.95,2.90,3.07,2.82,13647,14737093.00,8.59,-0.34,-0.01,2.37
2004-02-03,2.93,2.93,2.97,2.85,12303,13314015.00,4.14,1.03,0.03,2.14
2004-02-04,2.94,3.00,3.03,2.90,15237,16753496.00,4.44,2.39,0.07,2.65
2004-02-05,3.01,3.40,3.44,2.88,71014,84308715.00,18.67,13.33,0.40,12.33
2004-02-06,3.44,3.26,3.57,3.22,29180,35283151.00,10.29,-4.12,-0.14,5.07
2004-02-09,3.26,3.32,3.47,3.26,15297,18355620.00,6.44,1.84,0.06,2.66
2004-02-10,3.33,3.29,3.37,3.27,9429,11162613.00,3.01,-0.90,-0.03,1.64
2004-02-11,3.33,3.32,3.37,3.25,6862,8144608.00,3.65,0.91,0.03,1.19
2004-02-12,3.32,3.22,3.37,3.19,8708,10251869.00,5.42,-3.01,-0.10,1.51
2004-02-13,3.24,3.41,3.51,3.24,13562,16219429.00,8.39,5.90,0.19,2.35
2004-02-16,3.43,3.38,3.48,3.32,8385,10093288.00,4.69,-0.88,-0.03,1.46
2004-02-17,3.39,3.39,3.44,3.33,6955,8366754.00,3.25,0.30,0.01,1.21
2004-02-18,3.48,3.41,3.48,3.37,6983,8485283.00,3.24,0.59,0.02,1.21
2004-02-19,3.43,3.40,3.48,3.37,7851,9513719.00,3.23,-0.29,-0.01,1.36
2004-02-20,3.40,3.37,3.43,3.33,5786,6944685.00,2.94,-0.88,-0.03,1.00
2004-02-23,3.42,3.31,3.45,3.30,9915,11879811.00,4.45,-1.78,-0.06,1.72
2004-02-24,3.28,3.21,3.31,3.18,11346,13200098.00,3.93,-3.02,-0.10,1.97
2004-02-25,3.22,3.20,3.33,3.17,8225,9588536.00,4.98,-0.31,-0.01,1.43
2004-02-26,3.21,3.14,3.21,3.10,8173,9357068.00,3.44,-1.88,-0.06,1.42
2004-02-27,3.18,3.19,3.26,3.10,3995,4633240.00,5.10,1.59,0.05,0.69
2004-03-01,3.25,3.35,3.37,3.20,5119,6085198.00,5.33,5.02,0.16,0.89
2004-03-02,3.42,3.31,3.45,3.31,2825,3379453.00,4.18,-1.19,-0.04,0.49
2004-03-03,3.37,3.23,3.39,3.20,3310,3928288.00,5.74,-2.42,-0.08,0.57
2004-03-04,3.23,3.25,3.30,3.17,3505,4090627.00,4.02,0.62,0.02,0.61
2004-03-05,3.29,3.29,3.37,3.25,4287,5082812.00,3.69,1.23,0.04,0.74
2004-03-08,3.31,3.27,3.36,3.21,8462,9991715.00,4.56,-0.61,-0.02,1.47
2004-03-09,3.23,3.33,3.39,3.23,4076,4858458.00,4.89,1.83,0.06,0.71
2004-03-10,3.32,3.39,3.41,3.31,4222,5067895.00,3.00,1.80,0.06,0.73
2004-03-11,3.39,3.43,3.44,3.35,5512,6665661.00,2.65,1.18,0.04,0.96
2004-03-12,3.43,3.42,3.43,3.37,4898,5906543.00,1.75,-0.29,-0.01,0.85
2004-03-16,3.42,3.54,3.57,3.42,12767,15765347.00,4.39,3.51,0.12,2.22
2004-03-17,3.53,3.54,3.55,3.45,3991,4923680.00,2.82,0.00,0.00,0.69
2004-03-18,3.53,3.39,3.53,3.38,3167,3847896.00,4.24,-4.24,-0.15,0.55
2004-03-19,3.39,3.37,3.40,3.33,5640,6738018.00,2.06,-0.59,-0.02,0.98
2004-03-22,3.29,3.30,3.36,3.25,4706,5562452.00,3.26,-2.08,-0.07,0.82
2004-03-23,3.33,3.30,3.35,3.23,4275,5029264.00,3.64,0.00,0.00,0.74
2004-03-24,3.34,3.35,3.35,3.30,2545,3029070.00,1.52,1.52,0.05,0.44
2004-03-25,3.36,3.33,3.36,3.30,1220,1451890.00,1.79,-0.60,-0.02,0.21
2004-03-26,3.33,3.31,3.34,3.25,4001,4745959.00,2.70,-0.60,-0.02,0.69
2004-03-29,3.26,3.31,3.35,3.26,3963,4709700.00,2.72,0.00,0.00,0.69
2004-03-30,3.33,3.37,3.43,3.28,3557,4253493.00,4.53,1.81,0.06,0.62
2004-03-31,3.33,3.33,3.43,3.33,1879,2248383.00,2.97,-1.19,-0.04,0.33
2004-04-01,3.33,3.42,3.43,3.33,5546,6692026.00,3.00,2.70,0.09,0.96
2004-04-02,3.42,3.46,3.49,3.39,4257,5175847.00,2.92,1.17,0.04,0.74
2004-04-05,3.47,3.46,3.47,3.41,3431,4185217.00,1.73,0.00,0.00,0.60
2004-04-06,3.50,3.88,3.91,3.49,28707,37202012.00,12.14,12.14,0.42,4.98
2004-04-07,3.88,3.76,3.88,3.69,8665,11290314.00,4.90,-3.09,-0.12,1.50
2004-04-08,3.73,3.80,3.86,3.73,6045,7866279.00,3.46,1.06,0.04,1.05
2004-04-09,3.80,3.63,3.84,3.63,10340,13335477.00,5.53,-4.47,-0.17,1.80
2004-04-12,3.59,3.68,3.71,3.59,4089,5214658.00,3.31,1.38,0.05,0.71
2004-04-13,3.67,3.76,3.79,3.66,4940,6367326.00,3.53,2.17,0.08,0.86
2004-04-14,3.76,3.47,3.76,3.41,16784,20647916.00,9.31,-7.71,-0.29,2.91
2004-04-15,3.45,3.33,3.52,3.27,3927,4701833.00,7.20,-4.03,-0.14,0.68
2004-04-16,3.33,3.43,3.45,3.29,4269,5080590.00,4.80,3.00,0.10,0.74
2004-04-19,3.37,3.30,3.45,3.29,2357,2835471.00,4.66,-3.79,-0.13,0.41
2004-04-20,3.29,3.26,3.33,3.25,1987,2343666.00,2.42,-1.21,-0.04,0.34
2004-04-21,3.26,3.28,3.31,3.13,20663,24040893.00,5.52,0.61,0.02,3.59
2004-04-22,3.29,3.43,3.52,3.17,20753,24953538.00,10.67,4.57,0.15,3.60
2004-04-23,3.41,3.43,3.52,3.34,11828,14409002.00,5.25,0.00,0.00,2.05
2004-04-26,3.40,3.35,3.52,3.33,3230,3913274.00,5.54,-2.33,-0.08,0.56
2004-04-27,3.37,3.28,3.37,3.23,3197,3773868.00,4.18,-2.09,-0.07,0.56
2004-04-28,3.10,3.28,3.40,2.82,5417,6286755.00,17.68,0.00,0.00,0.94
2004-04-29,3.19,3.32,3.37,3.14,5278,6166561.00,7.01,1.22,0.04,0.92
2004-04-30,3.22,3.35,3.41,3.22,6791,8057120.00,5.72,0.90,0.03,1.18
2004-05-10,3.33,3.33,3.38,3.22,2051,2422066.00,4.78,-0.60,-0.02,0.36
2004-05-11,3.33,3.32,3.36,3.22,1495,1767946.00,4.20,-0.30,-0.01,0.26
2004-05-12,3.32,3.33,3.37,3.28,2348,2795115.00,2.71,0.30,0.01,0.41
2004-05-13,3.33,3.33,3.45,3.27,2111,2509861.00,5.41,0.00,0.00,0.37
2004-05-14,3.32,3.20,3.32,3.05,7058,8074887.00,8.11,-3.90,-0.13,1.23
2004-05-17,3.05,3.17,3.28,3.05,3700,4244642.00,7.19,-0.94,-0.03,0.64
2004-05-19,3.07,3.30,3.36,3.07,5332,6171401.00,9.15,4.10,0.13,0.93
2004-05-20,3.21,3.22,3.31,3.11,3962,4604535.00,6.06,-2.42,-0.08,0.69
2004-05-21,3.22,3.13,3.30,3.11,5282,6087028.00,5.90,-2.80,-0.09,0.92
2004-05-24,3.03,3.11,3.21,2.97,3809,4276472.00,7.67,-0.64,-0.02,0.66
2004-05-25,3.02,2.89,3.15,2.87,11955,13061966.00,9.00,-7.07,-0.22,2.08
2004-05-26,2.86,2.67,2.90,2.59,6958,7160477.00,10.73,-7.61,-0.22,1.21
2004-05-27,2.58,2.74,2.77,2.58,7100,7261782.00,7.12,2.62,0.07,1.23
2004-05-28,2.72,2.81,2.88,2.67,5152,5358189.00,7.66,2.55,0.07,0.89
2004-05-31,2.78,2.74,2.90,2.69,8559,8980090.00,7.47,-2.49,-0.07,1.49
2004-06-01,2.73,2.75,2.79,2.67,33463,34782394.00,4.38,0.36,0.01,5.81
2004-06-02,2.72,2.70,2.75,2.62,38839,39869588.00,4.73,-1.82,-0.05,6.74
2004-06-03,2.69,2.65,2.69,2.63,1109,1127747.00,2.22,-1.85,-0.05,0.19
2004-06-04,2.64,2.63,2.64,2.62,2140,2166555.00,0.75,-0.75,-0.02,0.37
2004-06-07,2.63,2.59,2.64,2.53,2272,2264273.00,4.18,-1.52,-0.04,0.39
2004-06-08,2.57,2.59,2.64,2.57,1552,1551656.00,2.70,0.00,0.00,0.27
2004-06-09,2.59,2.59,2.68,2.56,2021,2018645.00,4.63,0.00,0.00,0.35
2004-06-10,2.57,2.58,2.65,2.50,2270,2268267.00,5.79,-0.39,-0.01,0.39
2004-06-11,2.64,2.56,2.66,2.55,1254,1257848.00,4.26,-0.78,-0.02,0.22
2004-06-14,2.52,2.52,2.54,2.34,3572,3445804.00,7.81,-1.56,-0.04,0.62
2004-06-15,2.49,2.53,2.63,2.42,1517,1489090.00,8.33,0.40,0.01,0.26
2004-06-16,2.54,2.49,2.62,2.45,902,881741.00,6.72,-1.58,-0.04,0.16
2004-06-17,2.46,2.37,2.56,2.37,2109,2018941.00,7.63,-4.82,-0.12,0.37
2004-06-18,2.35,2.21,2.38,2.16,3078,2815339.00,9.28,-6.75,-0.16,0.53
2004-06-21,2.17,2.14,2.20,2.09,1579,1398520.00,4.98,-3.17,-0.07,0.27
2004-06-22,2.14,2.16,2.19,2.12,1787,1594122.00,3.27,0.93,0.02,0.31
2004-06-23,2.12,2.12,2.18,2.12,534,473880.00,2.78,-1.85,-0.04,0.09
2004-06-24,2.12,2.18,2.23,2.12,873,781023.00,5.19,2.83,0.06,0.15
2004-06-25,2.17,2.16,2.20,2.16,641,565814.00,1.83,-0.92,-0.02,0.11
2004-06-28,2.14,2.15,2.20,2.05,1817,1574901.00,6.94,-0.46,-0.01,0.32
2004-06-29,2.16,2.21,2.24,2.07,1169,1023123.00,7.91,2.79,0.06,0.20
2004-06-30,2.23,2.26,2.36,2.14,1366,1241033.00,9.95,2.26,0.05,0.24
2004-07-01,2.23,2.31,2.35,2.23,1246,1138164.00,5.31,2.21,0.05,0.22
2004-07-02,2.32,2.26,2.33,2.23,1108,1005706.00,4.33,-2.16,-0.05,0.19
2004-07-05,2.28,2.27,2.31,2.25,353,320100.00,2.65,0.44,0.01,0.06
2004-07-06,2.30,2.18,2.30,2.17,4111,3666248.00,5.73,-3.96,-0.09,0.71
2004-07-07,2.16,2.14,2.16,2.11,3174,2776465.00,2.29,-1.83,-0.04,0.55
2004-07-08,2.12,2.16,2.19,2.11,2233,1945303.00,3.74,0.93,0.02,0.39
2004-07-09,2.12,2.10,2.12,2.08,810,700496.00,1.85,-2.78,-0.06,0.14
2004-07-12,2.06,1.95,2.08,1.92,949,796807.00,7.62,-7.14,-0.15,0.16
2004-07-13,1.95,1.91,1.95,1.86,567,460107.00,4.62,-2.05,-0.04,0.10
2004-07-14,1.89,1.83,1.92,1.76,928,741734.00,8.38,-4.19,-0.08,0.16
2004-07-15,1.84,1.73,1.84,1.71,1337,1044657.00,7.10,-5.46,-0.10,0.23
2004-07-16,1.73,1.85,1.86,1.73,1499,1185598.00,7.51,6.94,0.12,0.26
2004-07-19,1.92,1.84,1.92,1.83,3397,2717670.00,4.86,-0.54,-0.01,0.59
2004-07-20,1.80,1.80,1.84,1.80,768,610974.00,2.17,-2.17,-0.04,0.13
2004-07-21,1.76,1.80,1.83,1.74,977,770280.00,5.00,0.00,0.00,0.17
2004-07-22,1.77,1.61,1.77,1.61,2039,1550657.00,8.89,-10.56,-0.19,0.35
2004-07-23,1.65,1.63,1.67,1.57,2116,1581327.00,6.21,1.24,0.02,0.37
2004-07-26,1.63,1.61,1.66,1.61,373,277286.00,3.07,-1.23,-0.02,0.06
2004-07-27,1.57,1.59,1.63,1.57,261,191897.00,3.73,-1.24,-0.02,0.05
2004-07-28,1.59,1.61,1.65,1.58,543,400891.00,4.40,1.26,0.02,0.09
2004-07-29,1.61,1.67,1.67,1.61,521,389463.00,3.73,3.73,0.06,0.09
2004-07-30,1.67,1.64,1.67,1.64,663,499366.00,1.80,-1.80,-0.03,0.12
2004-08-02,1.63,1.64,1.64,1.57,374,276396.00,4.27,0.00,0.00,0.06
2004-08-03,1.63,1.56,1.65,1.53,514,377549.00,7.32,-4.88,-0.08,0.09
2004-08-04,1.52,1.71,1.74,1.52,2311,1724364.00,14.10,9.62,0.15,0.40
2004-08-05,1.71,1.61,1.71,1.61,999,747083.00,5.85,-5.85,-0.10,0.17
2004-08-06,1.63,1.62,1.68,1.57,512,378405.00,6.83,0.62,0.01,0.09
2004-08-09,1.67,1.63,1.67,1.60,214,159479.00,4.32,0.62,0.01,0.04
2004-08-11,1.61,1.59,1.61,1.56,815,598934.00,3.07,-2.45,-0.04,0.14
2004-08-12,1.59,1.61,1.62,1.49,1604,1181866.00,8.18,1.26,0.02,0.28
2004-08-13,1.62,1.62,1.64,1.58,354,263186.00,3.73,0.62,0.01,0.06
2004-08-16,1.59,1.53,1.61,1.53,716,523357.00,4.94,-5.56,-0.09,0.12
2004-08-17,1.53,1.57,1.60,1.53,657,475822.00,4.58,2.61,0.04,0.11
2004-08-18,1.62,1.57,1.62,1.55,156,114097.00,4.46,0.00,0.00,0.03
2004-08-19,1.52,1.50,1.53,1.47,1182,840599.00,3.82,-4.46,-0.07,0.21
2004-08-20,1.49,1.45,1.55,1.45,1406,993060.00,6.67,-3.33,-0.05,0.24
2004-08-23,1.45,1.43,1.45,1.41,299,208342.00,2.76,-1.38,-0.02,0.05
2004-08-24,1.43,1.54,1.55,1.36,5048,3506767.00,13.29,7.69,0.11,0.88
2004-08-25,1.52,1.46,1.52,1.45,1544,1089645.00,4.55,-5.19,-0.08,0.27
2004-08-26,1.46,1.45,1.49,1.42,2560,1797941.00,4.79,-0.68,-0.01,0.44
2004-08-27,1.47,1.45,1.49,1.39,1333,927915.00,6.90,0.00,0.00,0.23
2004-08-30,1.46,1.38,1.49,1.37,2514,1731452.00,8.28,-4.83,-0.07,0.44
2004-08-31,1.41,1.45,1.48,1.37,5907,4081667.00,7.97,5.07,0.07,1.03
2004-09-01,1.44,1.43,1.44,1.37,2297,1578548.00,4.83,-1.38,-0.02,0.40
2004-09-02,1.43,1.60,1.60,1.43,7122,5071795.00,11.89,11.89,0.17,1.24
2004-09-03,1.59,1.55,1.59,1.53,3031,2197670.00,3.75,-3.13,-0.05,0.53
2004-09-06,1.54,1.54,1.54,1.51,1276,918621.00,1.94,-0.65,-0.01,0.22
2004-09-07,1.53,1.49,1.54,1.45,1250,885539.00,5.84,-3.25,-0.05,0.22
2004-09-08,1.49,1.49,1.50,1.47,1126,797999.00,2.01,0.00,0.00,0.20
2004-09-09,1.49,1.41,1.49,1.39,1618,1127848.00,6.71,-5.37,-0.08,0.28
2004-09-10,1.38,1.41,1.42,1.37,826,566986.00,3.55,0.00,0.00,0.14
2004-09-13,1.43,1.30,1.43,1.29,1300,866622.00,9.93,-7.80,-0.11,0.23
2004-09-14,1.31,1.37,1.39,1.31,1465,996891.00,6.15,5.38,0.07,0.25
2004-09-15,1.39,1.52,1.56,1.37,4159,2943421.00,13.87,10.95,0.15,0.72
2004-09-16,1.53,1.57,1.60,1.49,3217,2338624.00,7.24,3.29,0.05,0.56
2004-09-17,1.58,1.68,1.70,1.57,5825,4372119.00,8.28,7.01,0.11,1.01
2004-09-20,1.73,1.87,1.93,1.67,8957,7046741.00,15.48,11.31,0.19,1.56
2004-09-21,1.90,1.81,1.91,1.80,7126,5684703.00,5.88,-3.21,-0.06,1.24
2004-09-22,1.80,1.70,1.80,1.69,5213,4018651.00,6.08,-6.08,-0.11,0.91
2004-09-23,1.69,1.76,1.76,1.65,3350,2558527.00,6.47,3.53,0.06,0.58
2004-09-24,1.76,1.74,1.89,1.74,7797,6144781.00,8.52,-1.14,-0.02,1.35
2004-09-27,1.84,1.69,1.84,1.65,2196,1699780.00,10.92,-2.87,-0.05,0.38
2004-09-28,1.80,1.71,1.80,1.66,2040,1551958.00,8.28,1.18,0.02,0.35
2004-09-29,1.67,1.68,1.71,1.66,1924,1458646.00,2.92,-1.75,-0.03,0.33
2004-09-30,1.65,1.59,1.69,1.57,1724,1276165.00,7.14,-5.36,-0.09,0.30
2004-10-08,1.57,1.61,1.62,1.49,1634,1193222.00,8.18,1.26,0.02,0.28
2004-10-11,1.61,1.58,1.65,1.56,3562,2626417.00,5.59,-1.86,-0.03,0.62
2004-10-12,1.59,1.53,1.59,1.49,2009,1449235.00,6.33,-3.16,-0.05,0.35
2004-10-13,1.53,1.45,1.53,1.40,2620,1832953.00,8.50,-5.23,-0.08,0.45
2004-10-14,1.43,1.31,1.43,1.31,2255,1520857.00,8.28,-9.66,-0.14,0.39
2004-10-15,1.31,1.27,1.39,1.25,2421,1590342.00,10.69,-3.05,-0.04,0.42
2004-10-18,1.27,1.31,1.33,1.26,870,578936.00,5.51,3.15,0.04,0.15
2004-10-19,1.34,1.33,1.40,1.31,1174,796053.00,6.87,1.53,0.02,0.20
2004-10-20,1.31,1.28,1.32,1.25,1045,684196.00,5.26,-3.76,-0.05,0.18
2004-10-21,1.25,1.36,1.43,1.25,9089,6077441.00,14.06,6.25,0.08,1.58
2004-10-22,1.32,1.34,1.39,1.29,2063,1384038.00,7.35,-1.47,-0.02,0.36
2004-10-25,1.38,1.32,1.44,1.30,2220,1489184.00,10.45,-1.49,-0.02,0.39
2004-10-26,1.33,1.35,1.39,1.25,1512,1000673.00,10.61,2.27,0.03,0.26
2004-10-27,1.35,1.36,1.37,1.30,1620,1089428.00,5.19,0.74,0.01,0.28
2004-10-28,1.38,1.38,1.43,1.36,2465,1691875.00,5.15,1.47,0.02,0.43
2004-10-29,1.32,1.28,1.32,1.18,1755,1155710.00,10.14,-7.25,-0.10,0.30
2004-11-01,1.22,1.22,1.31,1.21,1475,951377.00,7.81,-4.69,-0.06,0.26
2004-11-02,1.21,1.22,1.24,1.18,2512,1603490.00,4.92,0.00,0.00,0.44
2004-11-03,1.24,1.24,1.25,1.13,862,551871.00,9.84,1.64,0.02,0.15
2004-11-04,1.27,1.20,1.27,1.20,894,575434.00,5.65,-3.23,-0.04,0.16
2004-11-05,1.28,1.21,1.28,1.18,630,401105.00,8.33,0.83,0.01,0.11
2004-11-08,1.21,1.20,1.21,1.17,198,125697.00,3.31,-0.83,-0.01,0.03
2004-11-09,1.20,1.21,1.21,1.19,270,172000.00,1.67,0.83,0.01,0.05
2004-11-10,1.20,1.28,1.33,1.17,2248,1458719.00,13.22,5.79,0.07,0.39
2004-11-11,1.30,1.31,1.37,1.28,4870,3252895.00,7.03,2.34,0.03,0.85
2004-11-12,1.32,1.30,1.32,1.26,1811,1199555.00,4.58,-0.76,-0.01,0.31
2004-11-15,1.29,1.33,1.39,1.29,4378,2940224.00,7.69,2.31,0.03,0.76
2004-11-16,1.37,1.32,1.37,1.30,1223,818293.00,5.26,-0.75,-0.01,0.21
2004-11-17,1.32,1.27,1.32,1.26,885,580466.00,4.55,-3.79,-0.05,0.15
2004-11-18,1.26,1.29,1.30,1.26,1132,742724.00,3.15,1.57,0.02,0.20
2004-11-19,1.28,1.32,1.32,1.27,1489,983626.00,3.88,2.33,0.03,0.26
2004-11-22,1.33,1.36,1.36,1.29,2648,1781413.00,5.30,3.03,0.04,0.46
2004-11-23,1.36,1.39,1.40,1.30,3354,2273927.00,7.35,2.21,0.03,0.58
2004-11-24,1.39,1.33,1.41,1.33,2226,1515398.00,5.76,-4.32,-0.06,0.39
2004-11-25,1.33,1.30,1.35,1.30,1490,996124.00,3.76,-2.26,-0.03,0.26
2004-11-26,1.30,1.37,1.40,1.30,2582,1749584.00,7.69,5.38,0.07,0.45
2004-11-29,1.37,1.41,1.42,1.33,3523,2412353.00,6.57,2.92,0.04,0.61
2004-11-30,1.35,1.51,1.57,1.35,11395,8117038.00,15.60,7.09,0.10,1.98
2004-12-01,1.55,1.49,1.55,1.47,4420,3145604.00,5.30,-1.32,-0.02,0.77
2004-12-02,1.46,1.50,1.51,1.41,3849,2704455.00,6.71,0.67,0.01,0.67
2004-12-03,1.50,1.57,1.59,1.48,5955,4320948.00,7.33,4.67,0.07,1.03
2004-12-06,1.57,1.73,1.73,1.53,9451,7105925.00,12.74,10.19,0.16,1.64
2004-12-07,1.73,1.67,1.76,1.61,11233,8590958.00,8.67,-3.47,-0.06,1.95
2004-12-08,1.63,1.69,1.72,1.63,3445,2615770.00,5.39,1.20,0.02,0.60
2004-12-09,1.71,1.67,1.88,1.61,4679,3605901.00,15.98,-1.18,-0.02,0.81
2004-12-10,1.61,1.59,1.66,1.58,3872,2854871.00,4.79,-4.79,-0.08,0.67
2004-12-13,1.55,1.57,1.58,1.53,2155,1570992.00,3.14,-1.26,-0.02,0.37
2004-12-14,1.58,1.67,1.69,1.54,2860,2140681.00,9.55,6.37,0.10,0.50
2004-12-15,1.63,1.73,1.74,1.63,3894,2981082.00,6.59,3.59,0.06,0.68
2004-12-16,1.73,1.69,1.73,1.67,1695,1291690.00,3.47,-2.31,-0.04,0.29
2004-12-17,1.68,1.63,1.71,1.63,1004,759632.00,4.73,-3.55,-0.06,0.17
2004-12-20,1.63,1.50,1.63,1.50,821,593497.00,7.98,-7.98,-0.13,0.14
2004-12-21,1.55,1.50,1.56,1.46,2556,1812067.00,6.67,0.00,0.00,0.44
2004-12-22,1.61,1.60,1.61,1.51,2550,1867077.00,6.67,6.67,0.10,0.44
2004-12-23,1.60,1.56,1.60,1.54,562,410539.00,3.75,-2.50,-0.04,0.10
2004-12-24,1.64,1.61,1.66,1.57,852,630798.00,5.77,3.21,0.05,0.15
2004-12-27,1.67,1.58,1.67,1.55,1071,793922.00,7.45,-1.86,-0.03,0.19
2004-12-28,1.64,1.58,1.64,1.55,1295,951906.00,5.70,0.00,0.00,0.22
2004-12-29,1.54,1.60,1.60,1.53,1084,788228.00,4.43,1.27,0.02,0.19
2004-12-30,1.56,1.64,1.65,1.50,1194,886693.00,9.38,2.50,0.04,0.21
2004-12-31,1.64,1.63,1.84,1.62,3472,2686201.00,13.41,-0.61,-0.01,0.60