2024-01-02,7.57,7.55,7.64,7.50,248243,187530059.00,1.85,-0.26,-0.02,3.46
2024-01-03,7.51,7.44,7.52,7.34,202524,150231331.00,2.38,-1.46,-0.11,2.82
2024-01-04,7.40,7.47,7.55,7.32,205317,152962255.00,3.09,0.40,0.03,2.86
2024-01-05,7.46,7.34,7.53,7.28,211347,156482170.00,3.35,-1.74,-0.13,2.95
2024-01-08,7.29,7.27,7.44,7.26,184973,136012285.00,2.45,-0.95,-0.07,2.58
2024-01-09,7.27,7.26,7.35,7.19,152796,110816784.00,2.20,-0.14,-0.01,2.13
2024-01-10,7.27,7.14,7.28,7.14,137254,98736472.00,1.93,-1.65,-0.12,1.91
2024-01-11,7.11,7.26,7.28,7.10,126553,91328242.00,2.52,1.68,0.12,1.76
2024-01-12,7.23,7.18,7.30,7.16,106932,77341374.00,1.93,-1.10,-0.08,1.49
2024-01-15,7.18,7.10,7.21,7.09,121764,87018080.00,1.67,-1.11,-0.08,1.70
2024-01-16,7.11,7.07,7.15,6.96,154321,108647104.00,2.68,-0.42,-0.03,2.15
2024-01-17,7.07,6.86,7.09,6.86,107152,74494063.00,3.25,-2.97,-0.21,1.49
2024-01-18,6.85,6.77,6.88,6.58,165949,111344636.00,4.37,-1.31,-0.09,2.31
2024-01-19,6.83,6.71,6.86,6.70,94871,64213155.00,2.36,-0.89,-0.06,1.32
2024-01-22,6.67,6.43,6.86,6.30,201846,133550391.00,8.35,-4.17,-0.28,2.81
2024-01-23,6.35,6.38,6.45,6.26,136858,86998308.00,2.95,-0.78,-0.05,1.91
2024-01-24,6.50,6.53,6.57,6.29,179484,115844865.00,4.39,2.35,0.15,2.50
2024-01-25,6.52,6.80,6.82,6.45,195202,130711598.00,5.67,4.13,0.27,2.72
2024-01-26,6.84,6.84,6.95,6.74,148213,101690139.00,3.09,0.59,0.04,2.07
2024-01-29,6.81,6.68,6.92,6.66,132079,89060072.00,3.80,-2.34,-0.16,1.84
2024-01-30,6.67,6.53,6.77,6.51,106029,70526794.00,3.89,-2.25,-0.15,1.48
2024-01-31,6.49,6.11,6.58,6.10,191911,120501611.00,7.35,-6.43,-0.42,2.68
2024-02-01,6.09,6.00,6.19,5.91,148971,90164589.00,4.58,-1.80,-0.11,2.08
2024-02-02,6.02,5.88,6.16,5.88,77655,46783262.00,4.67,-2.00,-0.12,1.08