MjAxOS0xMi0xNywxMS43NSwxNC4yNiwxNC4yNiwxMS43NSwxMjE1MywxODIyNTQzNy4wMCwyNS45OCw0Ny42Miw0LjYwLDEuMzc=
2019-12-18,15.77,15.77,15.77,15.77,2771,4588892.00,0.00,10.59,1.51,0.31
2019-12-19,17.43,17.43,17.43,17.43,3002,5469990.00,0.00,10.53,1.66,0.34
2019-12-20,19.25,19.25,19.25,19.25,11262,22568066.00,0.00,10.44,1.82,1.27
2019-12-23,19.21,21.25,21.25,17.83,644941,1300010768.00,17.77,10.39,2.00,72.55
2019-12-24,19.71,20.14,21.14,19.71,452545,952932112.00,6.73,-5.22,-1.11,50.91
2019-12-25,19.82,21.01,22.01,19.72,441207,950417344.00,11.37,4.32,0.87,49.64
2019-12-26,20.68,20.07,20.81,19.90,313660,659816656.00,4.33,-4.47,-0.94,35.29
2019-12-27,19.71,20.41,21.01,19.36,372829,786609872.00,8.22,1.69,0.34,41.94
2019-12-30,19.60,18.57,19.91,18.30,291810,576387584.00,7.89,-9.02,-1.84,32.83
2019-12-31,18.43,18.63,18.99,18.43,172546,336236736.00,3.02,0.32,0.06,19.41