2024-01-02,6.72,6.83,7.08,6.68,200479,138006108.00,6.03,3.02,0.20,7.63
2024-01-03,6.84,6.79,6.90,6.68,126316,85668662.00,3.22,-0.59,-0.04,4.81
2024-01-04,6.75,6.89,6.92,6.75,101292,69465426.00,2.50,1.47,0.10,3.86
2024-01-05,6.92,6.92,7.12,6.87,122531,85426036.00,3.63,0.44,0.03,4.66
2024-01-08,6.88,6.73,6.92,6.72,89263,60789427.00,2.89,-2.75,-0.19,3.40
2024-01-09,6.79,7.40,7.40,6.78,102513,73765461.00,9.21,9.96,0.67,3.90
2024-01-10,7.69,7.27,7.69,7.09,249611,180664799.00,8.11,-1.76,-0.13,9.50
2024-01-11,7.23,7.39,7.39,7.10,187226,135855000.00,3.99,1.65,0.12,7.13
2024-01-12,7.39,7.04,7.39,6.96,165201,117054178.00,5.82,-4.74,-0.35,6.29
2024-01-15,6.88,6.94,7.01,6.75,104037,71966824.00,3.69,-1.42,-0.10,3.96
2024-01-16,6.96,6.88,7.39,6.80,144845,100850231.00,8.50,-0.86,-0.06,5.51
2024-01-17,6.96,6.67,7.21,6.66,141314,96766884.00,7.99,-3.05,-0.21,5.38
2024-01-18,6.66,6.57,6.75,6.41,104740,68714537.00,5.10,-1.50,-0.10,3.99
2024-01-19,6.57,6.60,6.75,6.50,76031,50397620.00,3.81,0.46,0.03,2.89
2024-01-22,6.61,6.19,6.65,6.00,85665,54624252.00,9.85,-6.21,-0.41,3.26
2024-01-23,6.17,5.94,6.17,5.85,69481,41483793.00,5.17,-4.04,-0.25,2.64
2024-01-24,5.89,6.17,6.23,5.89,52743,32092961.00,5.72,3.87,0.23,2.01
2024-01-25,6.22,6.20,6.25,6.01,55056,33799725.00,3.89,0.49,0.03,2.10
2024-01-26,6.11,6.42,6.45,6.11,66957,42520054.00,5.48,3.55,0.22,2.55
2024-01-29,6.37,6.02,6.44,6.02,62071,38103669.00,6.54,-6.23,-0.40,2.36
2024-01-30,5.78,5.69,5.97,5.69,70336,40961120.00,4.65,-5.48,-0.33,2.68
2024-01-31,5.72,5.26,5.81,5.21,70461,38297004.00,10.54,-7.56,-0.43,2.68
2024-02-01,5.29,5.12,5.29,4.81,61259,31216398.00,9.13,-2.66,-0.14,2.33
2024-02-02,5.20,4.78,5.30,4.61,63834,31646776.00,13.48,-6.64,-0.34,2.43
2024-02-05,4.73,4.30,4.73,4.30,29598,12996234.00,9.00,-10.04,-0.48,1.13
2024-02-06,3.87,3.87,3.98,3.87,130373,50687378.00,2.56,-10.00,-0.43,4.96
2024-02-07,3.80,3.48,3.80,3.48,55166,19360422.00,8.27,-10.08,-0.39,2.10
2024-02-08,3.13,3.49,3.64,3.13,289516,93755306.00,14.66,0.29,0.01,11.02
2024-02-19,3.40,3.63,3.65,3.34,218729,76539474.00,8.88,4.01,0.14,8.32
2024-02-20,3.63,3.69,3.73,3.46,126001,45748798.00,7.44,1.65,0.06,4.80
2024-02-21,3.66,4.06,4.06,3.65,109779,42760856.00,11.11,10.03,0.37,4.18
2024-02-22,4.02,4.20,4.20,3.88,170908,69030576.00,7.88,3.45,0.14,6.50
2024-02-23,4.17,4.35,4.42,4.13,134060,57184986.00,6.90,3.57,0.15,5.10
2024-02-26,4.35,4.52,4.69,4.35,131697,59545028.00,7.82,3.91,0.17,5.01
2024-02-27,4.52,4.69,4.70,4.42,105655,48626507.00,6.19,3.76,0.17,4.02
2024-02-28,4.69,4.22,4.93,4.22,156503,71180572.00,15.14,-10.02,-0.47,5.96
2024-02-29,4.08,4.28,4.33,3.99,116477,49222226.00,8.06,1.42,0.06,4.43
2024-03-01,4.30,4.30,4.40,4.19,74639,32019769.00,4.91,0.47,0.02,2.84
2024-03-04,4.30,4.24,4.38,4.10,68217,28697546.00,6.51,-1.40,-0.06,2.60
2024-03-05,4.19,4.05,4.20,4.04,57484,23524292.00,3.77,-4.48,-0.19,2.19
2024-03-06,4.06,4.46,4.46,4.05,118491,50600859.00,10.12,10.12,0.41,4.51
2024-03-07,4.44,4.34,4.60,4.30,185105,82349398.00,6.73,-2.69,-0.12,7.04
2024-03-08,4.27,4.23,4.44,4.18,123385,52702644.00,5.99,-2.53,-0.11,4.70
2024-03-11,4.23,4.45,4.65,4.20,280678,127132609.00,10.64,5.20,0.22,10.68
2024-03-12,4.57,4.54,4.63,4.39,249430,112800020.00,5.39,2.02,0.09,9.49
2024-03-13,4.56,4.58,4.72,4.49,172102,78663551.00,5.07,0.88,0.04,6.55
2024-03-14,4.54,5.04,5.04,4.40,197193,93216665.00,13.97,10.04,0.46,7.50
2024-03-15,5.54,5.54,5.54,5.54,84965,47070499.00,0.00,9.92,0.50,3.23
2024-03-18,5.37,5.32,5.53,5.15,413401,219373810.00,6.86,-3.97,-0.22,15.73
2024-03-19,5.25,5.18,5.33,5.11,256512,133103486.00,4.14,-2.63,-0.14,9.76
2024-03-20,5.14,5.17,5.19,5.04,178488,91034486.00,2.90,-0.19,-0.01,6.79
2024-03-21,5.18,5.13,5.21,5.04,153506,78501834.00,3.29,-0.77,-0.04,5.84
2024-03-22,5.10,5.64,5.64,5.06,151167,84162634.00,11.31,9.94,0.51,5.75
2024-03-25,6.17,6.20,6.20,5.37,387644,224418856.00,14.72,9.93,0.56,14.75
2024-03-26,6.82,6.82,6.82,6.82,83029,56626030.00,0.00,10.00,0.62,3.16
2024-03-27,7.05,7.50,7.50,6.18,430156,311144720.00,19.35,9.97,0.68,16.37
2024-03-28,7.23,8.25,8.25,7.16,329507,260571866.00,14.53,10.00,0.75,12.54
2024-03-29,8.04,7.43,8.70,7.43,442945,340969466.00,15.39,-9.94,-0.82,16.86
2024-04-01,6.69,6.69,6.69,6.69,22521,15066549.00,0.00,-9.96,-0.74,0.86
2024-04-02,6.02,6.17,6.69,6.02,522506,320078550.00,10.01,-7.77,-0.52,19.89