2026-01-05,45.16,45.40,47.42,43.99,35367,162991253.00,7.60,0.53,0.24,1.35
2026-01-06,46.20,45.85,46.62,44.50,24962,114682259.00,4.67,0.99,0.45,0.95
2026-01-07,45.85,44.93,46.12,44.49,23972,108179397.00,3.56,-2.01,-0.92,0.91
2026-01-08,45.98,45.45,46.45,43.90,26147,117719872.00,5.68,1.16,0.52,1.00
2026-01-09,45.20,43.18,45.41,43.18,40235,175052495.00,4.91,-4.99,-2.27,1.53
2026-01-12,42.10,45.34,45.34,41.02,44622,186861239.00,10.00,5.00,2.16,1.70
2026-01-13,45.34,45.38,47.29,45.30,22975,105678570.00,4.39,0.09,0.04,0.87
2026-01-14,44.89,44.64,45.94,43.57,22951,102399179.00,5.22,-1.63,-0.74,0.87
2026-01-15,45.00,46.07,46.60,44.20,17375,79340926.00,5.38,3.20,1.43,0.66
2026-01-16,46.07,48.37,48.37,45.60,26834,128037208.00,6.01,4.99,2.30,1.02
2026-01-19,48.20,47.79,49.45,46.12,21029,100693014.00,6.88,-1.20,-0.58,0.80
2026-01-20,48.00,49.19,49.30,47.20,15768,76892913.00,4.39,2.93,1.40,0.60
2026-01-21,49.50,51.65,51.65,49.50,28443,146103737.00,4.37,5.00,2.46,1.08
2026-01-22,51.00,49.94,51.80,49.71,22643,114394445.00,4.05,-3.31,-1.71,0.86
2026-01-23,48.50,48.20,49.88,48.00,21857,106569904.00,3.76,-3.48,-1.74,0.83
2026-01-26,46.27,48.70,48.96,46.20,14374,68750000.00,5.73,1.04,0.50,0.55
2026-01-27,48.71,49.80,50.66,48.68,11243,56053018.00,4.07,2.26,1.10,0.43
2026-01-28,50.00,50.47,50.96,48.62,17107,85520179.00,4.70,1.35,0.67,0.65
2026-01-29,49.10,49.10,51.50,49.10,14849,74424209.00,4.76,-2.71,-1.37,0.57
2026-01-30,49.50,49.13,50.50,48.10,13351,65679031.00,4.89,0.06,0.03,0.51
2026-02-02,50.35,49.00,51.50,48.85,20268,101631387.00,5.39,-0.26,-0.13,0.77
2026-02-03,48.96,46.55,49.50,46.55,28456,134411735.00,6.02,-5.00,-2.45,1.08
2026-02-04,46.00,45.02,46.55,44.35,15125,68411747.00,4.73,-3.29,-1.53,0.58
2026-02-05,45.02,45.48,46.59,44.69,13143,59984848.00,4.22,1.02,0.46,0.50
2026-02-06,47.00,45.50,47.18,45.00,14477,66775883.00,4.79,0.04,0.02,0.55
2026-02-09,44.01,44.68,45.58,43.70,16082,71517402.00,4.13,-1.80,-0.82,0.61
2026-02-10,44.90,42.46,45.40,42.46,24957,108373082.00,6.58,-4.97,-2.22,0.95
2026-02-11,42.63,41.40,43.25,41.20,17503,73769577.00,4.83,-2.50,-1.06,0.67
2026-02-12,41.80,43.47,43.47,41.48,13031,55650503.00,4.81,5.00,2.07,0.50
2026-02-13,45.00,44.03,45.40,43.00,21267,94610753.00,5.52,1.29,0.56,0.81
2026-02-24,44.80,46.23,46.23,44.26,10179,46486874.00,4.47,5.00,2.20,0.39
2026-02-25,48.00,48.05,48.40,46.80,25618,122351015.00,3.46,3.94,1.82,0.97
2026-02-26,47.99,48.26,48.99,46.93,15390,73636200.00,4.29,0.44,0.21,0.59
2026-02-27,48.01,47.72,48.60,47.61,13454,64435730.00,2.05,-1.12,-0.54,0.51
2026-03-02,47.50,45.80,47.51,45.33,18752,86232609.00,4.57,-4.02,-1.92,0.71
2026-03-03,44.96,43.51,45.80,43.51,20059,88401403.00,5.00,-5.00,-2.29,0.76
2026-03-04,41.60,43.58,44.50,41.60,12604,54684954.00,6.67,0.16,0.07,0.48
2026-03-05,44.43,44.00,45.44,43.77,9740,43300992.00,3.83,0.96,0.42,0.37
2026-03-06,43.70,43.11,44.47,43.03,10849,47380360.00,3.27,-2.02,-0.89,0.41
2026-03-09,41.79,42.45,42.89,41.56,10089,42655440.00,3.09,-1.53,-0.66,0.38
2026-03-10,43.29,42.45,43.29,42.13,8480,36169901.00,2.73,0.00,0.00,0.32
2026-03-11,42.30,43.69,44.00,41.50,15847,66956530.00,5.89,2.92,1.24,0.60
2026-03-12,43.70,43.60,44.18,42.89,12380,53951362.00,2.95,-0.21,-0.09,0.47
2026-03-13,43.99,43.40,43.99,43.25,8754,38158816.00,1.70,-0.46,-0.20,0.33
2026-03-16,43.41,43.17,44.27,42.53,12258,52947249.00,4.01,-0.53,-0.23,0.47
2026-03-17,43.11,42.52,43.50,42.03,9646,41256655.00,3.41,-1.51,-0.65,0.37
2026-03-18,42.86,43.40,43.88,42.70,10541,45728029.00,2.78,2.07,0.88,0.40
2026-03-19,42.75,43.76,43.79,41.23,24627,104012944.00,5.90,0.83,0.36,0.94
2026-03-20,43.11,43.48,43.85,42.75,11256,48524376.00,2.51,-0.64,-0.28,0.43
2026-03-23,42.94,41.46,42.94,41.46,12254,51476359.00,3.40,-4.65,-2.02,0.47
2026-03-24,42.40,40.97,42.45,39.52,16680,67485350.00,7.07,-1.18,-0.49,0.63
2026-03-25,40.74,41.00,41.40,40.00,7652,31066633.00,3.42,0.07,0.03,0.29
2026-03-26,41.26,41.38,42.98,40.23,15600,65092522.00,6.71,0.93,0.38,0.59
2026-03-27,40.89,42.37,42.88,40.56,12618,52794753.00,5.61,2.39,0.99,0.48
2026-03-30,41.85,43.89,44.00,41.85,17167,74559159.00,5.07,3.59,1.52,0.65
2026-03-31,43.89,43.07,44.18,42.90,11812,51148132.00,2.92,-1.87,-0.82,0.45
2026-04-01,43.30,43.34,43.63,43.01,7181,31055897.00,1.44,0.63,0.27,0.27
2026-04-02,43.33,42.22,43.33,42.00,9053,38589363.00,3.07,-2.58,-1.12,0.34
2026-04-03,42.69,41.68,42.69,41.50,6952,29006177.00,2.82,-1.28,-0.54,0.26
2026-04-07,41.90,41.74,42.00,41.15,6631,27612999.00,2.04,0.14,0.06,0.25
2026-04-08,42.00,42.14,42.58,41.74,8813,37273888.00,2.01,0.96,0.40,0.34
2026-04-09,42.08,42.14,42.66,41.71,7891,33291636.00,2.25,0.00,0.00,0.30
2026-04-10,42.21,44.23,44.25,42.21,21516,94723519.00,4.84,4.96,2.09,0.82
2026-04-13,43.79,46.44,46.44,43.71,19181,87687492.00,6.17,5.00,2.21,0.73
2026-04-14,47.55,48.76,48.76,47.55,34190,165064940.00,2.61,5.00,2.32,1.30
2026-04-15,49.51,48.75,49.90,47.70,23667,115096948.00,4.51,-0.02,-0.01,0.90
2026-04-16,48.75,48.78,49.80,48.20,14033,68541223.00,3.28,0.06,0.03,0.53
2026-04-17,49.22,51.08,51.20,48.93,19454,98130734.00,4.65,4.72,2.30,0.74
2026-04-20,49.90,51.96,53.38,49.89,24344,127642590.00,6.83,1.72,0.88,0.93
2026-04-21,52.18,51.48,52.81,50.90,15691,81269407.00,3.68,-0.92,-0.48,0.60
2026-04-22,51.79,51.36,51.87,49.00,17935,90870980.00,5.57,-0.23,-0.12,0.68
2026-04-23,51.20,50.80,52.40,50.65,15164,78292910.00,3.41,-1.09,-0.56,0.58
2026-04-24,51.27,53.34,53.34,51.20,36703,194269778.00,4.21,5.00,2.54,1.40
2026-04-27,54.53,54.16,55.99,53.00,24074,131626134.00,5.61,1.54,0.82,0.92
2026-04-28,54.07,56.31,56.87,51.50,25835,140168119.00,9.92,3.97,2.15,0.98
2026-04-29,55.30,58.88,58.92,55.30,19738,114213874.00,6.43,4.56,2.57,0.75
2026-04-30,61.70,61.82,61.82,58.81,29469,178388896.00,5.11,4.99,2.94,1.12