2010-01-04,6.77,7.25,7.39,6.77,358626,449596767.00,9.17,7.25,0.49,6.59
2010-01-05,7.20,7.63,7.74,7.04,271268,352942784.00,9.66,5.24,0.38,4.98
2010-01-06,7.65,7.49,7.96,7.40,267697,354421533.00,7.34,-1.83,-0.14,4.92
2010-01-07,7.44,7.03,7.68,6.88,316982,398733566.00,10.68,-6.14,-0.46,5.82
2010-01-08,6.99,7.22,7.26,6.90,203530,252265463.00,5.12,2.70,0.19,3.74
2010-01-11,7.26,7.31,7.77,7.14,241309,314215120.00,8.73,1.25,0.09,4.43
2010-01-12,7.33,7.35,7.54,7.26,149106,192887771.00,3.83,0.55,0.04,2.74
2010-01-13,7.13,7.02,7.32,6.93,157077,195567380.00,5.31,-4.49,-0.33,2.89
2010-01-14,7.08,7.16,7.22,6.97,111295,138488240.00,3.56,1.99,0.14,2.05
2010-01-15,7.30,7.31,7.44,7.23,122815,157515219.00,2.93,2.09,0.15,2.26
2010-01-18,7.36,7.74,7.74,7.31,147569,194000857.00,5.88,5.88,0.43,2.71
2010-01-19,7.74,7.69,7.83,7.54,110474,146937656.00,3.75,-0.65,-0.05,2.03
2010-01-20,7.69,7.26,7.71,7.20,131264,170002865.00,6.63,-5.59,-0.43,2.41
2010-01-21,7.24,7.13,7.29,6.85,175956,217381581.00,6.06,-1.79,-0.13,3.23
2010-01-22,6.94,6.93,7.03,6.66,125309,150865324.00,5.19,-2.81,-0.20,2.30
2010-01-25,6.88,6.86,7.04,6.75,64486,78122189.00,4.18,-1.01,-0.07,1.18
2010-01-26,6.85,6.65,6.97,6.49,141117,165136723.00,7.00,-3.06,-0.21,2.59
2010-01-27,6.76,6.46,6.87,6.44,153587,181373490.00,6.47,-2.86,-0.19,2.82
2010-01-28,6.40,6.56,6.66,6.37,85286,98341592.00,4.49,1.55,0.10,1.57
2010-01-29,6.45,6.60,6.76,6.44,97139,113901443.00,4.88,0.61,0.04,1.78
2010-02-01,6.65,6.38,6.65,6.35,56427,64595763.00,4.55,-3.33,-0.22,1.04
2010-02-02,6.44,6.40,6.65,6.38,65791,75767621.00,4.23,0.31,0.02,1.21
2010-02-03,6.46,6.70,6.75,6.12,124004,141970390.00,9.84,4.69,0.30,2.28
2010-02-04,6.62,6.68,6.78,6.53,83034,97758092.00,3.73,-0.30,-0.02,1.53
2010-02-05,6.49,6.41,6.60,6.38,61001,69862891.00,3.29,-4.04,-0.27,1.12
2010-02-08,6.40,6.38,6.49,6.30,25132,28539022.00,2.96,-0.47,-0.03,0.46
2010-02-09,6.31,6.55,6.65,6.31,55811,64621634.00,5.33,2.66,0.17,1.03
2010-02-10,6.60,6.58,6.66,6.55,34748,40475097.00,1.68,0.46,0.03,0.64
2010-02-11,6.58,6.53,6.65,6.51,26812,31180044.00,2.13,-0.76,-0.05,0.49
2010-02-12,6.57,6.59,6.61,6.53,32657,37961841.00,1.23,0.92,0.06,0.60
2010-02-22,6.58,6.35,6.59,6.33,95050,108370022.00,3.95,-3.64,-0.24,1.75
2010-02-23,6.31,6.09,6.32,6.04,151930,165648840.00,4.41,-4.09,-0.26,2.79
2010-02-24,6.08,6.26,6.27,6.07,146784,161217339.00,3.28,2.79,0.17,2.70
2010-02-25,6.29,6.78,6.78,6.29,197318,229687928.00,7.83,8.31,0.52,3.63
2010-02-26,6.82,6.71,6.85,6.58,140257,165953101.00,3.98,-1.03,-0.07,2.58
2010-03-01,6.72,6.77,6.99,6.71,172454,208933839.00,4.17,0.89,0.06,3.17
2010-03-02,6.81,6.83,6.97,6.74,120196,144562094.00,3.40,0.89,0.06,2.21
2010-03-03,6.83,6.90,6.94,6.69,117160,140262835.00,3.66,1.02,0.07,2.15
2010-03-04,6.95,6.97,7.46,6.94,337579,423666299.00,7.54,1.01,0.07,6.20
2010-03-05,6.89,7.45,7.54,6.89,390370,497958023.00,9.33,6.89,0.48,7.17
2010-03-08,7.53,7.38,7.65,7.31,144425,186736727.00,4.56,-0.94,-0.07,2.65
2010-03-09,7.35,7.36,7.49,7.26,115461,148369768.00,3.12,-0.27,-0.02,2.12
2010-03-10,7.39,7.15,7.49,7.12,113542,143939153.00,5.03,-2.85,-0.21,2.09
2010-03-11,7.13,6.94,7.17,6.86,91808,112702081.00,4.34,-2.94,-0.21,1.69
2010-03-12,6.94,6.94,7.16,6.90,97135,119816831.00,3.75,0.00,0.00,1.78
2010-03-15,6.95,6.87,6.97,6.72,59209,71042336.00,3.60,-1.01,-0.07,1.09
2010-03-16,6.87,6.87,6.98,6.69,60225,72282659.00,4.22,0.00,0.00,1.11
2010-03-17,6.92,7.58,7.65,6.88,306974,397764070.00,11.21,10.33,0.71,5.64
2010-03-18,7.55,7.42,7.62,7.35,127047,164819782.00,3.56,-2.11,-0.16,2.33
2010-03-19,7.46,7.56,7.81,7.44,201792,268200875.00,4.99,1.89,0.14,3.71
2010-03-22,7.56,7.54,7.62,7.33,202728,263548877.00,3.84,-0.26,-0.02,3.73
2010-03-23,7.55,7.49,7.76,7.46,119689,158167989.00,3.98,-0.66,-0.05,2.20
2010-03-24,7.52,7.79,7.88,7.46,194509,261201475.00,5.61,4.01,0.30,3.57
2010-03-25,7.78,7.61,7.88,7.59,105851,141757198.00,3.72,-2.31,-0.18,1.95
2010-03-26,7.54,7.70,7.85,7.54,89066,119508045.00,4.07,1.18,0.09,1.64
2010-03-29,7.71,7.97,8.08,7.62,162795,221794756.00,5.97,3.51,0.27,2.99
2010-03-30,7.88,8.08,8.16,7.71,159434,218562598.00,5.65,1.38,0.11,2.93
2010-03-31,8.02,8.08,8.18,7.99,107499,150248288.00,2.35,0.00,0.00,1.98
2010-04-01,8.07,8.07,8.18,8.01,112138,156836620.00,2.10,-0.12,-0.01,2.06
2010-04-02,8.07,7.88,8.11,7.85,124772,170973928.00,3.22,-2.35,-0.19,2.29
2010-04-06,7.90,8.35,8.42,7.72,244969,342829713.00,8.88,5.96,0.47,4.50
2010-04-07,8.35,8.43,8.74,8.22,166382,243371699.00,6.23,0.96,0.08,3.06
2010-04-08,8.35,8.58,8.74,8.10,131012,191731285.00,7.59,1.78,0.15,2.41
2010-04-09,8.58,8.58,8.69,8.48,92872,136840608.00,2.45,0.00,0.00,1.71
2010-04-12,8.61,8.76,8.78,8.59,137257,204491815.00,2.21,2.10,0.18,2.52
2010-04-13,8.74,8.49,8.74,8.08,177125,257000684.00,7.53,-3.08,-0.27,3.25
2010-04-14,8.28,8.44,8.74,8.28,91997,135243878.00,5.42,-0.59,-0.05,1.69
2010-04-15,8.44,8.28,8.49,8.10,64500,92445707.00,4.62,-1.90,-0.16,1.19
2010-04-16,8.22,8.63,8.74,8.03,141791,206712925.00,8.57,4.23,0.35,2.61
2010-04-19,8.54,8.12,8.61,8.10,131175,188486543.00,5.91,-5.91,-0.51,2.41
2010-04-20,8.16,7.94,8.27,7.71,168358,232354713.00,6.90,-2.22,-0.18,3.09
2010-04-21,7.94,8.13,8.26,7.84,138440,193093151.00,5.29,2.39,0.19,2.54
2010-04-22,8.12,8.13,8.28,7.97,117932,165732541.00,3.81,0.00,0.00,2.17
2010-04-26,8.13,7.81,8.16,7.78,96404,132136637.00,4.67,-3.94,-0.32,1.77
2010-04-27,7.81,7.66,7.81,7.38,105489,137896548.00,5.51,-1.92,-0.15,1.94
2010-04-28,7.53,7.73,8.06,7.44,192300,257682413.00,8.09,0.91,0.07,3.53
2010-04-29,7.78,7.49,7.78,7.37,139479,182129231.00,5.30,-3.10,-0.24,2.56
2010-04-30,7.38,7.26,7.46,7.03,80824,101781649.00,5.74,-3.07,-0.23,1.49
2010-05-04,6.96,7.11,7.25,6.96,63615,79227601.00,3.99,-2.07,-0.15,1.17
2010-05-05,7.01,7.15,7.25,6.79,125341,154600406.00,6.47,0.56,0.04,2.30
2010-05-06,7.11,6.76,7.23,6.75,118249,144107649.00,6.71,-5.45,-0.39,2.17
2010-05-07,6.62,6.79,6.91,6.42,124433,145069362.00,7.25,0.44,0.03,2.29
2010-05-10,6.69,6.87,6.94,6.38,73699,87300999.00,8.25,1.18,0.08,1.35
2010-05-11,7.04,6.44,7.29,6.37,276286,333084005.00,13.39,-6.26,-0.43,5.08
2010-05-12,6.36,6.00,6.44,5.94,137524,149989215.00,7.76,-6.83,-0.44,2.53
2010-05-13,6.03,6.16,6.19,5.64,166775,177383712.00,9.17,2.67,0.16,3.06
2010-05-14,6.06,5.94,6.10,5.87,86247,92347368.00,3.73,-3.57,-0.22,1.58
2010-05-17,5.82,5.40,5.82,5.37,164045,165070944.00,7.58,-9.09,-0.54,3.01
2010-05-18,5.40,5.58,5.66,5.28,114011,112917385.00,7.04,3.33,0.18,2.09
2010-05-19,5.52,5.55,5.66,5.44,69892,70204808.00,3.94,-0.54,-0.03,1.28
2010-05-20,5.47,5.29,5.64,5.24,104380,102882824.00,7.21,-4.68,-0.26,1.92
2010-05-21,5.10,5.38,5.38,5.03,146041,138048616.00,6.62,1.70,0.09,2.68
2010-05-24,5.40,5.89,6.01,5.40,257826,268671476.00,11.34,9.48,0.51,4.74
2010-05-25,5.76,5.79,5.96,5.66,219813,229351259.00,5.09,-1.70,-0.10,4.04
2010-05-26,5.71,5.72,5.87,5.67,126199,130364152.00,3.45,-1.21,-0.07,2.32
2010-05-27,5.75,5.87,5.91,5.58,136058,141015268.00,5.77,2.62,0.15,2.50
2010-05-28,5.99,5.91,6.06,5.83,158881,169438867.00,3.92,0.68,0.04,2.92
2010-05-31,5.83,5.47,5.83,5.46,130071,132943051.00,6.26,-7.45,-0.44,2.39
2010-06-01,5.33,5.17,5.44,5.04,140568,133633931.00,7.31,-5.48,-0.30,2.58
2010-06-02,5.14,5.25,5.31,5.02,107489,101682399.00,5.61,1.55,0.08,1.97
2010-06-03,5.29,5.11,5.34,5.10,99490,95352099.00,4.57,-2.67,-0.14,1.83
2010-06-04,5.08,5.15,5.20,5.02,71572,66909466.00,3.52,0.78,0.04,1.32
2010-06-07,5.00,4.94,5.08,4.88,117412,107308560.00,3.88,-4.08,-0.21,2.16
2010-06-08,4.93,5.07,5.12,4.90,99255,91393539.00,4.45,2.63,0.13,1.82
2010-06-09,5.10,5.31,5.32,5.03,144841,136719635.00,5.72,4.73,0.24,2.66
2010-06-10,5.24,5.25,5.37,5.19,102441,98165875.00,3.39,-1.13,-0.06,1.88
2010-06-11,5.29,5.21,5.33,5.18,73647,70390906.00,2.86,-0.76,-0.04,1.35
2010-06-17,5.24,5.28,5.40,5.24,80104,77455321.00,3.07,1.34,0.07,1.47
2010-06-18,5.24,4.99,5.29,4.93,85752,79971562.00,6.82,-5.49,-0.29,1.58
2010-06-21,4.96,5.19,5.21,4.94,71801,66809269.00,5.41,4.01,0.20,1.32
2010-06-22,5.18,5.17,5.24,5.14,56831,53845976.00,1.93,-0.39,-0.02,1.04
2010-06-23,5.14,5.08,5.21,5.00,52170,48653814.00,4.06,-1.74,-0.09,0.96
2010-06-24,5.08,5.38,5.40,5.03,161195,155293687.00,7.28,5.91,0.30,2.96
2010-06-25,5.34,5.27,5.39,5.15,79700,76489508.00,4.46,-2.04,-0.11,1.46
2010-06-28,5.31,5.47,5.58,5.31,193822,191508727.00,5.12,3.80,0.20,3.56
2010-06-29,5.47,5.06,5.47,5.04,124119,118319097.00,7.86,-7.50,-0.41,2.28
2010-06-30,5.04,4.87,5.04,4.85,76998,69509197.00,3.75,-3.75,-0.19,1.41
2010-07-01,4.97,4.63,5.04,4.59,116908,103879068.00,9.24,-4.93,-0.24,2.15
2010-07-02,4.59,4.50,4.63,4.19,125828,103823673.00,9.50,-2.81,-0.13,2.31
2010-07-05,4.38,4.24,4.38,4.12,134312,107765771.00,5.78,-5.78,-0.26,2.47
2010-07-06,4.26,4.76,4.76,4.26,312279,268752255.00,11.79,12.26,0.52,5.74
2010-07-07,4.79,5.01,5.02,4.69,247589,220833934.00,6.93,5.25,0.25,4.55
2010-07-08,4.94,4.96,5.12,4.83,153075,139796058.00,5.79,-1.00,-0.05,2.81
2010-07-09,4.93,5.48,5.54,4.93,437068,427100808.00,12.30,10.48,0.52,8.03
2010-07-12,5.47,5.53,5.69,5.41,333746,334542171.00,5.11,0.91,0.05,6.13
2010-07-13,5.41,5.61,5.64,5.28,256162,252488309.00,6.51,1.45,0.08,4.71
2010-07-14,5.77,5.59,5.94,5.52,537392,553439092.00,7.49,-0.36,-0.02,9.87
2010-07-15,5.51,5.33,5.60,5.29,220789,217576224.00,5.55,-4.65,-0.26,4.06
2010-07-16,5.28,5.67,5.69,5.28,284463,284209829.00,7.69,6.38,0.34,5.23
2010-07-19,5.58,5.85,5.90,5.53,292901,303873414.00,6.53,3.17,0.18,5.38
2010-07-20,5.88,5.92,6.03,5.79,291604,308697987.00,4.10,1.20,0.07,5.36
2010-07-21,5.96,5.82,6.06,5.79,284496,302381413.00,4.56,-1.69,-0.10,5.23
2010-07-22,5.78,6.19,6.26,5.76,351491,378679478.00,8.59,6.36,0.37,6.46
2010-07-23,6.17,6.13,6.19,5.99,240551,261500983.00,3.23,-0.97,-0.06,4.42
2010-07-26,6.14,6.14,6.22,6.03,174038,189924015.00,3.10,0.16,0.01,3.20
2010-07-27,6.07,6.03,6.13,5.97,164217,177293288.00,2.61,-1.79,-0.11,3.02
2010-07-28,5.99,6.19,6.24,5.97,225149,247341287.00,4.48,2.65,0.16,4.14
2010-07-29,6.19,6.24,6.40,6.15,205297,228624082.00,4.04,0.81,0.05,3.77
2010-07-30,6.19,6.28,6.30,6.13,167113,185059724.00,2.72,0.64,0.04,3.07
2010-08-02,6.35,6.37,6.43,6.28,251217,283128207.00,2.39,1.43,0.09,4.62
2010-08-03,6.42,6.12,6.42,6.11,216256,241123197.00,4.87,-3.92,-0.25,3.97
2010-08-04,6.13,6.20,6.25,5.99,236302,258542019.00,4.25,1.31,0.08,4.34
2010-08-05,6.21,6.35,6.48,6.14,239135,269222198.00,5.48,2.42,0.15,4.39
2010-08-06,6.35,6.56,6.59,6.16,239621,272858732.00,6.77,3.31,0.21,4.40
2010-08-09,6.56,6.74,6.78,6.49,279311,328405218.00,4.42,2.74,0.18,5.13
2010-08-10,6.81,6.53,6.94,6.53,437342,520193240.00,6.08,-3.12,-0.21,8.04
2010-08-11,6.53,7.01,7.04,6.50,377910,452225325.00,8.27,7.35,0.48,6.94
2010-08-12,6.88,6.79,7.00,6.74,276534,334261661.00,3.71,-3.14,-0.22,5.08
2010-08-13,6.78,6.87,6.91,6.71,186330,224106668.00,2.95,1.18,0.08,3.42
2010-08-16,6.81,6.94,6.99,6.75,270343,328414597.00,3.49,1.02,0.07,4.97
2010-08-17,6.96,6.94,7.12,6.85,210254,257514916.00,3.89,0.00,0.00,3.86
2010-08-18,6.97,6.90,6.99,6.81,166333,201662750.00,2.59,-0.58,-0.04,3.06
2010-08-19,6.90,6.87,7.03,6.81,197255,239677409.00,3.19,-0.43,-0.03,3.62
2010-08-20,6.87,6.58,6.87,6.56,192648,226803505.00,4.51,-4.22,-0.29,3.54
2010-08-23,6.60,6.62,6.71,6.54,118818,138901698.00,2.58,0.61,0.04,2.18
2010-08-24,6.61,6.67,6.71,6.46,124567,145330396.00,3.78,0.76,0.05,2.29
2010-08-25,6.56,6.43,6.65,6.42,116701,134713764.00,3.45,-3.60,-0.24,2.14
2010-08-26,6.46,6.47,6.53,6.40,81751,93582508.00,2.02,0.62,0.04,1.50
2010-08-27,6.46,6.63,6.67,6.42,112014,130477305.00,3.86,2.47,0.16,2.06
2010-08-30,6.67,6.92,6.92,6.67,187937,225435274.00,3.77,4.37,0.29,3.45
2010-08-31,6.87,6.85,6.91,6.78,143887,173222895.00,1.88,-1.01,-0.07,2.64
2010-09-01,6.88,6.62,6.92,6.51,177854,209875355.00,5.99,-3.36,-0.23,3.27
2010-09-02,6.74,7.06,7.20,6.66,393814,483892290.00,8.16,6.65,0.44,7.24
2010-09-03,7.07,7.25,7.37,6.94,311000,391174590.00,6.09,2.69,0.19,5.71
2010-09-06,7.28,7.35,7.63,7.26,317489,412696149.00,5.10,1.38,0.10,5.83
2010-09-07,7.31,7.43,7.53,7.27,160115,207627820.00,3.54,1.09,0.08,2.94
2010-09-08,7.40,7.76,7.78,7.36,252909,336254418.00,5.65,4.44,0.33,4.65
2010-09-09,7.78,7.71,7.97,7.53,292810,394944474.00,5.67,-0.64,-0.05,5.38
2010-09-10,7.65,7.52,7.77,7.24,191195,249554251.00,6.87,-2.46,-0.19,3.51
2010-09-13,7.52,7.63,7.72,7.40,170342,226100392.00,4.26,1.46,0.11,3.13
2010-09-14,7.65,7.76,7.88,7.65,142102,192120443.00,3.01,1.70,0.13,2.61
2010-09-15,7.81,7.45,7.95,7.39,146303,194643564.00,7.22,-3.99,-0.31,2.69
2010-09-16,7.46,7.15,7.49,7.12,129990,164157195.00,4.97,-4.03,-0.30,2.39
2010-09-17,7.31,7.53,7.74,7.23,207505,272188946.00,7.13,5.31,0.38,3.81
2010-09-20,7.58,8.06,8.19,7.58,328251,452587421.00,8.10,7.04,0.53,6.03
2010-09-21,7.97,7.94,8.19,7.76,166680,230155193.00,5.33,-1.49,-0.12,3.06
2010-09-27,7.94,8.13,8.23,7.94,159696,223032578.00,3.65,2.39,0.19,2.93
2010-09-28,8.13,8.25,8.31,8.03,161618,228844717.00,3.44,1.48,0.12,2.97
2010-09-29,8.25,7.94,8.25,7.90,111296,154506902.00,4.24,-3.76,-0.31,2.04
2010-09-30,7.88,8.02,8.06,7.78,89273,123143396.00,3.53,1.01,0.08,1.64
2010-10-08,8.08,8.40,8.53,8.03,177621,255160326.00,6.23,4.74,0.38,3.26
2010-10-11,8.42,8.40,8.71,8.35,207472,305552567.00,4.29,0.00,0.00,3.81
2010-10-12,8.38,8.76,8.81,8.29,165352,246347549.00,6.19,4.29,0.36,3.04
2010-10-13,8.77,9.38,9.57,8.67,281420,440413089.00,10.27,7.08,0.62,5.17
2010-10-14,9.40,9.15,9.57,8.77,235175,369338974.00,8.53,-2.45,-0.23,4.32
2010-10-15,9.04,8.96,9.26,8.77,158192,244462857.00,5.36,-2.08,-0.19,2.91
2010-10-18,8.94,8.46,8.96,8.42,218274,322738183.00,6.03,-5.58,-0.50,4.01
2010-10-19,8.47,9.28,9.30,8.43,190159,290937827.00,10.28,9.69,0.82,3.49
2010-10-20,9.04,9.46,9.59,8.94,213549,339848211.00,7.00,1.94,0.18,3.92
2010-10-21,9.70,10.19,10.38,9.70,292392,500896263.00,7.19,7.72,0.73,5.37
2010-10-22,10.26,11.03,11.30,9.97,328622,593051214.00,13.05,8.24,0.84,6.04
2010-10-25,11.03,11.17,11.41,10.76,219603,409862377.00,5.89,1.27,0.14,4.03
2010-10-26,11.16,10.86,11.16,10.66,163020,299417897.00,4.48,-2.78,-0.31,3.00
2010-10-27,11.02,11.06,11.88,10.85,234846,447501856.00,9.48,1.84,0.20,4.31
2010-10-28,11.10,11.21,11.57,11.03,157273,298948188.00,4.88,1.36,0.15,2.89
2010-10-29,11.15,11.49,11.62,10.85,168717,319472749.00,6.87,2.50,0.28,3.10
2010-11-01,11.37,11.77,11.87,11.24,170239,331008610.00,5.48,2.44,0.28,3.13
2010-11-02,11.75,11.44,12.02,11.43,147090,287812917.00,5.01,-2.80,-0.33,2.70
2010-11-03,11.35,10.58,11.60,10.52,222608,409626892.00,9.44,-7.52,-0.86,4.09
2010-11-04,10.71,11.16,11.27,10.40,182819,335330286.00,8.22,5.48,0.58,3.36
2010-11-05,11.22,11.03,11.42,10.98,156486,294599133.00,3.94,-1.16,-0.13,2.88
2010-11-08,11.01,11.28,11.43,10.79,138200,258100044.00,5.80,2.27,0.25,2.54
2010-11-09,11.24,11.29,11.41,11.12,127529,242166671.00,2.57,0.09,0.01,2.34
2010-11-10,11.22,11.26,11.66,11.11,127611,244138429.00,4.87,-0.27,-0.03,2.34
2010-11-11,11.21,11.26,11.62,11.14,157240,301210839.00,4.26,0.00,0.00,2.89
2010-11-15,10.28,10.60,10.72,10.15,168801,298294669.00,5.06,-5.86,-0.66,3.10
2010-11-16,10.60,9.53,10.78,9.45,189079,319065001.00,12.55,-10.09,-1.07,3.47
2010-11-17,9.38,8.84,9.49,8.74,127847,199788801.00,7.87,-7.24,-0.69,2.35
2010-11-18,8.92,9.20,9.51,8.92,163696,257871417.00,6.67,4.07,0.36,3.01
2010-11-19,9.44,9.63,9.63,9.09,127028,203334225.00,5.87,4.67,0.43,2.33
2010-11-22,9.57,10.04,10.21,9.51,153720,261159691.00,7.27,4.26,0.41,2.82
2010-11-23,9.96,9.74,9.97,9.35,110835,181828960.00,6.18,-2.99,-0.30,2.04
2010-11-24,9.69,10.21,10.30,9.38,110839,187379847.00,9.45,4.83,0.47,2.04
2010-11-25,10.25,10.22,10.53,10.15,106398,185756820.00,3.72,0.10,0.01,1.95
2010-11-26,10.25,10.06,10.30,9.96,68384,116973512.00,3.33,-1.57,-0.16,1.26
2010-11-29,9.96,9.98,10.10,9.77,68503,115658728.00,3.28,-0.80,-0.08,1.26
2010-11-30,9.94,9.71,10.14,9.27,104460,172536547.00,8.72,-2.71,-0.27,1.92
2010-12-01,9.61,9.64,9.74,9.48,43171,70572437.00,2.68,-0.72,-0.07,0.79
2010-12-02,9.83,10.04,10.15,9.66,125361,211266151.00,5.08,4.15,0.40,2.30
2010-12-03,10.02,9.95,10.13,9.77,86986,147317465.00,3.59,-0.90,-0.09,1.60
2010-12-06,9.99,9.51,10.13,9.39,96288,157841781.00,7.44,-4.42,-0.44,1.77
2010-12-07,9.51,9.51,9.60,9.22,84389,135427153.00,4.00,0.00,0.00,1.55
2010-12-08,9.49,9.28,9.54,9.17,120603,192382341.00,3.89,-2.42,-0.23,2.22
2010-12-09,9.19,8.79,9.20,8.74,141490,216167637.00,4.96,-5.28,-0.49,2.60
2010-12-10,8.81,8.91,8.92,8.60,124425,187170019.00,3.64,1.37,0.12,2.29
2010-12-13,9.00,9.54,9.69,8.93,188405,298688505.00,8.53,7.07,0.63,3.46
2010-12-14,9.56,9.54,9.61,9.47,113157,183598616.00,1.47,0.00,0.00,2.08
2010-12-15,9.54,9.39,9.57,9.33,116227,187255812.00,2.52,-1.57,-0.15,2.14
2010-12-16,9.38,9.55,9.74,9.35,128016,209392251.00,4.15,1.70,0.16,2.35
2010-12-17,9.48,9.37,9.59,9.30,77655,124311975.00,3.04,-1.88,-0.18,1.43
2010-12-20,9.42,9.09,9.49,8.85,111778,174345515.00,6.83,-2.99,-0.28,2.05
2010-12-21,9.12,9.22,9.44,8.95,123574,193632297.00,5.39,1.43,0.13,2.27
2010-12-22,9.26,9.33,9.59,9.12,136337,219172277.00,5.10,1.19,0.11,2.50
2010-12-23,9.27,9.14,9.51,8.93,98266,156487203.00,6.22,-2.04,-0.19,1.81
2010-12-24,8.99,8.68,9.04,8.54,135494,203733430.00,5.47,-5.03,-0.46,2.49
2010-12-27,8.67,8.39,9.06,8.16,104540,156395295.00,10.37,-3.34,-0.29,1.92
2010-12-28,8.29,8.17,8.44,8.10,74227,105446610.00,4.05,-2.62,-0.22,1.36
2010-12-29,8.12,8.38,8.39,8.08,59363,84281759.00,3.79,2.57,0.21,1.09
2010-12-30,8.34,8.22,8.34,8.18,72261,102898002.00,1.91,-1.91,-0.16,1.33
2010-12-31,8.22,8.50,8.61,8.22,109428,158053361.00,4.74,3.41,0.28,2.01