2026-01-05,45.18,45.10,45.78,44.20,22914,103064065.00,3.49,-0.40,-0.18,2.58
2026-01-06,45.49,44.99,45.51,44.51,18288,82006814.00,2.22,-0.24,-0.11,2.06
2026-01-07,45.10,43.96,45.55,43.93,20171,89399250.00,3.60,-2.29,-1.03,2.27
2026-01-08,43.70,43.20,44.17,43.10,15957,69419800.00,2.43,-1.73,-0.76,1.80
2026-01-09,43.20,43.21,43.56,42.61,16797,72218133.00,2.20,0.02,0.01,1.89
2026-01-12,43.20,41.17,43.20,41.07,33330,139451639.00,4.93,-4.72,-2.04,3.76
2026-01-13,41.17,40.40,41.88,40.22,24297,99319555.00,4.03,-1.87,-0.77,2.74
2026-01-14,40.41,40.39,41.26,40.12,17042,69315002.00,2.82,-0.02,-0.01,1.92
2026-01-15,40.23,40.93,40.94,39.97,14114,57266396.00,2.40,1.34,0.54,1.59
2026-01-16,40.99,42.41,42.75,40.75,20479,85408674.00,4.89,3.62,1.48,2.31
2026-01-19,42.66,42.42,43.88,42.20,21636,92840566.00,3.96,0.02,0.01,2.44
2026-01-20,42.39,41.45,42.39,41.23,13863,57643251.00,2.73,-2.29,-0.97,1.56
2026-01-21,41.40,41.70,42.00,41.05,8279,34501482.00,2.29,0.60,0.25,0.93
2026-01-22,41.78,41.52,42.29,41.30,15165,63183105.00,2.37,-0.43,-0.18,1.71
2026-01-23,41.52,42.83,43.07,40.89,27587,116001594.00,5.25,3.16,1.31,3.11
2026-01-26,42.84,41.60,42.84,41.04,18419,76839349.00,4.20,-2.87,-1.23,2.08
2026-01-27,41.60,41.23,42.15,40.78,14055,58127978.00,3.29,-0.89,-0.37,1.58
2026-01-28,41.40,40.55,41.43,40.20,11251,45782588.00,2.98,-1.65,-0.68,1.27
2026-01-29,40.69,40.75,41.57,40.35,13269,54461868.00,3.01,0.49,0.20,1.50
2026-01-30,40.57,40.91,41.30,40.43,11156,45635617.00,2.13,0.39,0.16,1.26
2026-02-02,40.56,41.01,41.89,40.56,14812,61302690.00,3.25,0.24,0.10,1.67
2026-02-03,41.29,42.28,42.41,41.06,17880,74874517.00,3.29,3.10,1.27,2.02
2026-02-04,42.63,42.58,43.42,41.98,17667,75340097.00,3.41,0.71,0.30,1.99
2026-02-05,42.44,42.20,43.00,42.01,10420,44145347.00,2.33,-0.89,-0.38,1.17
2026-02-06,42.40,43.07,43.41,41.94,12795,54966455.00,3.48,2.06,0.87,1.44
2026-02-09,43.50,43.69,43.77,42.81,9632,41799156.00,2.23,1.44,0.62,1.09
2026-02-10,43.69,43.31,43.98,43.04,11773,51201597.00,2.15,-0.87,-0.38,1.33
2026-02-11,43.52,43.11,43.58,43.02,7426,32157807.00,1.29,-0.46,-0.20,0.84
2026-02-12,43.12,42.59,43.32,42.40,9382,40145637.00,2.13,-1.21,-0.52,1.06
2026-02-13,42.67,42.12,42.96,42.10,7205,30567176.00,2.02,-1.10,-0.47,0.81
2026-02-24,42.33,42.08,42.61,41.50,8452,35498443.00,2.64,-0.09,-0.04,0.95
2026-02-25,42.29,41.85,42.65,41.63,7685,32363174.00,2.42,-0.55,-0.23,0.87
2026-02-26,42.05,41.38,42.05,41.00,11352,46979261.00,2.51,-1.12,-0.47,1.28
2026-02-27,41.38,41.24,41.38,40.88,11347,46596688.00,1.21,-0.34,-0.14,1.28
2026-03-02,41.15,39.73,41.64,38.43,27765,111125299.00,7.78,-3.66,-1.51,3.13
2026-03-03,39.77,38.75,40.61,38.68,14413,57020610.00,4.86,-2.47,-0.98,1.62
2026-03-04,38.65,38.29,39.08,37.60,11858,45387361.00,3.82,-1.19,-0.46,1.34
2026-03-05,38.99,38.28,38.99,38.09,8168,31379487.00,2.35,-0.03,-0.01,0.92
2026-03-06,38.47,38.56,38.80,38.09,11589,44647776.00,1.85,0.73,0.28,1.31
2026-03-09,38.41,37.15,38.41,36.91,14798,55434829.00,3.89,-3.66,-1.41,1.67
2026-03-10,37.30,37.83,38.22,37.30,10706,40309934.00,2.48,1.83,0.68,1.21
2026-03-11,37.79,36.76,37.93,36.68,12880,47904946.00,3.30,-2.83,-1.07,1.45
2026-03-12,36.83,39.75,42.30,36.83,49828,200087214.00,14.88,8.13,2.99,5.62
2026-03-13,37.94,37.00,38.90,37.00,32649,122962165.00,4.78,-6.92,-2.75,3.68
2026-03-16,37.00,36.30,37.18,35.87,20895,76056355.00,3.54,-1.89,-0.70,2.36
2026-03-17,36.30,35.60,36.92,35.50,12112,43821312.00,3.91,-1.93,-0.70,1.37
2026-03-18,35.69,35.36,36.10,35.09,11183,39543737.00,2.84,-0.67,-0.24,1.26
2026-03-19,35.36,34.35,35.36,34.10,14896,51708550.00,3.56,-2.86,-1.01,1.68
2026-03-20,34.65,33.89,35.26,33.89,14290,49408251.00,3.99,-1.34,-0.46,1.61
2026-03-23,33.22,32.09,33.45,31.35,20363,66324032.00,6.20,-5.31,-1.80,2.30
2026-03-24,32.54,33.20,33.24,32.00,11456,37342202.00,3.86,3.46,1.11,1.29
2026-03-25,33.33,33.85,34.07,33.09,8274,27947347.00,2.95,1.96,0.65,0.93
2026-03-26,33.81,34.03,35.13,33.60,16736,57393907.00,4.52,0.53,0.18,1.89
2026-03-27,33.81,34.55,34.75,33.65,10285,35420378.00,3.23,1.53,0.52,1.16
2026-03-30,34.57,33.48,34.77,33.21,18570,62548325.00,4.52,-3.10,-1.07,2.09
2026-03-31,33.51,33.23,34.06,32.90,13696,45745661.00,3.46,-0.75,-0.25,1.54
2026-04-01,33.75,34.31,34.39,33.35,16977,57619616.00,3.13,3.25,1.08,1.91
2026-04-02,34.17,33.08,34.23,32.71,13265,44116320.00,4.43,-3.58,-1.23,1.50
2026-04-03,33.07,32.70,33.22,32.23,7140,23293222.00,2.99,-1.15,-0.38,0.80
2026-04-07,32.88,33.30,34.28,32.88,11835,39616504.00,4.28,1.83,0.60,1.33
2026-04-08,33.77,34.08,34.29,33.59,12466,42352207.00,2.10,2.34,0.78,1.41
2026-04-09,34.08,33.80,34.20,33.51,8617,29121883.00,2.02,-0.82,-0.28,0.97
2026-04-10,34.01,34.46,34.67,33.96,10072,34610094.00,2.10,1.95,0.66,1.14
2026-04-13,34.54,33.82,34.54,29.00,14701,49470841.00,16.08,-1.86,-0.64,1.66
2026-04-14,34.02,34.23,34.35,33.69,14224,48471553.00,1.95,1.21,0.41,1.60
2026-04-15,34.96,34.00,35.07,33.80,12838,44198137.00,3.71,-0.67,-0.23,1.45
2026-04-16,34.20,34.41,34.60,33.88,10525,36070541.00,2.12,1.21,0.41,1.19
2026-04-17,34.46,35.63,36.00,33.58,24886,86462868.00,7.03,3.55,1.22,2.81
2026-04-20,35.85,35.98,36.41,35.11,20228,72082744.00,3.65,0.98,0.35,2.28
2026-04-21,35.98,35.78,36.05,35.38,9124,32487669.00,1.86,-0.56,-0.20,1.03
2026-04-22,35.84,40.84,42.32,35.55,70262,277688570.00,18.92,14.14,5.06,7.92
2026-04-23,39.97,38.49,40.00,38.08,39470,153439199.00,4.70,-5.75,-2.35,4.45
2026-04-24,38.49,36.30,38.68,35.92,29465,108001495.00,7.17,-5.69,-2.19,3.32
2026-04-27,36.30,37.00,37.89,36.14,20528,76037764.00,4.82,1.93,0.70,2.31
2026-04-28,37.34,36.89,37.58,36.15,12659,46599920.00,3.86,-0.30,-0.11,1.43
2026-04-29,36.67,37.19,37.90,36.30,15063,55995539.00,4.34,0.81,0.30,1.70
2026-04-30,37.19,37.80,38.06,37.04,12505,47121208.90,2.74,1.64,0.61,1.41