1997-01-02,5.01,4.99,5.01,4.95,717,597000.00,1.19,-1.19,-0.06,1.04
1997-01-03,5.00,4.95,5.08,4.92,660,552000.00,3.21,-0.80,-0.04,0.96
1997-01-06,4.89,4.88,4.95,4.88,404,332000.00,1.41,-1.41,-0.07,0.59
1997-01-07,4.76,4.94,4.95,4.76,461,378000.00,3.89,1.23,0.06,0.67
1997-01-08,4.95,4.89,4.95,4.88,217,178000.00,1.42,-1.01,-0.05,0.31
1997-01-09,4.94,4.97,4.99,4.93,374,311000.00,1.23,1.64,0.08,0.54
1997-01-10,5.01,5.03,5.05,4.92,610,510000.00,2.62,1.21,0.06,0.88
1997-01-13,5.05,5.10,5.10,5.03,811,688000.00,1.39,1.39,0.07,1.18
1997-01-14,5.19,5.01,5.23,4.98,690,585000.00,4.90,-1.76,-0.09,1.00
1997-01-15,5.05,5.11,5.15,4.94,2045,1743000.00,4.19,2.00,0.10,2.96
1997-01-16,5.08,5.06,5.18,5.03,916,779000.00,2.94,-0.98,-0.05,1.33
1997-01-17,5.08,4.98,5.17,4.64,549,459000.00,10.47,-1.58,-0.08,0.80
1997-01-20,5.10,5.16,5.17,4.97,1091,925000.00,4.02,3.61,0.18,1.58
1997-01-21,5.15,5.17,5.32,5.10,1799,1557000.00,4.26,0.19,0.01,2.61
1997-01-22,5.11,5.19,5.22,5.07,1230,1059000.00,2.90,0.39,0.02,1.78
1997-01-23,5.23,5.18,5.23,5.08,1005,871000.00,2.89,-0.19,-0.01,1.46
1997-01-24,5.05,5.13,5.14,5.05,493,420000.00,1.74,-0.97,-0.05,0.71
1997-01-27,5.08,5.14,5.30,5.08,805,695000.00,4.29,0.19,0.01,1.17
1997-01-28,5.05,5.08,5.13,5.05,459,391000.00,1.56,-1.17,-0.06,0.67
1997-01-29,5.19,5.13,5.30,5.08,1534,1317000.00,4.33,0.98,0.05,2.22
1997-01-30,5.10,5.11,5.18,5.08,921,786000.00,1.95,-0.39,-0.02,1.33
1997-01-31,5.11,5.13,5.23,5.09,3445,2978000.00,2.74,0.39,0.02,4.99
1997-02-17,5.23,5.22,5.23,5.11,906,787000.00,2.34,1.75,0.09,1.31
1997-02-18,5.22,4.94,5.34,4.76,3625,3079000.00,11.11,-5.36,-0.28,5.25
1997-02-19,5.39,5.47,5.47,5.03,7950,7068000.00,8.91,10.73,0.53,11.52
1997-02-20,4.89,5.51,5.68,4.89,6587,5944000.00,14.44,0.73,0.04,9.55
1997-02-21,5.49,5.74,5.74,5.39,7123,6667000.00,6.35,4.17,0.23,10.32
1997-02-24,5.86,5.52,5.89,5.51,2888,2712000.00,6.62,-3.83,-0.22,4.19
1997-02-25,5.52,5.78,5.78,5.40,3721,3457000.00,6.88,4.71,0.26,5.39
1997-02-26,5.27,5.74,5.83,5.27,2870,2718000.00,9.69,-0.69,-0.04,4.16
1997-02-27,5.86,5.59,5.86,5.56,2544,2389000.00,5.23,-2.61,-0.15,3.69
1997-02-28,5.83,5.69,5.83,5.49,2880,2686000.00,6.08,1.79,0.10,4.17
1997-03-03,5.40,5.73,5.77,5.40,2864,2700000.00,6.50,0.70,0.04,4.15
1997-03-04,5.71,5.74,5.80,5.58,3483,3294000.00,3.84,0.17,0.01,5.05
1997-03-05,5.78,5.90,6.34,5.74,8905,8955000.00,10.45,2.79,0.16,12.91
1997-03-06,5.90,6.05,6.12,5.83,6029,6035000.00,4.92,2.54,0.15,8.74
1997-03-07,6.06,5.89,6.09,5.83,3802,3748000.00,4.30,-2.64,-0.16,5.51
1997-03-10,5.96,5.96,6.02,5.84,2162,2125000.00,3.06,1.19,0.07,3.13
1997-03-11,6.02,5.93,6.02,5.85,2594,2543000.00,2.85,-0.50,-0.03,3.76
1997-03-12,5.95,6.02,6.12,5.83,4745,4703000.00,4.89,1.52,0.09,6.88
1997-03-13,6.02,5.93,6.02,5.77,2584,2534000.00,4.15,-1.50,-0.09,3.74
1997-03-14,5.86,5.86,5.98,5.74,1693,1637000.00,4.05,-1.18,-0.07,2.45
1997-03-17,5.87,5.90,5.93,5.78,5872,5705000.00,2.56,0.68,0.04,8.51
1997-03-18,5.90,6.02,6.15,5.86,7329,7313000.00,4.92,2.03,0.12,10.62
1997-03-19,6.15,6.65,6.65,6.12,16300,17378000.00,8.80,10.47,0.63,23.62
1997-03-20,6.65,6.05,6.65,6.02,8737,9131000.00,9.47,-9.02,-0.60,12.66
1997-03-21,6.02,6.23,6.29,5.96,4037,4096000.00,5.45,2.98,0.18,5.85
1997-03-24,6.26,6.12,6.35,6.12,4382,4526000.00,3.69,-1.77,-0.11,6.35
1997-03-25,6.12,6.11,6.27,6.02,3306,3366000.00,4.08,-0.16,-0.01,4.79
1997-03-26,6.12,6.19,6.21,6.09,2911,2964000.00,1.96,1.31,0.08,4.22
1997-03-27,6.21,6.33,6.43,6.15,3903,4055000.00,4.52,2.26,0.14,5.66
1997-03-28,6.27,6.15,6.31,6.12,2678,2758000.00,3.00,-2.84,-0.18,3.88
1997-03-31,6.22,6.48,6.53,6.22,5540,5899000.00,5.04,5.37,0.33,8.03
1997-04-01,6.66,6.48,6.66,6.40,4984,5375000.00,4.01,0.00,0.00,7.22
1997-04-02,6.53,6.60,6.83,6.49,8756,9619000.00,5.25,1.85,0.12,12.69
1997-04-03,6.58,6.59,6.70,6.40,3629,3910000.00,4.55,-0.15,-0.01,5.26
1997-04-04,6.61,6.58,6.65,6.45,4228,4592000.00,3.03,-0.15,-0.01,6.13
1997-04-07,6.65,6.77,6.90,6.58,7786,8738000.00,4.86,2.89,0.19,11.28
1997-04-08,6.81,6.53,6.81,6.48,4561,4996000.00,4.87,-3.55,-0.24,6.61
1997-04-09,6.53,6.72,6.77,6.53,4223,4657000.00,3.68,2.91,0.19,6.12
1997-04-10,6.72,6.65,6.97,6.65,5630,6339000.00,4.76,-1.04,-0.07,8.16
1997-04-11,6.77,6.62,6.78,6.47,3451,3763000.00,4.66,-0.45,-0.03,5.00
1997-04-14,6.97,7.12,7.25,6.84,10574,12307000.00,6.19,7.55,0.50,15.32
1997-04-15,7.08,7.01,7.08,6.84,3415,3927000.00,3.37,-1.54,-0.11,4.95
1997-04-16,7.09,7.02,7.09,6.72,3392,3915000.00,5.28,0.14,0.01,4.92
1997-04-17,6.98,6.84,7.02,6.84,2848,3253000.00,2.56,-2.56,-0.18,4.13
1997-04-18,6.94,7.09,7.09,6.81,2405,2741000.00,4.09,3.65,0.25,3.49
1997-04-21,7.12,7.03,7.21,7.02,4102,4772000.00,2.68,-0.85,-0.06,5.94
1997-04-22,7.02,7.00,7.03,6.90,2693,3094000.00,1.85,-0.43,-0.03,3.90
1997-04-23,7.03,7.35,7.41,7.00,8165,9639000.00,5.86,5.00,0.35,11.83
1997-04-24,7.28,7.09,7.28,7.04,4381,5133000.00,3.27,-3.54,-0.26,6.35
1997-04-25,7.03,6.71,7.05,6.71,3799,4291000.00,4.80,-5.36,-0.38,5.51
1997-04-28,6.90,6.24,6.90,6.20,1841,1938000.00,10.43,-7.00,-0.47,2.67
1997-04-29,6.22,6.42,6.42,5.83,1951,2001000.00,9.46,2.88,0.18,2.83
1997-04-30,6.34,6.39,6.52,6.29,1301,1368000.00,3.58,-0.47,-0.03,1.89
1997-05-05,6.41,6.40,6.46,6.34,2995,3179000.00,1.88,0.16,0.01,4.34
1997-05-06,6.46,6.46,6.46,6.37,2734,2904000.00,1.41,0.94,0.06,3.96
1997-05-07,6.46,6.50,6.65,6.32,2339,2510000.00,5.11,0.62,0.04,3.39
1997-05-08,6.40,6.27,6.53,6.15,2067,2172000.00,5.85,-3.54,-0.23,3.00
1997-05-09,6.34,6.58,6.58,6.16,2048,2155000.00,6.70,4.94,0.31,2.97
1997-05-12,6.53,6.81,6.86,6.43,3866,4263000.00,6.53,3.50,0.23,5.60
1997-05-13,6.84,6.59,6.87,6.46,1228,1340000.00,6.02,-3.23,-0.22,1.78
1997-05-14,6.51,6.21,6.55,6.15,1165,1225000.00,6.07,-5.77,-0.38,1.69
1997-05-15,6.21,6.24,6.32,6.02,1070,1102000.00,4.83,0.48,0.03,1.55
1997-05-16,6.02,5.64,6.12,5.61,1739,1703000.00,8.17,-9.62,-0.60,2.52
1997-05-19,5.68,5.80,5.80,5.68,595,570000.00,2.13,2.84,0.16,0.86
1997-05-20,5.91,5.90,5.93,5.81,575,563000.00,2.07,1.72,0.10,0.83
1997-05-21,5.93,5.68,5.93,5.56,603,576000.00,6.27,-3.73,-0.22,0.87
1997-05-22,5.48,5.14,5.48,5.11,1690,1483000.00,6.51,-9.51,-0.54,2.45
1997-05-23,5.30,5.24,5.45,5.16,599,524000.00,5.64,1.95,0.10,0.87
1997-05-26,5.33,5.33,5.33,5.14,646,567000.00,3.63,1.72,0.09,0.94
1997-05-27,5.44,5.39,5.51,5.33,912,822000.00,3.38,1.13,0.06,1.32
1997-05-28,5.39,5.25,5.39,5.23,548,484000.00,2.97,-2.60,-0.14,0.79
1997-05-29,5.23,5.29,5.32,5.23,425,373000.00,1.71,0.76,0.04,0.62
1997-05-30,5.23,5.38,5.38,5.20,519,457000.00,3.40,1.70,0.09,0.75
1997-06-02,5.75,5.56,5.75,5.27,1006,917000.00,8.92,3.35,0.18,1.46
1997-06-03,5.39,5.45,5.49,5.33,346,313000.00,2.88,-1.98,-0.11,0.50
1997-06-04,5.38,5.51,5.53,5.38,697,637000.00,2.75,1.10,0.06,1.01
1997-06-05,5.40,5.69,5.71,5.40,1169,1079000.00,5.63,3.27,0.18,1.69
1997-06-06,5.39,5.27,5.51,5.19,819,727000.00,5.62,-7.38,-0.42,1.19
1997-06-09,5.22,5.27,5.39,5.14,463,405000.00,4.74,0.00,0.00,0.67
1997-06-10,5.39,5.15,5.39,5.15,304,267000.00,4.55,-2.28,-0.12,0.44
1997-06-11,5.15,5.08,5.27,4.69,387,321000.00,11.26,-1.36,-0.07,0.56
1997-06-12,5.26,4.96,5.26,4.95,396,331000.00,6.10,-2.36,-0.12,0.57
1997-06-13,4.57,5.01,5.03,4.57,706,579000.00,9.27,1.01,0.05,1.02
1997-06-16,4.98,5.02,5.07,4.98,532,447000.00,1.80,0.20,0.01,0.77
1997-06-17,5.00,5.01,5.08,4.85,456,380000.00,4.58,-0.20,-0.01,0.66
1997-06-18,4.98,4.93,4.98,4.89,229,190000.00,1.80,-1.60,-0.08,0.33
1997-06-19,4.93,4.88,4.95,4.88,275,226000.00,1.42,-1.01,-0.05,0.40
1997-06-20,4.95,5.19,5.19,4.93,710,597000.00,5.33,6.35,0.31,1.03
1997-06-23,5.08,4.95,5.32,4.95,685,583000.00,7.13,-4.62,-0.24,0.99
1997-06-24,4.98,5.04,5.06,4.98,427,359000.00,1.62,1.82,0.09,0.62
1997-06-25,5.04,5.04,5.27,4.98,506,432000.00,5.75,0.00,0.00,0.73
1997-06-26,4.95,5.08,5.19,4.92,581,493000.00,5.36,0.79,0.04,0.84
1997-06-27,4.99,4.76,5.01,4.55,806,660000.00,9.06,-6.30,-0.32,1.17
1997-07-02,4.94,4.51,4.94,4.50,701,549000.00,9.24,-5.25,-0.25,1.02
1997-07-03,4.58,4.51,4.58,4.45,548,418000.00,2.88,0.00,0.00,0.79
1997-07-04,4.51,4.66,4.70,4.51,316,247000.00,4.21,3.33,0.15,0.46
1997-07-07,4.70,4.51,4.75,4.51,375,290000.00,5.15,-3.22,-0.15,0.54
1997-07-08,4.46,4.54,4.62,4.36,467,352000.00,5.76,0.67,0.03,0.68
1997-07-09,4.33,4.50,4.53,4.33,398,301000.00,4.41,-0.88,-0.04,0.58
1997-07-10,4.51,4.58,4.64,4.51,489,375000.00,2.89,1.78,0.08,0.71
1997-07-11,4.59,4.67,4.70,4.55,903,701000.00,3.28,1.97,0.09,1.31
1997-07-14,4.47,4.76,5.15,4.47,819,575000.00,14.56,1.93,0.09,1.03
1997-07-15,4.65,4.71,4.79,4.60,692,475000.00,3.99,-1.05,-0.05,0.87
1997-07-16,4.65,4.91,5.18,4.65,1905,1382000.00,11.25,4.25,0.20,2.40
1997-07-17,4.91,4.81,4.91,4.73,639,448000.00,3.67,-2.04,-0.10,0.81
1997-07-18,4.79,4.87,5.07,4.79,415,294000.00,5.82,1.25,0.06,0.52
1997-07-21,4.88,4.93,4.94,4.86,987,706000.00,1.64,1.23,0.06,1.24
1997-07-22,4.87,4.90,4.94,4.73,1329,939000.00,4.26,-0.61,-0.03,1.67
1997-07-23,4.96,5.03,5.14,4.95,1936,1422000.00,3.88,2.65,0.13,2.44
1997-07-24,5.03,4.90,5.05,4.79,628,450000.00,5.17,-2.58,-0.13,0.79
1997-07-25,4.90,4.87,4.90,4.83,409,290000.00,1.43,-0.61,-0.03,0.52
1997-07-28,4.91,4.80,4.92,4.79,479,337000.00,2.67,-1.44,-0.07,0.60
1997-07-29,4.79,4.87,4.97,4.79,443,313000.00,3.75,1.46,0.07,0.56
1997-07-30,4.86,4.95,4.98,4.86,750,538000.00,2.46,1.64,0.08,0.95
1997-07-31,4.95,5.07,5.11,4.92,1173,857000.00,3.84,2.42,0.12,1.48
1997-08-01,5.08,5.31,5.43,5.08,5710,4432000.00,6.90,4.73,0.24,7.20
1997-08-04,5.36,5.39,5.52,5.34,3432,2723000.00,3.39,1.51,0.08,4.33
1997-08-05,5.45,5.32,5.48,5.23,888,685000.00,4.64,-1.30,-0.07,1.12
1997-08-06,5.34,5.18,5.34,5.18,1202,914000.00,3.01,-2.63,-0.14,1.51
1997-08-07,4.97,5.45,5.50,4.95,1186,905000.00,10.62,5.21,0.27,1.49
1997-08-08,5.32,5.45,5.50,5.32,1999,1581000.00,3.30,0.00,0.00,2.52
1997-08-11,5.48,5.76,5.81,5.47,5424,4474000.00,6.24,5.69,0.31,6.84
1997-08-12,5.74,5.42,5.78,5.41,2262,1841000.00,6.42,-5.90,-0.34,2.85
1997-08-13,5.31,5.47,5.66,5.29,1332,1052000.00,6.83,0.92,0.05,1.68
1997-08-14,5.52,5.88,5.88,5.45,4697,3914000.00,7.86,7.50,0.41,5.92
1997-08-15,5.87,5.89,6.05,5.81,4639,3972000.00,4.08,0.17,0.01,5.85
1997-08-18,5.84,5.97,6.04,5.81,3243,2795000.00,3.90,1.36,0.08,4.09
1997-08-19,5.97,5.61,6.01,5.61,2188,1836000.00,6.70,-6.03,-0.36,2.76
1997-08-20,5.63,5.68,5.79,5.52,1409,1151000.00,4.81,1.25,0.07,1.78
1997-08-21,5.66,5.53,5.66,5.46,1340,1078000.00,3.52,-2.64,-0.15,1.69
1997-08-22,5.52,5.52,5.64,5.47,1117,894000.00,3.07,-0.18,-0.01,1.41
1997-08-25,5.66,5.59,5.81,5.52,973,785000.00,5.25,1.27,0.07,1.23
1997-08-26,5.53,5.58,5.81,5.45,1097,876000.00,6.44,-0.18,-0.01,1.38
1997-08-27,5.52,5.58,5.69,5.52,801,649000.00,3.05,0.00,0.00,1.01
1997-08-28,5.48,5.92,6.00,5.48,3035,2541000.00,9.32,6.09,0.34,3.82
1997-08-29,5.88,5.66,5.88,5.53,1144,934000.00,5.91,-4.39,-0.26,1.44
1997-09-01,5.80,5.63,5.80,5.55,1043,849000.00,4.42,-0.53,-0.03,1.31
1997-09-02,5.66,5.89,5.94,5.59,2889,2437000.00,6.22,4.62,0.26,3.64
1997-09-03,5.79,6.10,6.15,5.79,4487,3896000.00,6.11,3.57,0.21,5.65
1997-09-04,6.17,6.10,6.24,5.93,3593,3180000.00,5.08,0.00,0.00,4.53
1997-09-05,6.10,6.52,6.52,5.99,11901,10866000.00,8.69,6.89,0.42,15.00
1997-09-08,6.59,6.89,6.93,6.46,10541,10204000.00,7.21,5.67,0.37,13.28
1997-09-09,6.81,6.93,7.03,6.55,3743,3629000.00,6.97,0.58,0.04,4.72
1997-09-10,6.82,7.10,7.17,6.68,5737,5738000.00,7.07,2.45,0.17,7.23
1997-09-11,7.18,7.03,7.29,6.89,5920,6017000.00,5.63,-0.99,-0.07,7.46
1997-09-12,6.95,6.75,6.97,6.53,3205,3102000.00,6.26,-3.98,-0.28,4.04
1997-09-15,6.67,6.73,6.79,6.46,8696,8278000.00,4.89,-0.30,-0.02,10.96
1997-09-16,6.75,6.94,7.08,6.68,3973,3935000.00,5.94,3.12,0.21,5.01
1997-09-17,7.08,6.75,7.08,6.53,978,944000.00,7.93,-2.74,-0.19,1.23
1997-09-18,6.66,6.80,6.85,6.60,628,604000.00,3.70,0.74,0.05,0.79
1997-09-19,6.75,6.88,6.94,6.53,1704,1656000.00,6.03,1.18,0.08,2.15
1997-09-22,6.87,6.53,6.87,6.24,1044,977000.00,9.16,-5.09,-0.35,1.32
1997-09-23,5.91,6.42,6.60,5.88,2135,1932000.00,11.03,-1.68,-0.11,2.69
1997-09-24,6.42,6.74,6.75,6.35,6493,6139000.00,6.23,4.98,0.32,8.18
1997-09-25,6.79,6.74,6.93,6.46,1242,1196000.00,6.97,0.00,0.00,1.57
1997-09-26,6.68,6.51,6.79,6.39,937,878000.00,5.93,-3.41,-0.23,1.18
1997-09-29,6.51,6.39,6.51,6.13,1557,1422000.00,5.84,-1.84,-0.12,1.96
1997-09-30,6.16,6.32,6.45,6.05,2070,1887000.00,6.26,-1.10,-0.07,2.61
1997-10-06,6.38,6.17,6.42,5.89,258,229000.00,8.39,-2.37,-0.15,0.33
1997-10-07,6.24,6.16,6.24,5.96,264,231000.00,4.54,-0.16,-0.01,0.33
1997-10-08,6.17,6.28,6.37,6.03,392,351000.00,5.52,1.95,0.12,0.49
1997-10-09,6.29,6.24,6.29,6.06,382,338000.00,3.66,-0.64,-0.04,0.48
1997-10-10,6.16,6.24,6.24,6.03,427,378000.00,3.37,0.00,0.00,0.54
1997-10-13,6.24,6.23,6.39,6.08,321,285000.00,4.97,-0.16,-0.01,0.40
1997-10-14,6.06,6.23,6.23,5.99,260,229000.00,3.85,0.00,0.00,0.33
1997-10-15,6.10,6.12,6.23,6.06,340,301000.00,2.73,-1.77,-0.11,0.43
1997-10-16,6.10,6.23,6.46,6.10,1136,1029000.00,5.88,1.80,0.11,1.43
1997-10-17,6.25,6.16,6.25,6.10,944,837000.00,2.41,-1.12,-0.07,1.19
1997-10-20,6.17,6.16,6.17,6.09,735,650000.00,1.30,0.00,0.00,0.93
1997-10-21,6.21,6.36,6.47,6.21,1098,1010000.00,4.22,3.25,0.20,1.38
1997-10-22,6.46,6.37,6.53,6.24,1963,1811000.00,4.56,0.16,0.01,2.47
1997-10-23,6.35,6.35,6.50,6.24,952,871000.00,4.08,-0.31,-0.02,1.20
1997-10-24,6.35,6.18,6.35,6.13,798,712000.00,3.46,-2.68,-0.17,1.01
1997-10-27,6.08,6.26,6.32,5.95,1429,1273000.00,5.99,1.29,0.08,1.80
1997-10-28,6.18,6.17,6.18,5.97,1182,1032000.00,3.35,-1.44,-0.09,1.49
1997-10-29,6.10,6.21,6.21,5.95,803,698000.00,4.21,0.65,0.04,1.01
1997-10-30,6.10,5.99,6.45,5.96,916,808000.00,7.89,-3.54,-0.22,1.15
1997-10-31,5.99,6.03,6.03,5.81,841,717000.00,3.67,0.67,0.04,1.06
1997-11-03,5.90,6.14,6.14,5.79,933,795000.00,5.80,1.82,0.11,1.18
1997-11-04,6.03,5.97,6.10,5.89,477,411000.00,3.42,-2.77,-0.17,0.60
1997-11-05,5.82,5.97,5.97,5.81,245,205867.00,2.68,0.00,0.00,0.31
1997-11-06,5.88,5.95,6.02,5.88,1335,1141000.00,2.35,-0.34,-0.02,1.68
1997-11-07,5.95,6.21,6.37,5.95,1943,1733000.00,7.06,4.37,0.26,2.45
1997-11-10,6.23,6.16,6.24,5.96,1318,1162000.00,4.51,-0.81,-0.05,1.66
1997-11-11,6.10,6.12,6.16,5.90,458,400000.00,4.22,-0.65,-0.04,0.58
1997-11-12,6.10,6.02,6.12,5.95,482,417000.00,2.78,-1.63,-0.10,0.61
1997-11-13,5.95,6.04,6.10,5.89,591,515000.00,3.49,0.33,0.02,0.74
1997-11-14,5.99,6.13,6.16,5.99,1118,984000.00,2.81,1.49,0.09,1.41
1997-11-17,6.24,6.75,6.76,6.22,8410,8022000.00,8.81,10.11,0.62,10.60
1997-11-18,6.53,6.39,6.68,6.35,2381,2239000.00,4.89,-5.33,-0.36,3.00
1997-11-19,6.39,6.21,6.53,6.10,1823,1636000.00,6.73,-2.82,-0.18,2.30
1997-11-20,6.23,6.08,6.33,5.97,1145,1010000.00,5.80,-2.09,-0.13,1.44
1997-11-21,6.10,6.03,6.10,5.96,827,721000.00,2.30,-0.82,-0.05,1.04
1997-11-24,6.03,5.95,6.03,5.77,1083,913000.00,4.31,-1.33,-0.08,1.36
1997-11-25,5.77,6.03,6.03,5.33,1078,905000.00,11.76,1.34,0.08,1.36
1997-11-26,5.95,6.10,6.10,5.81,775,668000.00,4.81,1.16,0.07,0.98
1997-11-27,6.17,6.15,6.38,6.10,3169,2863000.00,4.59,0.82,0.05,3.99
1997-11-28,6.15,6.22,6.23,5.96,792,697000.00,4.39,1.14,0.07,1.00
1997-12-01,6.23,6.17,6.35,6.17,556,500000.00,2.89,-0.80,-0.05,0.70
1997-12-02,6.14,6.17,6.24,5.97,518,454000.00,4.38,0.00,0.00,0.65
1997-12-03,6.10,6.17,6.17,5.95,541,472000.00,3.57,0.00,0.00,0.68
1997-12-04,6.10,6.16,6.17,5.99,453,399000.00,2.92,-0.16,-0.01,0.57
1997-12-05,6.08,6.23,6.32,6.00,785,694000.00,5.19,1.14,0.07,0.99
1997-12-08,6.45,6.25,6.45,6.17,645,587000.00,4.49,0.32,0.02,0.81
1997-12-09,6.29,6.10,6.29,6.10,405,358000.00,3.04,-2.40,-0.15,0.51
1997-12-10,6.16,6.23,6.23,6.01,1088,949000.00,3.61,2.13,0.13,1.37
1997-12-11,6.23,6.16,6.23,6.03,319,280000.00,3.21,-1.12,-0.07,0.40
1997-12-12,6.06,6.09,6.10,6.03,603,529000.00,1.14,-1.14,-0.07,0.76
1997-12-15,6.10,6.03,6.28,5.99,705,614000.00,4.76,-0.99,-0.06,0.89
1997-12-16,6.03,5.95,6.09,5.74,735,630000.00,5.80,-1.33,-0.08,0.93
1997-12-17,5.87,5.95,5.95,5.77,1065,897000.00,3.03,0.00,0.00,1.34
1997-12-18,5.95,5.95,5.95,5.81,435,370000.00,2.35,0.00,0.00,0.55
1997-12-19,5.92,6.10,6.13,5.92,3064,2696000.00,3.53,2.52,0.15,3.86
1997-12-22,6.17,5.99,6.17,5.89,1046,910000.00,4.59,-1.80,-0.11,1.32
1997-12-23,5.88,5.87,5.95,5.77,2279,1912000.00,3.01,-2.00,-0.12,2.87
1997-12-24,5.72,5.77,5.84,5.71,1547,1285000.00,2.21,-1.70,-0.10,1.95
1997-12-25,5.81,5.88,5.88,5.66,1268,1052000.00,3.81,1.91,0.11,1.60
1997-12-26,5.92,5.98,6.08,5.92,3304,2861000.00,2.72,1.70,0.10,4.16
1997-12-29,5.95,5.87,6.00,5.78,2999,2521000.00,3.68,-1.84,-0.11,3.78
1997-12-30,5.79,5.93,6.10,5.79,1833,1581000.00,5.28,1.02,0.06,2.31
1997-12-31,6.10,6.31,6.55,6.10,9640,8875000.00,7.59,6.41,0.38,12.15