2009-01-05,4.55,4.80,4.80,4.51,13544,8095015.00,6.44,6.67,0.30,3.01
2009-01-06,4.75,4.94,4.97,4.71,15535,9597595.00,5.42,2.92,0.14,3.46
2009-01-07,4.90,5.09,5.18,4.88,22708,14596815.00,6.07,3.04,0.15,5.05
2009-01-08,5.09,5.07,5.22,4.98,18321,11817486.00,4.72,-0.39,-0.02,4.08
2009-01-09,5.13,5.21,5.28,5.09,21694,14234613.00,3.75,2.76,0.14,4.83
2009-01-12,5.21,5.49,5.55,5.10,28518,19165165.00,8.64,5.37,0.28,6.34
2009-01-13,5.28,5.24,5.35,5.20,20578,13701283.00,2.73,-4.55,-0.25,4.58
2009-01-14,5.21,5.35,5.39,5.19,20987,14046540.00,3.82,2.10,0.11,4.67
2009-01-15,5.30,5.30,5.40,5.23,19115,12843204.00,3.18,-0.93,-0.05,4.25
2009-01-16,5.30,5.31,5.51,5.23,20101,13662161.00,5.28,0.19,0.01,4.47
2009-01-19,5.29,5.16,5.40,5.12,14025,9271813.00,5.27,-2.82,-0.15,3.12
2009-01-20,5.15,5.29,5.29,5.11,9637,6330899.00,3.49,2.52,0.13,2.14
2009-01-21,5.25,5.30,5.39,5.14,12991,8699799.00,4.73,0.19,0.01,2.89
2009-01-22,5.41,5.81,5.85,5.32,43775,30948467.00,10.00,9.62,0.51,9.74
2009-01-23,5.72,5.79,5.85,5.55,48155,34923050.00,5.16,-0.34,-0.02,10.71
2009-02-02,5.79,5.82,5.95,5.64,28756,21012489.00,5.35,0.52,0.03,6.40
2009-02-03,5.83,6.03,6.05,5.76,40434,29899799.00,4.98,3.61,0.21,9.00
2009-02-04,6.00,6.02,6.09,5.90,26000,19589659.00,3.15,-0.17,-0.01,5.78
2009-02-05,6.02,5.75,6.02,5.70,27514,20270420.00,5.32,-4.49,-0.27,6.12
2009-02-06,5.76,5.96,5.99,5.76,21555,15956636.00,4.00,3.65,0.21,4.80
2009-02-09,6.02,6.19,6.25,5.88,30740,23461955.00,6.21,3.86,0.23,6.84
2009-02-10,6.10,6.41,6.45,6.07,29540,23427262.00,6.14,3.55,0.22,6.57
2009-02-11,6.32,6.54,6.65,6.18,29476,23855367.00,7.33,2.03,0.13,6.56
2009-02-12,6.58,6.44,6.58,6.20,20102,16132692.00,5.81,-1.53,-0.10,4.47
2009-02-13,6.50,6.60,6.62,6.30,25441,20670724.00,4.97,2.48,0.16,5.66
2009-02-16,6.53,6.80,6.93,6.53,24475,20470495.00,6.06,3.03,0.20,5.45
2009-02-17,6.67,6.43,6.78,6.41,18697,15352510.00,5.44,-5.44,-0.37,4.16
2009-02-18,6.39,6.04,6.39,6.01,12144,9502020.00,5.91,-6.07,-0.39,2.70
2009-02-19,6.02,6.20,6.27,6.01,16947,13011486.00,4.30,2.65,0.16,3.77
2009-02-20,6.20,6.25,6.33,6.11,13730,10724367.00,3.55,0.81,0.05,3.05
2009-02-23,6.22,6.45,6.51,6.22,18720,15040460.00,4.64,3.20,0.20,4.16
2009-02-24,6.38,6.35,6.57,6.19,23661,18833115.00,5.89,-1.55,-0.10,5.26
2009-02-25,6.38,6.71,6.89,6.30,32136,26366285.00,9.29,5.67,0.36,7.15
2009-02-26,6.72,7.41,7.41,6.32,84065,73314073.00,16.24,10.43,0.70,18.70
2009-02-27,7.12,8.02,8.18,6.65,115788,108830359.00,20.65,8.23,0.61,25.76
2009-03-02,7.64,7.71,8.26,7.19,76158,72976184.00,13.34,-3.87,-0.31,16.94
2009-03-03,7.30,7.38,7.80,7.22,43650,40638148.00,7.52,-4.28,-0.33,9.71
2009-03-04,7.35,7.93,8.04,7.33,58284,55727514.00,9.62,7.45,0.55,12.97
2009-03-05,7.94,7.67,8.04,7.51,46282,44676815.00,6.68,-3.28,-0.26,10.30
2009-03-06,7.47,7.30,7.64,7.22,29880,27441986.00,5.48,-4.82,-0.37,6.65
2009-03-09,7.39,6.55,7.59,6.54,36369,32197311.00,14.38,-10.27,-0.75,8.09
2009-03-10,6.34,6.85,6.87,6.30,33055,27091724.00,8.70,4.58,0.30,7.35
2009-03-11,6.90,6.64,7.01,6.62,28604,24240141.00,5.69,-3.07,-0.21,6.36
2009-03-12,6.65,6.70,6.76,6.39,19438,16030204.00,5.57,0.90,0.06,4.32
2009-03-13,6.71,6.66,6.86,6.62,20999,17697103.00,3.58,-0.60,-0.04,4.67
2009-03-16,6.64,6.63,6.64,6.47,16495,13531302.00,2.55,-0.45,-0.03,3.67
2009-03-17,6.65,6.90,6.95,6.60,25337,21541718.00,5.28,4.07,0.27,5.64
2009-03-18,6.94,7.16,7.38,6.94,36816,33145270.00,6.38,3.77,0.26,8.19
2009-03-19,7.12,7.29,7.36,7.06,33720,30568932.00,4.19,1.82,0.13,7.50
2009-03-20,7.22,7.09,7.26,6.92,25934,22865606.00,4.66,-2.74,-0.20,5.77
2009-03-23,7.05,7.15,7.25,6.97,21982,19537458.00,3.95,0.85,0.06,4.89
2009-03-24,7.26,7.53,7.64,7.04,40051,36684310.00,8.39,5.31,0.38,8.91
2009-03-25,7.45,7.08,7.55,6.80,29704,27172747.00,9.96,-5.98,-0.45,6.61
2009-03-26,7.14,7.41,7.45,7.14,28692,26198284.00,4.38,4.66,0.33,6.38
2009-03-27,7.43,7.54,7.62,7.30,28347,26507766.00,4.32,1.75,0.13,6.31
2009-03-30,7.60,7.45,7.60,7.37,17766,16460229.00,3.05,-1.19,-0.09,3.95
2009-03-31,7.05,7.45,7.50,7.04,25228,22916285.00,6.17,0.00,0.00,5.61
2009-04-01,7.39,7.67,7.70,7.35,36202,33947893.00,4.70,2.95,0.22,8.05
2009-04-02,7.63,7.50,7.87,7.50,29599,28310166.00,4.82,-2.22,-0.17,6.59
2009-04-03,7.60,7.40,7.61,7.26,20013,18411446.00,4.67,-1.33,-0.10,4.45
2009-04-07,7.44,7.59,7.60,7.40,17489,16301942.00,2.70,2.57,0.19,3.89
2009-04-08,7.55,7.28,7.56,7.22,18125,16627514.00,4.48,-4.08,-0.31,4.03
2009-04-09,7.21,7.31,7.33,7.16,10833,9774943.00,2.34,0.41,0.03,2.41
2009-04-10,7.35,7.50,7.57,7.30,21109,19637081.00,3.69,2.60,0.19,4.70
2009-04-13,7.56,7.80,7.87,7.44,32645,31090666.00,5.73,4.00,0.30,7.26
2009-04-14,7.72,7.88,7.92,7.66,31610,30706176.00,3.33,1.03,0.08,7.03
2009-04-15,7.88,7.84,7.89,7.65,19196,18555118.00,3.05,-0.51,-0.04,4.27
2009-04-16,7.80,8.65,8.65,7.78,73064,75925018.00,11.10,10.33,0.81,16.26
2009-04-17,8.55,7.88,8.55,7.81,40467,41286642.00,8.55,-8.90,-0.77,9.00
2009-04-20,7.76,8.01,8.20,7.75,25547,25468920.00,5.71,1.65,0.13,5.68
2009-04-21,7.87,8.46,8.64,7.85,36297,37158725.00,9.86,5.62,0.45,8.08
2009-04-22,8.47,8.15,8.53,8.05,35113,36112250.00,5.67,-3.66,-0.31,7.81
2009-04-23,8.05,8.56,8.95,7.97,49004,51571950.00,12.02,5.03,0.41,10.90
2009-04-24,8.45,8.29,8.53,8.15,25036,25893628.00,4.44,-3.15,-0.27,5.57
2009-04-27,8.15,7.44,8.31,7.43,19872,19306267.00,10.62,-10.25,-0.85,4.42
2009-04-28,7.47,7.76,7.87,7.47,15347,14634301.00,5.38,4.30,0.32,3.41
2009-04-29,7.75,7.88,8.00,7.49,17200,16492504.00,6.57,1.55,0.12,3.83
2009-04-30,7.75,8.00,8.25,7.74,19468,19396890.00,6.47,1.52,0.12,4.33
2009-05-04,7.89,8.19,8.42,7.89,26061,26427760.00,6.63,2.38,0.19,5.80
2009-05-05,8.22,8.30,8.45,8.10,23626,24233996.00,4.27,1.34,0.11,5.26
2009-05-06,8.30,8.31,8.45,8.15,21866,22614830.00,3.61,0.12,0.01,4.86
2009-05-07,8.35,8.30,8.42,7.91,23317,23658381.00,6.14,-0.12,-0.01,5.19
2009-05-08,8.34,8.45,8.68,8.31,32485,34128319.00,4.46,1.81,0.15,7.23
2009-05-11,8.45,7.92,8.55,7.90,17521,17776589.00,7.69,-6.27,-0.53,3.90
2009-05-12,7.85,8.07,8.08,7.74,17122,16802945.00,4.29,1.89,0.15,3.81
2009-05-13,8.05,8.34,8.47,7.93,24037,24406808.00,6.69,3.35,0.27,5.35
2009-05-14,8.22,8.78,8.87,8.16,66599,70693335.00,8.51,5.28,0.44,14.82
2009-05-15,8.56,8.65,8.93,8.47,36841,39726332.00,5.24,-1.48,-0.13,8.20
2009-05-18,8.55,9.05,9.16,8.33,61170,67273215.00,9.60,4.62,0.40,13.61
2009-05-19,9.04,8.89,9.04,8.77,39421,43231740.00,2.98,-1.77,-0.16,8.77
2009-05-20,8.86,8.60,8.95,8.55,23674,25566735.00,4.50,-3.26,-0.29,5.27
2009-05-21,8.55,8.62,8.80,8.52,19879,21338369.00,3.26,0.23,0.02,4.42
2009-05-22,8.65,8.39,8.70,8.36,16677,17654142.00,3.94,-2.67,-0.23,3.71
2009-05-25,8.23,8.26,8.30,7.93,19973,20076151.00,4.41,-1.55,-0.13,4.44
2009-05-26,8.28,8.41,8.60,8.20,15822,16501997.00,4.84,1.82,0.15,3.52
2009-05-27,8.41,8.31,8.51,8.24,10989,11341420.00,3.21,-1.19,-0.10,2.44
2009-06-01,8.31,8.40,8.47,8.30,12344,12808179.00,2.05,1.08,0.09,2.75
2009-06-02,8.47,8.45,8.63,8.39,16977,17931543.00,2.86,0.60,0.05,3.78
2009-06-03,8.45,8.72,8.76,8.32,28678,30100296.00,5.21,3.20,0.27,6.38
2009-06-04,8.64,9.25,9.34,8.51,56938,63105446.00,9.52,6.08,0.53,12.67
2009-06-05,9.39,9.82,10.20,9.39,115004,138781710.00,8.76,6.16,0.57,25.59
2009-06-08,9.51,9.26,9.72,9.22,43428,50807640.00,5.09,-5.70,-0.56,9.66
2009-06-09,9.27,9.12,9.35,8.93,25441,28508769.00,4.54,-1.51,-0.14,5.66
2009-06-10,9.22,9.02,9.28,8.95,24378,27206924.00,3.62,-1.10,-0.10,5.42
2009-06-11,9.02,9.10,9.15,8.97,19690,22076113.00,2.00,0.89,0.08,4.38
2009-06-12,9.11,8.69,9.14,8.69,20111,22064114.00,4.95,-4.51,-0.41,4.47
2009-06-15,8.65,8.90,8.94,8.65,11767,12761380.00,3.34,2.42,0.21,2.62
2009-06-16,8.76,9.22,9.36,8.65,28966,32743519.00,7.98,3.60,0.32,6.44
2009-06-17,9.15,9.11,9.20,8.92,14349,16103069.00,3.04,-1.19,-0.11,3.19
2009-06-18,9.18,9.15,9.19,9.04,13953,15720066.00,1.65,0.44,0.04,3.10
2009-06-19,9.10,9.25,9.37,9.10,20842,23857143.00,2.95,1.09,0.10,4.64
2009-06-22,9.33,9.07,9.39,8.89,16002,17847378.00,5.41,-1.95,-0.18,3.56
2009-06-23,8.94,8.90,9.03,8.81,11119,12293077.00,2.43,-1.87,-0.17,2.47
2009-06-24,8.90,9.00,9.05,8.90,7599,8439170.00,1.69,1.12,0.10,1.69
2009-06-25,8.99,9.37,9.43,8.91,30597,34832550.00,5.78,4.11,0.37,6.81
2009-06-26,9.69,10.23,10.34,9.47,107337,132618213.00,9.28,9.18,0.86,23.88
2009-06-29,9.73,9.98,10.54,9.73,63260,78074219.00,7.92,-2.44,-0.25,14.07
2009-07-01,9.72,9.95,10.96,9.56,60802,75280492.00,14.03,-0.30,-0.03,13.53
2009-07-02,9.77,9.53,9.85,9.52,34485,41006131.00,3.32,-4.22,-0.42,7.67
2009-07-03,9.55,9.49,9.69,9.45,23447,27592371.00,2.52,-0.42,-0.04,5.22
2009-07-06,9.44,9.80,9.85,9.29,28964,34063342.00,5.90,3.27,0.31,6.44
2009-07-07,9.67,9.64,9.80,9.43,22877,27148290.00,3.78,-1.63,-0.16,5.09
2009-07-08,9.50,9.62,9.71,9.41,13554,16060008.00,3.11,-0.21,-0.02,3.02
2009-07-09,9.62,9.89,9.90,9.58,25840,31088302.00,3.33,2.81,0.27,5.75
2009-07-10,9.88,9.79,10.00,9.74,24152,29332217.00,2.63,-1.01,-0.10,5.37
2009-07-13,9.79,9.90,9.98,9.75,23892,29152743.00,2.35,1.12,0.11,5.32
2009-07-14,9.90,10.13,10.21,9.89,29378,36536490.00,3.23,2.32,0.23,6.54
2009-07-15,10.19,10.13,10.30,9.98,21328,26459796.00,3.16,0.00,0.00,4.75
2009-07-16,10.20,9.87,10.20,9.85,19972,24616690.00,3.46,-2.57,-0.26,4.44
2009-07-17,9.87,10.01,10.04,9.85,16875,20727989.00,1.93,1.42,0.14,3.75
2009-07-20,10.06,10.15,10.22,10.04,24146,30187755.00,1.80,1.40,0.14,5.37
2009-07-21,10.14,10.28,10.55,10.10,40596,51614444.00,4.43,1.28,0.13,9.03
2009-07-22,10.15,10.29,10.39,10.15,23708,30006452.00,2.33,0.10,0.01,5.27
2009-07-23,10.30,10.05,10.37,9.99,23240,28942560.00,3.69,-2.33,-0.24,5.17
2009-07-24,10.06,9.92,10.14,9.82,18234,22426351.00,3.18,-1.29,-0.13,4.06
2009-07-27,10.00,10.05,10.08,9.92,14981,18493400.00,1.61,1.31,0.13,3.33
2009-07-28,10.05,10.21,10.26,9.80,23698,29281987.00,4.58,1.59,0.16,2.32
2009-07-29,10.14,9.37,10.14,9.16,18219,21820385.00,9.60,-8.23,-0.84,1.78
2009-07-30,9.39,9.33,9.62,8.94,20831,23729338.00,7.26,-0.43,-0.04,2.04
2009-07-31,9.33,9.60,9.60,9.27,13255,15470956.00,3.54,2.89,0.27,1.30
2009-08-03,9.60,9.70,9.80,9.55,11254,13410323.00,2.60,1.04,0.10,1.10
2009-08-04,9.70,9.52,9.75,9.30,13502,15783248.00,4.64,-1.86,-0.18,1.32
2009-08-05,9.52,10.05,10.10,9.39,30262,36714421.00,7.46,5.57,0.53,2.96
2009-08-06,10.06,9.94,10.15,9.80,21888,26853794.00,3.48,-1.09,-0.11,2.14
2009-08-07,10.01,10.39,10.50,9.90,64673,81810225.00,6.04,4.53,0.45,6.32
2009-08-10,10.45,11.45,11.45,10.45,62042,86295409.00,9.62,10.20,1.06,6.07
2009-08-11,12.12,11.54,12.21,10.87,109437,155574643.00,11.70,0.79,0.09,10.70
2009-08-12,11.10,10.36,11.32,10.35,53608,70589186.00,8.41,-10.23,-1.18,5.24
2009-08-13,10.20,9.95,10.35,9.71,32718,40092109.00,6.18,-3.96,-0.41,3.20
2009-08-14,9.77,9.57,10.10,9.55,31688,38364634.00,5.53,-3.82,-0.38,3.10
2009-08-17,9.43,8.59,9.43,8.59,22984,25356387.00,8.78,-10.24,-0.98,2.25
2009-08-18,8.25,8.66,8.77,8.25,18300,19419039.00,6.05,0.81,0.07,1.79
2009-08-19,8.53,8.19,9.00,7.97,23784,25177360.00,11.89,-5.43,-0.47,2.33
2009-08-20,8.22,8.44,8.45,8.05,21677,22326789.00,4.88,3.05,0.25,2.12
2009-08-21,8.35,8.85,8.95,8.25,27591,29631644.00,8.29,4.86,0.41,2.70
2009-08-24,8.72,9.29,9.37,8.62,34881,38937764.00,8.47,4.97,0.44,3.41
2009-08-25,9.10,8.65,9.16,8.34,25260,27387284.00,8.83,-6.89,-0.64,2.47
2009-08-26,8.78,9.54,9.54,8.78,20191,23609099.00,8.79,10.29,0.89,1.97
2009-08-27,10.05,10.52,10.52,9.89,111597,143046180.00,6.60,10.27,0.98,10.91
2009-08-28,10.14,9.44,10.14,9.44,60050,72314930.00,6.65,-10.27,-1.08,5.87
2009-08-31,9.41,8.51,9.41,8.46,36395,39255129.00,10.06,-9.85,-0.93,3.56
2009-09-01,8.35,8.70,8.98,8.18,26298,28336525.00,9.40,2.23,0.19,2.57
2009-09-02,8.41,8.53,8.80,8.15,23321,24442446.00,7.47,-1.95,-0.17,2.28
2009-09-03,8.40,8.93,9.05,8.40,32084,34892661.00,7.62,4.69,0.40,3.14
2009-09-04,8.93,9.85,9.85,8.74,52982,61269161.00,12.43,10.30,0.92,5.18
2009-09-07,9.85,10.02,10.28,9.50,74620,91957869.00,7.92,1.73,0.17,7.30
2009-09-08,9.62,9.91,9.93,9.60,36076,43592945.00,3.29,-1.10,-0.11,3.53
2009-09-09,9.93,9.81,10.03,9.39,32265,38851289.00,6.46,-1.01,-0.10,3.15
2009-09-10,9.76,10.20,10.76,9.62,63564,80167491.00,11.62,3.98,0.39,6.21
2009-09-11,10.06,10.60,10.79,9.86,60067,76035203.00,9.12,3.92,0.40,5.87
2009-09-14,10.52,10.65,10.88,10.20,55131,71935174.00,6.42,0.47,0.05,5.39
2009-09-15,10.60,10.44,10.70,10.32,33972,43896104.00,3.57,-1.97,-0.21,3.32
2009-09-16,10.50,10.61,10.80,10.39,37706,49412737.00,3.93,1.63,0.17,3.69
2009-09-17,10.73,10.80,11.30,10.61,47166,63514901.00,6.50,1.79,0.19,4.61
2009-09-18,10.80,10.04,10.80,9.97,41729,53462254.00,7.69,-7.04,-0.76,4.08
2009-09-21,9.72,10.35,10.52,9.72,22544,28418711.00,7.97,3.09,0.31,2.20
2009-09-22,10.37,9.94,10.46,9.89,17192,21531590.00,5.51,-3.96,-0.41,1.68
2009-09-23,9.89,9.50,10.10,9.47,18024,21753353.00,6.34,-4.43,-0.44,1.76
2009-09-24,9.53,9.37,9.60,8.91,15419,17738486.00,7.26,-1.37,-0.13,1.51
2009-09-25,9.39,9.35,9.51,9.22,10331,11974962.00,3.09,-0.21,-0.02,1.01
2009-09-28,9.37,9.22,9.64,9.07,11619,13505963.00,6.10,-1.39,-0.13,1.14
2009-09-29,9.25,8.77,9.38,8.46,11706,12895597.00,9.98,-4.88,-0.45,1.14
2009-09-30,9.01,8.93,9.22,8.90,8793,9804953.00,3.65,1.82,0.16,0.86
2009-10-09,9.15,9.47,9.54,8.95,12864,14879464.00,6.61,6.05,0.54,1.26
2009-10-12,9.45,9.60,9.78,9.30,16346,19334197.00,5.07,1.37,0.13,1.60
2009-10-13,9.65,9.79,9.83,9.43,13670,16342094.00,4.17,1.98,0.19,1.34
2009-10-14,9.79,10.04,10.10,9.72,23960,29471668.00,3.88,2.55,0.25,2.34
2009-10-15,10.09,10.14,10.26,9.88,21993,27312275.00,3.78,1.00,0.10,2.15
2009-10-16,10.07,9.95,10.22,9.69,18431,22529794.00,5.23,-1.87,-0.19,1.80
2009-10-19,9.93,10.10,10.14,9.80,19040,23571017.00,3.42,1.51,0.15,1.86
2009-10-20,10.08,10.25,10.26,10.05,25749,32271526.00,2.08,1.49,0.15,2.52
2009-10-21,10.25,10.02,10.26,9.91,17435,21634320.00,3.41,-2.24,-0.23,1.70
2009-10-22,10.00,9.90,10.05,9.87,12950,15897673.00,1.80,-1.20,-0.12,1.27
2009-10-23,9.95,9.96,10.05,9.90,15760,19409433.00,1.52,0.61,0.06,1.54
2009-10-26,10.02,10.38,10.76,9.99,51696,66061842.00,7.73,4.22,0.42,5.05
2009-10-27,10.26,9.88,10.26,9.85,28109,34779261.00,3.95,-4.82,-0.50,2.75
2009-10-28,9.74,9.90,9.91,9.45,15726,18877119.00,4.66,0.20,0.02,1.54
2009-10-29,9.75,9.96,10.37,9.60,29116,36161149.00,7.78,0.61,0.06,2.85
2009-10-30,9.97,10.23,10.38,9.81,37361,46854683.00,5.72,2.71,0.27,3.65
2009-11-02,10.09,10.78,10.89,9.98,61507,80386936.00,8.90,5.38,0.55,6.01
2009-11-03,10.71,10.78,10.95,10.50,49728,65523564.00,4.17,0.00,0.00,4.86
2009-11-04,10.76,11.27,11.30,10.56,62015,84287574.00,6.86,4.55,0.49,6.06
2009-11-05,11.05,11.21,11.37,10.97,36364,49828732.00,3.55,-0.53,-0.06,3.56
2009-11-06,11.25,11.44,11.62,11.04,66959,93333537.00,5.17,2.05,0.23,6.55
2009-11-09,11.42,11.67,11.80,11.27,51373,72902402.00,4.63,2.01,0.23,5.02
2009-11-10,11.60,11.68,11.76,11.47,40490,57598883.00,2.49,0.09,0.01,3.96
2009-11-11,11.66,11.87,12.01,11.39,60222,86871242.00,5.31,1.63,0.19,5.89
2009-11-12,11.85,11.98,12.00,11.57,55735,80297595.00,3.62,0.93,0.11,5.45
2009-11-13,11.72,11.56,11.87,11.30,58475,83675173.00,4.76,-3.51,-0.42,5.72
2009-11-16,11.47,11.82,11.97,11.39,75200,108243254.00,5.02,2.25,0.26,7.35
2009-11-17,11.75,11.59,11.75,11.41,53020,75167270.00,2.88,-1.95,-0.23,5.18
2009-11-18,11.62,11.56,11.67,11.37,33947,47989967.00,2.59,-0.26,-0.03,3.32
2009-11-19,11.50,11.65,11.76,11.48,38573,55031879.00,2.42,0.78,0.09,3.77
2009-11-20,11.64,12.16,12.22,11.45,105741,155054176.00,6.61,4.38,0.51,10.34
2009-11-23,12.08,12.12,12.46,11.96,100805,151121525.00,4.11,-0.33,-0.04,9.86
2009-11-24,12.12,10.90,12.12,10.88,124288,175893886.00,10.23,-10.07,-1.22,12.15
2009-11-25,10.72,11.13,11.21,10.58,38954,52183866.00,5.78,2.11,0.23,3.81
2009-11-26,11.04,10.42,11.10,10.22,37190,49025112.00,7.91,-6.38,-0.71,3.64
2009-11-27,10.34,10.56,10.66,10.22,24028,31163204.00,4.22,1.34,0.14,2.35
2009-11-30,10.85,10.90,10.97,10.62,23893,31721516.00,3.31,3.22,0.34,2.34
2009-12-01,10.92,11.00,11.01,10.78,31426,42194732.00,2.11,0.92,0.10,3.07
2009-12-02,11.04,11.16,11.18,10.92,37183,50576490.00,2.36,1.45,0.16,3.64
2009-12-03,11.06,11.13,11.26,10.99,23167,31682632.00,2.42,-0.27,-0.03,2.27
2009-12-04,11.18,10.80,11.24,10.50,32990,44184823.00,6.65,-2.96,-0.33,3.23
2009-12-07,10.71,10.87,10.88,10.64,14505,19313611.00,2.22,0.65,0.07,1.42
2009-12-08,10.85,11.02,11.13,10.80,20356,27462414.00,3.04,1.38,0.15,1.99
2009-12-09,11.01,10.85,11.05,10.81,17765,23857364.00,2.18,-1.54,-0.17,1.74
2009-12-11,10.95,10.68,10.95,10.65,14053,18673149.00,2.76,-1.57,-0.17,1.37
2009-12-14,10.69,10.65,10.69,10.30,14739,19020570.00,3.65,-0.28,-0.03,1.44
2009-12-15,10.56,10.93,11.07,10.56,39423,52992895.00,4.79,2.63,0.28,3.85
2009-12-16,10.89,11.06,11.10,10.85,19099,25755135.00,2.29,1.19,0.13,1.87
2009-12-17,11.14,11.41,11.52,10.97,103532,143922394.00,4.97,3.16,0.35,10.12
2009-12-18,11.19,10.57,11.19,10.45,34442,45362004.00,6.49,-7.36,-0.84,3.37
2009-12-21,10.39,10.41,10.54,10.22,18762,23846154.00,3.03,-1.51,-0.16,1.83
2009-12-22,10.41,9.80,10.43,9.79,18011,22343784.00,6.15,-5.86,-0.61,1.76
2009-12-23,9.72,9.89,9.96,9.72,11982,14528821.00,2.45,0.92,0.09,1.17
2009-12-24,9.93,10.20,10.40,9.93,17250,21750094.00,4.75,3.13,0.31,1.69
2009-12-25,10.20,10.24,10.34,10.07,11649,14664645.00,2.65,0.39,0.04,1.14
2009-12-28,10.22,10.33,10.47,10.21,12133,15452076.00,2.54,0.88,0.09,1.19
2009-12-29,10.36,10.57,10.69,10.27,23260,30173918.00,4.07,2.32,0.24,2.27
2009-12-30,10.56,10.46,10.56,10.26,19049,24430729.00,2.84,-1.04,-0.11,1.86
2009-12-31,10.40,10.61,10.63,10.40,15936,20633242.00,2.20,1.43,0.15,1.56