2012-01-04,846.85,846.85,846.85,846.85,179489,299555885.00,0.00,-2.88,-25.08,0.27
2012-01-05,820.36,820.36,820.36,820.36,177249,253697739.00,0.00,-3.13,-26.49,0.27
2012-01-06,829.56,829.56,829.56,829.56,175271,246528636.00,0.00,1.12,9.20,0.26
2012-01-09,866.04,866.04,866.04,866.04,300248,429367408.00,0.00,4.40,36.48,0.45
2012-01-10,885.25,885.25,885.25,885.25,944735,2003741979.00,0.00,2.22,19.21,1.43
2012-01-11,901.51,901.51,901.51,901.51,1210967,2633569334.00,0.00,1.84,16.26,1.83
2012-01-12,887.72,887.72,887.72,887.72,1072244,2179974245.00,0.00,-1.53,-13.79,1.62
2012-01-13,867.57,867.57,867.57,867.57,894974,1747439745.00,0.00,-2.27,-20.15,1.35
2012-01-16,821.47,821.47,821.47,821.47,706149,1371328421.00,0.00,-5.31,-46.10,1.07
2012-01-17,864.06,864.06,864.06,864.06,706692,1336706617.00,0.00,5.18,42.59,1.07
2012-01-18,850.74,850.74,850.74,850.74,683008,1289385529.00,0.00,-1.54,-13.32,1.03
2012-01-19,851.11,851.11,851.11,851.11,603338,1113734468.00,0.00,0.04,0.37,0.91
2012-01-20,857.84,857.84,857.84,857.84,470523,868755745.00,0.00,0.79,6.73,0.71
2012-01-30,869.41,869.41,869.41,869.41,622741,1287528777.00,0.00,1.35,11.57,0.94
2012-01-31,868.69,868.69,868.69,868.69,596373,1133746597.00,0.00,-0.08,-0.72,0.90
2012-02-01,874.96,874.96,874.96,874.96,672508,1394870310.00,0.00,0.72,6.27,1.02
2012-02-02,889.61,889.61,889.61,889.61,696553,1367840501.00,0.00,1.67,14.65,1.05
2012-02-03,900.41,900.41,900.41,900.41,721230,1421357831.00,0.00,1.21,10.80,1.09
2012-02-06,899.21,899.21,899.21,899.21,594475,1165673613.00,0.00,-0.13,-1.20,0.90
2012-02-07,886.75,886.75,886.75,886.75,291357,461231945.00,0.00,-1.39,-12.46,0.44
2012-02-08,912.54,912.54,912.54,912.54,889054,1811563521.00,0.00,2.91,25.79,1.34
2012-02-09,926.64,926.64,926.64,926.64,886243,1877270436.00,0.00,1.55,14.10,1.34
2012-02-10,942.40,942.40,942.40,942.40,933908,2203666817.00,0.00,1.70,15.76,1.41
2012-02-13,952.55,952.55,952.55,952.55,1108488,2848832344.00,0.00,1.08,10.15,1.68
2012-02-14,947.96,947.96,947.96,947.96,718283,1781923533.00,0.00,-0.48,-4.59,1.09
2012-02-15,960.38,960.38,960.38,960.38,696850,1603488378.00,0.00,1.31,12.42,1.05
2012-02-16,957.48,957.48,957.48,957.48,798264,1879189477.00,0.00,-0.30,-2.90,1.21
2012-02-17,987.26,987.26,987.26,987.26,1071225,2685860965.00,0.00,3.11,29.78,1.62
2012-02-20,977.06,977.06,977.06,977.06,878223,2332263300.00,0.00,-1.03,-10.20,1.33
2012-02-21,996.81,996.81,996.81,996.81,966859,2545982927.00,0.00,2.02,19.75,1.46
2012-02-22,1019.48,1019.48,1019.48,1019.48,977409,2694984926.00,0.00,2.27,22.67,1.48
2012-02-23,1035.80,1035.80,1035.80,1035.80,1088486,3249273621.00,0.00,1.60,16.32,1.65
2012-02-24,1034.32,1034.32,1034.32,1034.32,1143451,3565999163.00,0.00,-0.14,-1.48,1.73
2012-02-27,1044.55,1044.55,1044.55,1044.55,994117,2806452043.00,0.00,0.99,10.23,1.50
2012-02-28,1039.39,1039.39,1039.39,1039.39,834713,2311418697.00,0.00,-0.49,-5.16,1.26
2012-02-29,1037.74,1037.74,1037.74,1037.74,741462,2196317696.00,0.00,-0.16,-1.65,1.12
2012-03-01,1034.31,1034.31,1034.31,1034.31,437139,1236834565.00,0.00,-0.33,-3.43,0.66
2012-03-02,1047.21,1047.21,1047.21,1047.21,581934,1574719127.00,0.00,1.25,12.90,0.88
2012-03-05,1046.97,1046.97,1046.97,1046.97,532125,1394081305.00,0.00,-0.02,-0.24,0.80
2012-03-06,1030.85,1030.85,1030.85,1030.85,555839,1487106090.00,0.00,-1.54,-16.12,0.84
2012-03-07,1043.86,1043.86,1043.86,1043.86,923661,2796974706.00,0.00,1.26,13.01,1.40
2012-03-08,1048.77,1048.77,1048.77,1048.77,594177,1611138987.00,0.00,0.47,4.91,0.90
2012-03-09,1077.26,1077.26,1077.26,1077.26,633868,1505222328.00,0.00,2.72,28.49,0.96
2012-03-12,1076.23,1076.23,1076.23,1076.23,635686,1525323869.00,0.00,-0.10,-1.03,0.96
2012-03-13,1080.99,1080.99,1080.99,1080.99,478559,1251341626.00,0.00,0.44,4.76,0.72
2012-03-14,1043.41,1043.41,1043.41,1043.41,1048001,2713823339.00,0.00,-3.48,-37.58,1.58
2012-03-15,1025.08,1025.08,1025.08,1025.08,779631,2030587054.00,0.00,-1.76,-18.33,1.18
2012-03-16,1091.38,1091.38,1091.38,1091.38,944607,1867836020.00,0.00,6.47,66.30,1.43
2012-03-19,1096.23,1096.23,1096.23,1096.23,1075269,2202126882.00,0.00,0.44,4.85,1.63
2012-03-20,1095.81,1095.81,1095.81,1095.81,1250426,2792929260.00,0.00,-0.04,-0.42,1.89
2012-03-21,1109.11,1109.11,1109.11,1109.11,1174983,2605769867.00,0.00,1.21,13.30,1.78
2012-03-22,1088.78,1088.78,1088.78,1088.78,760984,1657130656.00,0.00,-1.83,-20.33,1.15
2012-03-23,1060.47,1060.47,1060.47,1060.47,710229,1630143689.00,0.00,-2.60,-28.31,1.07
2012-03-26,1044.89,1044.89,1044.89,1044.89,618113,1379733910.00,0.00,-1.47,-15.58,0.93
2012-03-27,1057.33,1057.33,1057.33,1057.33,672803,1707485903.00,0.00,1.19,12.44,1.02
2012-03-28,1007.96,1007.96,1007.96,1007.96,908318,2257294588.00,0.00,-4.67,-49.37,1.37
2012-03-29,979.56,979.56,979.56,979.56,605412,1421238165.00,0.00,-2.82,-28.40,0.92
2012-03-30,949.64,949.64,949.64,949.64,601597,1352135415.00,0.00,-3.05,-29.92,0.91
2012-04-05,989.61,989.61,989.61,989.61,560569,1177679327.00,0.00,4.21,39.97,0.85
2012-04-06,1001.83,1001.83,1001.83,1001.83,632001,1387260142.00,0.00,1.23,12.22,0.96
2012-04-09,996.31,996.31,996.31,996.31,505898,1150524818.00,0.00,-0.55,-5.52,0.76
2012-04-10,1012.06,1012.06,1012.06,1012.06,531713,1145892908.00,0.00,1.58,15.75,0.80
2012-04-11,1008.10,1008.10,1008.10,1008.10,410185,876045003.00,0.00,-0.39,-3.96,0.62
2012-04-12,1041.42,1041.42,1041.42,1041.42,703029,1608838336.00,0.00,3.31,33.32,1.06
2012-04-13,1038.04,1038.04,1038.04,1038.04,730623,1665037187.00,0.00,-0.32,-3.38,1.10
2012-04-16,1064.58,1064.58,1064.58,1064.58,689429,1404202554.00,0.00,2.56,26.54,1.04
2012-04-17,1045.47,1045.47,1045.47,1045.47,666657,1427074161.00,0.00,-1.80,-19.11,1.01
2012-04-18,1061.23,1061.23,1061.23,1061.23,1073146,2193289501.00,0.00,1.51,15.76,1.62
2012-04-19,1076.98,1076.98,1076.98,1076.98,910172,1510100091.00,0.00,1.48,15.75,1.38
2012-04-20,1077.39,1077.39,1077.39,1077.39,514926,667387420.00,0.00,0.04,0.41,0.78
2012-04-23,1037.97,1037.97,1037.97,1037.97,770947,1416615816.00,0.00,-3.66,-39.42,1.17
2012-04-24,1022.25,1022.25,1022.25,1022.25,717919,1307019888.00,0.00,-1.51,-15.72,1.09
2012-04-25,1026.03,1026.03,1026.03,1026.03,544528,992814823.00,0.00,0.37,3.78,0.82
2012-04-26,1023.66,1023.66,1023.66,1023.66,496931,978581024.00,0.00,-0.23,-2.37,0.75
2012-04-27,1040.37,1040.37,1040.37,1040.37,529232,1026912634.00,0.00,1.63,16.71,0.80
2012-05-02,1053.22,1053.22,1053.22,1053.22,614530,1193292621.00,0.00,1.24,12.85,0.93
2012-05-03,1082.85,1082.85,1082.85,1082.85,593243,1066032213.00,0.00,2.81,29.63,0.90
2012-05-04,1087.36,1087.36,1087.36,1087.36,694704,1168158076.00,0.00,0.42,4.51,1.05
2012-05-07,1087.84,1087.84,1087.84,1087.84,619715,1110236629.00,0.00,0.04,0.48,0.94
2012-05-08,1087.64,1087.64,1087.64,1087.64,620969,1239312951.00,0.00,-0.02,-0.20,0.94
2012-05-09,1076.76,1076.76,1076.76,1076.76,719706,1443040273.00,0.00,-1.00,-10.88,1.09
2012-05-10,1086.80,1086.80,1086.80,1086.80,564163,1171579957.00,0.00,0.93,10.04,0.85
2012-05-11,1085.34,1085.34,1085.34,1085.34,613854,1247048744.00,0.00,-0.13,-1.46,0.93
2012-05-14,1083.62,1083.62,1083.62,1083.62,572304,1104818584.00,0.00,-0.16,-1.72,0.87
2012-05-15,1076.43,1076.43,1076.43,1076.43,454781,894810292.00,0.00,-0.66,-7.19,0.69
2012-05-16,1067.54,1067.54,1067.54,1067.54,342864,666019904.00,0.00,-0.83,-8.89,0.52
2012-05-17,1077.94,1077.94,1077.94,1077.94,378040,707085129.00,0.00,0.97,10.40,0.57
2012-05-18,1048.90,1048.90,1048.90,1048.90,393944,756275667.00,0.00,-2.69,-29.04,0.60
2012-05-21,1060.55,1060.55,1060.55,1060.55,476731,846882031.00,0.00,1.11,11.65,0.72
2012-05-22,1095.33,1095.33,1095.33,1095.33,644508,1044617161.00,0.00,3.28,34.78,0.97
2012-05-23,1105.50,1105.50,1105.50,1105.50,698546,1073791391.00,0.00,0.93,10.17,1.06
2012-05-24,1080.71,1080.71,1080.71,1080.71,478027,782382431.00,0.00,-2.24,-24.79,0.72
2012-05-25,1062.49,1062.49,1062.49,1062.49,334323,570027371.00,0.00,-1.69,-18.22,0.51
2012-05-28,1070.51,1070.51,1070.51,1070.51,368717,640352929.00,0.00,0.75,8.02,0.56
2012-05-29,1101.72,1101.72,1101.72,1101.72,704643,1368358357.00,0.00,2.92,31.21,1.07
2012-05-30,1099.44,1099.44,1099.44,1099.44,755078,1684776367.00,0.00,-0.21,-2.28,1.14
2012-05-31,1095.48,1095.48,1095.48,1095.48,705854,1419764377.00,0.00,-0.36,-3.96,1.07
2012-06-01,1093.03,1093.03,1093.03,1093.03,545038,1064789628.00,0.00,-0.22,-2.45,0.82
2012-06-04,1080.86,1080.86,1080.86,1080.86,536104,893415744.00,0.00,-1.11,-12.17,0.81
2012-06-05,1079.45,1079.45,1079.45,1079.45,462442,846214721.00,0.00,-0.13,-1.41,0.70
2012-06-06,1091.56,1091.56,1091.56,1091.56,465613,739269961.00,0.00,1.12,12.11,0.70
2012-06-07,1087.51,1087.51,1087.51,1087.51,574010,790329216.00,0.00,-0.37,-4.05,0.87
2012-06-08,1060.09,1060.09,1060.09,1060.09,501019,694981790.00,0.00,-2.52,-27.42,0.76
2012-06-11,1062.19,1062.19,1062.19,1062.19,525794,782441462.00,0.00,0.20,2.10,0.79
2012-06-12,1051.15,1051.15,1051.15,1051.15,355299,559940755.00,0.00,-1.04,-11.04,0.54
2012-06-13,1071.14,1071.14,1071.14,1071.14,523754,918401785.00,0.00,1.90,19.99,0.79
2012-06-14,1075.35,1075.35,1075.35,1075.35,589482,987735000.00,0.00,0.39,4.21,0.89
2012-06-15,1068.36,1068.36,1068.36,1068.36,420785,758056251.00,0.00,-0.65,-6.99,0.64
2012-06-18,1074.10,1074.10,1074.10,1074.10,356227,472797307.00,0.00,0.54,5.74,0.54
2012-06-19,1059.42,1059.42,1059.42,1059.42,452220,884293112.00,0.00,-1.37,-14.68,0.68
2012-06-20,1046.56,1046.56,1046.56,1046.56,279047,450624216.00,0.00,-1.21,-12.86,0.42
2012-06-21,1020.66,1020.66,1020.66,1020.66,306613,498552325.00,0.00,-2.47,-25.90,0.46
2012-06-25,983.23,983.23,983.23,983.23,296320,498908104.00,0.00,-3.67,-37.43,0.45
2012-06-26,984.84,984.84,984.84,984.84,242390,377234399.00,0.00,0.16,1.61,0.37
2012-06-27,971.62,971.62,971.62,971.62,216427,298223387.00,0.00,-1.34,-13.22,0.33
2012-06-28,953.43,953.43,953.43,953.43,217376,320726623.00,0.00,-1.87,-18.19,0.33
2012-06-29,989.71,989.71,989.71,989.71,452852,708245126.00,0.00,3.81,36.28,0.68
2012-07-02,1004.56,1004.56,1004.56,1004.56,477271,726148859.00,0.00,1.50,14.85,0.72
2012-07-03,997.35,997.35,997.35,997.35,349063,530968977.00,0.00,-0.72,-7.21,0.53
2012-07-04,989.90,989.90,989.90,989.90,252392,381316414.00,0.00,-0.75,-7.45,0.38
2012-07-05,957.23,957.23,957.23,957.23,309863,428166442.00,0.00,-3.30,-32.67,0.47
2012-07-06,983.21,983.21,983.21,983.21,335457,461976824.00,0.00,2.71,25.98,0.51
2012-07-09,964.59,964.59,964.59,964.59,368087,498792629.00,0.00,-1.89,-18.62,0.56
2012-07-10,948.09,948.09,948.09,948.09,251319,327548623.00,0.00,-1.71,-16.50,0.38
2012-07-11,954.15,954.15,954.15,954.15,381385,442503047.00,0.00,0.64,6.06,0.58
2012-07-12,970.08,970.08,970.08,970.08,494722,645444460.00,0.00,1.67,15.93,0.75
2012-07-13,974.49,974.49,974.49,974.49,467476,739908713.00,0.00,0.45,4.41,0.71
2012-07-16,950.79,950.79,950.79,950.79,493667,747510823.00,0.00,-2.43,-23.70,0.75
2012-07-17,941.39,941.39,941.39,941.39,331202,471553725.00,0.00,-0.99,-9.40,0.50
2012-07-18,933.65,933.65,933.65,933.65,305629,471211725.00,0.00,-0.82,-7.74,0.46
2012-07-19,941.38,941.38,941.38,941.38,368747,499887043.00,0.00,0.83,7.73,0.56
2012-07-20,931.62,931.62,931.62,931.62,281134,420893629.00,0.00,-1.04,-9.76,0.42
2012-07-23,915.33,915.33,915.33,915.33,231930,347206343.00,0.00,-1.75,-16.29,0.35
2012-07-24,919.95,919.95,919.95,919.95,175053,266370444.00,0.00,0.50,4.62,0.26
2012-07-25,913.81,913.81,913.81,913.81,177715,281139149.00,0.00,-0.67,-6.14,0.27
2012-07-26,911.93,911.93,911.93,911.93,189332,276953204.00,0.00,-0.21,-1.88,0.29
2012-07-27,906.53,906.53,906.53,906.53,180690,277624731.00,0.00,-0.59,-5.40,0.27
2012-07-30,876.99,876.99,876.99,876.99,193092,268885188.00,0.00,-3.26,-29.54,0.29
2012-07-31,846.12,846.12,846.12,846.12,290647,406289177.00,0.00,-3.52,-30.87,0.44
2012-08-01,857.76,857.76,857.76,857.76,203218,276212955.00,0.00,1.38,11.64,0.31
2012-08-02,845.49,845.49,845.49,845.49,227479,441788142.00,0.00,-1.43,-12.27,0.34
2012-08-03,854.58,854.58,854.58,854.58,237081,465679588.00,0.00,1.08,9.09,0.36
2012-08-06,873.43,873.43,873.43,873.43,316777,546905781.00,0.00,2.21,18.85,0.48
2012-08-07,891.48,891.48,891.48,891.48,349065,556529234.00,0.00,2.07,18.05,0.53
2012-08-08,883.15,883.15,883.15,883.15,276524,435943430.00,0.00,-0.93,-8.33,0.42
2012-08-09,898.28,898.28,898.28,898.28,299547,452121956.00,0.00,1.71,15.13,0.45
2012-08-10,918.20,918.20,918.20,918.20,539182,699585557.00,0.00,2.22,19.92,0.82
2012-08-13,905.36,905.36,905.36,905.36,424325,535073668.00,0.00,-1.40,-12.84,0.64
2012-08-14,895.08,895.08,895.08,895.08,341808,418298002.00,0.00,-1.14,-10.28,0.52
2012-08-15,885.91,885.91,885.91,885.91,231290,258581037.00,0.00,-1.02,-9.17,0.35
2012-08-16,879.52,879.52,879.52,879.52,270981,426973145.00,0.00,-0.72,-6.39,0.41
2012-08-17,878.06,878.06,878.06,878.06,293416,454581680.00,0.00,-0.17,-1.46,0.44
2012-08-20,891.98,891.98,891.98,891.98,423701,773800848.00,0.00,1.59,13.92,0.64
2012-08-21,902.44,902.44,902.44,902.44,175198,195881484.00,0.00,1.17,10.46,0.26
2012-08-22,889.22,889.22,889.22,889.22,400057,686070707.00,0.00,-1.46,-13.22,0.60
2012-08-23,890.37,890.37,890.37,890.37,316931,502983207.00,0.00,0.13,1.15,0.48
2012-08-24,868.72,868.72,868.72,868.72,327367,476923272.00,0.00,-2.43,-21.65,0.49
2012-08-27,853.20,853.20,853.20,853.20,265117,336044865.00,0.00,-1.79,-15.52,0.40
2012-08-28,867.96,867.96,867.96,867.96,338246,369312788.00,0.00,1.73,14.76,0.51
2012-08-29,852.28,852.28,852.28,852.28,254037,295671024.00,0.00,-1.81,-15.68,0.38
2012-08-30,838.69,838.69,838.69,838.69,252957,312130776.00,0.00,-1.59,-13.59,0.38
2012-08-31,834.11,834.11,834.11,834.11,198358,216172512.00,0.00,-0.55,-4.58,0.30
2012-09-03,842.77,842.77,842.77,842.77,310487,331994168.00,0.00,1.04,8.66,0.47
2012-09-04,832.39,832.39,832.39,832.39,355631,372537888.00,0.00,-1.23,-10.38,0.54
2012-09-05,837.96,837.96,837.96,837.96,230081,252866667.00,0.00,0.67,5.57,0.35
2012-09-06,845.74,845.74,845.74,845.74,222628,238523377.00,0.00,0.93,7.78,0.34
2012-09-07,879.86,879.86,879.86,879.86,622846,738834741.00,0.00,4.03,34.12,0.94
2012-09-10,882.09,882.09,882.09,882.09,390237,505612111.00,0.00,0.25,2.23,0.59
2012-09-11,887.45,887.45,887.45,887.45,359345,431876960.00,0.00,0.61,5.36,0.54
2012-09-12,885.60,885.60,885.60,885.60,375787,444596555.00,0.00,-0.21,-1.85,0.57
2012-09-13,864.63,864.63,864.63,864.63,268231,348858073.00,0.00,-2.37,-20.97,0.41
2012-09-14,867.95,867.95,867.95,867.95,289947,361217383.00,0.00,0.38,3.32,0.44
2012-09-17,837.81,837.81,837.81,837.81,240764,321309459.00,0.00,-3.47,-30.14,0.36
2012-09-18,827.14,827.14,827.14,827.14,265383,305291564.00,0.00,-1.27,-10.67,0.40
2012-09-19,836.00,836.00,836.00,836.00,277865,278277792.00,0.00,1.07,8.86,0.42
2012-09-20,808.41,808.41,808.41,808.41,299068,300592727.00,0.00,-3.30,-27.59,0.45
2012-09-21,802.37,802.37,802.37,802.37,187554,201045178.00,0.00,-0.75,-6.04,0.28
2012-09-24,804.95,804.95,804.95,804.95,231135,233540573.00,0.00,0.32,2.58,0.35
2012-09-25,802.28,802.28,802.28,802.28,175953,213538848.00,0.00,-0.33,-2.67,0.27
2012-09-26,781.11,781.11,781.11,781.11,187114,221901032.00,0.00,-2.64,-21.17,0.28
2012-09-27,796.03,796.03,796.03,796.03,268683,308567221.00,0.00,1.91,14.92,0.41
2012-09-28,814.93,814.93,814.93,814.93,287125,347100197.00,0.00,2.37,18.90,0.43
2012-10-08,806.57,806.57,806.57,806.57,194674,238943070.00,0.00,-1.03,-8.36,0.29
2012-10-09,830.45,830.45,830.45,830.45,489510,488885208.00,0.00,2.96,23.88,0.74
2012-10-10,845.43,845.43,845.43,845.43,549924,675508879.00,0.00,1.80,14.98,0.83
2012-10-11,844.45,844.45,844.45,844.45,825292,736014251.00,0.00,-0.12,-0.98,1.25
2012-10-12,842.52,842.52,842.52,842.52,374029,384065425.00,0.00,-0.23,-1.93,0.57
2012-10-15,838.84,838.84,838.84,838.84,277760,287918260.00,0.00,-0.44,-3.68,0.42
2012-10-16,844.66,844.66,844.66,844.66,410765,422784057.00,0.00,0.69,5.82,0.62
2012-10-17,839.21,839.21,839.21,839.21,249722,288305087.00,0.00,-0.65,-5.45,0.38
2012-10-18,847.39,847.39,847.39,847.39,347110,398574901.00,0.00,0.97,8.18,0.52
2012-10-19,842.63,842.63,842.63,842.63,204942,255506210.00,0.00,-0.56,-4.76,0.31
2012-10-22,844.83,844.83,844.83,844.83,271358,307235429.00,0.00,0.26,2.20,0.41
2012-10-23,846.44,846.44,846.44,846.44,355426,383944955.00,0.00,0.19,1.61,0.54
2012-10-24,844.28,844.28,844.28,844.28,359784,432567576.00,0.00,-0.26,-2.16,0.54
2012-10-25,829.78,829.78,829.78,829.78,326491,351305832.00,0.00,-1.72,-14.50,0.49
2012-10-26,806.78,806.78,806.78,806.78,230153,262930117.00,0.00,-2.77,-23.00,0.35
2012-10-29,804.23,804.23,804.23,804.23,167063,191254485.00,0.00,-0.32,-2.55,0.25
2012-10-30,805.17,805.17,805.17,805.17,150025,189581422.00,0.00,0.12,0.94,0.23
2012-10-31,811.53,811.53,811.53,811.53,132512,192684523.00,0.00,0.79,6.36,0.20
2012-11-01,826.68,826.68,826.68,826.68,227779,298782737.00,0.00,1.87,15.15,0.34
2012-11-02,828.63,828.63,828.63,828.63,221882,290791359.00,0.00,0.24,1.95,0.34
2012-11-05,854.95,854.95,854.95,854.95,435566,500704806.00,0.00,3.18,26.32,0.66
2012-11-06,838.39,838.39,838.39,838.39,363938,388393609.00,0.00,-1.94,-16.56,0.55
2012-11-07,832.16,832.16,832.16,832.16,207727,230605756.00,0.00,-0.74,-6.23,0.31
2012-11-08,807.46,807.46,807.46,807.46,227984,237731342.00,0.00,-2.97,-24.70,0.34
2012-11-09,808.31,808.31,808.31,808.31,144262,149644512.00,0.00,0.11,0.85,0.22
2012-11-12,815.11,815.11,815.11,815.11,140148,146547609.00,0.00,0.84,6.80,0.21
2012-11-13,801.48,801.48,801.48,801.48,240263,236313240.00,0.00,-1.67,-13.63,0.36
2012-11-14,797.42,797.42,797.42,797.42,142295,153785640.00,0.00,-0.51,-4.06,0.22
2012-11-15,779.59,779.59,779.59,779.59,127997,139309768.00,0.00,-2.24,-17.83,0.19
2012-11-16,769.18,769.18,769.18,769.18,151962,172031246.00,0.00,-1.34,-10.41,0.23
2012-11-19,767.28,767.28,767.28,767.28,152873,171249321.00,0.00,-0.25,-1.90,0.23
2012-11-20,767.06,767.06,767.06,767.06,182919,173756553.00,0.00,-0.03,-0.22,0.28
2012-11-21,774.30,774.30,774.30,774.30,160643,185020181.00,0.00,0.94,7.24,0.24
2012-11-22,761.72,761.72,761.72,761.72,126002,152704772.00,0.00,-1.62,-12.58,0.19
2012-11-23,768.11,768.11,768.11,768.11,162531,148381227.00,0.00,0.84,6.39,0.25
2012-11-26,760.26,760.26,760.26,760.26,139507,134157975.00,0.00,-1.02,-7.85,0.21
2012-11-27,730.14,730.14,730.14,730.14,170999,182348580.00,0.00,-3.96,-30.12,0.26
2012-11-28,705.11,705.11,705.11,705.11,209751,238781568.00,0.00,-3.43,-25.03,0.32
2012-11-29,694.91,694.91,694.91,694.91,170537,178518787.00,0.00,-1.45,-10.20,0.26
2012-11-30,708.16,708.16,708.16,708.16,239135,221282545.00,0.00,1.91,13.25,0.36
2012-12-03,683.12,683.12,683.12,683.12,222005,216943349.00,0.00,-3.54,-25.04,0.34
2012-12-04,705.02,705.02,705.02,705.02,308999,330245386.00,0.00,3.21,21.90,0.47
2012-12-05,724.56,724.56,724.56,724.56,430053,450644325.00,0.00,2.77,19.54,0.65
2012-12-06,721.63,721.63,721.63,721.63,241903,245725473.00,0.00,-0.40,-2.93,0.37
2012-12-07,733.05,733.05,733.05,733.05,431078,402570720.00,0.00,1.58,11.42,0.65
2012-12-10,747.01,747.01,747.01,747.01,433633,460126726.00,0.00,1.90,13.96,0.66
2012-12-11,737.94,737.94,737.94,737.94,263292,274239065.00,0.00,-1.21,-9.07,0.40
2012-12-12,737.58,737.58,737.58,737.58,231048,251150778.00,0.00,-0.05,-0.36,0.35
2012-12-13,739.28,739.28,739.28,739.28,420328,515309361.00,0.00,0.23,1.70,0.64
2012-12-14,765.86,765.86,765.86,765.86,589406,629410024.00,0.00,3.60,26.58,0.89
2012-12-17,774.56,774.56,774.56,774.56,493746,552677816.00,0.00,1.14,8.70,0.75
2012-12-18,772.65,772.65,772.65,772.65,499380,530831214.00,0.00,-0.25,-1.91,0.75
2012-12-19,771.12,771.12,771.12,771.12,274264,307989414.00,0.00,-0.20,-1.53,0.41
2012-12-20,771.31,771.31,771.31,771.31,359545,418664578.00,0.00,0.02,0.19,0.54
2012-12-21,768.18,768.18,768.18,768.18,369990,448325490.00,0.00,-0.41,-3.13,0.56
2012-12-24,772.67,772.67,772.67,772.67,413146,475501675.00,0.00,0.58,4.49,0.62
2012-12-25,788.97,788.97,788.97,788.97,496528,565381789.00,0.00,2.11,16.30,0.75
2012-12-26,796.53,796.53,796.53,796.53,409702,480912286.00,0.00,0.96,7.56,0.62
2012-12-27,790.06,790.06,790.06,790.06,412371,465748140.00,0.00,-0.81,-6.47,0.62
2012-12-28,795.70,795.70,795.70,795.70,488154,470353337.00,0.00,0.71,5.64,0.74
2012-12-31,798.23,798.23,798.23,798.23,455289,505371483.00,0.00,0.32,2.53,0.69