2014-01-02,1018.88,1018.88,1018.88,1018.88,1256929,1186383502.00,0.00,0.12,1.27,0.66
2014-01-03,1012.69,1012.69,1012.69,1012.69,1475568,1479689400.00,0.00,-0.61,-6.19,0.78
2014-01-06,953.81,953.81,953.81,953.81,1671888,1560605939.00,0.00,-5.81,-58.88,0.88
2014-01-07,945.02,945.02,945.02,945.02,1366216,1303230506.00,0.00,-0.92,-8.79,0.72
2014-01-08,945.02,945.02,945.02,945.02,1290128,1255666961.00,0.00,0.00,0.00,0.68
2014-01-09,927.30,927.30,927.30,927.30,1570831,1514729307.00,0.00,-1.88,-17.72,0.83
2014-01-10,911.38,911.38,911.38,911.38,1143331,1091710970.00,0.00,-1.72,-15.92,0.60
2014-01-13,910.02,910.02,910.02,910.02,943194,846533026.00,0.00,-0.15,-1.36,0.50
2014-01-14,935.97,935.97,935.97,935.97,1416954,1254769569.00,0.00,2.85,25.95,0.75
2014-01-15,954.93,954.93,954.93,954.93,1920528,1656837317.00,0.00,2.03,18.96,1.01
2014-01-16,945.96,945.96,945.96,945.96,1394082,1266194186.00,0.00,-0.94,-8.97,0.74
2014-01-17,922.42,922.42,922.42,922.42,1042155,928686530.00,0.00,-2.49,-23.54,0.55
2014-01-20,932.63,932.63,932.63,932.63,1535004,1457817769.00,0.00,1.11,10.21,0.81
2014-01-21,933.42,933.42,933.42,933.42,1135652,1085781361.00,0.00,0.08,0.79,0.60
2014-01-22,954.30,954.30,954.30,954.30,1878242,1690859572.00,0.00,2.24,20.88,0.99
2014-01-23,952.88,952.88,952.88,952.88,1403389,1301433009.00,0.00,-0.15,-1.42,0.74
2014-01-24,965.86,965.86,965.86,965.86,1706673,1574617155.00,0.00,1.36,12.98,0.90
2014-01-27,955.94,955.94,955.94,955.94,1728069,1505837215.00,0.00,-1.03,-9.92,0.91
2014-01-28,933.02,933.02,933.02,933.02,1639792,1535325804.00,0.00,-2.40,-22.92,0.87
2014-01-29,924.19,924.19,924.19,924.19,1885432,1632181728.00,0.00,-0.95,-8.83,0.99
2014-01-30,905.66,905.66,905.66,905.66,1114801,941383739.00,0.00,-2.00,-18.53,0.59
2014-02-07,940.10,940.10,940.10,940.10,1262419,1259515277.00,0.00,3.80,34.44,0.67
2014-02-10,962.38,962.38,962.38,962.38,2164835,1999827736.00,0.00,2.37,22.28,1.14
2014-02-11,968.39,968.39,968.39,968.39,2164529,1960907128.00,0.00,0.62,6.01,1.14
2014-02-12,1013.03,1013.03,1013.03,1013.03,4222520,3747568394.00,0.00,4.61,44.64,2.23
2014-02-13,987.14,987.14,987.14,987.14,3039370,2740928978.00,0.00,-2.56,-25.89,1.60
2014-02-14,1002.57,1002.57,1002.57,1002.57,2101734,1892989844.00,0.00,1.56,15.43,1.11
2014-02-17,1019.50,1019.50,1019.50,1019.50,2118471,1994276424.00,0.00,1.69,16.93,1.12
2014-02-18,1022.39,1022.39,1022.39,1022.39,3108101,2984576442.00,0.00,0.28,2.89,1.64
2014-02-19,1023.95,1023.95,1023.95,1023.95,2691341,2574657738.00,0.00,0.15,1.56,1.42
2014-02-20,1019.93,1019.93,1019.93,1019.93,2929942,2841436222.00,0.00,-0.39,-4.02,1.55
2014-02-21,1013.59,1013.59,1013.59,1013.59,2039432,1917879386.00,0.00,-0.62,-6.34,1.08
2014-02-24,1010.21,1010.21,1010.21,1010.21,2194718,2054743667.00,0.00,-0.33,-3.38,1.16
2014-02-25,956.88,956.88,956.88,956.88,2489662,2265808195.00,0.00,-5.28,-53.33,1.31
2014-02-26,964.44,964.44,964.44,964.44,1795746,1643310067.00,0.00,0.79,7.56,0.95
2014-02-27,957.93,957.93,957.93,957.93,2494788,2190543723.00,0.00,-0.68,-6.51,1.32
2014-02-28,957.83,957.83,957.83,957.83,1816106,1514696372.00,0.00,-0.01,-0.10,0.96
2014-03-03,989.85,989.85,989.85,989.85,1768510,1658275513.00,0.00,3.34,32.02,0.93
2014-03-04,997.49,997.49,997.49,997.49,1769437,1606114709.00,0.00,0.77,7.64,0.93
2014-03-05,993.88,993.88,993.88,993.88,2543298,2278717002.00,0.00,-0.36,-3.61,1.34
2014-03-06,984.05,984.05,984.05,984.05,1206923,1148250040.00,0.00,-0.99,-9.83,0.64
2014-03-07,970.50,970.50,970.50,970.50,1679009,1522732536.00,0.00,-1.38,-13.55,0.89
2014-03-10,924.20,924.20,924.20,924.20,1730398,1477618905.00,0.00,-4.77,-46.30,0.91
2014-03-11,924.92,924.92,924.92,924.92,1101377,995478863.00,0.00,0.08,0.72,0.58
2014-03-12,931.65,931.65,931.65,931.65,1186330,1003700649.00,0.00,0.73,6.73,0.63
2014-03-13,934.39,934.39,934.39,934.39,1087801,930705423.00,0.00,0.29,2.74,0.57
2014-03-14,928.33,928.33,928.33,928.33,890968,772939067.00,0.00,-0.65,-6.06,0.47
2014-03-17,942.43,942.43,942.43,942.43,1477215,1265097678.00,0.00,1.52,14.10,0.78
2014-03-18,954.49,954.49,954.49,954.49,1473333,1333717718.00,0.00,1.28,12.06,0.78
2014-03-19,937.26,937.26,937.26,937.26,1068411,947573765.00,0.00,-1.81,-17.23,0.56
2014-03-20,920.28,920.28,920.28,920.28,1424925,1223388413.00,0.00,-1.81,-16.98,0.75
2014-03-21,935.33,935.33,935.33,935.33,1289865,1060087883.00,0.00,1.64,15.05,0.68
2014-03-24,936.84,936.84,936.84,936.84,1272424,1054996396.00,0.00,0.16,1.51,0.67
2014-03-25,947.20,947.20,947.20,947.20,1513663,1270443818.00,0.00,1.11,10.36,0.80
2014-03-26,948.20,948.20,948.20,948.20,1235645,1078301808.00,0.00,0.11,1.00,0.65
2014-03-27,928.60,928.60,928.60,928.60,906168,783182450.00,0.00,-2.07,-19.60,0.48
2014-03-28,914.52,914.52,914.52,914.52,1243916,1065531992.00,0.00,-1.52,-14.08,0.66
2014-03-31,914.43,914.43,914.43,914.43,1031591,921411758.00,0.00,-0.01,-0.09,0.54
2014-04-01,922.23,922.23,922.23,922.23,1451818,1111582094.00,0.00,0.85,7.80,0.77
2014-04-02,930.41,930.41,930.41,930.41,1073690,936098834.00,0.00,0.89,8.18,0.57
2014-04-03,929.09,929.09,929.09,929.09,1113420,978268267.00,0.00,-0.14,-1.32,0.59
2014-04-04,939.85,939.85,939.85,939.85,883168,823722412.00,0.00,1.16,10.76,0.47
2014-04-08,944.89,944.89,944.89,944.89,1082066,958347752.00,0.00,0.54,5.04,0.57
2014-04-09,958.88,958.88,958.88,958.88,1843977,1626928033.00,0.00,1.48,13.99,0.97
2014-04-10,959.48,959.48,959.48,959.48,1582464,1502146058.00,0.00,0.06,0.60,0.83
2014-04-11,958.50,958.50,958.50,958.50,1331225,1168848574.00,0.00,-0.10,-0.98,0.70
2014-04-14,969.60,969.60,969.60,969.60,1218994,1225653353.00,0.00,1.16,11.10,0.64
2014-04-15,972.09,972.09,972.09,972.09,2090861,1824994609.00,0.00,0.26,2.49,1.10
2014-04-16,976.13,976.13,976.13,976.13,1514116,1195087656.00,0.00,0.42,4.04,0.80
2014-04-17,972.77,972.77,972.77,972.77,1324099,1211934588.00,0.00,-0.34,-3.36,0.70
2014-04-18,971.21,971.21,971.21,971.21,791986,701824464.00,0.00,-0.16,-1.56,0.42
2014-04-21,955.70,955.70,955.70,955.70,945745,814316804.00,0.00,-1.60,-15.51,0.50
2014-04-22,942.38,942.38,942.38,942.38,1085972,908721836.00,0.00,-1.39,-13.32,0.57
2014-04-23,947.01,947.01,947.01,947.01,891595,703527037.00,0.00,0.49,4.63,0.47
2014-04-24,937.66,937.66,937.66,937.66,898501,744383003.00,0.00,-0.99,-9.35,0.47
2014-04-25,918.56,918.56,918.56,918.56,1407814,1208585982.00,0.00,-2.04,-19.10,0.74
2014-04-28,886.71,886.71,886.71,886.71,1120411,865915940.00,0.00,-3.47,-31.85,0.59
2014-04-29,905.13,905.13,905.13,905.13,762480,591471207.00,0.00,2.08,18.42,0.40
2014-04-30,906.59,906.59,906.59,906.59,560404,452627811.00,0.00,0.16,1.46,0.30
2014-05-05,925.46,925.46,925.46,925.46,803663,802406026.00,0.00,2.08,18.87,0.42
2014-05-06,943.05,943.05,943.05,943.05,932087,1006151633.00,0.00,1.90,17.59,0.49
2014-05-07,920.08,920.08,920.08,920.08,807250,899340378.00,0.00,-2.44,-22.97,0.43
2014-05-08,923.11,923.11,923.11,923.11,690769,682231179.00,0.00,0.33,3.03,0.36
2014-05-09,912.37,912.37,912.37,912.37,631112,609519464.00,0.00,-1.16,-10.74,0.33
2014-05-12,937.57,937.57,937.57,937.57,939025,805571060.00,0.00,2.76,25.20,0.50
2014-05-13,937.55,937.55,937.55,937.55,819754,754393059.00,0.00,0.00,-0.02,0.43
2014-05-14,937.99,937.99,937.99,937.99,599637,553200265.00,0.00,0.05,0.44,0.32
2014-05-15,925.56,925.56,925.56,925.56,911886,1042072588.00,0.00,-1.33,-12.43,0.48
2014-05-16,930.26,930.26,930.26,930.26,623850,653372461.00,0.00,0.51,4.70,0.33
2014-05-19,938.92,938.92,938.92,938.92,1170190,962676647.00,0.00,0.93,8.66,0.62
2014-05-20,938.88,938.88,938.88,938.88,949574,971119839.00,0.00,0.00,-0.04,0.50
2014-05-21,950.51,950.51,950.51,950.51,741813,742854041.00,0.00,1.24,11.63,0.39
2014-05-22,942.46,942.46,942.46,942.46,890369,824573795.00,0.00,-0.85,-8.05,0.47
2014-05-23,947.24,947.24,947.24,947.24,875602,893070297.00,0.00,0.51,4.78,0.46
2014-05-26,953.78,953.78,953.78,953.78,1078063,1007826494.00,0.00,0.69,6.54,0.57
2014-05-27,948.31,948.31,948.31,948.31,1037302,1007699978.00,0.00,-0.57,-5.47,0.55
2014-05-28,948.39,948.39,948.39,948.39,951237,789110592.00,0.00,0.01,0.08,0.50
2014-05-29,942.27,942.27,942.27,942.27,1991707,1944992116.00,0.00,-0.65,-6.12,1.05
2014-05-30,946.56,946.56,946.56,946.56,1391619,1248965653.00,0.00,0.46,4.29,0.73
2014-06-03,933.15,933.15,933.15,933.15,1176163,1032391322.00,0.00,-1.42,-13.41,0.62
2014-06-04,922.66,922.66,922.66,922.66,1066321,865216489.00,0.00,-1.12,-10.49,0.56
2014-06-05,931.82,931.82,931.82,931.82,922716,771592248.00,0.00,0.99,9.16,0.49
2014-06-06,923.34,923.34,923.34,923.34,915746,693318555.00,0.00,-0.91,-8.48,0.48
2014-06-09,916.24,916.24,916.24,916.24,778568,629705615.00,0.00,-0.77,-7.10,0.41
2014-06-10,926.05,926.05,926.05,926.05,778142,625030807.00,0.00,1.07,9.81,0.41
2014-06-11,930.79,930.79,930.79,930.79,847078,674062602.00,0.00,0.51,4.74,0.45
2014-06-12,927.32,927.32,927.32,927.32,907066,723652854.00,0.00,-0.37,-3.47,0.48
2014-06-13,934.19,934.19,934.19,934.19,1266957,927400238.00,0.00,0.74,6.87,0.67
2014-06-16,928.46,928.46,928.46,928.46,1139120,1183507460.00,0.00,-0.61,-5.73,0.60
2014-06-17,915.15,915.15,915.15,915.15,1068911,985477173.00,0.00,-1.43,-13.31,0.56
2014-06-18,900.29,900.29,900.29,900.29,1200272,987761886.00,0.00,-1.62,-14.86,0.63
2014-06-19,875.38,875.38,875.38,875.38,1546004,1152417492.00,0.00,-2.77,-24.91,0.82
2014-06-20,887.05,887.05,887.05,887.05,1055150,758489173.00,0.00,1.33,11.67,0.56
2014-06-23,911.81,911.81,911.81,911.81,1897404,1390533703.00,0.00,2.79,24.76,1.00
2014-06-24,910.03,910.03,910.03,910.03,1028971,790533222.00,0.00,-0.20,-1.78,0.54
2014-06-25,907.50,907.50,907.50,907.50,1049733,783872544.00,0.00,-0.28,-2.53,0.55
2014-06-26,910.81,910.81,910.81,910.81,1183365,956576879.00,0.00,0.36,3.31,0.62
2014-06-27,913.70,913.70,913.70,913.70,1445804,1084183254.00,0.00,0.32,2.89,0.76
2014-06-30,921.86,921.86,921.86,921.86,1040830,865945355.00,0.00,0.89,8.16,0.55
2014-07-01,940.31,940.31,940.31,940.31,2097890,1492596051.00,0.00,2.00,18.45,1.11
2014-07-02,936.99,936.99,936.99,936.99,1309481,990884054.00,0.00,-0.35,-3.32,0.69
2014-07-03,939.51,939.51,939.51,939.51,1144070,911689912.00,0.00,0.27,2.52,0.60
2014-07-04,935.77,935.77,935.77,935.77,945404,720502249.00,0.00,-0.40,-3.74,0.50
2014-07-07,930.11,930.11,930.11,930.11,1006293,745676215.00,0.00,-0.60,-5.66,0.53
2014-07-08,934.07,934.07,934.07,934.07,797756,608237163.00,0.00,0.43,3.96,0.42
2014-07-09,915.65,915.65,915.65,915.65,1183964,791003573.00,0.00,-1.97,-18.42,0.62
2014-07-10,922.05,922.05,922.05,922.05,967772,671832987.00,0.00,0.70,6.40,0.51
2014-07-11,928.24,928.24,928.24,928.24,792115,540026883.00,0.00,0.67,6.19,0.42
2014-07-14,937.60,937.60,937.60,937.60,996595,668556844.00,0.00,1.01,9.36,0.53
2014-07-15,939.67,939.67,939.67,939.67,1023595,742265275.00,0.00,0.22,2.07,0.54
2014-07-16,953.24,953.24,953.24,953.24,1379690,965079315.00,0.00,1.44,13.57,0.73
2014-07-17,951.54,951.54,951.54,951.54,1413356,1059030314.00,0.00,-0.18,-1.70,0.75
2014-07-18,960.80,960.80,960.80,960.80,1193289,848861747.00,0.00,0.97,9.26,0.63
2014-07-21,949.80,949.80,949.80,949.80,905645,637679745.00,0.00,-1.14,-11.00,0.48
2014-07-22,958.64,958.64,958.64,958.64,1069498,721285134.00,0.00,0.93,8.84,0.56
2014-07-23,949.80,949.80,949.80,949.80,1076266,719878810.00,0.00,-0.92,-8.84,0.57
2014-07-24,959.01,959.01,959.01,959.01,1650729,1100595383.00,0.00,0.97,9.21,0.87
2014-07-25,979.34,979.34,979.34,979.34,1751533,1212917585.00,0.00,2.12,20.33,0.92
2014-07-28,1000.38,1000.38,1000.38,1000.38,2317932,1663615311.00,0.00,2.15,21.04,1.22
2014-07-29,1009.85,1009.85,1009.85,1009.85,2504288,1806576047.00,0.00,0.95,9.47,1.32
2014-07-30,1021.22,1021.22,1021.22,1021.22,2377830,1790921949.00,0.00,1.13,11.37,1.25
2014-07-31,1029.70,1029.70,1029.70,1029.70,2277452,1673874773.00,0.00,0.83,8.48,1.20
2014-08-01,1018.16,1018.16,1018.16,1018.16,2576323,1962099042.00,0.00,-1.12,-11.54,1.36
2014-08-04,1040.96,1040.96,1040.96,1040.96,2002543,1545780404.00,0.00,2.24,22.80,1.06
2014-08-05,1057.10,1057.10,1057.10,1057.10,2272526,1682403606.00,0.00,1.55,16.14,1.20
2014-08-06,1054.24,1054.24,1054.24,1054.24,1768819,1332202223.00,0.00,-0.27,-2.86,0.93
2014-08-07,1039.00,1039.00,1039.00,1039.00,1856683,1375313067.00,0.00,-1.45,-15.24,0.98
2014-08-08,1041.30,1041.30,1041.30,1041.30,1121401,829131937.00,0.00,0.22,2.30,0.59
2014-08-11,1062.06,1062.06,1062.06,1062.06,2018879,1557033076.00,0.00,1.99,20.76,1.07
2014-08-12,1067.83,1067.83,1067.83,1067.83,2287944,1710651448.00,0.00,0.54,5.77,1.21
2014-08-13,1062.05,1062.05,1062.05,1062.05,1947169,1482056892.00,0.00,-0.54,-5.78,1.03
2014-08-14,1061.64,1061.64,1061.64,1061.64,1680633,1320720263.00,0.00,-0.04,-0.41,0.89
2014-08-15,1075.48,1075.48,1075.48,1075.48,1508503,1188522536.00,0.00,1.30,13.84,0.80
2014-08-18,1088.17,1088.17,1088.17,1088.17,1940729,1486911254.00,0.00,1.18,12.69,1.02
2014-08-19,1115.84,1115.84,1115.84,1115.84,5109510,3783940450.00,0.00,2.54,27.67,2.70
2014-08-20,1103.78,1103.78,1103.78,1103.78,4339884,3311457961.00,0.00,-1.08,-12.06,2.29
2014-08-21,1102.40,1102.40,1102.40,1102.40,2631215,2049764550.00,0.00,-0.13,-1.38,1.39
2014-08-22,1103.39,1103.39,1103.39,1103.39,1997046,1549297724.00,0.00,0.09,0.99,1.05
2014-08-25,1098.36,1098.36,1098.36,1098.36,2234647,1724336534.00,0.00,-0.46,-5.03,1.18
2014-08-26,1059.60,1059.60,1059.60,1059.60,2212419,1652152885.00,0.00,-3.53,-38.76,1.17
2014-08-27,1066.31,1066.31,1066.31,1066.31,1202761,918074493.00,0.00,0.63,6.71,0.63
2014-08-28,1062.54,1062.54,1062.54,1062.54,1143066,869240303.00,0.00,-0.35,-3.77,0.60
2014-08-29,1072.07,1072.07,1072.07,1072.07,981997,728101543.00,0.00,0.90,9.53,0.52
2014-09-01,1091.16,1091.16,1091.16,1091.16,1086191,822404647.00,0.00,1.78,19.09,0.57
2014-09-02,1106.16,1106.16,1106.16,1106.16,1675761,1264382853.00,0.00,1.37,15.00,0.88
2014-09-03,1122.69,1122.69,1122.69,1122.69,2311749,1799362911.00,0.00,1.49,16.53,1.22
2014-09-04,1135.49,1135.49,1135.49,1135.49,1909962,1579767793.00,0.00,1.14,12.80,1.01
2014-09-05,1132.03,1132.03,1132.03,1132.03,1843740,1482466392.00,0.00,-0.30,-3.46,0.97
2014-09-09,1131.76,1131.76,1131.76,1131.76,1453935,1173312236.00,0.00,-0.02,-0.27,0.77
2014-09-10,1163.01,1163.01,1163.01,1163.01,4511026,3496073985.00,0.00,2.76,31.25,2.38
2014-09-11,1184.18,1184.18,1184.18,1184.18,6977893,5725028526.00,0.00,1.82,21.17,3.68
2014-09-12,1190.67,1190.67,1190.67,1190.67,3344464,2779651596.00,0.00,0.55,6.49,1.76
2014-09-15,1210.60,1210.60,1210.60,1210.60,3360760,2888248085.00,0.00,1.67,19.93,1.77
2014-09-16,1183.56,1183.56,1183.56,1183.56,4199744,3684024219.00,0.00,-2.23,-27.04,2.22
2014-09-17,1203.83,1203.83,1203.83,1203.83,3138787,2693138383.00,0.00,1.71,20.27,1.66
2014-09-18,1208.40,1208.40,1208.40,1208.40,3374984,2867072764.00,0.00,0.38,4.57,1.78
2014-09-19,1249.60,1249.60,1249.60,1249.60,4655862,4035290824.00,0.00,3.41,41.20,2.46
2014-09-22,1230.27,1230.27,1230.27,1230.27,2679822,2354691443.00,0.00,-1.55,-19.33,1.41
2014-09-23,1269.43,1269.43,1269.43,1269.43,3457584,3222445695.00,0.00,3.18,39.16,1.82
2014-09-24,1284.75,1284.75,1284.75,1284.75,2339173,2164060703.00,0.00,1.21,15.32,1.23
2014-09-25,1282.68,1282.68,1282.68,1282.68,2407924,2231503462.00,0.00,-0.16,-2.07,1.27
2014-09-26,1346.58,1346.58,1346.58,1346.58,4898722,4535125238.00,0.00,4.98,63.90,2.58
2014-09-29,1406.82,1406.82,1406.82,1406.82,4875999,4780721925.00,0.00,4.47,60.24,2.57
2014-09-30,1378.34,1378.34,1378.34,1378.34,6796787,6254544301.00,0.00,-2.02,-28.48,3.59
2014-10-08,1400.67,1400.67,1400.67,1400.67,2866319,2730174770.00,0.00,1.62,22.33,1.51
2014-10-09,1415.33,1415.33,1415.33,1415.33,4095506,4809877899.00,0.00,1.05,14.66,2.16
2014-10-10,1392.49,1392.49,1392.49,1392.49,4081865,4476600214.00,0.00,-1.61,-22.84,2.15
2014-10-13,1363.65,1363.65,1363.65,1363.65,3241145,3369819415.00,0.00,-2.07,-28.84,1.71
2014-10-14,1370.24,1370.24,1370.24,1370.24,2939488,2864239831.00,0.00,0.48,6.59,1.55
2014-10-15,1374.38,1374.38,1374.38,1374.38,2031689,2035977541.00,0.00,0.30,4.14,1.07
2014-10-16,1339.59,1339.59,1339.59,1339.59,2784006,2730324214.00,0.00,-2.53,-34.79,1.47
2014-10-17,1309.96,1309.96,1309.96,1309.96,2606056,2417471154.00,0.00,-2.21,-29.63,1.38
2014-10-20,1336.85,1336.85,1336.85,1336.85,2605686,2577330422.00,0.00,2.05,26.89,1.37
2014-10-21,1323.87,1323.87,1323.87,1323.87,1917818,1804896808.00,0.00,-0.97,-12.98,1.01
2014-10-22,1301.31,1301.31,1301.31,1301.31,1892843,1754763793.00,0.00,-1.70,-22.56,1.00
2014-10-23,1301.06,1301.06,1301.06,1301.06,2308063,2076420972.00,0.00,-0.02,-0.25,1.22
2014-10-24,1320.16,1320.16,1320.16,1320.16,1598918,1501757582.00,0.00,1.47,19.10,0.84
2014-10-27,1310.14,1310.14,1310.14,1310.14,1951925,1831909772.00,0.00,-0.76,-10.02,1.03
2014-10-28,1339.35,1339.35,1339.35,1339.35,2456050,2324038013.00,0.00,2.23,29.21,1.30
2014-10-29,1356.45,1356.45,1356.45,1356.45,2762759,2675123147.00,0.00,1.28,17.10,1.46
2014-10-30,1350.26,1350.26,1350.26,1350.26,2412537,2336371342.00,0.00,-0.46,-6.19,1.27
2014-10-31,1333.73,1333.73,1333.73,1333.73,2349166,2178532372.00,0.00,-1.22,-16.53,1.24
2014-11-03,1332.91,1345.16,1345.16,1329.28,1769521,1697553303.00,1.19,0.86,11.43,0.93
2014-11-04,1343.34,1361.23,1361.61,1336.37,2378637,2384340043.00,1.88,1.19,16.07,1.26
2014-11-05,1358.48,1387.89,1395.45,1354.03,6200063,5647857848.00,3.04,1.96,26.66,3.27
2014-11-06,1382.53,1377.18,1386.67,1362.52,3088279,2858778240.00,1.74,-0.77,-10.71,1.63
2014-11-07,1375.53,1361.91,1394.37,1357.27,2883479,2689427417.00,2.69,-1.11,-15.27,1.52
2014-11-10,1363.77,1376.83,1376.83,1357.66,2618155,2530641524.00,1.41,1.10,14.92,1.38
2014-11-11,1379.84,1384.67,1408.04,1370.85,6763143,6346691479.00,2.70,0.57,7.84,3.57
2014-11-12,1382.56,1438.23,1438.35,1373.69,6000559,5886536497.00,4.67,3.87,53.56,3.17
2014-11-13,1442.39,1468.24,1512.12,1442.39,7440572,7935506917.00,4.85,2.09,30.01,3.93
2014-11-14,1448.82,1417.26,1452.39,1413.45,3999704,3935210631.00,2.65,-3.47,-50.98,2.11
2014-11-17,1413.50,1431.59,1433.82,1396.36,2724744,2770305897.00,2.64,1.01,14.33,1.44
2014-11-18,1430.74,1453.04,1464.84,1427.08,4530999,4484980716.00,2.64,1.50,21.45,2.39
2014-11-19,1452.31,1446.02,1460.72,1432.14,3818027,3801164644.00,1.97,-0.48,-7.02,2.01
2014-11-20,1435.72,1443.45,1455.42,1428.93,3303848,3230898593.00,1.83,-0.18,-2.57,1.74
2014-11-21,1459.62,1441.62,1461.24,1432.91,4867925,4643124529.00,1.96,-0.13,-1.83,2.57
2014-11-24,1443.94,1446.12,1449.25,1430.99,3584823,3582718135.00,1.27,0.31,4.50,1.89
2014-11-25,1451.18,1458.21,1458.24,1439.80,3295968,3355821974.00,1.28,0.84,12.09,1.74
2014-11-26,1458.13,1466.91,1487.38,1455.31,3380611,3599679135.00,2.20,0.60,8.70,1.78
2014-11-27,1471.44,1486.85,1487.32,1466.31,5358602,5248502970.00,1.43,1.36,19.94,2.83
2014-11-28,1503.72,1500.64,1512.95,1487.42,4454620,4853065822.00,1.72,0.93,13.79,2.35
2014-12-01,1509.23,1498.93,1509.23,1484.11,5533586,5649798323.00,1.67,-0.11,-1.71,2.92
2014-12-02,1494.21,1507.83,1514.28,1493.33,4573853,4666960369.00,1.40,0.59,8.90,2.41
2014-12-03,1533.48,1547.30,1549.07,1506.09,7766629,8256284000.00,2.85,2.62,39.47,4.10
2014-12-04,1548.40,1559.27,1559.27,1539.79,5647053,6201486539.00,1.26,0.77,11.97,2.98
2014-12-05,1559.81,1488.59,1559.81,1460.59,5571982,6084769005.00,6.36,-4.53,-70.68,2.94
2014-12-08,1484.37,1512.99,1512.99,1468.38,5129575,5588935530.00,3.00,1.64,24.40,2.71
2014-12-09,1512.83,1470.98,1562.13,1467.14,8297413,9199528305.00,6.28,-2.78,-42.01,4.38
2014-12-10,1464.46,1513.44,1514.13,1461.73,4699931,5125824771.00,3.56,2.89,42.46,2.48
2014-12-11,1512.60,1547.39,1547.39,1502.32,5361427,5836291760.00,2.98,2.24,33.95,2.83
2014-12-12,1555.39,1551.23,1564.77,1534.63,4623731,5303853997.00,1.95,0.25,3.84,2.44
2014-12-15,1542.53,1552.05,1555.23,1528.47,3296268,3806019081.00,1.73,0.05,0.82,1.74
2014-12-16,1551.38,1534.56,1551.38,1528.87,3359035,3707405857.00,1.45,-1.13,-17.49,1.77
2014-12-17,1526.14,1486.17,1526.14,1480.09,3877949,4049453622.00,3.00,-3.15,-48.39,2.05
2014-12-18,1480.31,1526.44,1526.44,1478.87,3941885,4228999759.00,3.20,2.71,40.27,2.08
2014-12-19,1529.39,1523.64,1538.87,1479.42,5039101,5618320124.00,3.89,-0.18,-2.80,2.66
2014-12-22,1548.74,1601.04,1612.10,1472.17,9960876,11800556772.00,9.18,5.08,77.40,5.26
2014-12-23,1568.15,1503.51,1571.99,1500.89,5611989,6584212959.00,4.44,-6.09,-97.53,2.96
2014-12-24,1514.16,1478.97,1519.85,1456.57,4840813,5296345348.00,4.21,-1.63,-24.54,2.55
2014-12-25,1474.04,1497.90,1512.33,1465.92,3460540,3865745333.00,3.14,1.28,18.93,1.83
2014-12-26,1489.84,1481.55,1490.84,1470.74,3530386,3923515897.00,1.34,-1.09,-16.35,1.86
2014-12-29,1476.05,1438.90,1476.05,1429.32,4013824,4189071239.00,3.15,-2.88,-42.65,2.12
2014-12-30,1441.63,1421.85,1460.58,1419.30,2693068,2897353899.00,2.87,-1.18,-17.05,1.42
2014-12-31,1424.84,1411.68,1424.84,1385.70,2760452,3007445294.00,2.75,-0.72,-10.17,1.46