2017-01-03,1416.19,1440.47,1441.15,1416.19,2032652,2806382185.00,1.77,2.30,32.42,0.16
2017-01-04,1438.72,1448.52,1451.47,1437.51,1575497,2171044497.00,0.97,0.56,8.05,0.13
2017-01-05,1450.38,1442.34,1450.79,1440.97,1154154,1654387996.00,0.68,-0.43,-6.18,0.09
2017-01-06,1441.82,1423.30,1442.02,1423.15,1136049,1694695768.00,1.31,-1.32,-19.04,0.09
2017-01-09,1423.94,1432.23,1432.56,1420.60,957321,1357935011.00,0.84,0.63,8.93,0.08
2017-01-10,1428.87,1422.86,1429.52,1421.34,896252,1332396065.00,0.57,-0.65,-9.37,0.07
2017-01-11,1422.35,1401.99,1422.35,1401.78,1143016,1679073475.00,1.45,-1.47,-20.87,0.09
2017-01-12,1402.21,1382.05,1402.43,1381.73,1219123,1671494819.00,1.48,-1.42,-19.94,0.10
2017-01-13,1380.83,1383.82,1391.41,1371.02,1768412,2296791076.00,1.48,0.13,1.77,0.14
2017-01-16,1381.16,1399.26,1401.65,1366.94,3326229,4302990212.00,2.51,1.12,15.44,0.26
2017-01-17,1388.79,1400.49,1403.40,1384.88,1402782,1975735390.00,1.32,0.09,1.23,0.11
2017-01-18,1395.91,1402.21,1407.58,1393.96,1166841,1642842619.00,0.97,0.12,1.72,0.09
2017-01-19,1400.11,1402.51,1412.25,1398.61,1100102,1682323595.00,0.97,0.02,0.30,0.09
2017-01-20,1399.17,1417.54,1422.45,1399.17,1412750,2130634357.00,1.66,1.07,15.03,0.11
2017-01-23,1416.63,1414.95,1425.86,1411.10,1195764,1797778698.00,1.04,-0.18,-2.59,0.10
2017-01-24,1414.69,1419.29,1421.53,1409.30,1013603,1376313253.00,0.86,0.31,4.34,0.08
2017-01-25,1415.06,1419.33,1420.62,1413.61,793264,1108367874.00,0.49,0.00,0.04,0.06
2017-01-26,1421.81,1434.50,1438.60,1421.81,1201560,1769218364.00,1.18,1.07,15.17,0.10
2017-02-03,1434.87,1419.76,1434.87,1419.15,719238,1030805951.00,1.10,-1.03,-14.74,0.06
2017-02-06,1421.46,1422.32,1424.12,1413.72,1229471,1690598198.00,0.73,0.18,2.56,0.10
2017-02-07,1419.94,1421.21,1422.26,1413.04,1022117,1436891142.00,0.65,-0.08,-1.11,0.08
2017-02-08,1418.01,1428.73,1428.73,1409.68,1139634,1631526219.00,1.34,0.53,7.52,0.09
2017-02-09,1425.43,1427.84,1437.69,1424.05,1369784,2018372898.00,0.95,-0.06,-0.89,0.11
2017-02-10,1430.14,1448.24,1455.10,1429.52,2367010,3503565919.00,1.79,1.43,20.40,0.19
2017-02-13,1451.03,1487.06,1510.05,1451.03,3700577,5638082720.00,4.08,2.68,38.82,0.29
2017-02-14,1488.91,1474.85,1489.69,1468.92,1858890,2831878145.00,1.40,-0.82,-12.21,0.15
2017-02-15,1474.91,1497.08,1519.00,1472.72,3929397,5981420480.00,3.14,1.51,22.23,0.31
2017-02-16,1497.81,1513.20,1517.43,1492.99,2641553,4029304000.00,1.63,1.08,16.12,0.21
2017-02-17,1507.44,1477.94,1512.07,1477.36,2256437,3431081824.00,2.29,-2.33,-35.26,0.18
2017-02-20,1473.70,1557.42,1560.91,1473.70,5489730,8416512496.00,5.90,5.38,79.48,0.44
2017-02-21,1553.78,1535.36,1559.52,1531.94,3148755,4897399392.00,1.77,-1.42,-22.06,0.25
2017-02-22,1531.88,1526.73,1531.88,1513.65,2282301,3579861737.00,1.19,-0.56,-8.63,0.18
2017-02-23,1523.19,1526.03,1534.79,1514.58,1896219,3015295661.00,1.32,-0.05,-0.70,0.15
2017-02-24,1524.23,1523.82,1526.37,1509.27,1738810,2618194916.00,1.12,-0.14,-2.21,0.14
2017-02-27,1518.89,1504.84,1518.89,1502.88,1685829,2512267288.00,1.05,-1.25,-18.98,0.13
2017-02-28,1503.10,1542.45,1551.16,1503.10,3119702,4958023866.00,3.19,2.50,37.61,0.25
2017-03-01,1535.41,1523.67,1547.42,1522.15,2386241,3686435199.00,1.64,-1.22,-18.78,0.19
2017-03-02,1527.13,1525.27,1541.10,1520.26,2902269,4376708751.00,1.37,0.11,1.60,0.23
2017-03-03,1517.68,1502.88,1519.12,1502.41,1906875,2906054149.00,1.10,-1.47,-22.39,0.15
2017-03-06,1502.50,1512.40,1515.54,1498.17,1487994,2243632360.00,1.16,0.63,9.52,0.12
2017-03-07,1509.74,1525.35,1525.35,1507.27,1782635,2696558660.00,1.20,0.86,12.95,0.14
2017-03-08,1522.78,1516.78,1529.30,1509.95,1615652,2592256192.00,1.27,-0.56,-8.57,0.13
2017-03-09,1511.49,1498.78,1514.00,1494.02,1842423,2686693460.00,1.32,-1.19,-18.00,0.15
2017-03-10,1496.65,1489.32,1502.75,1488.28,1299669,1869326596.00,0.97,-0.63,-9.46,0.10
2017-03-13,1485.40,1496.60,1496.60,1473.08,1493938,2216002422.00,1.58,0.49,7.28,0.12
2017-03-14,1495.62,1496.55,1506.78,1494.55,1288985,1976572278.00,0.82,0.00,-0.05,0.10
2017-03-15,1493.16,1493.34,1499.86,1490.48,911205,1330998590.00,0.63,-0.21,-3.21,0.07
2017-03-16,1496.60,1522.38,1526.71,1496.60,2648978,4104133325.00,2.02,1.94,29.04,0.21
2017-03-17,1520.30,1496.23,1520.30,1494.56,1944900,2877978630.00,1.69,-1.72,-26.15,0.15
2017-03-20,1495.47,1497.04,1503.56,1483.56,1685866,2400327658.00,1.34,0.05,0.81,0.13
2017-03-21,1494.81,1497.09,1497.12,1489.12,1218893,1773256012.00,0.53,0.00,0.05,0.10
2017-03-22,1490.48,1465.36,1490.48,1464.08,2060884,2944234640.00,1.76,-2.12,-31.73,0.16
2017-03-23,1465.30,1473.93,1483.31,1461.07,1387683,2026459401.00,1.52,0.58,8.57,0.11
2017-03-24,1473.60,1478.79,1479.17,1464.41,1352756,1922504191.00,1.00,0.33,4.86,0.11
2017-03-27,1477.24,1491.00,1498.35,1477.24,2033546,2857536175.00,1.43,0.83,12.21,0.16
2017-03-28,1491.00,1485.95,1491.73,1481.91,976260,1409165441.00,0.66,-0.34,-5.05,0.08
2017-03-29,1487.76,1465.01,1490.13,1463.81,1210262,1754799250.00,1.77,-1.41,-20.94,0.10
2017-03-30,1464.71,1444.99,1467.07,1444.49,1349724,1959844179.00,1.54,-1.37,-20.02,0.11
2017-03-31,1451.34,1502.91,1507.10,1451.34,2768349,4368475322.00,3.86,4.01,57.92,0.22
2017-04-05,1499.22,1504.16,1504.16,1483.71,2716389,4069683217.00,1.36,0.08,1.25,0.22
2017-04-06,1496.16,1494.08,1496.45,1487.90,1678826,2518675251.00,0.57,-0.67,-10.08,0.13
2017-04-07,1491.51,1491.78,1497.43,1489.07,1769928,2653487072.00,0.56,-0.15,-2.30,0.14
2017-04-10,1487.36,1473.11,1487.36,1469.57,1993976,2792178833.00,1.19,-1.25,-18.67,0.16
2017-04-11,1469.80,1483.83,1483.89,1460.88,1879993,2745690321.00,1.56,0.73,10.72,0.15
2017-04-12,1477.18,1462.94,1477.18,1460.09,1454977,2145670669.00,1.15,-1.41,-20.89,0.12
2017-04-13,1460.12,1452.91,1465.01,1451.11,1236924,1795933748.00,0.95,-0.69,-10.03,0.10
2017-04-14,1451.16,1429.74,1452.96,1427.09,1196966,1724015203.00,1.78,-1.59,-23.17,0.10
2017-04-17,1421.80,1402.35,1421.80,1389.02,1602523,2276349644.00,2.29,-1.92,-27.39,0.13
2017-04-18,1403.68,1383.86,1403.84,1383.86,1280836,1762522670.00,1.42,-1.32,-18.49,0.10
2017-04-19,1383.28,1398.88,1404.09,1378.11,1341446,1978220957.00,1.88,1.09,15.02,0.11
2017-04-20,1393.43,1382.13,1396.99,1376.03,1022967,1503307242.00,1.50,-1.20,-16.75,0.08
2017-04-21,1384.18,1401.16,1412.08,1384.18,1197763,1687749399.00,2.02,1.38,19.03,0.10
2017-04-24,1399.54,1397.34,1406.20,1379.88,1142766,1668333311.00,1.88,-0.27,-3.82,0.09
2017-04-25,1401.13,1410.44,1419.80,1398.39,1003565,1528133456.00,1.53,0.94,13.10,0.08
2017-04-26,1410.55,1394.88,1410.55,1393.12,2242626,2651904718.00,1.24,-1.10,-15.56,0.18
2017-04-27,1387.26,1395.35,1395.35,1375.74,1763120,2200382431.00,1.41,0.03,0.47,0.14
2017-04-28,1391.44,1384.49,1391.89,1377.25,2501956,2988065730.00,1.05,-0.78,-10.86,0.20
2017-05-02,1380.51,1366.97,1380.51,1361.94,1592080,2067171615.00,1.34,-1.27,-17.52,0.13
2017-05-03,1365.04,1364.77,1371.02,1357.34,1594943,1992500991.00,1.00,-0.16,-2.20,0.13
2017-05-04,1359.47,1365.08,1373.34,1354.34,1799073,2191379723.00,1.39,0.02,0.31,0.14
2017-05-05,1358.09,1348.34,1358.84,1344.86,1808056,2260319968.00,1.02,-1.23,-16.74,0.14
2017-05-08,1341.87,1336.28,1343.29,1330.72,1792701,2088414626.00,0.93,-0.89,-12.06,0.14
2017-05-09,1331.99,1366.54,1371.72,1331.99,2200406,3197467038.00,2.97,2.26,30.26,0.18
2017-05-10,1362.37,1385.31,1418.82,1362.14,3518145,5131191376.00,4.15,1.37,18.77,0.28
2017-05-11,1374.88,1388.41,1396.34,1370.96,2321066,3245603776.00,1.83,0.22,3.10,0.18
2017-05-12,1385.36,1425.75,1427.33,1384.79,3257062,4669631776.00,3.06,2.69,37.34,0.26
2017-05-15,1422.96,1420.67,1433.78,1416.16,2008543,2980954121.00,1.24,-0.36,-5.08,0.16
2017-05-16,1413.76,1411.13,1414.34,1392.18,2035636,2897235627.00,1.56,-0.67,-9.54,0.16
2017-05-17,1406.21,1400.30,1406.21,1395.22,1782215,2623170259.00,0.78,-0.77,-10.83,0.14
2017-05-18,1390.12,1378.62,1398.25,1374.48,1739336,2492852661.00,1.70,-1.55,-21.68,0.14
2017-05-19,1376.74,1372.12,1380.09,1368.65,1055545,1509871684.00,0.83,-0.47,-6.50,0.08
2017-05-22,1369.70,1356.40,1373.19,1351.56,1417361,1841363041.00,1.58,-1.15,-15.72,0.11
2017-05-23,1354.67,1372.99,1382.50,1351.93,2376340,3030133120.00,2.25,1.22,16.59,0.19
2017-05-24,1367.30,1352.14,1367.30,1340.24,1713944,2302872311.00,1.97,-1.52,-20.85,0.14
2017-05-25,1350.00,1401.72,1405.44,1346.53,3878089,5198120256.00,4.36,3.67,49.58,0.31
2017-05-26,1396.93,1395.73,1408.57,1392.11,2237296,3109653188.00,1.17,-0.43,-5.99,0.18
2017-05-31,1407.28,1406.27,1422.06,1402.38,2208144,3326572507.00,1.41,0.76,10.54,0.18
2017-06-01,1401.79,1423.54,1431.56,1401.30,2918065,4209781104.00,2.15,1.23,17.27,0.23
2017-06-02,1423.50,1434.06,1443.77,1422.89,3773234,5359012736.00,1.47,0.74,10.52,0.30
2017-06-05,1425.99,1416.34,1427.76,1409.78,2167602,2954779378.00,1.25,-1.24,-17.72,0.17
2017-06-06,1414.36,1421.65,1423.36,1404.32,1641809,2233665317.00,1.34,0.37,5.31,0.13
2017-06-07,1416.92,1433.87,1437.58,1415.81,2224307,3086973010.00,1.53,0.86,12.22,0.18
2017-06-08,1430.42,1431.81,1431.81,1413.76,2340479,3314126746.00,1.26,-0.14,-2.06,0.19
2017-06-09,1430.00,1433.60,1443.37,1427.10,2326349,3180018720.00,1.14,0.13,1.79,0.19
2017-06-12,1427.35,1425.38,1443.56,1424.27,1819085,2399212719.00,1.35,-0.57,-8.22,0.14
2017-06-13,1421.83,1426.02,1427.22,1416.63,1507064,1910218094.00,0.74,0.04,0.64,0.12
2017-06-14,1424.26,1404.90,1424.26,1403.30,1455920,1995417281.00,1.47,-1.48,-21.12,0.12
2017-06-15,1403.35,1407.79,1411.82,1402.00,1274774,1643009752.00,0.70,0.21,2.89,0.10
2017-06-16,1405.43,1399.28,1411.41,1398.34,1225181,1499785113.00,0.93,-0.60,-8.51,0.10
2017-06-19,1401.19,1408.39,1410.93,1399.34,1040220,1365190245.00,0.83,0.65,9.11,0.08
2017-06-20,1410.51,1402.94,1410.51,1400.02,1117932,1443419126.00,0.74,-0.39,-5.45,0.09
2017-06-21,1408.86,1411.05,1411.27,1400.60,1239640,1711417668.00,0.76,0.58,8.11,0.10
2017-06-22,1409.71,1432.01,1458.43,1407.78,4284013,5867482208.00,3.59,1.49,20.96,0.34
2017-06-23,1426.07,1433.46,1433.46,1414.50,2377756,3234841200.00,1.32,0.10,1.45,0.19
2017-06-26,1430.40,1441.04,1450.66,1430.40,2414513,3261586993.00,1.41,0.53,7.58,0.19
2017-06-27,1438.26,1453.07,1455.10,1434.92,1874537,2583540966.00,1.40,0.83,12.03,0.15
2017-06-28,1450.10,1466.02,1478.05,1447.19,2866421,3853869649.00,2.12,0.89,12.95,0.23
2017-06-29,1462.63,1468.18,1470.81,1458.91,1591835,2203789372.00,0.81,0.15,2.16,0.13
2017-06-30,1460.02,1453.95,1460.02,1449.96,1442331,2042782592.00,0.69,-0.97,-14.23,0.11
2017-07-03,1452.59,1453.97,1454.53,1447.00,1126722,1575684208.00,0.52,0.00,0.02,0.09
2017-07-04,1452.96,1435.87,1452.96,1434.90,1490605,2039773137.00,1.24,-1.24,-18.10,0.12
2017-07-05,1434.78,1455.99,1455.99,1434.27,1499479,2080289984.00,1.51,1.40,20.12,0.12
2017-07-06,1453.68,1450.79,1456.94,1442.37,1439490,1917997016.00,1.00,-0.36,-5.20,0.11
2017-07-07,1448.43,1449.89,1451.10,1443.79,1053174,1407644160.00,0.50,-0.06,-0.90,0.08
2017-07-10,1447.97,1437.07,1447.97,1435.94,1302823,1762199537.00,0.83,-0.88,-12.82,0.10
2017-07-11,1436.49,1463.94,1476.01,1436.04,3109131,3864697648.00,2.78,1.87,26.87,0.25
2017-07-12,1464.53,1473.18,1495.88,1464.53,3452603,4396203088.00,2.14,0.63,9.24,0.27
2017-07-13,1470.47,1502.24,1502.24,1469.78,2726890,3385513568.00,2.20,1.97,29.06,0.22
2017-07-14,1503.36,1509.35,1518.91,1494.21,2828717,3414122995.00,1.64,0.47,7.11,0.23
2017-07-17,1513.32,1536.61,1569.89,1491.63,6780430,8226580592.00,5.19,1.81,27.26,0.54
2017-07-18,1523.22,1530.60,1533.08,1509.52,3784624,4358016384.00,1.53,-0.39,-6.01,0.30
2017-07-19,1523.60,1554.55,1556.67,1523.31,4622627,5391553984.00,2.18,1.56,23.95,0.37
2017-07-20,1549.94,1544.26,1551.22,1532.93,2689366,3078184256.00,1.18,-0.66,-10.29,0.21
2017-07-21,1537.71,1518.65,1537.71,1515.95,2862032,3150798694.00,1.41,-1.66,-25.61,0.23
2017-07-24,1512.48,1532.29,1539.05,1506.95,2628404,3099397549.00,2.11,0.90,13.64,0.21
2017-07-25,1527.93,1511.15,1537.17,1510.18,2883737,3085163040.00,1.76,-1.38,-21.14,0.23
2017-07-26,1506.72,1497.54,1524.61,1489.84,2687164,2853831912.00,2.30,-0.90,-13.61,0.21
2017-07-27,1496.22,1495.78,1496.44,1480.45,2312824,2377355997.00,1.07,-0.12,-1.76,0.18
2017-07-28,1487.99,1490.14,1500.92,1484.82,2137067,2312750084.00,1.08,-0.38,-5.64,0.17
2017-07-31,1486.67,1478.16,1486.67,1472.31,1908300,2183129474.00,0.96,-0.80,-11.98,0.15
2017-08-01,1475.27,1497.58,1505.06,1472.98,2200572,2676229424.00,2.17,1.31,19.42,0.18
2017-08-02,1487.91,1491.51,1504.28,1487.41,4104785,4107202431.00,1.13,-0.41,-6.07,0.33
2017-08-03,1487.54,1467.66,1488.47,1465.22,2740262,2947956805.00,1.56,-1.60,-23.85,0.22
2017-08-04,1466.21,1457.26,1470.02,1457.10,2015522,2152958980.00,0.88,-0.71,-10.40,0.16
2017-08-07,1452.52,1460.21,1460.62,1450.87,1457805,1520432132.00,0.67,0.20,2.95,0.12
2017-08-08,1457.49,1450.61,1457.93,1447.76,1940565,1873266774.00,0.70,-0.66,-9.60,0.15
2017-08-09,1449.56,1439.49,1449.56,1438.68,1815406,1827926323.00,0.75,-0.77,-11.12,0.14
2017-08-10,1439.61,1444.25,1454.95,1437.79,1817256,1836464422.00,1.19,0.33,4.76,0.14
2017-08-11,1437.84,1410.98,1438.81,1410.30,2363571,2396428024.00,1.97,-2.30,-33.27,0.19
2017-08-14,1408.67,1417.12,1417.12,1408.67,1363663,1372352625.00,0.60,0.44,6.14,0.11
2017-08-15,1417.15,1430.27,1439.84,1416.89,2084782,2065465220.00,1.62,0.93,13.15,0.17
2017-08-16,1426.43,1427.11,1428.65,1419.23,1467899,1533265856.00,0.66,-0.22,-3.16,0.12
2017-08-17,1425.15,1430.34,1430.34,1421.44,1164020,1232649649.00,0.62,0.23,3.23,0.09
2017-08-18,1424.66,1431.95,1434.93,1422.56,1750062,1846072904.00,0.86,0.11,1.61,0.14
2017-08-21,1430.36,1428.85,1431.52,1423.37,1636357,1607695058.00,0.57,-0.22,-3.10,0.13
2017-08-22,1428.96,1428.96,1433.46,1424.41,1212890,1318809031.00,0.63,0.01,0.11,0.10
2017-08-23,1429.38,1450.91,1454.64,1427.79,2486783,2703361236.00,1.88,1.54,21.95,0.20
2017-08-24,1447.55,1439.28,1456.05,1438.39,1618926,1817746525.00,1.22,-0.80,-11.63,0.13
2017-08-25,1441.83,1471.18,1471.70,1441.83,4714537,4517140786.00,2.08,2.22,31.90,0.38
2017-08-28,1472.47,1490.43,1501.80,1471.98,4362290,4486610080.00,2.03,1.31,19.25,0.35
2017-08-29,1492.09,1485.32,1492.09,1481.26,2323224,2568022769.00,0.73,-0.34,-5.11,0.18
2017-08-30,1484.07,1476.01,1492.06,1474.13,2044966,2193440749.00,1.21,-0.63,-9.31,0.16
2017-08-31,1476.15,1471.62,1476.29,1464.05,1958386,1942550243.00,0.83,-0.30,-4.39,0.16
2017-09-01,1470.40,1470.46,1474.92,1466.47,1977375,2096980931.00,0.57,-0.08,-1.16,0.16
2017-09-04,1467.62,1477.75,1477.75,1462.49,1764368,1940812511.00,1.04,0.50,7.29,0.14
2017-09-05,1476.71,1480.80,1489.78,1475.36,2154462,2288000503.00,0.98,0.21,3.05,0.17
2017-09-06,1477.66,1470.77,1477.66,1465.27,1667611,1795170741.00,0.84,-0.68,-10.03,0.13
2017-09-07,1469.49,1460.64,1472.87,1460.19,1343136,1472432958.00,0.86,-0.69,-10.13,0.11
2017-09-08,1460.65,1461.03,1466.45,1457.88,1075866,1137589531.00,0.59,0.03,0.39,0.09
2017-09-11,1462.64,1463.05,1467.00,1459.58,1702328,1708295026.00,0.51,0.14,2.02,0.14
2017-09-12,1463.53,1459.16,1463.53,1450.38,1857876,2012401676.00,0.90,-0.27,-3.89,0.15
2017-09-13,1456.49,1452.04,1456.82,1447.08,1380432,1485788752.00,0.67,-0.49,-7.12,0.11
2017-09-14,1451.43,1448.03,1456.23,1447.18,1484811,1565523194.00,0.62,-0.28,-4.01,0.12
2017-09-15,1446.87,1447.37,1450.47,1444.37,1110233,1159006821.00,0.42,-0.05,-0.66,0.09
2017-09-18,1447.96,1449.37,1452.45,1447.06,1042921,1125485894.00,0.37,0.14,2.00,0.08
2017-09-19,1448.83,1448.57,1455.00,1445.24,1469041,1465145352.00,0.67,-0.06,-0.80,0.12
2017-09-20,1447.03,1453.45,1453.72,1445.09,1404262,1493760696.00,0.60,0.34,4.88,0.11
2017-09-21,1451.14,1452.40,1459.38,1449.63,1168137,1252225051.00,0.67,-0.07,-1.05,0.09
2017-09-22,1450.09,1446.98,1458.91,1445.02,1406667,1481478849.00,0.96,-0.37,-5.42,0.11
2017-09-25,1442.29,1427.91,1442.37,1426.89,1603644,1730388915.00,1.07,-1.32,-19.07,0.13
2017-09-26,1425.67,1423.26,1429.74,1420.55,998219,1088339695.00,0.64,-0.33,-4.65,0.08
2017-09-27,1422.45,1414.68,1423.63,1414.03,1208261,1276503274.00,0.67,-0.60,-8.58,0.10
2017-09-28,1414.74,1403.85,1416.90,1403.46,1245370,1256865936.00,0.95,-0.77,-10.83,0.10
2017-09-29,1404.53,1409.18,1414.67,1404.53,976861,1024052418.00,0.72,0.38,5.33,0.08
2017-10-09,1443.09,1425.34,1446.73,1422.92,2285916,2312371085.00,1.69,1.15,16.16,0.18
2017-10-10,1423.13,1430.62,1430.62,1421.65,1298803,1353075257.00,0.63,0.37,5.28,0.10
2017-10-11,1429.99,1428.35,1432.17,1424.59,967347,1004860378.00,0.53,-0.16,-2.27,0.08
2017-10-12,1427.22,1423.76,1428.13,1422.46,894260,926331042.00,0.40,-0.32,-4.59,0.07
2017-10-13,1422.84,1424.41,1424.70,1420.90,895115,950888701.00,0.27,0.05,0.65,0.07
2017-10-16,1424.18,1427.00,1429.30,1422.20,1596063,1778781464.00,0.50,0.18,2.59,0.13
2017-10-17,1426.79,1428.83,1429.91,1425.47,1208829,1315268306.00,0.31,0.13,1.83,0.10
2017-10-18,1429.71,1424.03,1429.98,1421.96,1018452,1139973618.00,0.56,-0.34,-4.80,0.08
2017-10-19,1421.96,1401.47,1421.96,1401.08,1452991,1494465908.00,1.47,-1.58,-22.56,0.12
2017-10-20,1399.87,1402.52,1402.75,1397.09,865741,913998894.00,0.40,0.07,1.05,0.07
2017-10-23,1401.48,1395.28,1401.48,1394.51,1066033,1111328156.00,0.50,-0.52,-7.24,0.08
2017-10-24,1393.23,1393.19,1398.17,1391.60,1128494,1184066066.00,0.47,-0.15,-2.09,0.09
2017-10-25,1393.86,1397.61,1399.69,1391.32,903936,933616732.00,0.60,0.32,4.42,0.07
2017-10-26,1395.39,1395.66,1397.51,1389.08,1408570,1414575995.00,0.60,-0.14,-1.95,0.11
2017-10-27,1392.91,1416.15,1418.40,1391.45,2293248,2654978117.00,1.93,1.47,20.49,0.18
2017-10-30,1416.45,1405.50,1420.24,1401.47,2350955,2454088010.00,1.33,-0.75,-10.65,0.19
2017-10-31,1406.67,1402.83,1408.50,1397.49,1402669,1483589341.00,0.78,-0.19,-2.67,0.11
2017-11-01,1402.83,1398.66,1407.01,1396.82,1512426,1632138674.00,0.73,-0.30,-4.17,0.12
2017-11-02,1397.22,1398.65,1398.74,1390.50,1956254,1940916287.00,0.59,0.00,-0.01,0.16
2017-11-03,1396.33,1385.39,1396.91,1377.41,1670361,1693643449.00,1.39,-0.95,-13.26,0.13
2017-11-06,1382.60,1375.34,1383.15,1370.67,1583704,1553518882.00,0.90,-0.73,-10.05,0.13
2017-11-07,1375.12,1393.24,1396.20,1374.03,2021338,2073767029.00,1.61,1.30,17.90,0.16
2017-11-08,1389.13,1393.75,1402.22,1389.03,1633203,1712626332.00,0.95,0.04,0.51,0.13
2017-11-09,1391.73,1391.99,1397.10,1388.15,1139291,1152215798.00,0.64,-0.13,-1.76,0.09
2017-11-10,1390.28,1382.22,1390.28,1378.85,1474905,1521767707.00,0.82,-0.70,-9.77,0.12
2017-11-13,1381.73,1411.31,1424.02,1381.73,3363635,3596160752.00,3.06,2.10,29.09,0.27
2017-11-14,1408.70,1399.57,1408.70,1395.70,1825632,1949291979.00,0.92,-0.83,-11.74,0.15
2017-11-15,1396.69,1399.81,1406.54,1395.26,1629370,1783867171.00,0.81,0.02,0.24,0.13
2017-11-16,1376.72,1356.34,1376.72,1356.34,2274975,2614341221.00,1.46,-3.11,-43.47,0.18
2017-11-17,1335.61,1368.52,1372.32,1335.61,6186985,6934060652.00,2.71,0.90,12.18,0.49
2017-11-20,1352.38,1381.54,1381.69,1352.10,4598760,5219769156.00,2.16,0.95,13.02,0.37
2017-11-21,1377.96,1399.11,1404.52,1377.79,4392331,4896993816.00,1.93,1.27,17.57,0.35
2017-11-22,1400.70,1403.13,1416.83,1395.06,4277649,4607112599.00,1.56,0.29,4.02,0.34
2017-11-23,1400.83,1374.43,1407.69,1369.05,3609103,3898246016.00,2.75,-2.05,-28.70,0.29
2017-11-24,1372.80,1380.65,1380.81,1366.01,2101397,2248950252.00,1.08,0.45,6.22,0.17
2017-11-27,1375.54,1364.36,1376.12,1359.31,2183167,2353332249.00,1.22,-1.18,-16.29,0.17
2017-11-28,1360.52,1363.32,1365.06,1355.01,1419306,1544943001.00,0.74,-0.08,-1.04,0.11
2017-11-29,1362.09,1370.48,1371.29,1346.08,2488307,2662700001.00,1.85,0.53,7.16,0.20
2017-11-30,1363.24,1368.99,1377.38,1359.53,2029090,2182345861.00,1.30,-0.11,-1.49,0.16
2017-12-01,1366.47,1355.39,1366.62,1352.98,2106645,2204702884.00,1.00,-0.99,-13.60,0.17
2017-12-04,1353.52,1352.37,1360.26,1348.05,1808276,1882351110.00,0.90,-0.22,-3.02,0.14
2017-12-05,1352.03,1356.25,1362.15,1351.48,3145067,2978385125.00,0.79,0.29,3.88,0.25
2017-12-06,1355.16,1353.94,1355.16,1345.32,1597967,1675955406.00,0.73,-0.17,-2.31,0.13
2017-12-07,1352.18,1341.66,1355.90,1338.59,1734617,1819899893.00,1.28,-0.91,-12.28,0.14
2017-12-08,1341.68,1346.10,1347.52,1337.32,1733215,1759963909.00,0.76,0.33,4.44,0.14
2017-12-11,1345.36,1350.40,1354.27,1339.05,2642432,2536611559.00,1.13,0.32,4.30,0.21
2017-12-12,1348.58,1333.60,1350.57,1333.49,1538689,1509802198.00,1.26,-1.24,-16.80,0.12
2017-12-13,1331.77,1333.73,1336.80,1328.38,1398387,1360267650.00,0.63,0.01,0.13,0.11
2017-12-14,1334.22,1327.28,1336.61,1325.49,1274815,1270657576.00,0.83,-0.48,-6.45,0.10
2017-12-15,1325.21,1310.09,1325.21,1310.09,1632224,1686201016.00,1.14,-1.30,-17.19,0.13
2017-12-18,1309.91,1306.75,1315.35,1306.48,1232667,1271470738.00,0.68,-0.25,-3.34,0.10
2017-12-19,1307.51,1319.67,1323.11,1307.51,1668575,1797764328.00,1.19,0.99,12.92,0.13
2017-12-20,1317.66,1309.21,1318.06,1308.66,1383313,1431209720.00,0.71,-0.79,-10.46,0.11
2017-12-21,1306.89,1312.91,1317.57,1305.99,1737760,1755643064.00,0.88,0.28,3.70,0.14
2017-12-22,1311.47,1304.59,1314.54,1304.18,1152265,1185203114.00,0.79,-0.63,-8.32,0.09
2017-12-25,1303.14,1300.22,1312.18,1299.41,1264850,1347127558.00,0.98,-0.33,-4.37,0.10
2017-12-26,1298.19,1316.82,1320.83,1297.51,1942820,2035187045.00,1.79,1.28,16.60,0.15
2017-12-27,1313.05,1303.37,1320.17,1300.10,2279490,2203941220.00,1.52,-1.02,-13.45,0.18
2017-12-28,1300.23,1299.94,1312.52,1293.75,2004795,1947913824.00,1.44,-0.26,-3.43,0.16
2017-12-29,1298.31,1300.30,1302.20,1296.31,1309113,1340571992.00,0.45,0.03,0.36,0.10