MjAyMy0wMS0wMywxMC4wMiwxMC4xMSwxMC4xMiw5LjkwLDI3MDc5MiwyNzUzODg4NTguNzEsMi4yMCwwLjkwLDAuMDksMC41NA==
2023-01-04,10.12,10.23,10.28,10.09,251436,259982027.45,1.88,1.19,0.12,0.50
2023-01-05,10.27,10.54,10.56,10.25,505577,536804388.94,3.03,3.03,0.31,1.00
2023-01-06,10.52,10.49,10.59,10.42,228531,243298079.44,1.61,-0.47,-0.05,0.45
2023-01-09,10.61,10.71,10.74,10.55,335810,364382106.52,1.81,2.10,0.22,0.67
2023-01-10,10.69,10.57,10.71,10.54,263890,284127741.54,1.59,-1.31,-0.14,0.52
2023-01-11,10.57,10.52,10.65,10.49,177531,190461043.10,1.51,-0.47,-0.05,0.35
2023-01-12,10.54,10.59,10.64,10.51,183899,197514304.68,1.24,0.67,0.07,0.36
2023-01-13,10.61,10.77,10.77,10.58,320798,348471157.77,1.79,1.70,0.18,0.64
2023-01-16,10.82,10.81,10.96,10.74,369004,406851508.88,2.04,0.37,0.04,0.73
2023-01-17,10.82,10.78,10.87,10.72,214994,235210450.25,1.39,-0.28,-0.03,0.43
2023-01-18,10.81,10.79,10.91,10.74,192193,210905899.18,1.58,0.09,0.01,0.38
2023-01-19,10.80,10.89,10.90,10.70,256756,281735978.27,1.85,0.93,0.10,0.51
2023-01-20,10.91,10.91,10.94,10.84,222858,246273344.41,0.92,0.18,0.02,0.44
2023-01-30,11.09,11.08,11.17,10.98,472016,530325551.69,1.74,1.56,0.17,0.93
2023-01-31,11.08,11.05,11.19,11.02,334279,375868839.52,1.53,-0.27,-0.03,0.66
2023-02-01,11.09,11.34,11.34,11.08,434182,493852094.87,2.35,2.62,0.29,0.86
2023-02-02,11.41,11.29,11.49,11.27,408627,471775452.64,1.94,-0.44,-0.05,0.81
2023-02-03,11.24,11.42,11.51,11.05,578334,661951145.53,4.07,1.15,0.13,1.15
2023-02-06,11.46,11.52,11.81,11.26,879509,1034913144.02,4.82,0.88,0.10,1.74
2023-02-07,11.52,11.67,11.73,11.52,412902,487008879.49,1.82,1.30,0.15,0.82
2023-02-08,11.71,11.76,11.89,11.57,503466,599616608.56,2.74,0.77,0.09,1.00
2023-02-09,11.74,11.60,11.75,11.54,607683,715547907.21,1.79,-1.36,-0.16,1.20
2023-02-10,11.54,11.59,11.65,11.48,274711,322655553.54,1.47,-0.09,-0.01,0.54
2023-02-13,11.62,12.21,12.46,11.60,1478415,1822089531.15,7.42,5.35,0.62,2.93
2023-02-14,12.23,12.25,12.36,12.12,512968,635140803.34,1.97,0.33,0.04,1.02
2023-02-15,12.25,12.28,12.49,12.24,499895,626584413.11,2.04,0.24,0.03,0.99
2023-02-16,12.28,11.96,12.31,11.85,474525,581420244.87,3.75,-2.61,-0.32,0.94
2023-02-17,12.00,12.08,12.30,11.99,500032,615538758.05,2.59,1.00,0.12,0.99
2023-02-20,12.54,12.75,12.95,12.37,1782488,2299563574.72,4.80,5.55,0.67,3.53
2023-02-21,12.74,12.82,13.02,12.67,762240,992269827.12,2.75,0.55,0.07,1.51
2023-02-22,12.72,12.67,12.76,12.52,565015,723656652.39,1.87,-1.17,-0.15,1.12
2023-02-23,12.66,12.53,12.76,12.53,434202,555229812.68,1.82,-1.10,-0.14,0.86
2023-02-24,12.54,12.37,12.59,12.32,407663,511992429.24,2.15,-1.28,-0.16,0.81
2023-02-27,12.33,12.20,12.36,12.15,406270,503781145.13,1.70,-1.37,-0.17,0.80
2023-02-28,12.22,12.28,12.30,12.11,289522,357933738.11,1.56,0.66,0.08,0.57
2023-03-01,12.30,12.31,12.41,12.17,396356,494143479.79,1.95,0.24,0.03,0.79
2023-03-02,12.29,12.42,12.64,12.28,448605,568183203.34,2.92,0.89,0.11,0.89
2023-03-03,12.43,12.34,12.49,12.24,290779,363345745.88,2.01,-0.64,-0.08,0.58
2023-03-06,12.38,12.02,12.38,11.87,692417,843709938.90,4.13,-2.59,-0.32,1.37
2023-03-07,11.98,11.88,12.17,11.87,470322,572197164.64,2.50,-1.16,-0.14,0.93
2023-03-08,11.85,11.81,11.87,11.71,372645,445028788.05,1.35,-0.59,-0.07,0.74
2023-03-09,11.86,11.74,11.93,11.67,270678,323278265.50,2.20,-0.59,-0.07,0.54
2023-03-10,11.67,11.44,11.67,11.40,504586,587917818.97,2.30,-2.56,-0.30,1.00
2023-03-13,11.42,11.48,11.56,11.34,293239,339955238.99,1.92,0.35,0.04,0.58
2023-03-14,11.47,11.50,11.63,11.36,391893,456967526.55,2.35,0.17,0.02,0.78
2023-03-15,11.58,11.69,11.81,11.54,350941,415464529.04,2.35,1.65,0.19,0.70
2023-03-16,11.61,11.48,11.67,11.42,275601,322343089.72,2.14,-1.80,-0.21,0.55
2023-03-17,11.69,11.50,11.73,11.42,358415,420977780.61,2.70,0.17,0.02,0.71
2023-03-20,11.50,11.40,11.67,11.39,380390,444445394.27,2.43,-0.87,-0.10,0.75
2023-03-21,11.44,11.45,11.50,11.34,245510,284161375.13,1.40,0.44,0.05,0.49
2023-03-22,11.52,11.69,11.77,11.45,441360,521987581.26,2.79,2.10,0.24,0.87
2023-03-23,11.63,11.64,11.69,11.57,267533,315173385.20,1.03,-0.43,-0.05,0.53
2023-03-24,11.67,11.39,11.69,11.20,812217,937159159.25,4.21,-2.15,-0.25,1.61
2023-03-27,11.40,11.74,11.77,11.29,660632,779166659.73,4.21,3.07,0.35,1.31
2023-03-28,11.74,12.05,12.14,11.74,651174,792494733.82,3.41,2.64,0.31,1.29
2023-03-29,12.04,12.19,12.22,12.01,514174,632313651.11,1.74,1.16,0.14,1.02
2023-03-30,12.20,12.11,12.20,11.89,460186,560152506.60,2.54,-0.66,-0.08,0.91
2023-03-31,12.21,12.45,12.50,12.18,626124,787353681.80,2.64,2.81,0.34,1.24
2023-04-03,12.49,12.54,12.67,12.44,511598,649551449.41,1.85,0.72,0.09,1.01
2023-04-04,12.62,12.55,12.64,12.45,409348,520096450.03,1.52,0.08,0.01,0.81
2023-04-06,12.49,12.36,12.58,12.24,444376,557531768.07,2.71,-1.51,-0.19,0.88
2023-04-07,12.37,12.25,12.45,12.24,274838,343088769.96,1.70,-0.89,-0.11,0.54
2023-04-10,12.26,12.08,12.32,12.04,324716,399108896.94,2.29,-1.39,-0.17,0.64
2023-04-11,12.09,12.16,12.17,12.04,315588,387119945.84,1.08,0.66,0.08,0.63
2023-04-12,12.16,11.98,12.16,11.97,378587,462061649.23,1.56,-1.48,-0.18,0.75
2023-04-13,11.97,11.64,12.00,11.57,564548,672179116.94,3.59,-2.84,-0.34,1.12
2023-04-14,11.70,11.69,11.77,11.61,313922,371887711.61,1.37,0.43,0.05,0.62
2023-04-17,11.70,11.79,11.84,11.64,323822,385724512.20,1.71,0.86,0.10,0.64
2023-04-18,11.78,11.84,11.87,11.73,257630,308288752.22,1.19,0.42,0.05,0.51
2023-04-19,11.82,11.50,11.82,11.46,457998,537562532.60,3.04,-2.87,-0.34,0.91
2023-04-20,11.58,11.63,11.66,11.49,295993,347518597.37,1.48,1.13,0.13,0.59
2023-04-21,11.61,11.28,11.67,11.21,480980,555335588.40,3.96,-3.01,-0.35,0.95
2023-04-24,11.28,11.14,11.34,11.08,325739,369183635.12,2.30,-1.24,-0.14,0.65
2023-04-25,11.16,11.06,11.21,10.99,266947,300153203.59,1.97,-0.72,-0.08,0.53
2023-04-26,11.03,11.18,11.29,11.01,228318,258964554.65,2.53,1.08,0.12,0.45
2023-04-27,11.16,11.07,11.19,11.00,270196,303242638.02,1.70,-0.98,-0.11,0.54
2023-04-28,11.17,11.36,11.37,11.14,268480,307653052.04,2.08,2.62,0.29,0.53
2023-05-04,11.76,12.51,12.51,11.76,1551777,1936770631.30,6.60,10.12,1.15,3.07
2023-05-05,12.76,12.64,12.91,12.51,1447001,1858542367.42,3.20,1.04,0.13,2.87
2023-05-08,12.62,12.85,12.89,12.59,977472,1269137956.54,2.37,1.66,0.21,1.94
2023-05-09,12.83,12.46,12.83,12.45,797015,1020505091.92,2.96,-3.04,-0.39,1.58
2023-05-10,12.54,12.54,12.67,12.28,761763,963181662.60,3.13,0.64,0.08,1.51
2023-05-11,12.58,12.38,12.59,12.37,346772,437777831.64,1.75,-1.28,-0.16,0.69
2023-05-12,12.34,12.02,12.40,12.02,500537,616054058.02,3.07,-2.91,-0.36,0.99
2023-05-15,12.32,12.37,12.49,12.04,533601,660347590.80,3.74,2.91,0.35,1.06
2023-05-16,12.30,12.24,12.40,12.16,333479,414426888.42,1.94,-1.05,-0.13,0.66
2023-05-17,12.24,12.17,12.33,12.08,328945,405547036.38,2.04,-0.57,-0.07,0.65
2023-05-18,12.17,12.10,12.21,12.04,314149,385075587.82,1.40,-0.58,-0.07,0.62
2023-05-19,12.14,11.92,12.14,11.92,318570,387338531.44,1.82,-1.49,-0.18,0.63
2023-05-22,11.97,11.88,11.98,11.79,295584,355861849.02,1.59,-0.34,-0.04,0.59
2023-05-23,11.88,11.77,11.94,11.77,252525,303445267.38,1.43,-0.93,-0.11,0.50
2023-05-24,11.74,11.60,11.85,11.50,349719,414627028.15,2.97,-1.44,-0.17,0.69
2023-05-25,11.55,11.51,11.66,11.39,305289,356304038.66,2.33,-0.78,-0.09,0.60
2023-05-26,11.52,11.61,11.63,11.41,231144,270049045.22,1.91,0.87,0.10,0.46
2023-05-29,11.61,11.40,11.63,11.36,317613,368474402.19,2.33,-1.81,-0.21,0.63
2023-05-30,11.36,11.46,11.50,11.16,272303,314250302.51,2.98,0.53,0.06,0.54
2023-05-31,11.41,11.40,11.56,11.32,385056,446354082.43,2.09,-0.52,-0.06,0.76
2023-06-01,11.40,11.61,11.77,11.38,432481,509416147.87,3.42,1.84,0.21,0.86
2023-06-02,11.64,11.72,11.79,11.64,277234,329616897.78,1.29,0.95,0.11,0.55
2023-06-05,11.83,11.69,11.94,11.65,302630,360921547.67,2.47,-0.26,-0.03,0.60
2023-06-06,11.66,11.51,11.80,11.47,287728,339112913.01,2.82,-1.54,-0.18,0.57
2023-06-07,11.51,11.38,11.56,11.37,191345,221711271.03,1.65,-1.13,-0.13,0.38
2023-06-08,11.38,11.50,11.57,11.34,210255,244025437.92,2.02,1.05,0.12,0.42
2023-06-09,11.49,11.66,11.66,11.45,273930,320989710.03,1.83,1.39,0.16,0.54
2023-06-12,11.60,11.78,11.81,11.49,384830,456128963.76,2.74,1.03,0.12,0.76
2023-06-13,11.75,11.88,11.88,11.70,297289,355668215.70,1.53,0.85,0.10,0.59
2023-06-14,11.92,11.90,12.01,11.84,313860,379614202.41,1.43,0.17,0.02,0.62
2023-06-15,11.92,12.08,12.12,11.89,287238,350539317.32,1.93,1.51,0.18,0.57
2023-06-16,12.08,12.18,12.21,12.05,302216,371754676.38,1.32,0.83,0.10,0.60
2023-06-19,12.16,12.07,12.21,12.04,325118,398302840.05,1.40,-0.90,-0.11,0.64
2023-06-20,12.09,11.96,12.12,11.95,276407,336753416.08,1.41,-0.91,-0.11,0.55
2023-06-21,11.95,12.01,12.17,11.90,327649,399677139.91,2.26,0.42,0.05,0.65
2023-06-26,11.77,11.75,11.94,11.70,376659,450901970.51,2.00,-2.16,-0.26,0.75
2023-06-27,11.76,12.14,12.25,11.74,482494,590509587.68,4.34,3.32,0.39,0.96
2023-06-28,12.12,12.21,12.31,12.05,398248,491962912.34,2.14,0.58,0.07,0.79
2023-06-29,12.18,12.30,12.32,12.11,354005,439541499.16,1.72,0.74,0.09,0.70
2023-06-30,12.24,12.30,12.41,12.19,336911,420397020.00,1.79,0.00,0.00,0.67
2023-07-03,12.82,12.73,12.84,12.60,962099,1239168734.16,1.95,3.50,0.43,1.91
2023-07-04,12.73,12.66,12.82,12.59,519510,667025883.31,1.81,-0.55,-0.07,1.03
2023-07-05,12.65,12.57,12.71,12.54,390344,497984598.38,1.34,-0.71,-0.09,0.77
2023-07-06,12.56,12.55,12.73,12.44,437547,556371502.60,2.31,-0.16,-0.02,0.87
2023-07-07,12.49,12.49,12.55,12.40,264197,334000523.11,1.20,-0.48,-0.06,0.52
2023-07-10,12.51,12.57,12.74,12.48,372108,474082977.96,2.08,0.64,0.08,0.74
2023-07-11,12.56,12.70,12.72,12.53,369618,473480318.52,1.51,1.03,0.13,0.73
2023-07-12,12.72,12.50,12.88,12.46,481576,617355422.85,3.31,-1.57,-0.20,0.95
2023-07-13,12.47,12.50,12.59,12.46,338058,428193154.93,1.04,0.00,0.00,0.67
2023-07-14,12.47,12.46,12.54,12.37,333177,420087853.28,1.36,-0.32,-0.04,0.66
2023-07-17,12.46,12.50,12.54,12.38,250969,317171341.01,1.28,0.32,0.04,0.50
2023-07-18,12.50,12.56,12.62,12.46,320035,406926153.77,1.28,0.48,0.06,0.63
2023-07-19,12.52,12.59,12.61,12.49,221589,281744804.87,0.96,0.24,0.03,0.44
2023-07-20,12.59,12.44,12.72,12.41,266253,338645710.06,2.46,-1.19,-0.15,0.53
2023-07-21,12.42,12.39,12.52,12.32,225633,283496392.05,1.61,-0.40,-0.05,0.45
2023-07-24,12.39,12.41,12.47,12.33,187609,235851158.21,1.13,0.16,0.02,0.37
2023-07-25,12.53,12.65,12.76,12.53,415689,533174731.64,1.85,1.93,0.24,0.82
2023-07-26,12.62,12.40,12.68,12.38,348292,440779072.52,2.37,-1.98,-0.25,0.69
2023-07-27,12.44,12.36,12.56,12.36,204076,257497595.76,1.61,-0.32,-0.04,0.40
2023-07-28,12.33,12.77,12.83,12.25,609490,782127080.72,4.69,3.32,0.41,1.21
2023-07-31,12.82,13.04,13.08,12.82,735010,968842619.07,2.04,2.11,0.27,1.46
2023-08-01,12.97,12.84,13.04,12.84,396662,518678085.00,1.53,-1.53,-0.20,0.79
2023-08-02,12.82,12.84,12.96,12.77,255154,332105126.09,1.48,0.00,0.00,0.51
2023-08-03,12.77,12.80,12.84,12.67,237246,306486576.97,1.32,-0.31,-0.04,0.47
2023-08-04,12.85,12.84,12.99,12.83,284801,371513362.75,1.25,0.31,0.04,0.56
2023-08-07,12.82,12.83,12.88,12.74,210303,272898567.87,1.09,-0.08,-0.01,0.42
2023-08-08,12.83,12.67,12.86,12.61,220526,283785472.43,1.95,-1.25,-0.16,0.44
2023-08-09,12.67,12.62,12.74,12.59,218696,279913729.19,1.18,-0.39,-0.05,0.43
2023-08-10,12.62,12.63,12.72,12.50,264463,337658732.67,1.74,0.08,0.01,0.52
2023-08-11,12.63,12.14,12.63,12.10,567720,704736866.65,4.20,-3.88,-0.49,1.12
2023-08-14,12.01,12.08,12.14,11.82,319527,388273245.20,2.64,-0.49,-0.06,0.63
2023-08-15,12.08,12.02,12.18,11.93,222728,272062454.47,2.07,-0.50,-0.06,0.44
2023-08-16,11.99,11.95,12.06,11.85,201923,244623383.80,1.75,-0.58,-0.07,0.40
2023-08-17,11.91,12.10,12.11,11.82,211543,257234779.68,2.43,1.26,0.15,0.42
2023-08-18,12.08,11.94,12.19,11.94,171727,209823935.43,2.07,-1.32,-0.16,0.34
2023-08-21,11.93,11.76,12.06,11.76,222219,268026177.34,2.51,-1.51,-0.18,0.44
2023-08-22,11.82,11.80,11.94,11.66,258674,309144770.28,2.38,0.34,0.04,0.51
2023-08-23,11.81,11.65,11.86,11.65,169809,202040992.72,1.78,-1.27,-0.15,0.34
2023-08-24,11.67,11.65,11.77,11.61,193427,229169853.11,1.37,0.00,0.00,0.38
2023-08-25,11.68,11.61,11.75,11.58,220251,256515470.19,1.46,-0.34,-0.04,0.44
2023-08-28,12.25,11.90,12.29,11.86,494242,595818260.23,3.70,2.50,0.29,0.98
2023-08-29,11.93,11.86,12.01,11.83,477540,568237506.88,1.51,-0.34,-0.04,0.95
2023-08-30,11.87,11.79,11.92,11.76,290802,343822173.07,1.35,-0.59,-0.07,0.58
2023-08-31,11.93,11.80,12.08,11.80,378632,451185963.85,2.37,0.08,0.01,0.75
2023-09-01,11.88,12.09,12.10,11.88,437873,525953615.89,1.86,2.46,0.29,0.87
2023-09-04,12.19,12.60,12.62,12.16,720292,900096215.65,3.80,4.22,0.51,1.43
2023-09-05,12.52,12.55,12.63,12.51,339305,425896887.19,0.95,-0.40,-0.05,0.67
2023-09-06,12.50,12.39,12.55,12.35,248809,308627837.11,1.59,-1.27,-0.16,0.49