2022-01-04,30.14,30.57,31.57,29.81,9676,45012893.00,5.92,2.83,0.84,4.00
2022-01-05,30.56,30.74,31.19,29.94,6759,31322697.00,4.09,0.56,0.17,2.79
2022-01-06,30.74,30.52,31.04,30.40,5283,24402784.00,2.08,-0.72,-0.22,2.18
2022-01-07,30.54,29.64,30.68,29.47,7804,35175224.00,3.96,-2.88,-0.88,3.22
2022-01-10,29.65,30.04,30.46,29.43,3668,16597956.00,3.48,1.35,0.40,1.52
2022-01-11,29.97,30.07,30.36,29.71,2616,11875572.00,2.16,0.10,0.03,1.08
2022-01-12,30.21,32.17,32.67,30.07,13215,62652732.00,8.65,6.98,2.10,5.46
2022-01-13,32.48,32.23,32.70,31.97,4531,22050982.00,2.27,0.19,0.06,1.87
2022-01-14,32.31,33.00,34.43,32.31,10912,54823942.00,6.58,2.39,0.77,4.51
2022-01-17,33.15,33.04,33.38,32.36,5413,26836765.00,3.09,0.12,0.04,2.24
2022-01-18,34.33,32.76,34.33,32.48,7265,35986496.00,5.60,-0.85,-0.28,3.00
2022-01-19,32.62,32.56,33.07,32.36,6195,30593375.00,2.17,-0.61,-0.20,2.56
2022-01-20,32.45,33.15,34.95,32.21,12309,62811784.00,8.42,1.81,0.59,5.09
2022-01-21,32.72,32.80,34.06,32.60,7910,39695891.00,4.40,-1.06,-0.35,3.27
2022-01-24,31.67,33.68,33.77,31.67,8564,42754192.00,6.40,2.68,0.88,3.54
2022-01-25,33.68,32.78,34.15,32.48,7478,37327688.00,4.96,-2.67,-0.90,3.09
2022-01-26,33.08,31.56,33.20,31.48,6211,30063445.00,5.25,-3.72,-1.22,2.57
2022-01-27,31.68,30.74,31.88,30.14,5744,26618638.00,5.51,-2.60,-0.82,2.37
2022-01-28,30.60,32.43,32.93,30.15,7023,33032819.00,9.04,5.50,1.69,2.90
2022-02-07,32.57,32.88,33.23,31.95,6205,30496062.00,3.95,1.39,0.45,2.56
2022-02-08,33.06,32.81,33.06,32.22,3421,16809308.00,2.55,-0.21,-0.07,1.41
2022-02-09,33.28,33.74,34.93,33.28,14574,74929052.00,5.03,2.83,0.93,6.02
2022-02-10,34.09,32.59,34.09,32.49,6048,30165899.00,4.74,-3.41,-1.15,2.50
2022-02-11,32.81,32.47,32.81,32.01,4485,21904207.00,2.45,-0.37,-0.12,1.85
2022-02-14,32.35,32.87,33.07,32.35,3677,18156705.00,2.22,1.23,0.40,1.52
2022-02-15,32.74,33.62,34.01,32.68,4666,23621517.00,4.05,2.28,0.75,1.93
2022-02-16,33.63,33.89,34.11,33.50,3334,16970923.00,1.81,0.80,0.27,1.38
2022-02-17,34.20,34.19,34.27,33.56,3752,19222888.00,2.10,0.89,0.30,1.55
2022-02-18,33.76,35.09,35.74,33.76,8324,43921435.00,5.79,2.63,0.90,3.44
2022-02-21,35.07,35.88,35.91,34.69,6118,32683165.00,3.48,2.25,0.79,2.53
2022-02-22,35.53,35.82,36.36,35.31,5025,27123421.00,2.93,-0.17,-0.06,2.08
2022-02-23,35.92,35.94,36.26,35.82,3963,21524507.00,1.23,0.34,0.12,1.64
2022-02-24,34.49,33.80,35.56,33.56,15167,79014499.00,5.56,-5.95,-2.14,6.27
2022-02-25,34.19,34.46,34.95,34.09,7505,39169292.00,2.54,1.95,0.66,3.10
2022-02-28,34.96,34.95,35.28,34.04,4568,23904238.00,3.60,1.42,0.49,1.89
2022-03-01,35.07,36.49,36.99,34.63,11017,60132463.00,6.75,4.41,1.54,4.55
2022-03-02,36.35,37.63,38.14,35.93,8352,46881276.00,6.06,3.12,1.14,3.45
2022-03-03,37.70,36.62,37.98,36.36,6710,37325317.00,4.31,-2.68,-1.01,2.77
2022-03-04,36.63,35.28,37.16,35.03,8648,46662178.00,5.82,-3.66,-1.34,3.57
2022-03-07,35.20,34.62,35.54,34.42,6679,35147097.00,3.17,-1.87,-0.66,2.76
2022-03-08,34.62,34.28,35.32,33.95,6100,31851814.00,3.96,-0.98,-0.34,2.52
2022-03-09,34.69,34.75,35.14,32.79,13746,70573315.00,6.86,1.37,0.47,5.40
2022-03-10,35.29,34.59,35.94,34.49,8223,43460423.00,4.17,-0.46,-0.16,3.23
2022-03-11,34.51,35.42,35.42,32.73,8780,45214326.00,7.78,2.40,0.83,3.45
2022-03-14,35.25,33.98,35.42,33.74,5107,26544232.00,4.74,-4.07,-1.44,2.01
2022-03-15,33.65,32.64,34.07,32.49,6334,31818337.00,4.65,-3.94,-1.34,2.49
2022-03-16,32.87,32.50,33.48,30.66,7380,35759273.00,8.64,-0.43,-0.14,2.90
2022-03-17,32.95,33.24,34.03,32.51,6778,34120546.00,4.68,2.28,0.74,2.66
2022-03-18,33.54,33.26,33.80,32.78,5621,28044710.00,3.07,0.06,0.02,2.21
2022-03-21,33.69,35.52,36.13,33.03,10620,56374819.00,9.32,6.79,2.26,4.17
2022-03-22,35.32,34.89,35.67,34.49,6998,36793491.00,3.32,-1.77,-0.63,2.75
2022-03-23,34.54,34.94,35.42,34.54,4590,24254909.00,2.52,0.14,0.05,1.80
2022-03-24,34.87,35.09,35.39,34.49,3379,17845633.00,2.58,0.43,0.15,1.33
2022-03-25,35.66,35.81,36.87,34.92,7785,42216039.00,5.56,2.05,0.72,3.06
2022-03-28,35.64,35.59,36.12,35.16,3209,17273613.00,2.68,-0.61,-0.22,1.26
2022-03-29,35.96,35.37,36.02,35.16,5752,30782376.00,2.42,-0.62,-0.22,2.26
2022-03-30,35.62,35.66,35.74,35.06,3789,20288340.00,1.92,0.82,0.29,1.49
2022-03-31,35.13,35.92,36.11,35.02,4680,25197047.00,3.06,0.73,0.26,1.84
2022-04-01,35.71,35.52,35.91,35.22,4743,25379262.00,1.92,-1.11,-0.40,1.86
2022-04-06,35.18,34.83,35.74,34.67,4720,25011606.00,3.01,-1.94,-0.69,1.85
2022-04-07,34.87,33.89,34.87,33.76,4835,24769201.00,3.19,-2.70,-0.94,1.90
2022-04-08,33.56,35.09,35.09,33.22,4758,24484228.00,5.52,3.54,1.20,1.87
2022-04-11,34.67,34.82,35.45,34.38,4134,21768833.00,3.05,-0.77,-0.27,1.62
2022-04-12,34.71,35.81,35.93,34.27,5794,30764043.00,4.77,2.84,0.99,2.28
2022-04-13,35.97,35.86,36.16,35.07,4460,24037230.00,3.04,0.14,0.05,1.75
2022-04-14,35.83,36.16,36.16,35.58,4800,25922531.00,1.62,0.84,0.30,1.89
2022-04-15,36.13,38.30,41.32,36.13,24521,142267172.00,14.35,5.92,2.14,9.63
2022-04-18,39.27,38.33,40.54,37.60,25547,150518999.00,7.68,0.08,0.03,10.03
2022-04-19,38.50,46.05,46.05,37.96,41726,271517152.00,21.11,20.14,7.72,16.39
2022-04-20,48.52,46.44,49.70,45.38,46060,330068672.00,9.38,0.85,0.39,18.09
2022-04-21,47.51,48.07,50.53,46.87,34837,254174015.00,7.88,3.51,1.63,13.68
2022-04-22,49.63,52.53,52.53,49.11,35519,270360320.00,7.11,9.28,4.46,13.95
2022-04-25,54.21,52.57,59.14,52.57,45018,377189360.00,12.51,0.08,0.04,17.68
2022-04-26,53.14,62.03,63.14,52.20,46343,404794896.00,20.81,18.00,9.46,18.20
2022-04-27,60.43,62.01,62.83,55.80,32707,292087424.00,11.33,-0.03,-0.02,12.84
2022-04-28,60.96,64.03,66.34,59.22,30022,284484496.00,11.48,3.26,2.02,11.79
2022-04-29,64.15,75.05,76.89,63.23,36345,387212208.00,21.33,17.21,11.02,14.27
2022-05-05,77.53,90.11,90.11,76.60,33194,414463856.00,18.00,20.07,15.06,13.04
2022-05-06,93.18,79.27,98.70,78.60,65081,845973392.00,22.31,-12.03,-10.84,25.56
2022-05-09,80.48,83.35,85.96,78.61,48741,603268720.00,9.27,5.15,4.08,19.14
2022-05-10,81.94,97.99,99.99,80.94,43200,589380528.00,22.86,17.56,14.64,16.97
2022-05-11,96.64,89.49,96.65,80.28,65411,864805136.00,16.71,-8.67,-8.50,25.69
2022-05-12,86.63,86.16,90.41,83.62,34268,444820992.00,7.59,-3.72,-3.33,13.46
2022-05-13,87.96,81.61,88.57,80.75,34197,427178976.00,9.08,-5.28,-4.55,13.43
2022-05-16,81.35,86.02,87.22,81.32,34098,436434960.00,7.23,5.40,4.41,13.39
2022-05-17,86.14,97.99,101.85,86.14,35735,507704448.00,18.26,13.92,11.97,14.03
2022-05-18,96.79,100.80,104.31,93.31,36479,546811408.00,11.23,2.87,2.81,14.33
2022-05-19,99.32,93.12,102.67,91.50,34789,500837600.00,11.08,-7.62,-7.68,13.66
2022-05-20,93.31,86.63,94.57,86.55,31551,421416256.00,8.61,-6.97,-6.49,12.39
2022-05-23,87.29,86.63,91.41,86.02,24433,325519984.00,6.22,0.00,0.00,9.60
2022-05-24,87.88,84.03,89.95,81.84,31965,408054224.00,9.36,-3.00,-2.60,12.55
2022-05-25,84.10,94.69,96.11,84.10,37311,513367504.00,14.29,12.69,10.66,14.65
2022-05-26,94.57,96.05,99.91,92.64,27302,395279744.00,7.68,1.44,1.36,10.72
2022-05-27,97.32,96.81,101.79,92.64,27858,407054000.00,9.53,0.79,0.76,10.94
2022-05-30,96.00,109.34,110.36,94.65,30812,480364608.00,16.23,12.94,12.53,12.10
2022-05-31,108.82,111.39,112.27,105.18,25201,412268560.00,6.48,1.87,2.05,9.90
2022-06-01,110.06,115.74,123.91,110.06,31446,555167024.00,12.43,3.91,4.35,12.35
2022-06-02,116.61,122.72,122.72,113.40,23727,422366960.00,8.05,6.03,6.98,9.32
2022-06-06,124.20,110.99,126.06,107.21,32187,553283776.00,15.36,-9.56,-11.73,12.64
2022-06-07,111.34,120.30,121.92,109.94,24314,427011584.00,10.79,8.39,9.31,9.55
2022-06-08,119.38,116.03,123.96,113.47,19207,340123280.00,8.72,-3.55,-4.27,7.54
2022-06-09,114.41,123.32,123.38,113.40,19245,349186048.00,8.60,6.28,7.29,7.56
2022-06-10,122.78,125.93,132.67,121.68,20109,380937984.00,8.91,2.12,2.61,7.90
2022-06-13,125.40,120.97,126.73,117.72,17469,314279696.00,7.15,-3.94,-4.96,6.86
2022-06-14,119.38,119.07,123.62,118.08,12407,225349118.00,4.58,-1.57,-1.90,4.87
2022-06-15,117.71,121.59,122.39,112.70,20440,358552256.00,8.14,2.12,2.52,8.03
2022-06-16,121.39,108.10,129.40,108.00,28381,511969648.00,17.60,-11.09,-13.49,11.15
2022-06-17,110.80,116.57,116.84,110.69,24633,420895088.00,5.69,7.84,8.47,9.67
2022-06-20,125.42,123.26,131.27,122.79,21308,402790912.00,7.27,5.74,6.69,8.37
2022-06-21,123.46,126.40,128.71,120.72,16371,307211952.00,6.48,2.55,3.14,6.43
2022-06-22,128.07,123.86,129.93,123.42,11164,210163587.00,5.15,-2.01,-2.54,4.38
2022-06-23,122.72,119.43,124.89,118.16,15582,281503616.00,5.43,-3.58,-4.43,6.12
2022-06-24,119.38,119.48,122.05,116.95,13093,233769644.00,4.27,0.04,0.05,5.14
2022-06-27,119.30,111.57,120.72,110.86,20798,355808576.00,8.25,-6.62,-7.91,8.17
2022-06-28,112.36,108.48,115.17,105.89,22292,367100720.00,8.32,-2.77,-3.09,8.75
2022-06-29,108.35,107.41,110.02,101.72,17073,270264992.00,7.65,-0.99,-1.07,6.70
2022-06-30,107.12,106.28,108.02,103.54,10163,162172574.00,4.17,-1.05,-1.13,3.90
2022-07-01,106.06,107.51,112.32,103.34,13137,213936356.00,8.45,1.16,1.23,5.04
2022-07-04,108.11,107.78,109.21,104.01,9944,159034174.00,4.84,0.25,0.27,3.82
2022-07-05,107.41,115.77,117.01,107.29,20474,345856496.00,9.02,7.41,7.99,7.86
2022-07-06,115.37,116.41,121.38,114.43,14224,250337350.00,6.00,0.55,0.64,5.46
2022-07-07,116.26,112.19,117.03,110.77,12502,211107760.00,5.38,-3.63,-4.22,4.80
2022-07-08,111.76,108.42,113.03,108.37,8016,132308259.00,4.15,-3.36,-3.77,3.08
2022-07-11,106.67,108.02,109.35,103.78,9105,145156278.00,5.14,-0.37,-0.40,3.50
2022-07-12,108.02,102.00,108.02,99.19,16401,252220621.00,8.17,-5.57,-6.02,6.30
2022-07-13,102.53,100.26,104.01,99.43,9419,143698165.00,4.49,-1.71,-1.74,3.62
2022-07-14,100.03,101.29,103.34,99.66,7942,120833313.00,3.67,1.03,1.03,3.05
2022-07-15,100.00,96.06,102.87,95.96,14554,215497531.00,6.82,-5.16,-5.23,5.59
2022-07-18,94.65,94.35,96.08,91.51,16527,232819624.00,4.76,-1.78,-1.71,6.35
2022-07-19,93.71,93.74,97.53,93.71,8104,115997467.00,4.05,-0.65,-0.61,3.11
2022-07-20,94.05,95.24,97.69,93.32,9131,131077996.00,4.66,1.60,1.50,3.51
2022-07-21,93.68,96.79,102.52,93.68,18556,275447425.00,9.28,1.63,1.55,7.12
2022-07-22,96.79,94.38,98.64,92.65,13913,199718697.00,6.19,-2.49,-2.41,5.34
2022-07-25,94.78,91.08,96.65,90.64,11805,164549483.00,6.37,-3.50,-3.30,4.53
2022-07-26,91.81,91.80,92.75,87.70,12684,171791073.00,5.54,0.79,0.72,4.87
2022-07-27,92.10,91.18,94.22,90.64,9245,128079713.00,3.90,-0.68,-0.62,3.55
2022-07-28,91.77,92.37,93.97,88.26,12826,175752871.00,6.26,1.31,1.19,4.92
2022-07-29,92.37,89.15,94.75,87.96,13748,188123994.00,7.35,-3.49,-3.22,5.28
2022-08-01,87.56,89.50,89.90,86.29,8194,109053228.00,4.05,0.39,0.35,3.15
2022-08-02,88.97,87.23,91.61,86.16,11534,152087324.00,6.09,-2.54,-2.27,4.43
2022-08-03,87.95,86.72,89.53,85.96,7639,100328091.00,4.09,-0.58,-0.51,2.93
2022-08-04,87.64,92.80,94.76,85.29,15794,214088189.00,10.92,7.01,6.08,6.06
2022-08-05,92.64,91.63,94.44,90.53,12714,175385652.00,4.21,-1.26,-1.17,4.88
2022-08-08,92.25,95.30,96.52,90.87,10972,154882959.00,6.17,4.01,3.67,4.21
2022-08-09,96.65,96.65,97.85,93.98,9983,143652367.00,4.06,1.42,1.35,3.83
2022-08-10,96.06,97.27,98.66,95.72,7526,109757142.00,3.04,0.64,0.62,2.89
2022-08-11,97.26,96.59,97.49,95.30,7509,108474328.00,2.25,-0.70,-0.68,2.88
2022-08-12,96.65,97.10,99.97,95.62,10224,151078762.00,4.50,0.53,0.51,3.93
2022-08-15,96.43,93.18,96.65,91.98,10713,150364960.00,4.81,-4.04,-3.92,4.11
2022-08-16,93.98,93.63,96.50,92.18,6297,89026891.00,4.64,0.48,0.45,2.42
2022-08-17,93.58,90.26,94.30,89.33,8986,122945587.00,5.31,-3.60,-3.37,3.45
2022-08-18,89.33,85.96,92.91,84.42,16633,219496835.00,9.41,-4.76,-4.30,6.39
2022-08-19,85.93,78.94,85.93,78.94,17475,212896742.00,8.13,-8.17,-7.02,6.71
2022-08-22,78.58,75.69,78.72,75.26,12618,145629614.00,4.38,-4.12,-3.25,4.84
2022-08-23,76.67,75.60,77.27,75.03,8705,99303656.00,2.96,-0.12,-0.09,3.34
2022-08-24,75.63,70.80,75.93,70.70,14688,159767882.00,6.92,-6.35,-4.80,5.64
2022-08-25,71.84,70.16,73.06,69.11,10258,109057181.00,5.58,-0.90,-0.64,3.94
2022-08-26,70.92,69.28,74.05,68.58,10347,110818057.00,7.80,-1.25,-0.88,3.97
2022-08-29,69.25,70.27,71.05,67.91,6695,69838235.00,4.53,1.43,0.99,2.57
2022-08-30,70.45,70.68,72.25,69.41,7728,82311575.00,4.04,0.58,0.41,2.97
2022-08-31,70.68,67.71,70.68,66.51,8311,84977240.00,5.90,-4.20,-2.97,3.19
2022-09-01,68.32,68.98,69.80,67.07,5685,58608819.00,4.03,1.88,1.27,2.18
2022-09-02,69.90,67.14,69.91,66.64,5735,58545595.00,4.74,-2.67,-1.84,2.20
2022-09-05,67.32,71.99,77.15,67.32,16313,177525357.00,14.64,7.22,4.85,6.26
2022-09-06,72.31,73.65,75.08,70.05,10878,118275903.00,6.99,2.31,1.66,4.18
2022-09-07,73.93,71.92,74.59,71.59,8177,89643714.00,4.07,-2.35,-1.73,3.14
2022-09-08,71.93,69.38,72.51,68.66,8872,93347711.00,5.35,-3.53,-2.54,3.41
2022-09-09,63.23,67.70,76.25,63.23,21727,221830771.00,18.77,-2.42,-1.68,2.81
2022-09-13,67.13,63.97,68.13,63.76,16528,162641500.00,6.45,-5.51,-3.73,2.14
2022-09-14,61.96,61.76,62.90,59.90,23581,217174608.00,4.69,-3.45,-2.21,3.05
2022-09-15,61.93,58.97,62.78,58.26,14151,127511870.00,7.32,-4.52,-2.79,1.83
2022-09-16,58.89,58.78,60.65,57.02,15306,135764523.00,6.16,-0.32,-0.19,1.98
2022-09-19,59.22,59.55,62.35,58.70,9949,89993204.00,6.21,1.31,0.77,1.29
2022-09-20,59.55,60.90,61.52,58.55,8764,78915155.00,4.99,2.27,1.35,1.13
2022-09-21,61.30,61.76,62.42,59.77,9590,88563643.00,4.35,1.41,0.86,1.24
2022-09-22,61.22,62.72,63.23,60.81,8104,75774227.00,3.92,1.55,0.96,1.05
2022-09-23,63.11,60.14,63.21,58.89,9921,90356333.00,6.89,-4.11,-2.58,1.28
2022-09-26,59.75,62.01,64.35,59.09,15313,143467433.00,8.75,3.11,1.87,1.98
2022-09-27,62.08,63.17,64.80,61.47,12535,118904133.00,5.37,1.87,1.16,1.62
2022-09-28,63.23,62.11,64.57,61.92,11945,113538642.00,4.20,-1.68,-1.06,1.55
2022-09-29,62.31,61.81,63.64,61.49,6781,63680940.00,3.46,-0.48,-0.30,0.88
2022-09-30,61.94,63.20,64.35,61.61,11271,107287598.00,4.43,2.25,1.39,1.46
2022-10-10,64.40,59.42,65.24,58.89,13159,122128704.00,10.05,-5.98,-3.78,1.70
2022-10-11,59.42,58.71,59.62,56.55,8634,75663986.00,5.17,-1.19,-0.71,1.12
2022-10-12,59.21,61.12,61.16,58.65,9047,81324120.00,4.28,4.10,2.41,1.17
2022-10-13,61.02,57.35,61.56,56.95,15656,138111357.00,7.54,-6.17,-3.77,2.03
2022-10-14,57.48,64.85,65.09,57.48,35128,328440203.00,13.27,13.08,7.50,4.55
2022-10-17,64.85,60.44,64.88,59.94,30940,286669534.00,7.62,-6.80,-4.41,4.00
2022-10-18,60.44,68.64,69.58,59.24,38546,377003404.00,17.11,13.57,8.20,4.99
2022-10-19,67.57,71.17,73.93,66.69,44460,464846563.00,10.55,3.69,2.53,5.75
2022-10-20,71.18,70.35,73.93,69.27,30298,237826629.00,6.55,-1.15,-0.82,2.88
2022-10-21,70.37,68.33,70.64,64.45,38948,291122769.00,8.80,-2.87,-2.02,3.71
2022-10-24,68.55,66.91,69.41,65.76,19403,144179132.00,5.34,-2.08,-1.42,1.85
2022-10-25,66.25,72.03,72.91,66.25,30358,233703931.00,9.95,7.65,5.12,2.89
2022-10-26,72.57,75.35,76.37,71.82,29185,240346852.00,6.32,4.61,3.32,2.78
2022-10-27,76.07,75.71,78.64,73.91,30492,257330285.00,6.28,0.48,0.36,2.90
2022-10-28,76.87,72.91,77.91,72.11,32292,265535142.00,7.66,-3.70,-2.80,3.07
2022-10-31,76.82,68.73,77.60,67.45,44865,354259904.00,13.92,-5.73,-4.18,4.27
2022-11-01,69.15,72.89,73.27,67.91,26995,211130494.00,7.80,6.05,4.16,2.57
2022-11-02,73.15,71.60,75.65,71.04,22283,180779557.00,6.32,-1.77,-1.29,2.12
2022-11-03,70.75,75.09,76.18,69.27,31711,255319864.00,9.65,4.87,3.49,3.02
2022-11-04,74.97,74.45,76.08,73.64,21619,178415436.00,3.25,-0.85,-0.64,2.06
2022-11-07,71.87,72.11,72.91,70.82,23730,187699694.00,2.81,-3.14,-2.34,2.26
2022-11-08,72.09,71.07,72.85,69.73,15439,121188625.00,4.33,-1.44,-1.04,1.47
2022-11-09,71.23,67.87,71.61,67.62,18806,143975954.00,5.61,-4.50,-3.20,1.79
2022-11-10,67.73,69.21,71.47,67.73,21927,169646893.00,5.51,1.97,1.34,2.09
2022-11-11,70.63,70.28,73.72,69.90,29630,235007128.00,5.52,1.55,1.07,2.82
2022-11-14,69.80,68.79,70.61,68.19,18180,138589053.00,3.44,-2.12,-1.49,1.73
2022-11-15,69.27,69.73,70.18,68.44,12325,94203325.00,2.53,1.37,0.94,1.17
2022-11-16,69.46,67.91,69.67,66.79,20084,151146711.00,4.13,-2.61,-1.82,1.91
2022-11-17,67.88,66.18,68.43,65.41,13834,101332830.00,4.45,-2.55,-1.73,1.32
2022-11-18,65.73,65.86,66.59,65.07,12035,87379376.00,2.30,-0.48,-0.32,1.15
2022-11-21,65.70,66.55,66.90,64.16,8926,64377036.00,4.16,1.05,0.69,0.85
2022-11-22,66.09,63.39,66.44,63.19,15013,107166050.00,4.88,-4.75,-3.16,1.43
2022-11-23,63.17,60.96,63.29,60.64,12524,85304006.00,4.18,-3.83,-2.43,1.19
2022-11-24,61.01,62.42,63.05,60.84,10789,73720774.00,3.63,2.40,1.46,1.03
2022-11-25,62.67,61.31,62.80,61.11,5730,38891977.00,2.71,-1.78,-1.11,0.55
2022-11-28,60.66,60.18,61.78,59.83,8214,55020371.00,3.18,-1.84,-1.13,0.78
2022-11-29,61.91,64.18,64.65,61.91,17319,121975809.00,4.55,6.65,4.00,1.65
2022-11-30,64.00,61.64,65.06,61.42,12482,86369737.00,5.67,-3.96,-2.54,1.19
2022-12-01,62.00,62.83,63.68,61.73,11322,78960597.00,3.16,1.93,1.19,1.08
2022-12-02,62.74,66.32,67.52,62.27,20371,146224612.00,8.36,5.55,3.49,1.94
2022-12-05,66.05,67.01,67.87,64.89,13621,100204089.00,4.49,1.04,0.69,1.30
2022-12-06,66.57,65.92,67.80,65.85,10092,74335652.00,2.91,-1.63,-1.09,0.96
2022-12-07,65.64,66.30,67.36,65.39,8605,63146025.00,2.99,0.58,0.38,0.82
2022-12-08,66.32,66.36,67.31,65.18,6170,45433536.00,3.21,0.09,0.06,0.59
2022-12-09,65.91,67.33,68.54,65.47,13123,98275671.00,4.63,1.46,0.97,1.25
2022-12-12,67.27,67.12,67.71,66.03,6814,50459161.00,2.50,-0.31,-0.21,0.65
2022-12-13,67.12,65.09,67.44,64.65,11707,84860187.00,4.16,-3.02,-2.03,1.11
2022-12-14,66.00,64.09,66.00,63.46,6839,48662566.00,3.90,-1.54,-1.00,0.65
2022-12-15,63.71,63.34,64.09,62.74,7081,49530669.00,2.11,-1.17,-0.75,0.67
2022-12-16,63.48,62.00,63.48,61.53,8327,57140965.00,3.08,-2.12,-1.34,0.79
2022-12-19,61.96,59.79,62.63,59.63,7107,47639823.00,4.84,-3.56,-2.21,0.68
2022-12-20,59.66,59.09,60.73,57.92,8139,53246715.00,4.70,-1.17,-0.70,0.77
2022-12-21,58.59,57.08,59.36,56.54,9767,61894885.00,4.77,-3.40,-2.01,0.93
2022-12-22,57.45,56.85,58.45,56.55,6399,40684888.00,3.33,-0.40,-0.23,0.61
2022-12-23,56.75,56.38,57.70,56.26,6383,40080924.00,2.53,-0.83,-0.47,0.61
2022-12-26,56.80,57.53,57.89,56.39,3773,23895219.00,2.66,2.04,1.15,0.36
2022-12-27,57.62,58.34,59.74,57.05,9356,60616168.00,4.68,1.41,0.81,0.89
2022-12-28,57.73,61.93,62.48,57.64,11279,74741215.00,8.30,6.15,3.59,1.07
2022-12-29,60.91,62.87,63.91,60.68,13062,90091645.00,5.22,1.52,0.94,1.24
2022-12-30,65.18,63.18,66.07,62.95,14454,102450032.00,4.96,0.49,0.31,1.38