2024-01-02,9350.74,9339.30,9386.31,9318.11,547315,2231085030.00,0.73,-0.07,-6.86,0.41
2024-01-03,9400.45,9369.98,9444.76,9329.71,551555,2126073771.00,1.23,0.33,30.68,0.42
2024-01-04,9385.86,9554.88,9566.10,9381.06,743967,2835142346.00,1.97,1.97,184.90,0.56
2024-01-05,9556.09,9699.75,9763.06,9498.24,1237883,4637270923.00,2.77,1.52,144.87,0.93
2024-01-08,9701.64,9577.08,9701.64,9568.57,759572,3045190354.00,1.37,-1.26,-122.67,0.57
2024-01-09,9626.45,9809.06,9826.37,9473.06,824982,3012877456.00,3.69,2.42,231.98,0.62
2024-01-10,9804.15,9933.23,9974.19,9772.44,721555,2624828038.00,2.06,1.27,124.17,0.54
2024-01-11,9902.16,9834.80,9920.14,9797.98,603211,2365388244.00,1.23,-0.99,-98.43,0.45
2024-01-12,9809.89,9856.61,9917.96,9787.09,538517,2258629243.00,1.33,0.22,21.81,0.41
2024-01-15,9826.10,10021.87,10062.52,9826.10,601370,2326897618.00,2.40,1.68,165.26,0.45
2024-01-16,10020.20,10265.34,10266.59,9946.81,759971,3204654864.00,3.19,2.43,243.47,0.57
2024-01-17,10226.45,10207.76,10347.87,10207.76,643329,2689100049.00,1.36,-0.56,-57.58,0.48
2024-01-18,10194.25,10189.91,10205.52,9958.69,920246,3842297616.00,2.42,-0.17,-17.85,0.69
2024-01-19,10144.73,10165.16,10232.13,10076.45,614921,2654367346.00,1.53,-0.24,-24.75,0.46
2024-01-22,10127.40,9958.69,10166.78,9897.48,820351,3474708252.00,2.65,-2.03,-206.47,0.62
2024-01-23,9929.86,10051.08,10102.38,9864.54,714237,2938535216.00,2.39,0.93,92.39,0.54
2024-01-24,10050.37,10381.71,10387.06,10050.37,696122,2851206259.00,3.35,3.29,330.63,0.52
2024-01-25,10381.57,10278.88,10415.13,10260.56,704029,2846050353.00,1.49,-0.99,-102.83,0.53
2024-01-26,10268.32,10382.23,10412.19,10255.79,829871,3474948790.00,1.52,1.01,103.35,0.62
2024-01-29,10532.18,10632.74,10687.36,10455.16,1294778,5324838476.00,2.24,2.41,250.51,0.97
2024-01-30,10564.08,10592.66,10717.10,10494.90,937592,3875407973.00,2.09,-0.38,-40.08,0.71
2024-01-31,10458.12,10550.33,10648.64,10458.12,921459,3748023990.00,1.80,-0.40,-42.33,0.69
2024-02-01,10498.56,10507.01,10583.08,10468.16,798039,3425873866.00,1.09,-0.41,-43.32,0.60
2024-02-02,10490.64,10632.92,10692.45,10412.03,960538,3966126859.00,2.67,1.20,125.91,0.72
2024-02-05,10560.65,10706.17,10759.81,10524.33,1223540,5361679513.00,2.21,0.69,73.25,0.92
2024-02-06,10658.40,10929.65,11006.40,10658.40,1255515,5338424971.00,3.25,2.09,223.48,0.95
2024-02-07,10849.28,11142.38,11150.61,10796.35,1324537,5828835373.00,3.24,1.95,212.73,1.00
2024-02-08,11156.09,10944.32,11472.12,10876.25,1048108,4541897027.00,5.35,-1.78,-198.06,0.79
2024-02-19,11062.57,11053.42,11093.98,10884.93,959126,4255497156.00,1.91,1.00,109.10,0.72
2024-02-20,11058.19,11386.06,11388.12,11018.60,910400,4014650202.00,3.34,3.01,332.64,0.69
2024-02-21,11295.60,11304.53,11446.36,11203.07,836091,3753133001.00,2.14,-0.72,-81.53,0.63
2024-02-22,11272.45,11337.31,11371.24,11214.16,563391,2530835913.00,1.39,0.29,32.78,0.42
2024-02-23,11354.78,11142.36,11354.78,11088.03,832940,4045403262.00,2.35,-1.72,-194.95,0.63
2024-02-26,11275.05,11383.27,11552.76,11275.05,925253,4233892861.00,2.49,2.16,240.91,0.70
2024-02-27,11391.19,11753.47,11793.83,11348.80,787419,3532293363.00,3.91,3.25,370.20,0.59
2024-02-28,11786.87,11717.75,11835.02,11653.98,684459,3168872248.00,1.54,-0.30,-35.72,0.52
2024-02-29,11699.71,11870.29,11935.50,11699.71,904495,4617800461.00,2.01,1.30,152.54,0.68
2024-03-01,11901.73,12136.93,12136.93,11884.31,878242,4232797437.00,2.13,2.25,266.64,0.66
2024-03-04,12200.25,12299.91,12426.19,12161.40,986244,4792169918.00,2.18,1.34,162.98,0.74
2024-03-05,12232.02,12229.79,12262.36,12017.95,867078,4236628561.00,1.99,-0.57,-70.12,0.65
2024-03-06,12185.52,12184.44,12325.85,12155.93,548880,2701611158.00,1.39,-0.37,-45.35,0.41
2024-03-07,12223.74,12423.12,12507.86,12187.19,810462,4021566124.00,2.63,1.96,238.68,0.61
2024-03-08,12387.08,12415.94,12470.33,12237.46,587562,2984137059.00,1.87,-0.06,-7.18,0.44
2024-03-11,12395.13,12248.85,12448.36,12071.14,811462,3883286088.00,3.04,-1.35,-167.09,0.61
2024-03-12,12216.45,11821.92,12216.45,11764.92,1494359,6961435404.00,3.69,-3.49,-426.93,1.13
2024-03-13,11762.55,11841.69,11858.45,11658.21,848988,4022830624.00,1.69,0.17,19.77,0.64
2024-03-14,11826.20,11887.62,11963.56,11826.20,727124,3592885119.00,1.16,0.39,45.93,0.55
2024-03-15,11886.25,11719.99,11886.25,11661.88,809155,3705290573.00,1.89,-1.41,-167.63,0.61
2024-03-18,11764.75,11527.54,11764.75,11502.57,1020415,4874684772.00,2.24,-1.64,-192.45,0.77
2024-03-19,11512.67,11512.78,11624.96,11508.05,664130,3213246824.00,1.01,-0.13,-14.76,0.50
2024-03-20,11469.63,11498.88,11513.19,11378.68,784786,3796528011.00,1.17,-0.12,-13.90,0.59
2024-03-21,11505.75,11284.66,11505.75,11258.08,766368,3733787617.00,2.15,-1.86,-214.22,0.58
2024-03-22,11287.44,11535.96,11570.11,11287.44,807730,4020921485.00,2.50,2.23,251.30,0.61
2024-03-25,11496.44,11701.00,11848.04,11496.44,715758,3301264535.00,3.05,1.43,165.04,0.54
2024-03-26,11661.03,11652.78,11718.40,11604.14,651042,3045739673.00,0.98,-0.41,-48.22,0.49
2024-03-27,11632.86,11839.91,11974.71,11632.86,900334,4280556601.00,2.93,1.61,187.13,0.68
2024-03-28,11903.20,12024.49,12176.27,11779.76,1021304,5040701719.00,3.35,1.56,184.58,0.77
2024-03-29,12006.21,12089.93,12169.78,11979.66,562195,2781395136.00,1.58,0.54,65.44,0.42
2024-04-01,12164.08,12441.55,12497.74,12006.98,809562,3987077420.00,4.06,2.91,351.62,0.61
2024-04-02,12399.57,12440.53,12461.36,12367.05,588306,2902828846.00,0.76,-0.01,-1.02,0.44
2024-04-03,12410.65,12587.45,12637.41,12410.45,516875,2572942077.00,1.82,1.18,146.92,0.39
2024-04-08,12695.34,12471.73,12695.34,12451.07,766817,3830712349.00,1.94,-0.92,-115.72,0.58
2024-04-09,12509.05,12319.87,12541.77,12295.47,851527,3765279231.00,1.97,-1.22,-151.86,0.64
2024-04-10,12231.77,12294.89,12436.61,12231.77,605895,2776118783.00,1.66,-0.20,-24.98,0.46
2024-04-11,12248.18,12391.88,12459.19,12220.80,535163,2518508729.00,1.94,0.79,96.99,0.40
2024-04-12,12430.49,12534.31,12617.19,12357.28,608378,2884714251.00,2.10,1.15,142.43,0.46
2024-04-15,12551.94,12932.68,12932.68,12482.59,859478,4184297195.00,3.59,3.18,398.37,0.65
2024-04-16,12914.70,12944.26,13099.16,12780.71,911149,4667719632.00,2.46,0.09,11.58,0.69
2024-04-17,12841.77,13009.28,13013.40,12717.95,682196,3343627215.00,2.28,0.50,65.02,0.51
2024-04-18,12993.66,13217.66,13392.54,12993.66,969885,5050518044.00,3.07,1.60,208.38,0.73
2024-04-19,13153.54,13275.10,13309.33,13153.54,615405,3300967297.00,1.18,0.43,57.44,0.46
2024-04-22,13280.65,13099.94,13483.08,13000.03,699652,3628574196.00,3.64,-1.32,-175.16,0.53
2024-04-23,13029.91,12965.54,13077.75,12782.22,740205,3974087656.00,2.26,-1.03,-134.40,0.56
2024-04-24,12924.88,12864.48,12934.24,12680.59,634508,3307503266.00,1.96,-0.78,-101.06,0.48
2024-04-25,12983.48,12983.06,13083.83,12901.10,501704,2559736955.00,1.42,0.92,118.58,0.38
2024-04-26,13021.08,13211.27,13243.94,12996.69,642348,3196561595.00,1.90,1.76,228.21,0.48
2024-04-29,13213.45,13268.88,13322.94,13001.70,964222,4766446265.00,2.43,0.44,57.61,0.73
2024-04-30,13275.23,13794.66,13971.49,13275.23,1680332,8590094383.00,5.25,3.96,525.78,1.27
2024-05-06,13937.31,14400.52,14489.47,13876.55,1420849,7348993201.00,4.44,4.39,605.86,1.07
2024-05-07,14281.75,14170.15,14358.14,14143.91,864734,4547459364.00,1.49,-1.60,-230.37,0.65
2024-05-08,14122.37,14128.65,14242.02,14107.92,552701,2835873503.00,0.95,-0.29,-41.50,0.42
2024-05-09,14173.71,14359.20,14400.81,14081.66,641955,3553873380.00,2.26,1.63,230.55,0.48
2024-05-10,14383.61,14467.61,14513.67,14287.22,692605,3623369360.00,1.58,0.75,108.41,0.52
2024-05-13,14416.82,14659.58,14698.45,14265.31,718257,3895293140.00,2.99,1.33,191.97,0.54
2024-05-14,14643.97,14335.30,14643.97,14228.59,881895,4884150550.00,2.83,-2.21,-324.28,0.66
2024-05-15,14359.13,14430.41,14551.70,14329.35,611424,3412030406.00,1.55,0.66,95.11,0.46
2024-05-16,14407.51,14365.73,14423.61,14232.61,660642,3452799576.00,1.32,-0.45,-64.68,0.50
2024-05-17,14287.03,14165.45,14389.54,13923.33,981686,5170981515.00,3.25,-1.39,-200.28,0.74
2024-05-20,14087.44,13905.12,14112.81,13845.56,952536,5022213272.00,1.89,-1.84,-260.33,0.72
2024-05-21,13897.44,13909.97,14035.05,13865.28,671424,3402400749.00,1.22,0.03,4.85,0.51
2024-05-22,13898.56,13711.30,13898.56,13681.02,592538,3078423536.00,1.56,-1.43,-198.67,0.45
2024-05-23,13683.82,13692.31,13762.58,13589.02,636540,3200669141.00,1.27,-0.14,-18.99,0.48
2024-05-24,13618.74,13803.74,13885.01,13608.50,565909,2976814245.00,2.02,0.81,111.43,0.43
2024-05-27,13797.94,14155.12,14280.83,13773.64,842850,4298515325.00,3.67,2.55,351.38,0.63
2024-05-28,14119.36,14056.14,14137.24,13950.58,531095,2692081022.00,1.32,-0.70,-98.98,0.40
2024-05-29,13968.20,13901.28,14004.14,13839.55,553441,2878008128.00,1.17,-1.10,-154.86,0.42
2024-05-30,13828.17,13820.27,14019.40,13794.14,461755,2374011263.00,1.62,-0.58,-81.01,0.35
2024-05-31,13848.99,13734.45,13890.06,13708.57,667185,3355377762.00,1.31,-0.62,-85.82,0.50
2024-06-03,13699.03,13806.80,13971.54,13609.39,783236,4086420342.00,2.64,0.53,72.35,0.59
2024-06-04,13767.45,13893.01,13933.64,13599.89,631772,3312069416.00,2.42,0.62,86.21,0.48
2024-06-05,13844.39,13521.42,13911.75,13489.95,694001,3489474635.00,3.04,-2.67,-371.59,0.52
2024-06-06,13467.45,13764.51,13872.33,13467.45,947473,4946249584.00,2.99,1.80,243.09,0.71
2024-06-07,13707.75,13602.97,13707.75,13423.51,794736,4192039187.00,2.07,-1.17,-161.54,0.60
2024-06-11,13531.15,13533.36,13755.39,13406.64,777946,3964082850.00,2.56,-0.51,-69.61,0.59
2024-06-12,13513.61,13600.68,13666.74,13425.83,546872,2841225765.00,1.78,0.50,67.32,0.41
2024-06-13,13362.46,13352.23,13554.14,13282.63,708319,3476757011.00,2.00,-1.83,-248.45,0.53
2024-06-14,13294.55,13534.56,13642.80,13294.55,881572,4467255126.00,2.61,1.37,182.33,0.66
2024-06-17,13415.45,13347.80,13563.83,13283.57,667054,3286604057.00,2.07,-1.38,-186.76,0.50
2024-06-18,13330.42,13394.73,13425.64,13212.53,476352,2429588129.00,1.60,0.35,46.93,0.36
2024-06-19,13375.32,13265.81,13375.32,13071.08,710699,3642118547.00,2.27,-0.96,-128.92,0.54
2024-06-20,13247.38,13251.60,13317.57,13193.06,571190,2950319238.00,0.94,-0.11,-14.21,0.43
2024-06-21,13235.77,13171.62,13327.87,13108.61,557183,2781312389.00,1.65,-0.60,-79.98,0.42
2024-06-24,13135.09,13313.21,13391.91,13129.28,685368,3479206014.00,1.99,1.07,141.59,0.52
2024-06-25,13295.34,13414.11,13555.00,13259.97,626784,3139121413.00,2.22,0.76,100.90,0.47
2024-06-26,13392.57,13191.88,13401.58,13117.68,621167,3022830994.00,2.12,-1.66,-222.23,0.47
2024-06-27,13090.25,12732.43,13090.25,12652.38,1018706,4492767766.00,3.32,-3.48,-459.45,0.77
2024-06-28,12579.96,12557.96,12722.25,12501.56,800551,3594357206.00,1.73,-1.37,-174.47,0.60
2024-07-01,12503.51,12438.77,12715.81,12423.98,634001,2853198577.00,2.32,-0.95,-119.19,0.48
2024-07-02,12387.23,12161.79,12387.23,12115.39,864825,3910810507.00,2.19,-2.23,-276.98,0.65
2024-07-03,12160.51,12015.38,12191.37,12015.38,555772,2468210996.00,1.45,-1.20,-146.41,0.42
2024-07-04,12037.72,12073.94,12284.33,12004.37,783452,3611622005.00,2.33,0.49,58.56,0.59
2024-07-05,12040.72,11948.09,12061.66,11763.25,776992,3505945055.00,2.47,-1.04,-125.85,0.58
2024-07-08,11911.81,11935.42,11983.64,11828.25,572383,2580698788.00,1.30,-0.11,-12.67,0.43
2024-07-09,11900.07,11914.22,11977.13,11795.34,664901,2957996779.00,1.52,-0.18,-21.20,0.50
2024-07-10,11938.68,11760.26,11981.53,11735.06,594063,2529719468.00,2.07,-1.29,-153.96,0.45
2024-07-11,11810.76,11981.70,12010.00,11663.94,783379,3512718004.00,2.94,1.88,221.44,0.59
2024-07-12,11926.94,12174.74,12218.18,11926.94,750966,3383886987.00,2.43,1.61,193.04,0.57
2024-07-15,12081.20,11988.41,12102.80,11945.47,517846,2307413570.00,1.29,-1.53,-186.33,0.39
2024-07-16,11937.43,11913.26,11965.89,11814.34,563056,2580275256.00,1.26,-0.63,-75.15,0.42
2024-07-17,11860.69,11706.84,11860.69,11547.01,907262,4467684230.00,2.63,-1.73,-206.42,0.68
2024-07-18,11609.05,11872.66,11916.74,11609.05,844493,4050711781.00,2.63,1.42,165.82,0.64
2024-07-19,11807.01,11808.28,11839.06,11706.96,536790,2550976627.00,1.11,-0.54,-64.38,0.40
2024-07-22,11795.44,11842.20,11976.47,11759.29,580144,2597436689.00,1.84,0.29,33.92,0.44
2024-07-23,11839.15,11554.39,11847.65,11554.39,523018,2344093581.00,2.48,-2.43,-287.81,0.39
2024-07-24,11518.40,11239.35,11594.06,11183.15,914775,4376342946.00,3.56,-2.73,-315.04,0.69
2024-07-25,11179.15,11162.76,11255.10,11119.48,641577,2970368909.00,1.21,-0.68,-76.59,0.48
2024-07-26,11816.07,11992.87,11999.10,11813.83,1664821,7724618354.00,1.66,7.44,830.11,1.25
2024-07-29,12195.99,12067.49,12216.42,11899.77,968022,3882204025.00,2.64,0.62,74.62,0.73
2024-07-30,11987.39,11670.69,11987.39,11551.40,852746,3534172859.00,3.61,-3.29,-396.80,0.64
2024-07-31,11636.69,12280.55,12330.80,11590.49,1091683,4996572018.00,6.34,5.23,609.86,0.82
2024-08-01,12250.28,12267.09,12556.75,12250.28,860431,3860805546.00,2.50,-0.11,-13.46,0.65
2024-08-02,12208.09,12103.77,12372.89,12067.19,656493,2948644610.00,2.49,-1.33,-163.32,0.49
2024-08-05,12054.35,11982.57,12431.61,11982.57,1114703,5172190408.00,3.71,-1.00,-121.20,0.84
2024-08-06,12028.81,11802.85,12130.60,11739.38,871622,4125271676.00,3.26,-1.50,-179.72,0.66
2024-08-07,11780.37,11813.82,11901.45,11673.92,593462,2810439466.00,1.93,0.09,10.97,0.45
2024-08-08,11788.96,11893.26,11942.48,11689.03,486670,2111056499.00,2.15,0.67,79.44,0.37
2024-08-09,11867.65,11786.08,12060.01,11781.22,410352,1837494871.00,2.34,-0.90,-107.18,0.31
2024-08-12,11783.27,11896.15,12014.96,11753.47,431465,1992176244.00,2.22,0.93,110.07,0.32
2024-08-13,11899.65,11785.36,11926.51,11693.18,388986,1643186965.00,1.96,-0.93,-110.79,0.29
2024-08-14,11786.81,11593.24,11786.81,11583.85,397397,1616360999.00,1.72,-1.63,-192.12,0.30
2024-08-15,11547.04,11559.56,11637.20,11498.88,625209,2648257810.00,1.19,-0.29,-33.68,0.47
2024-08-16,11569.33,11609.96,11696.87,11520.57,565054,2440331832.00,1.53,0.44,50.40,0.43
2024-08-19,11602.29,11674.96,11849.25,11582.36,576469,2473358528.00,2.30,0.56,65.00,0.43
2024-08-20,11716.41,11623.40,11716.41,11507.50,646163,2952060080.00,1.79,-0.44,-51.56,0.49
2024-08-21,11547.08,11516.00,11616.24,11416.97,519072,2381735692.00,1.71,-0.92,-107.40,0.39
2024-08-22,11530.16,11616.25,11676.52,11459.51,687925,3196236694.00,1.88,0.87,100.25,0.52
2024-08-23,11606.76,11938.48,12083.50,11606.76,948068,4297673443.00,4.10,2.77,322.23,0.71
2024-08-26,12010.40,12003.43,12067.19,11780.74,828305,4042410239.00,2.40,0.54,64.95,0.62
2024-08-27,11927.74,11879.40,11952.49,11823.19,634274,3092955114.00,1.08,-1.03,-124.03,0.48
2024-08-28,11849.97,11657.06,11898.01,11606.17,744538,3470647118.00,2.46,-1.87,-222.34,0.56
2024-08-29,11607.21,11567.75,11746.88,11563.89,597233,2784544584.00,1.57,-0.77,-89.31,0.45
2024-08-30,11519.51,11899.46,12096.02,11472.61,1007829,4513165164.00,5.39,2.87,331.71,0.76
2024-09-02,11956.17,12037.29,12220.42,11956.17,960375,4110232210.00,2.22,1.16,137.83,0.72
2024-09-03,11979.22,12382.47,12407.97,11979.22,775460,3413840367.00,3.56,2.87,345.18,0.58
2024-09-04,12364.42,12357.39,12535.91,12248.27,757470,3445918604.00,2.32,-0.20,-25.08,0.57
2024-09-05,12334.99,12167.58,12376.12,12134.12,777782,3996275813.00,1.96,-1.54,-189.81,0.59
2024-09-06,12150.06,12089.90,12315.43,12085.77,506741,2432250673.00,1.89,-0.64,-77.68,0.38
2024-09-09,11969.69,11747.93,12024.43,11687.05,979980,4873549114.00,2.79,-2.83,-341.97,0.74
2024-09-10,11705.73,11733.11,11802.61,11670.13,689496,3410002881.00,1.13,-0.13,-14.82,0.52
2024-09-11,11693.42,11868.87,11994.84,11565.16,761717,3768112739.00,3.66,1.16,135.76,0.57
2024-09-12,11869.23,11773.89,12024.00,11739.01,653909,3062251637.00,2.40,-0.80,-94.98,0.49
2024-09-13,11732.84,11808.97,11974.44,11698.37,693155,3341946657.00,2.34,0.30,35.08,0.52
2024-09-18,11744.74,12249.68,12250.28,11744.74,782413,3671716793.00,4.28,3.73,440.71,0.59
2024-09-19,11977.74,12464.69,12495.38,11977.74,1040010,5033438564.00,4.23,1.76,215.01,0.78
2024-09-20,12395.43,12606.54,12642.32,12377.29,864408,4312155264.00,2.13,1.14,141.85,0.65
2024-09-23,12624.29,12784.44,12895.60,12624.29,824568,4212046736.00,2.15,1.41,177.90,0.62
2024-09-24,12863.18,12897.66,12916.14,12497.15,1239066,6131675386.00,3.28,0.89,113.22,0.93
2024-09-25,12976.57,13132.11,13435.70,12976.57,1502186,7840011340.00,3.56,1.82,234.45,1.13
2024-09-26,13147.91,13981.03,13985.81,13138.70,1320699,6848500005.00,6.45,6.46,848.92,0.99
2024-09-27,14318.07,14166.27,14530.69,13872.81,2079030,11302339052.00,4.71,1.32,185.24,1.57
2024-09-30,14417.25,15198.90,15198.90,14340.19,2902480,16747467501.00,6.06,7.29,1032.63,2.19
2024-10-08,16718.64,15801.70,16718.64,15231.15,2973146,18856055482.00,9.79,3.97,602.80,2.24
2024-10-09,15402.96,14569.01,15402.96,14410.24,2302595,13253515772.00,6.28,-7.80,-1232.69,1.73
2024-10-10,14649.58,15025.35,15330.56,14649.58,1597029,9514783900.00,4.67,3.13,456.34,1.20
2024-10-11,15007.17,14634.83,15079.51,14478.39,986827,5584822584.00,4.00,-2.60,-390.52,0.74
2024-10-14,14691.53,14886.24,14985.93,14566.23,1190204,6874621247.00,2.87,1.72,251.41,0.90
2024-10-15,14872.21,14360.31,14872.21,14347.23,890538,5133930008.00,3.53,-3.53,-525.93,0.67
2024-10-16,14140.75,14132.62,14244.30,13916.12,910465,5048308528.00,2.29,-1.59,-227.69,0.69
2024-10-17,14208.59,13855.27,14368.38,13831.91,890655,5071073317.00,3.80,-1.96,-277.35,0.67
2024-10-18,13816.03,14190.44,14437.13,13816.03,1083690,5938727958.00,4.48,2.42,335.17,0.82
2024-10-21,14215.08,14025.09,14215.08,13800.28,1003444,5307587788.00,2.92,-1.17,-165.35,0.76
2024-10-22,14033.72,14377.41,14537.38,14000.77,1015498,5655449193.00,3.83,2.51,352.32,0.76
2024-10-23,14393.70,14290.31,14465.44,14231.06,762958,4116100300.00,1.63,-0.61,-87.10,0.57
2024-10-24,14246.64,14116.31,14278.73,14064.66,455274,2480179154.00,1.50,-1.22,-174.00,0.34
2024-10-25,14104.47,14123.09,14229.66,14031.86,581299,3132897462.00,1.40,0.05,6.78,0.44
2024-10-28,14159.37,14095.94,14241.85,13987.52,698633,3807000084.00,1.80,-0.19,-27.15,0.53
2024-10-29,14086.25,13991.89,14234.87,13949.32,706176,3906115481.00,2.03,-0.74,-104.05,0.53
2024-10-30,13950.99,13789.30,14148.57,13666.29,959758,5243554523.00,3.45,-1.45,-202.59,0.72
2024-10-31,13585.68,13330.13,13585.68,13149.60,1767459,8774733518.00,3.16,-3.33,-459.17,1.33
2024-11-01,13296.46,13388.57,13516.00,13207.66,1138427,5878242734.00,2.31,0.44,58.44,0.86
2024-11-04,13385.20,13582.37,13582.37,13356.31,947103,4520606216.00,1.69,1.45,193.80,0.71
2024-11-05,13567.44,13678.66,13753.88,13348.20,1211752,6249552709.00,2.99,0.71,96.29,0.91
2024-11-06,13668.89,13343.51,13668.89,13295.93,1511298,7755152906.00,2.73,-2.45,-335.15,1.14
2024-11-07,13228.48,13715.47,13715.47,13205.41,1575155,8037574065.00,3.82,2.79,371.96,1.19
2024-11-08,13836.95,14042.26,14276.16,13591.10,1753357,8956998038.00,4.99,2.38,326.79,1.32
2024-11-11,13850.67,13792.86,13886.61,13650.12,1254603,6370598235.00,1.68,-1.78,-249.40,0.94
2024-11-12,13799.29,13925.19,14333.28,13799.29,1538663,8108333312.00,3.87,0.96,132.33,1.16
2024-11-13,13869.67,13955.45,14062.69,13861.28,1050673,5791130434.00,1.45,0.22,30.26,0.79
2024-11-14,13916.09,13854.60,14139.68,13793.01,998991,5445967822.00,2.48,-0.72,-100.85,0.75
2024-11-15,13773.75,13577.38,13916.35,13519.20,901158,4733988048.00,2.87,-2.00,-277.22,0.68
2024-11-18,13568.88,13388.32,13704.78,13333.20,763388,4064594431.00,2.74,-1.39,-189.06,0.57
2024-11-19,13379.04,13500.58,13561.15,13353.32,617518,3152935435.00,1.55,0.84,112.26,0.46
2024-11-20,13467.57,13528.46,13546.29,13366.25,623422,3171971571.00,1.33,0.21,27.88,0.47
2024-11-21,13502.11,13436.27,13502.11,13353.89,696682,3456214872.00,1.10,-0.68,-92.19,0.52
2024-11-22,13410.70,13155.84,13704.24,13146.73,1022579,5285567814.00,4.15,-2.09,-280.43,0.77
2024-11-25,13126.16,13082.57,13381.04,13006.19,903580,4749648702.00,2.85,-0.56,-73.27,0.68
2024-11-26,13016.11,12969.15,13153.48,12941.71,785819,3879791631.00,1.62,-0.87,-113.42,0.59
2024-11-27,12955.68,13143.40,13143.40,12930.57,822550,4025319043.00,1.64,1.34,174.25,0.62
2024-11-28,13182.05,12855.21,13182.05,12828.95,784061,3905630092.00,2.69,-2.19,-288.19,0.59
2024-11-29,12831.54,12968.60,13051.39,12831.54,755782,3763651330.00,1.71,0.88,113.39,0.57
2024-12-02,12955.44,13002.97,13046.88,12810.30,863124,4446112295.00,1.82,0.27,34.37,0.65
2024-12-03,12998.35,13022.30,13027.00,12921.60,746974,3883914809.00,0.81,0.15,19.33,0.56
2024-12-04,13024.06,13167.22,13337.87,12957.57,1199107,6434662268.00,2.92,1.11,144.92,0.90
2024-12-05,13166.42,13112.58,13291.26,13075.03,742245,4131277270.00,1.64,-0.41,-54.64,0.56
2024-12-06,13104.52,13258.32,13308.89,13070.03,940009,5221286447.00,1.82,1.11,145.74,0.71
2024-12-09,13189.25,13274.10,13441.91,13073.06,881488,4829289268.00,2.78,0.12,15.78,0.66
2024-12-10,13789.88,13599.14,13932.64,13589.21,1600227,8314057909.00,2.59,2.45,325.04,1.20
2024-12-11,13548.23,13877.16,13934.00,13548.23,854333,4501705295.00,2.84,2.04,278.02,0.64
2024-12-12,13872.64,14041.67,14076.11,13810.36,760648,4013852354.00,1.92,1.19,164.51,0.57
2024-12-13,13978.90,13716.23,13978.90,13652.24,960552,5079503421.00,2.33,-2.32,-325.44,0.72
2024-12-16,13704.44,13627.50,13732.15,13490.66,691662,3682857667.00,1.76,-0.65,-88.73,0.52
2024-12-17,13628.77,13638.83,13860.51,13593.77,701116,3764724386.00,1.96,0.08,11.33,0.53
2024-12-18,13697.14,13734.69,13822.01,13697.14,624280,3265285096.00,0.92,0.70,95.86,0.47
2024-12-19,13648.00,13842.18,13969.39,13606.54,784446,4079173882.00,2.64,0.78,107.49,0.59
2024-12-20,13840.01,13704.05,13884.19,13694.43,640695,3320635355.00,1.37,-1.00,-138.13,0.48
2024-12-23,13696.39,13992.90,14082.67,13696.39,1044990,5137414586.00,2.82,2.11,288.85,0.79
2024-12-24,13958.17,14287.05,14408.16,13958.17,1192432,6252424572.00,3.22,2.10,294.15,0.90
2024-12-25,14281.52,14178.36,14356.85,14123.96,701174,3769721992.00,1.63,-0.76,-108.69,0.53
2024-12-26,14169.67,14154.47,14171.04,14009.40,639279,3517694083.00,1.14,-0.17,-23.89,0.48
2024-12-27,14154.47,14028.34,14154.47,13935.82,651421,3418045521.00,1.54,-0.89,-126.13,0.49
2024-12-30,14000.72,14070.33,14209.91,14000.72,678661,3653314362.00,1.49,0.30,41.99,0.51
2024-12-31,14061.30,13934.66,14161.17,13922.94,867972,4657552490.00,1.69,-0.96,-135.67,0.65