MjAxOS0wMS0wMiwyLjE1LDIuMTMsMi4xNiwyLjEzLDEwMzM2MCwyMjE0NzY4Ny4wMCwxLjQyLDAuNDcsMC4wMSwxLjA0
2019-01-03,2.16,2.13,2.17,2.11,96543,20713944.00,2.82,0.00,0.00,0.97
2019-01-04,2.10,2.24,2.25,2.09,191637,41930492.00,7.51,5.16,0.11,1.92
2019-01-07,2.23,2.30,2.35,2.21,196912,45054481.00,6.25,2.68,0.06,1.98
2019-01-08,2.32,2.28,2.33,2.26,118248,26999245.00,3.04,-0.87,-0.02,1.19
2019-01-09,2.31,2.29,2.35,2.27,170993,39494820.00,3.51,0.44,0.01,1.72
2019-01-10,2.31,2.29,2.33,2.26,160686,36835783.00,3.06,0.00,0.00,1.61
2019-01-11,2.29,2.52,2.52,2.29,548485,135958086.00,10.04,10.04,0.23,5.51
2019-01-14,2.77,2.77,2.77,2.60,663398,181520002.00,6.75,9.92,0.25,6.66
2019-01-15,2.90,2.74,3.05,2.72,1920208,570329600.00,11.91,-1.08,-0.03,19.29
2019-01-16,2.56,2.76,2.84,2.51,1378120,361700384.00,12.04,0.73,0.02,13.84
2019-01-17,2.66,2.58,2.70,2.57,846743,222404089.00,4.71,-6.52,-0.18,8.50
2019-01-18,2.58,2.47,2.65,2.45,673683,170686866.00,7.75,-4.26,-0.11,6.77
2019-01-21,2.50,2.52,2.58,2.43,494935,123378756.00,6.07,2.02,0.05,4.97
2019-01-22,2.48,2.45,2.53,2.45,327573,80967026.00,3.17,-2.78,-0.07,3.29
2019-01-23,2.46,2.43,2.48,2.40,302475,73793205.00,3.27,-0.82,-0.02,3.04
2019-01-24,2.45,2.41,2.46,2.41,250105,60755655.00,2.06,-0.82,-0.02,2.51
2019-01-25,2.43,2.35,2.46,2.35,287217,68996513.00,4.56,-2.49,-0.06,2.88
2019-01-28,2.37,2.31,2.38,2.31,195463,45771508.00,2.98,-1.70,-0.04,1.96
2019-01-29,2.29,2.27,2.31,2.16,239785,53783422.00,6.49,-1.73,-0.04,2.41
2019-01-30,2.04,2.04,2.12,2.04,628565,129659225.00,3.52,-10.13,-0.23,6.31
2019-01-31,2.00,2.00,2.08,1.95,266235,53912970.00,6.37,-1.96,-0.04,2.67
2019-02-01,2.00,2.06,2.07,2.00,146243,29839298.00,3.50,3.00,0.06,1.47
2019-02-11,2.08,2.27,2.27,2.07,267982,58986746.00,9.71,10.19,0.21,2.69
2019-02-12,2.34,2.32,2.40,2.28,432598,100639343.00,5.29,2.20,0.05,4.35
2019-02-13,2.33,2.32,2.34,2.27,327558,75531228.00,3.02,0.00,0.00,3.29
2019-02-14,2.35,2.34,2.35,2.31,278976,64889555.00,1.72,0.86,0.02,2.80
2019-02-15,2.34,2.40,2.50,2.32,404315,97812135.00,7.69,2.56,0.06,4.06
2019-02-18,2.42,2.48,2.48,2.36,410161,99728595.00,5.00,3.33,0.08,4.12
2019-02-19,2.53,2.48,2.57,2.39,495438,122428872.00,7.26,0.00,0.00,4.98
2019-02-20,2.46,2.45,2.46,2.40,349124,84967767.00,2.42,-1.21,-0.03,3.51
2019-02-21,2.43,2.41,2.48,2.38,385916,93636326.00,4.08,-1.63,-0.04,3.88
2019-02-22,2.40,2.44,2.45,2.36,367726,88593187.00,3.73,1.24,0.03,3.69
2019-02-25,2.46,2.60,2.68,2.44,730127,186386039.00,9.84,6.56,0.16,7.33
2019-02-26,2.64,2.78,2.86,2.56,1242263,343588784.00,11.54,6.92,0.18,12.48
2019-02-27,2.70,2.78,2.85,2.68,880946,243775278.00,6.12,0.00,0.00,8.85
2019-02-28,2.76,2.75,2.97,2.70,785556,221604108.00,9.71,-1.08,-0.03,7.89
2019-03-01,2.68,2.71,2.73,2.60,573971,152817909.00,4.73,-1.45,-0.04,5.77
2019-03-04,2.70,2.73,2.81,2.67,636963,174520526.00,5.17,0.74,0.02,6.40
2019-03-05,2.73,2.91,2.94,2.68,858588,242778180.00,9.52,6.59,0.18,8.62
2019-03-06,2.92,3.01,3.05,2.81,1010726,296681472.00,8.25,3.44,0.10,10.15
2019-03-07,2.97,3.19,3.30,2.93,1184784,373803344.00,12.29,5.98,0.18,11.90
2019-03-08,3.06,2.87,3.09,2.87,977154,291553440.00,6.90,-10.03,-0.32,9.81
2019-03-11,2.80,2.99,2.99,2.78,593493,173175977.00,7.32,4.18,0.12,5.96
2019-03-12,3.02,3.05,3.12,2.95,756733,230188108.00,5.69,2.01,0.06,7.60
2019-03-13,3.07,3.08,3.19,2.98,904043,279534352.00,6.89,0.98,0.03,9.08
2019-03-14,3.01,2.87,3.08,2.82,574354,167610660.00,8.44,-6.82,-0.21,5.77
2019-03-15,2.89,2.90,2.99,2.85,414343,120794412.00,4.88,1.05,0.03,4.16
2019-03-18,2.91,3.02,3.05,2.82,540908,161129580.00,7.93,4.14,0.12,5.43
2019-03-19,3.08,3.03,3.15,3.00,553721,168973450.00,4.97,0.33,0.01,5.56
2019-03-20,2.94,2.95,2.97,2.86,640034,186614219.00,3.63,-2.64,-0.08,6.43
2019-03-21,2.94,3.04,3.14,2.91,825113,248581422.00,7.80,3.05,0.09,8.29
2019-03-22,3.00,3.01,3.04,2.93,471103,140473709.00,3.62,-0.99,-0.03,4.73
2019-03-25,2.93,2.90,2.98,2.88,371059,108685238.00,3.32,-3.65,-0.11,3.73
2019-03-26,2.89,2.72,2.92,2.69,575912,160012458.00,7.93,-6.21,-0.18,5.78
2019-03-27,2.72,2.64,2.75,2.59,378402,100371995.00,5.88,-2.94,-0.08,3.80
2019-03-28,2.63,2.61,2.69,2.60,276711,72903666.00,3.41,-1.14,-0.03,2.78
2019-03-29,2.62,2.70,2.70,2.56,330715,87482120.00,5.36,3.45,0.09,3.32
2019-04-01,2.72,2.79,2.80,2.71,341868,94776946.00,3.33,3.33,0.09,3.43
2019-04-02,2.81,2.86,2.91,2.79,470022,134398223.00,4.30,2.51,0.07,4.72
2019-04-03,2.86,2.87,2.90,2.82,369465,105355796.00,2.80,0.35,0.01,3.71
2019-04-04,2.86,2.83,2.89,2.81,314176,89334960.00,2.79,-1.39,-0.04,3.16
2019-04-08,2.83,2.76,2.86,2.67,366389,101515479.00,6.71,-2.47,-0.07,3.68
2019-04-09,2.78,2.79,2.81,2.75,251331,69928620.00,2.17,1.09,0.03,2.52
2019-04-10,2.79,2.88,2.89,2.73,478259,135435739.00,5.73,3.23,0.09,4.80
2019-04-11,2.87,2.90,2.99,2.83,682993,198995313.00,5.56,0.69,0.02,6.86
2019-04-12,2.86,2.79,2.86,2.76,394140,110308865.00,3.45,-3.79,-0.11,3.96
2019-04-15,2.81,2.82,2.97,2.81,485235,139591734.00,5.73,1.08,0.03,4.87
2019-04-16,2.83,2.88,2.88,2.72,443518,124538191.00,5.67,2.13,0.06,4.45
2019-04-17,2.85,2.95,2.96,2.84,679882,198817044.00,4.17,2.43,0.07,6.83
2019-04-18,2.94,2.93,3.01,2.90,467862,138095448.00,3.73,-0.68,-0.02,4.70
2019-04-19,2.92,3.06,3.07,2.86,707180,209453646.00,7.17,4.44,0.13,7.10
2019-04-22,3.02,2.92,3.07,2.91,537233,159873952.00,5.23,-4.58,-0.14,5.40
2019-04-23,2.91,2.79,2.91,2.78,448819,127139529.00,4.45,-4.45,-0.13,4.51
2019-04-24,2.80,2.83,2.84,2.76,276086,77466900.00,2.87,1.43,0.04,2.77
2019-04-25,2.81,2.57,2.82,2.55,391489,105818470.00,9.54,-9.19,-0.26,3.93
2019-04-26,2.55,2.54,2.63,2.53,220273,56908116.00,3.89,-1.17,-0.03,2.21
2019-04-29,2.47,2.29,2.56,2.29,444913,105238770.00,10.63,-9.84,-0.25,4.47
2019-05-06,2.18,2.18,2.18,2.18,28025,6109450.00,0.00,-4.80,-0.11,0.28
2019-05-07,2.07,2.07,2.07,2.07,32222,6669954.00,0.00,-5.05,-0.11,0.32
2019-05-08,1.97,1.97,1.97,1.97,29205,5753385.00,0.00,-4.83,-0.10,0.29
2019-05-09,1.87,1.87,1.87,1.87,10466,1957142.00,0.00,-5.08,-0.10,0.11
2019-05-10,1.78,1.78,1.78,1.78,46795,8329510.00,0.00,-4.81,-0.09,0.47
2019-05-13,1.69,1.69,1.73,1.69,532407,90063712.00,2.25,-5.06,-0.09,5.35
2019-05-14,1.61,1.61,1.61,1.61,75087,12089007.00,0.00,-4.73,-0.08,0.75
2019-05-15,1.53,1.58,1.60,1.53,652713,101840904.00,4.35,-1.86,-0.03,6.56
2019-05-16,1.56,1.59,1.61,1.55,281408,44716473.00,3.80,0.63,0.01,2.83
2019-05-17,1.58,1.51,1.58,1.51,268992,41002474.00,4.40,-5.03,-0.08,2.70
2019-05-20,1.44,1.43,1.47,1.43,226832,32475539.00,2.65,-5.30,-0.08,2.28
2019-05-21,1.37,1.36,1.39,1.36,239321,32648208.00,2.10,-4.90,-0.07,2.40
2019-05-22,1.29,1.29,1.31,1.29,177697,22960058.00,1.47,-5.15,-0.07,1.78
2019-05-23,1.23,1.23,1.23,1.23,77211,9496953.00,0.00,-4.65,-0.06,0.78
2019-05-24,1.17,1.17,1.20,1.17,488719,57386820.00,2.44,-4.88,-0.06,4.91
2019-05-27,1.16,1.23,1.23,1.16,263791,31498756.00,5.98,5.13,0.06,2.65
2019-05-28,1.29,1.29,1.29,1.29,28358,3658156.00,0.00,4.88,0.06,0.28
2019-05-29,1.35,1.35,1.35,1.35,12836,1732833.00,0.00,4.65,0.06,0.13
2019-05-30,1.42,1.42,1.42,1.42,10422,1479970.00,0.00,5.19,0.07,0.10
2019-05-31,1.49,1.48,1.49,1.36,1100979,162668543.00,9.15,4.23,0.06,11.06
2019-06-03,1.48,1.41,1.48,1.41,279042,39953319.00,4.73,-4.73,-0.07,2.80
2019-06-04,1.34,1.34,1.34,1.34,39557,5300638.00,0.00,-4.96,-0.07,0.40
2019-06-05,1.27,1.27,1.27,1.27,34939,4437253.00,0.00,-5.22,-0.07,0.35
2019-06-06,1.23,1.33,1.33,1.23,340821,44357111.00,7.87,4.72,0.06,3.42
2019-06-10,1.33,1.40,1.40,1.33,198423,27063385.00,5.26,5.26,0.07,1.99
2019-06-11,1.44,1.47,1.47,1.44,86679,12630903.00,2.14,5.00,0.07,0.87
2019-06-12,1.54,1.45,1.54,1.40,509899,75194542.00,9.52,-1.36,-0.02,5.12
2019-06-13,1.40,1.49,1.52,1.40,348622,51550338.00,8.28,2.76,0.04,3.50
2019-06-14,1.47,1.42,1.49,1.42,290808,41795774.00,4.70,-4.70,-0.07,2.92
2019-06-17,1.39,1.35,1.42,1.35,171046,23287763.00,4.93,-4.93,-0.07,1.72
2019-06-18,1.33,1.42,1.42,1.33,259434,36551104.00,6.67,5.19,0.07,2.61
2019-06-19,1.40,1.38,1.42,1.35,254595,35132987.00,4.93,-2.82,-0.04,2.56
2019-06-20,1.39,1.36,1.40,1.32,136775,18482410.00,5.80,-1.45,-0.02,1.37
2019-06-21,1.42,1.40,1.43,1.38,241260,33940010.00,3.68,2.94,0.04,2.42
2019-06-24,1.38,1.37,1.39,1.33,202806,27385986.00,4.29,-2.14,-0.03,2.04
2019-06-25,1.37,1.37,1.39,1.34,141689,19231184.00,3.65,0.00,0.00,1.42
2019-06-26,1.36,1.42,1.43,1.35,191242,26713353.00,5.84,3.65,0.05,1.92
2019-06-27,1.38,1.37,1.39,1.36,185414,25486417.00,2.11,-3.52,-0.05,1.86
2019-06-28,1.37,1.37,1.39,1.35,114916,15700280.00,2.92,0.00,0.00,1.15
2019-07-01,1.37,1.37,1.39,1.36,155386,21364271.00,2.19,0.00,0.00,1.56
2019-07-02,1.38,1.40,1.42,1.37,217858,30459546.00,3.65,2.19,0.03,2.19
2019-07-03,1.40,1.37,1.41,1.35,142901,19570434.00,4.29,-2.14,-0.03,1.43
2019-07-04,1.43,1.44,1.44,1.40,457869,65828983.00,2.92,5.11,0.07,4.60
2019-07-05,1.43,1.39,1.43,1.37,389830,54042215.00,4.17,-3.47,-0.05,3.91
2019-07-08,1.33,1.32,1.35,1.32,209772,27788990.00,2.16,-5.04,-0.07,2.11
2019-07-09,1.29,1.28,1.32,1.25,169591,21666273.00,5.30,-3.03,-0.04,1.70
2019-07-10,1.27,1.30,1.31,1.27,93441,12139081.00,3.13,1.56,0.02,0.94
2019-07-11,1.30,1.29,1.31,1.28,63998,8281609.00,2.31,-0.77,-0.01,0.64
2019-07-12,1.29,1.29,1.29,1.26,73675,9390372.00,2.33,0.00,0.00,0.74
2019-07-15,1.23,1.27,1.28,1.23,102414,12861306.00,3.88,-1.55,-0.02,1.03
2019-07-16,1.27,1.29,1.31,1.27,97120,12495853.00,3.15,1.57,0.02,0.98
2019-07-17,1.28,1.28,1.30,1.26,74347,9512436.00,3.10,-0.78,-0.01,0.75
2019-07-18,1.27,1.26,1.28,1.25,64863,8210581.00,2.34,-1.56,-0.02,0.65
2019-07-19,1.27,1.25,1.28,1.25,61382,7759456.00,2.38,-0.79,-0.01,0.62
2019-07-22,1.24,1.20,1.24,1.19,155040,18565333.00,4.00,-4.00,-0.05,1.56
2019-07-23,1.18,1.20,1.22,1.17,64928,7753004.00,4.17,0.00,0.00,0.65
2019-07-24,1.21,1.20,1.22,1.19,96071,11599572.00,2.50,0.00,0.00,0.96
2019-07-25,1.20,1.22,1.26,1.19,153428,18782116.00,5.83,1.67,0.02,1.54
2019-07-26,1.25,1.23,1.27,1.22,126899,15735786.00,4.10,0.82,0.01,1.27
2019-07-29,1.22,1.20,1.24,1.20,81315,9902002.00,3.25,-2.44,-0.03,0.82
2019-07-30,1.21,1.22,1.24,1.20,82762,10103468.00,3.33,1.67,0.02,0.83
2019-07-31,1.22,1.20,1.22,1.20,52430,6339183.00,1.64,-1.64,-0.02,0.53
2019-08-01,1.20,1.19,1.20,1.18,64667,7697526.00,1.67,-0.83,-0.01,0.65
2019-08-02,1.18,1.25,1.25,1.15,155388,18619889.00,8.40,5.04,0.06,1.56
2019-08-05,1.24,1.19,1.24,1.19,109958,13295040.00,4.00,-4.80,-0.06,1.10
2019-08-06,1.16,1.16,1.18,1.13,118968,13653719.00,4.20,-2.52,-0.03,1.19
2019-08-07,1.17,1.16,1.18,1.16,42682,4995837.00,1.72,0.00,0.00,0.43
2019-08-08,1.16,1.16,1.17,1.15,64118,7435963.00,1.72,0.00,0.00,0.64
2019-08-09,1.16,1.17,1.19,1.16,75783,8893623.00,2.59,0.86,0.01,0.76
2019-08-12,1.17,1.17,1.18,1.15,61485,7160334.00,2.56,0.00,0.00,0.62
2019-08-13,1.16,1.18,1.19,1.16,80615,9466698.00,2.56,0.85,0.01,0.81
2019-08-14,1.18,1.17,1.19,1.17,64994,7674470.00,1.69,-0.85,-0.01,0.65
2019-08-15,1.15,1.16,1.17,1.14,78149,8995781.00,2.56,-0.85,-0.01,0.78
2019-08-16,1.16,1.15,1.17,1.14,91536,10588178.00,2.59,-0.86,-0.01,0.92
2019-08-19,1.15,1.17,1.18,1.15,89892,10508961.00,2.61,1.74,0.02,0.90
2019-08-20,1.17,1.16,1.18,1.15,108253,12610850.00,2.56,-0.85,-0.01,1.09
2019-08-21,1.16,1.15,1.16,1.14,83505,9611136.00,1.72,-0.86,-0.01,0.84
2019-08-22,1.15,1.17,1.19,1.13,158819,18389366.00,5.22,1.74,0.02,1.59
2019-08-23,1.16,1.16,1.17,1.14,101289,11688144.00,2.56,-0.85,-0.01,1.02
2019-08-26,1.13,1.14,1.14,1.12,80585,9104299.00,1.72,-1.72,-0.02,0.81
2019-08-27,1.14,1.14,1.15,1.13,97693,11143537.00,1.75,0.00,0.00,0.98
2019-08-28,1.13,1.13,1.14,1.12,82640,9319515.00,1.75,-0.88,-0.01,0.83
2019-08-29,1.13,1.11,1.13,1.11,90369,10103915.00,1.77,-1.77,-0.02,0.91
2019-08-30,1.11,1.05,1.11,1.05,212700,22765115.00,5.41,-5.41,-0.06,2.14
2019-09-02,1.00,1.02,1.03,1.00,296213,29783301.00,2.86,-2.86,-0.03,2.97
2019-09-03,1.01,0.97,1.01,0.97,303869,29909746.00,3.92,-4.90,-0.05,3.05
2019-09-04,0.95,0.99,1.00,0.92,480002,45240378.00,8.25,2.06,0.02,4.82
2019-09-05,0.97,0.97,0.99,0.95,301163,29129944.00,4.04,-2.02,-0.02,3.02
2019-09-06,0.96,0.95,0.97,0.94,193456,18427116.00,3.09,-2.06,-0.02,1.94
2019-09-09,0.95,0.95,0.96,0.94,162325,15436611.00,2.11,0.00,0.00,1.63
2019-09-10,0.95,0.97,0.99,0.94,214036,20783010.00,5.26,2.11,0.02,2.15
2019-09-11,0.97,0.96,0.98,0.95,127303,12272685.00,3.09,-1.03,-0.01,1.28
2019-09-12,0.96,0.95,0.97,0.92,160233,15154210.00,5.21,-1.04,-0.01,1.61
2019-09-16,0.95,0.95,0.97,0.94,105874,10157299.00,3.16,0.00,0.00,1.06
2019-09-17,0.95,0.95,0.97,0.94,147578,14126326.00,3.16,0.00,0.00,1.48
2019-09-18,0.92,0.91,0.95,0.90,426351,38777062.00,5.26,-4.21,-0.04,4.28
2019-09-19,0.90,0.94,0.95,0.86,857381,75721546.00,9.89,3.30,0.03,8.61
2019-09-20,0.90,0.94,0.95,0.89,578536,52887593.00,6.38,0.00,0.00,5.81
2019-09-23,0.99,0.99,0.99,0.99,113287,11215414.00,0.00,5.32,0.05,1.14
2019-09-24,1.04,1.04,1.04,1.04,56072,5831446.00,0.00,5.05,0.05,0.56
2019-09-25,1.02,1.02,1.04,0.99,669181,67830515.00,4.81,-1.92,-0.02,6.72
2019-09-26,1.02,0.98,1.03,0.97,359575,35865739.00,5.88,-3.92,-0.04,3.61
2019-09-27,0.98,0.97,1.00,0.96,253258,24649855.00,4.08,-1.02,-0.01,2.54
2019-09-30,0.95,0.95,0.97,0.94,163443,15558629.00,3.09,-2.06,-0.02,1.64
2019-10-08,0.95,0.93,0.95,0.93,131473,12337219.00,2.11,-2.11,-0.02,1.32
2019-10-09,0.92,0.92,0.93,0.89,213487,19485838.00,4.30,-1.08,-0.01,2.14
2019-10-10,0.92,0.93,0.94,0.91,114165,10634509.00,3.26,1.09,0.01,1.15
2019-10-11,0.93,0.92,0.94,0.91,139982,12941029.00,3.23,-1.08,-0.01,1.41
2019-10-14,0.93,0.95,0.97,0.92,287837,27463440.00,5.43,3.26,0.03,2.89
2019-10-15,0.94,0.95,0.96,0.93,152345,14385506.00,3.16,0.00,0.00,1.53
2019-10-16,0.95,0.94,0.97,0.93,180254,16989508.00,4.21,-1.05,-0.01,1.81
2019-10-17,0.92,0.89,0.93,0.89,327808,29549263.00,4.26,-5.32,-0.05,3.29
2019-10-18,0.88,0.90,0.92,0.88,227906,20542413.00,4.49,1.12,0.01,2.29
2019-10-21,0.90,0.90,0.91,0.86,198406,17665626.00,5.56,0.00,0.00,1.99
2019-10-22,0.90,0.88,0.91,0.86,282272,24885046.00,5.56,-2.22,-0.02,2.83
2019-10-23,0.90,0.92,0.92,0.88,349598,31666211.00,4.55,4.55,0.04,3.51
2019-10-24,0.93,0.97,0.97,0.93,312708,30104273.00,4.35,5.43,0.05,3.14
2019-10-25,0.97,0.95,0.97,0.94,334146,31805231.00,3.09,-2.06,-0.02,3.36
2019-10-28,0.91,0.90,0.95,0.90,382429,34896966.00,5.26,-5.26,-0.05,3.84
2019-10-29,0.86,0.86,0.86,0.86,130330,11208380.00,0.00,-4.44,-0.04,1.31
2019-10-30,0.82,0.82,0.82,0.82,35159,2883038.00,0.00,-4.65,-0.04,0.35
2019-11-25,0.74,0.74,0.74,0.74,48,3552.00,0.00,-9.76,-0.08,0.00
2019-11-26,0.67,0.67,0.67,0.67,193,12931.00,0.00,-9.46,-0.07,0.00
2019-11-27,0.60,0.60,0.60,0.60,38,2280.00,0.00,-10.45,-0.07,0.00
2019-11-28,0.54,0.54,0.54,0.54,8,432.00,0.00,-10.00,-0.06,0.00
2019-11-29,0.49,0.49,0.49,0.49,5646,276654.00,0.00,-9.26,-0.05,0.06
2019-12-02,0.44,0.44,0.44,0.44,701,30844.00,0.00,-10.20,-0.05,0.01
2019-12-03,0.40,0.40,0.40,0.40,180,7200.00,0.00,-9.09,-0.04,0.00
2019-12-04,0.36,0.36,0.36,0.36,336,12096.00,0.00,-10.00,-0.04,0.00
2019-12-05,0.32,0.32,0.32,0.32,10538,337216.00,0.00,-11.11,-0.04,0.11
2019-12-06,0.29,0.29,0.29,0.29,12391,359339.00,0.00,-9.38,-0.03,0.12
2019-12-09,0.26,0.26,0.28,0.26,933728,24340367.00,6.90,-10.34,-0.03,9.38
2019-12-10,0.26,0.26,0.27,0.25,789083,20490596.00,7.69,0.00,0.00,7.92
2019-12-11,0.26,0.25,0.26,0.25,414924,10557846.00,3.85,-3.85,-0.01,4.17
2019-12-12,0.25,0.24,0.26,0.24,522017,12906258.00,8.00,-4.00,-0.01,5.24
2019-12-13,0.24,0.25,0.25,0.24,204399,4958144.00,4.17,4.17,0.01,2.05
2019-12-16,0.25,0.25,0.26,0.24,407215,10201832.00,8.00,0.00,0.00,4.09
2019-12-17,0.25,0.25,0.26,0.24,448369,11226999.00,8.00,0.00,0.00,4.50
2019-12-18,0.25,0.25,0.26,0.24,405416,10124554.00,8.00,0.00,0.00,4.07
2019-12-19,0.25,0.25,0.26,0.25,173080,4375832.00,4.00,0.00,0.00,1.74
2019-12-20,0.26,0.26,0.26,0.25,329765,8515375.00,4.00,4.00,0.01,3.31
2019-12-23,0.27,0.27,0.28,0.26,612097,16576391.00,7.69,3.85,0.01,6.15
2019-12-24,0.27,0.27,0.28,0.26,411658,10948765.00,7.41,0.00,0.00,4.13
2019-12-25,0.26,0.26,0.27,0.25,381220,9936488.00,7.41,-3.70,-0.01,3.83
2019-12-26,0.26,0.27,0.28,0.26,481704,12923792.00,7.69,3.85,0.01,4.84
2019-12-27,0.27,0.27,0.29,0.27,683924,19129601.00,7.41,0.00,0.00,6.87
2019-12-30,0.27,0.27,0.28,0.26,297585,7979347.00,7.41,0.00,0.00,2.99
2019-12-31,0.27,0.27,0.27,0.26,199300,5273755.00,3.70,0.00,0.00,2.00