2024-01-02,35.77,35.65,36.20,35.61,14511,51997437.00,1.65,0.00,0.00,4.95
2024-01-03,35.51,35.47,35.99,35.05,12929,45727963.35,2.64,-0.50,-0.18,4.41
2024-01-04,35.47,35.16,35.59,35.01,9853,34688358.00,1.64,-0.87,-0.31,3.36
2024-01-05,35.16,34.55,35.36,34.37,13653,47576980.48,2.82,-1.73,-0.61,4.66
2024-01-08,34.50,34.07,34.58,34.03,10166,34826186.00,1.59,-1.39,-0.48,3.47
2024-01-09,34.07,34.38,34.54,33.93,10620,36376092.00,1.79,0.91,0.31,3.63
2024-01-10,34.26,34.01,34.45,33.70,8637,29454036.00,2.18,-1.08,-0.37,2.95
2024-01-11,34.00,34.52,34.53,33.70,9159,31450074.00,2.44,1.50,0.51,3.13
2024-01-12,34.55,34.45,35.19,34.43,12787,44503526.00,2.20,-0.20,-0.07,4.37
2024-01-15,34.22,34.42,34.80,34.22,8305,28661080.70,1.68,-0.09,-0.03,2.84
2024-01-16,34.30,33.39,34.50,33.36,11021,37331491.00,3.31,-2.99,-1.03,3.76