2021-01-04,7.98,8.13,8.21,7.82,60355,93472791.00,4.80,0.00,0.00,3.85
2021-01-05,8.05,8.03,8.13,7.92,31911,49109081.00,2.58,-1.23,-0.10,2.04
2021-01-06,7.97,7.88,8.14,7.83,29665,45335983.00,3.86,-1.87,-0.15,1.89
2021-01-07,7.88,7.53,7.91,7.42,35588,52246168.00,6.22,-4.44,-0.35,2.27
2021-01-08,7.48,7.69,7.82,7.36,24037,35245795.00,6.11,2.12,0.16,1.53
2021-01-11,7.69,7.71,7.98,7.62,32585,48842765.00,4.68,0.26,0.02,2.08
2021-01-12,7.69,7.63,7.78,7.62,22805,33662842.00,2.08,-1.04,-0.08,1.45
2021-01-13,7.63,7.52,7.63,7.31,30417,43538850.00,4.19,-1.44,-0.11,1.94
2021-01-14,7.48,7.51,7.61,7.33,18403,26499824.00,3.72,-0.13,-0.01,1.17
2021-01-15,7.45,7.52,7.68,7.45,16965,24712438.00,3.06,0.13,0.01,1.08
2021-01-18,7.51,7.81,7.83,7.46,31628,46601701.00,4.92,3.86,0.29,2.02
2021-01-19,7.79,7.59,7.83,7.56,26480,39183531.00,3.46,-2.82,-0.22,1.69
2021-01-20,7.56,7.57,7.66,7.40,20144,29145914.00,3.43,-0.26,-0.02,1.28
2021-01-21,7.51,7.70,7.77,7.44,26423,38616780.00,4.36,1.72,0.13,1.69
2021-01-22,7.69,7.72,7.79,7.56,19099,28073666.00,2.99,0.26,0.02,1.22
2021-01-25,7.78,7.80,7.94,7.73,31618,47618637.00,2.72,1.04,0.08,2.02
2021-01-26,7.80,7.91,8.03,7.66,39273,59717087.00,4.74,1.41,0.11,2.50
2021-01-27,7.92,7.81,7.96,7.68,30534,45742511.00,3.54,-1.26,-0.10,1.95
2021-01-28,7.75,7.59,7.75,7.51,26366,38559432.00,3.07,-2.82,-0.22,1.68
2021-01-29,7.66,7.52,7.67,7.44,18965,27417461.00,3.03,-0.92,-0.07,1.21
2021-02-01,7.52,7.76,7.85,7.47,25030,36974468.00,5.05,3.19,0.24,1.60
2021-02-02,7.78,7.81,7.92,7.74,30985,46575794.00,2.32,0.64,0.05,1.98
2021-02-03,7.82,7.54,7.83,7.54,20390,30054361.00,3.71,-3.46,-0.27,1.30
2021-02-04,7.54,7.26,7.54,7.22,36449,51573158.00,4.24,-3.71,-0.28,2.32
2021-02-05,7.21,6.63,7.33,6.63,46546,61917693.00,9.64,-8.68,-0.63,2.97
2021-02-08,6.70,6.64,6.75,6.57,21687,27740627.00,2.71,0.15,0.01,1.38
2021-02-09,6.64,6.63,6.72,6.42,25801,32594275.00,4.52,-0.15,-0.01,1.65
2021-02-10,6.59,6.77,6.78,6.54,15870,20449610.00,3.62,2.11,0.14,1.01
2021-02-18,6.80,6.91,7.02,6.80,23162,30861904.00,3.25,2.07,0.14,1.48
2021-02-19,6.87,7.11,7.12,6.87,17116,23177281.00,3.62,2.89,0.20,1.09
2021-02-22,7.16,7.26,7.46,7.12,29215,41216902.00,4.78,2.11,0.15,1.86
2021-02-23,7.24,7.43,7.50,7.20,27727,39492025.00,4.13,2.34,0.17,1.77
2021-02-24,7.43,7.43,7.53,7.36,21246,30416776.00,2.29,0.00,0.00,1.36
2021-02-25,7.48,7.64,7.74,7.42,30766,44764522.00,4.31,2.83,0.21,1.96
2021-02-26,7.70,7.79,7.89,7.52,47633,70794648.00,4.84,1.96,0.15,3.04
2021-03-01,7.82,8.02,8.03,7.66,52045,78754335.00,4.75,2.95,0.23,3.32
2021-03-02,7.96,8.30,8.39,7.91,67668,106157466.00,5.99,3.49,0.28,4.32
2021-03-03,8.28,8.42,8.43,8.18,56588,90516269.00,3.01,1.45,0.12,3.61
2021-03-04,8.39,8.46,8.71,8.33,71457,116659596.00,4.51,0.48,0.04,4.56
2021-03-05,8.86,8.14,9.25,8.06,325516,533084784.00,14.07,-3.78,-0.32,20.76
2021-03-08,8.12,8.59,8.93,8.02,235995,388691872.00,11.18,5.53,0.45,15.05
2021-03-09,8.41,9.26,9.75,8.24,304026,528776256.00,17.58,7.80,0.67,19.39
2021-03-10,9.17,8.96,9.46,8.79,190410,331044992.00,7.24,-3.24,-0.30,12.14
2021-03-11,8.90,9.17,9.36,8.76,161530,281099792.00,6.70,2.34,0.21,10.30
2021-03-12,9.06,8.88,9.20,8.80,135078,232622054.00,4.36,-3.16,-0.29,8.62
2021-03-15,8.78,9.13,9.37,8.76,147050,257670500.00,6.87,2.82,0.25,9.38
2021-03-16,9.10,9.70,9.97,9.07,257223,470085040.00,9.86,6.24,0.57,16.41
2021-03-17,9.38,10.12,10.72,9.34,296086,569348800.00,14.23,4.33,0.42,18.88
2021-03-18,10.07,10.08,10.59,10.01,278284,548067968.00,5.73,-0.40,-0.04,17.75
2021-03-19,9.86,9.97,10.33,9.85,192618,373134080.00,4.76,-1.09,-0.11,12.28
2021-03-22,10.09,10.80,11.12,10.03,268472,545562752.00,10.93,8.32,0.83,17.12
2021-03-23,10.60,10.34,10.76,10.11,203279,406510880.00,6.02,-4.26,-0.46,12.96
2021-03-24,10.17,9.88,10.57,9.81,181912,354127888.00,7.35,-4.45,-0.46,11.60
2021-03-25,9.78,9.34,9.84,9.20,180256,325245696.00,6.48,-5.47,-0.54,11.50
2021-03-26,9.48,9.97,10.27,9.48,197322,376005600.00,8.46,6.75,0.63,12.58
2021-03-29,10.02,9.79,10.19,9.74,121388,231127263.00,4.51,-1.81,-0.18,7.74
2021-03-30,9.71,9.55,9.84,9.30,147343,268238078.00,5.52,-2.45,-0.24,9.40
2021-03-31,9.50,10.42,10.63,9.41,236996,460085712.00,12.77,9.11,0.87,15.12
2021-04-01,10.22,9.93,10.37,9.86,156247,301966144.00,4.89,-4.70,-0.49,9.97
2021-04-02,9.95,9.78,10.18,9.74,100083,190044440.00,4.43,-1.51,-0.15,6.38
2021-04-06,9.74,9.80,10.14,9.70,93150,176654665.00,4.50,0.20,0.02,5.94
2021-04-07,9.74,9.76,9.90,9.54,101090,188130676.00,3.67,-0.41,-0.04,6.45
2021-04-08,9.70,9.59,9.79,9.53,94673,174634206.00,2.66,-1.74,-0.17,6.04
2021-04-09,9.56,9.57,9.70,9.44,61403,112727640.00,2.71,-0.21,-0.02,3.92
2021-04-12,9.70,9.32,9.80,9.28,91654,168253372.00,5.43,-2.61,-0.25,5.85
2021-04-13,9.32,9.28,9.54,9.07,86850,154991153.00,5.04,-0.43,-0.04,5.54
2021-04-14,9.26,9.57,9.84,9.17,98510,179864543.00,7.22,3.13,0.29,6.28
2021-04-15,9.49,9.44,9.61,9.28,63508,114971294.00,3.45,-1.36,-0.13,4.05
2021-04-16,9.51,9.42,9.55,9.36,55539,100539187.00,2.01,-0.21,-0.02,3.54
2021-04-19,9.33,9.48,9.57,9.27,61504,111568183.00,3.18,0.64,0.06,3.92
2021-04-20,9.44,9.28,9.49,9.16,70369,126013031.00,3.48,-2.11,-0.20,4.49
2021-04-21,9.21,8.99,9.28,8.86,75426,131002312.00,4.53,-3.13,-0.29,4.81
2021-04-22,9.07,8.99,9.14,8.94,45720,79057324.00,2.22,0.00,0.00,2.92
2021-04-23,9.02,9.08,9.22,8.92,62927,109389373.00,3.34,1.00,0.09,4.01
2021-04-26,9.01,8.87,9.07,8.79,60734,103260209.00,3.08,-2.31,-0.21,3.87
2021-04-27,8.91,8.61,8.99,8.59,62954,105734515.00,4.51,-2.93,-0.26,4.02
2021-04-28,8.53,8.52,8.68,8.41,68083,111208423.00,3.14,-1.05,-0.09,4.34
2021-04-29,8.74,8.83,9.17,8.71,124589,213870662.00,5.40,3.64,0.31,7.95
2021-04-30,8.74,9.14,9.21,8.71,93846,161770728.00,5.66,3.51,0.31,5.99
2021-05-06,9.14,8.45,9.20,8.42,108558,180951797.00,8.53,-7.55,-0.69,6.92
2021-05-07,8.41,8.55,8.85,8.36,62107,102907185.00,5.80,1.18,0.10,3.96
2021-05-10,8.49,8.42,8.60,8.21,73437,118209776.00,4.56,-1.52,-0.13,4.68
2021-05-11,8.39,8.26,8.58,8.24,58292,93619766.00,4.04,-1.90,-0.16,3.72
2021-05-12,8.18,8.30,8.37,7.90,122977,100765947.00,5.69,0.48,0.04,4.13
2021-05-13,8.16,7.77,8.16,7.77,141377,112825008.00,4.70,-6.39,-0.53,4.75
2021-05-14,7.77,8.12,8.65,7.77,277965,233086446.00,11.33,4.50,0.35,9.33
2021-05-17,7.92,7.57,8.07,7.37,212274,162066229.00,8.62,-6.77,-0.55,7.13
2021-05-18,7.51,7.88,8.03,7.46,173511,136632742.00,7.53,4.10,0.31,5.82
2021-05-19,8.05,8.21,8.61,8.05,247294,206978320.00,7.11,4.19,0.33,8.30
2021-05-20,7.97,7.88,8.24,7.74,174395,139064575.00,6.09,-4.02,-0.33,5.85
2021-05-21,8.04,7.73,8.04,7.63,128437,100219324.00,5.20,-1.90,-0.15,4.31
2021-05-24,7.69,7.79,7.96,7.53,136302,106025150.00,5.56,0.78,0.06,3.64
2021-05-25,7.75,7.66,7.76,7.61,93934,72427740.00,1.93,-1.67,-0.13,2.51
2021-05-26,7.66,7.72,7.85,7.56,106716,82657794.00,3.79,0.78,0.06,2.85
2021-05-27,7.68,7.92,8.06,7.64,139551,111060284.00,5.44,2.59,0.20,3.73
2021-05-28,7.95,7.78,7.96,7.65,131021,102337152.00,3.91,-1.77,-0.14,3.50
2021-05-31,7.74,7.74,7.75,7.63,84550,65388663.00,1.54,-0.51,-0.04,2.26
2021-06-01,7.71,7.92,7.99,7.67,126372,100335479.00,4.13,2.33,0.18,3.37
2021-06-02,7.93,7.74,7.93,7.72,98108,76852063.00,2.65,-2.27,-0.18,2.62
2021-06-03,7.75,7.68,7.79,7.67,67729,52614854.00,1.55,-0.78,-0.06,1.81
2021-06-04,7.65,7.51,7.65,7.49,83814,63729447.00,2.08,-2.21,-0.17,2.24
2021-06-07,7.46,7.52,7.57,7.45,48562,36777816.00,1.60,0.13,0.01,1.30
2021-06-08,7.53,7.58,7.63,7.48,62801,47761838.00,1.99,0.80,0.06,1.68
2021-06-09,7.60,7.56,7.64,7.51,47936,36590855.00,1.72,-0.26,-0.02,1.28
2021-06-10,7.52,7.48,7.55,7.46,57382,43293544.00,1.19,-1.06,-0.08,1.53
2021-06-11,7.46,7.48,7.61,7.45,66080,49963754.00,2.14,0.00,0.00,1.76
2021-06-15,7.51,7.28,7.51,7.26,63910,47363781.00,3.34,-2.67,-0.20,1.71
2021-06-16,7.43,7.56,7.85,7.39,137106,105512063.00,6.32,3.85,0.28,3.66
2021-06-17,7.38,7.47,7.54,7.29,68866,51445342.00,3.31,-1.19,-0.09,1.84
2021-06-18,7.40,7.45,7.45,7.34,49268,36688694.00,1.47,-0.27,-0.02,1.32
2021-06-21,7.43,7.57,7.62,7.39,72688,54967093.00,3.09,1.61,0.12,1.94
2021-06-22,7.57,7.86,7.87,7.51,163862,126746819.00,4.76,3.83,0.29,4.37
2021-06-23,7.78,8.00,8.14,7.74,197648,158805570.00,5.09,1.78,0.14,5.28
2021-06-24,7.90,8.20,8.49,7.77,230543,188032240.00,9.00,2.50,0.20,6.15
2021-06-25,8.15,7.99,8.15,7.94,140080,112838374.00,2.56,-2.56,-0.21,3.74
2021-06-28,8.14,7.96,8.19,7.90,100012,80757563.00,3.63,-0.38,-0.03,2.67
2021-06-29,7.92,7.73,7.95,7.71,98639,77467257.00,3.02,-2.89,-0.23,2.63
2021-06-30,7.73,7.76,7.81,7.67,57315,44655777.00,1.81,0.39,0.03,1.53
2021-07-01,7.76,7.47,7.79,7.45,88844,67667575.00,4.38,-3.74,-0.29,2.37
2021-07-02,7.50,7.40,7.50,7.35,58898,43862656.00,2.01,-0.94,-0.07,1.57
2021-07-05,7.40,7.44,7.46,7.35,39780,29639769.00,1.49,0.54,0.04,1.06
2021-07-06,7.44,7.48,7.53,7.41,52019,39087462.00,1.61,0.54,0.04,1.39
2021-07-07,7.49,7.45,7.52,7.42,51021,38356726.00,1.34,-0.40,-0.03,1.36
2021-07-08,7.46,7.49,7.58,7.46,56780,42931115.00,1.61,0.54,0.04,1.52
2021-07-09,7.45,7.77,7.90,7.31,174318,135654980.00,7.88,3.74,0.28,4.65
2021-07-12,7.81,7.77,7.94,7.70,107650,84196287.00,3.09,0.00,0.00,2.87
2021-07-13,7.73,7.83,7.87,7.55,122894,95648310.00,4.12,0.77,0.06,3.28
2021-07-14,7.80,7.80,7.98,7.76,114827,90809085.00,2.81,-0.38,-0.03,3.07
2021-07-15,7.73,7.54,7.77,7.45,99407,75675227.00,4.10,-3.33,-0.26,2.65
2021-07-16,7.55,7.46,7.65,7.45,69320,52507163.00,2.65,-1.06,-0.08,1.85
2021-07-19,7.46,7.32,7.49,7.28,81232,60076857.00,2.82,-1.88,-0.14,2.17
2021-07-20,7.28,7.28,7.36,7.25,66141,48480930.00,1.50,-0.55,-0.04,1.77
2021-07-21,7.27,7.36,7.43,7.27,78035,57739879.00,2.20,1.10,0.08,2.08
2021-07-22,7.52,7.51,7.75,7.46,132102,100906337.00,3.94,2.04,0.15,3.53
2021-07-23,7.45,7.35,7.55,7.32,80133,59501044.00,3.06,-2.13,-0.16,2.14
2021-07-26,7.35,7.03,7.37,6.96,106321,76104304.00,5.58,-4.35,-0.32,2.84
2021-07-27,7.05,6.80,7.13,6.79,93236,65234598.00,4.84,-3.27,-0.23,2.49
2021-07-28,6.84,6.58,6.87,6.50,77037,51390142.00,5.44,-3.24,-0.22,2.06
2021-07-29,6.60,6.68,6.72,6.60,46099,31001348.00,1.82,1.52,0.10,1.23
2021-07-30,6.66,6.73,6.76,6.56,63179,42469498.00,2.99,0.75,0.05,1.69
2021-08-02,6.73,6.90,6.92,6.67,60308,41636709.00,3.71,2.53,0.17,1.61
2021-08-03,6.87,6.77,6.93,6.76,71260,49134367.00,2.46,-1.88,-0.13,1.90
2021-08-04,6.77,6.84,6.84,6.73,51582,35294594.00,1.62,1.03,0.07,1.38
2021-08-05,6.83,6.73,6.84,6.67,51309,34846195.00,2.49,-1.61,-0.11,1.37
2021-08-06,6.65,6.64,6.73,6.60,49536,33161100.00,1.93,-1.34,-0.09,1.32
2021-08-09,6.62,6.79,6.80,6.60,54671,36985380.00,3.01,2.26,0.15,1.46
2021-08-10,6.80,6.88,6.90,6.72,60156,41452888.00,2.65,1.33,0.09,1.61
2021-08-11,6.88,6.91,6.98,6.81,62733,43643875.00,2.47,0.44,0.03,1.67
2021-08-12,6.89,6.93,6.98,6.87,51677,36035763.00,1.59,0.29,0.02,1.38
2021-08-13,6.90,6.81,6.92,6.78,64290,44205780.00,2.02,-1.73,-0.12,1.72
2021-08-16,6.82,7.72,7.88,6.73,389280,292957520.00,16.89,13.36,0.91,10.39
2021-08-17,7.60,7.85,8.43,7.53,462715,369264976.00,11.66,1.68,0.13,12.35
2021-08-18,7.88,8.01,8.14,7.68,331386,265429384.00,5.86,2.04,0.16,8.85
2021-08-19,7.95,7.73,7.99,7.63,214621,166897447.00,4.49,-3.50,-0.28,5.73
2021-08-20,7.63,7.73,7.80,7.54,145623,112658316.00,3.36,0.00,0.00,3.89
2021-08-23,7.75,7.68,7.78,7.61,161808,124784058.00,2.20,-0.65,-0.05,4.32
2021-08-24,7.70,7.95,8.02,7.60,248198,196756320.00,5.47,3.52,0.27,6.63
2021-08-25,7.91,7.85,7.93,7.73,143119,112567065.00,2.52,-1.26,-0.10,3.82
2021-08-26,7.75,7.62,7.80,7.61,137188,106483654.00,2.42,-2.93,-0.23,3.66
2021-08-27,7.61,7.56,7.73,7.40,136279,103363728.00,4.33,-0.79,-0.06,3.64
2021-08-30,7.53,7.41,7.68,7.33,138495,104257943.00,4.63,-1.98,-0.15,3.70
2021-08-31,7.58,8.05,8.44,7.57,502740,405994720.00,11.74,8.64,0.64,13.42
2021-09-01,7.96,7.86,8.18,7.77,320587,256452419.00,5.09,-2.36,-0.19,8.56
2021-09-02,7.75,7.95,8.03,7.65,204945,163057891.00,4.83,1.15,0.09,5.47
2021-09-03,7.95,7.85,8.02,7.66,168702,133646917.00,4.53,-1.26,-0.10,4.50
2021-09-06,7.85,8.01,8.13,7.85,196858,158182009.00,3.57,2.04,0.16,5.26
2021-09-07,8.02,7.97,8.04,7.83,159886,127248722.00,2.62,-0.50,-0.04,4.27
2021-09-08,7.97,8.12,8.15,7.88,229623,185618097.00,3.39,1.88,0.15,6.13
2021-09-09,8.13,8.62,8.89,7.97,442735,373649760.00,11.33,6.16,0.50,11.82
2021-09-10,8.63,8.65,9.22,8.46,470095,416049184.00,8.82,0.35,0.03,12.55
2021-09-13,8.94,8.93,9.23,8.66,378258,339390512.00,6.59,3.24,0.28,10.10
2021-09-14,8.75,8.44,8.88,8.33,305365,262565304.00,6.16,-5.49,-0.49,8.15
2021-09-15,8.45,8.52,8.60,8.36,179272,152397724.00,2.84,0.95,0.08,4.79
2021-09-16,8.52,8.15,8.52,8.11,193825,161521612.00,4.81,-4.34,-0.37,5.17
2021-09-17,8.16,8.34,8.37,8.07,157214,130165305.00,3.68,2.33,0.19,4.20
2021-09-22,8.25,8.71,8.77,8.16,246280,212690211.00,7.31,4.44,0.37,6.57
2021-09-23,8.56,9.34,9.35,8.51,572233,519116544.00,9.64,7.23,0.63,15.28
2021-09-24,9.14,8.74,9.25,8.72,325892,292095968.00,5.67,-6.42,-0.60,8.70
2021-09-27,8.69,8.91,8.98,8.43,283515,250172154.00,6.29,1.95,0.17,7.57
2021-09-28,8.83,8.87,8.90,8.51,198384,174284145.00,4.38,-0.45,-0.04,5.30
2021-09-29,8.66,8.24,8.82,8.05,190138,163306047.00,8.68,-7.10,-0.63,5.08
2021-09-30,8.30,8.55,8.83,8.23,185894,160083258.00,7.28,3.76,0.31,4.96
2021-10-08,8.77,8.66,9.12,8.58,204579,180936912.00,6.32,1.29,0.11,5.46
2021-10-11,8.62,7.98,8.64,7.81,259739,209995528.00,9.58,-7.85,-0.68,6.93
2021-10-12,7.92,7.82,8.03,7.66,121129,95454396.00,4.64,-2.01,-0.16,3.23
2021-10-13,7.84,7.48,7.87,7.35,145179,109776220.00,6.65,-4.35,-0.34,3.88
2021-10-14,7.47,7.51,7.59,7.33,71635,53925252.00,3.48,0.40,0.03,1.91
2021-10-15,7.55,7.10,7.60,7.07,153805,112463633.00,7.06,-5.46,-0.41,4.11
2021-10-18,7.13,7.23,7.26,7.12,76923,55756006.00,1.97,1.83,0.13,2.05
2021-10-19,7.25,7.25,7.29,7.12,73375,53364315.00,2.35,0.28,0.02,1.96
2021-10-20,7.25,7.26,7.38,7.14,81366,59637089.00,3.31,0.14,0.01,2.17
2021-10-21,7.24,7.12,7.34,7.12,73682,53460257.00,3.03,-1.93,-0.14,1.97
2021-10-22,7.10,6.97,7.17,6.95,83225,58884797.00,3.09,-2.11,-0.15,2.22
2021-10-25,7.00,7.24,7.24,7.00,75841,54572295.00,3.44,3.87,0.27,2.02
2021-10-26,7.25,7.35,7.38,7.19,97169,71427780.00,2.62,1.52,0.11,2.59
2021-10-27,7.30,7.53,7.61,7.21,154835,115691487.00,5.44,2.45,0.18,4.13
2021-10-28,7.44,7.13,7.44,7.09,98796,72588563.00,4.65,-5.31,-0.40,2.64
2021-10-29,7.13,7.32,7.36,7.07,69859,50935893.00,4.07,2.66,0.19,1.87
2021-11-01,7.29,7.51,7.55,7.23,97894,73384618.00,4.37,2.60,0.19,2.61
2021-11-02,7.50,7.28,7.51,7.17,98560,72665630.00,4.53,-3.06,-0.23,2.63
2021-11-03,7.24,7.24,7.38,7.18,59520,43572351.00,2.75,-0.55,-0.04,1.59
2021-11-04,7.30,7.22,7.32,7.19,64549,47013077.00,1.80,-0.28,-0.02,1.72
2021-11-05,7.21,7.06,7.22,7.05,78596,56110640.00,2.35,-2.22,-0.16,2.10
2021-11-08,7.20,7.53,7.62,7.17,216080,162942392.00,6.37,6.66,0.47,5.77
2021-11-09,7.47,7.50,7.61,7.39,118702,89316840.00,2.92,-0.40,-0.03,3.17
2021-11-10,7.50,7.61,7.62,7.35,110405,83195098.00,3.60,1.47,0.11,2.95
2021-11-11,7.56,7.64,7.79,7.55,128300,98911600.00,3.15,0.39,0.03,3.43
2021-11-12,7.60,7.65,7.68,7.52,97319,74370096.00,2.09,0.13,0.01,2.60
2021-11-15,7.65,7.93,7.99,7.58,184063,144912555.00,5.36,3.66,0.28,4.91
2021-11-16,7.86,8.00,8.06,7.78,166361,132767253.00,3.53,0.88,0.07,4.44
2021-11-17,7.97,7.95,8.00,7.86,100937,80611203.00,1.75,-0.63,-0.05,2.69
2021-11-18,7.95,7.79,8.00,7.71,118995,93472938.00,3.65,-2.01,-0.16,3.18
2021-11-19,7.82,7.85,7.89,7.64,98348,76866554.00,3.21,0.77,0.06,2.63
2021-11-22,7.84,7.95,7.99,7.72,111787,88534539.00,3.44,1.27,0.10,2.98
2021-11-23,7.94,8.11,8.19,7.88,154273,125448359.00,3.90,2.01,0.16,4.12
2021-11-24,8.07,8.02,8.10,7.93,105748,85194581.00,2.10,-1.11,-0.09,2.82
2021-11-25,8.03,8.22,8.23,7.97,158031,129012203.00,3.24,2.49,0.20,4.22
2021-11-26,8.20,8.03,8.44,8.02,198541,164856601.00,5.11,-2.31,-0.19,5.30
2021-11-29,7.89,8.30,8.45,7.82,202930,167851951.00,7.85,3.36,0.27,5.42
2021-11-30,8.25,8.29,8.43,8.22,148766,124344151.00,2.53,-0.12,-0.01,3.97
2021-12-01,8.25,8.44,8.50,8.20,136834,115488466.00,3.62,1.81,0.15,3.65
2021-12-02,8.40,8.30,8.51,8.26,120306,101185394.00,2.96,-1.66,-0.14,3.21
2021-12-03,8.30,8.36,8.53,8.15,110850,92859118.00,4.58,0.72,0.06,2.96
2021-12-06,8.35,8.05,8.40,8.03,125165,102740471.00,4.43,-3.71,-0.31,3.34
2021-12-07,8.08,8.03,8.17,7.86,95721,77040452.00,3.85,-0.25,-0.02,2.56
2021-12-08,8.03,8.00,8.09,7.92,72493,58358194.00,2.12,-0.37,-0.03,1.94
2021-12-09,7.95,8.07,8.15,7.92,94848,77084156.00,2.88,0.88,0.07,2.53
2021-12-10,8.07,8.07,8.12,7.93,75189,60646718.00,2.35,0.00,0.00,2.01
2021-12-13,8.01,7.98,8.08,7.96,77704,62583507.00,1.49,-1.12,-0.09,2.07
2021-12-14,7.98,8.10,8.15,7.95,85507,69297988.00,2.51,1.50,0.12,2.28
2021-12-15,8.07,8.11,8.19,8.05,85907,70204318.00,1.73,0.12,0.01,2.29
2021-12-16,8.11,8.31,8.40,8.11,146326,122112816.00,3.58,2.47,0.20,3.91
2021-12-17,8.31,8.37,8.49,8.29,169195,142713713.00,2.41,0.72,0.06,4.52
2021-12-20,8.31,8.32,8.45,8.23,113313,95045452.00,2.63,-0.60,-0.05,3.03
2021-12-21,8.32,8.43,8.44,8.21,128258,107538359.00,2.76,1.32,0.11,3.42
2021-12-22,8.43,8.32,8.50,8.22,145113,121813109.00,3.32,-1.30,-0.11,3.87
2021-12-23,8.32,8.33,8.54,8.24,146549,124095037.00,3.61,0.12,0.01,3.91
2021-12-24,8.37,7.95,8.40,7.95,183122,149556546.00,5.40,-4.56,-0.38,4.89
2021-12-27,7.95,8.29,8.44,7.91,184906,153665746.00,6.67,4.28,0.34,4.94
2021-12-28,8.36,8.29,8.36,8.16,86882,71980579.00,2.41,0.00,0.00,2.32
2021-12-29,8.30,8.19,8.37,8.15,87882,72991893.00,2.65,-1.21,-0.10,2.35
2021-12-30,8.19,8.10,8.25,8.08,87859,72146747.00,2.08,-1.10,-0.09,2.35
2021-12-31,8.13,8.54,8.59,8.10,283890,241338487.00,6.05,5.43,0.44,7.58