2015-01-05,13.41,13.34,13.59,12.73,4015143,5397569792.00,6.18,-4.10,-0.57,6.58
2015-01-06,12.82,12.92,13.17,12.53,2962990,3863446128.00,4.80,-3.15,-0.42,4.86
2015-01-07,12.68,13.00,13.62,12.54,3435083,4575872000.00,8.36,0.62,0.08,5.63
2015-01-08,12.92,12.29,12.92,12.20,2808712,3546553504.00,5.54,-5.46,-0.71,4.60
2015-01-09,12.32,12.68,13.26,12.27,3670614,4775837952.00,8.06,3.17,0.39,6.02
2015-01-12,12.60,12.74,12.86,12.32,2233226,2863397920.00,4.26,0.47,0.06,3.66
2015-01-13,12.72,12.53,12.72,12.40,1229333,1564882352.00,2.51,-1.65,-0.21,2.02
2015-01-14,12.62,12.73,12.83,12.52,1349592,1735877360.00,2.47,1.60,0.20,2.21
2015-01-15,12.78,13.31,13.34,12.68,2710860,3595265392.00,5.18,4.56,0.58,4.44
2015-01-16,13.51,13.48,13.70,13.11,2765113,3774962080.00,4.43,1.28,0.17,4.53
2015-01-19,12.12,12.11,12.52,12.11,1929333,2390698528.00,3.04,-10.16,-1.37,3.16
2015-01-20,11.73,11.59,12.02,11.24,2472593,2922163776.00,6.44,-4.29,-0.52,4.05
2015-01-21,11.77,12.46,12.62,11.75,2698459,3326434224.00,7.51,7.51,0.87,4.42
2015-01-22,12.52,12.47,12.60,12.27,1474182,1860215296.00,2.65,0.08,0.01,2.42
2015-01-23,12.36,12.50,13.12,12.36,2312174,2979866064.00,6.09,0.24,0.03,3.79
2015-01-26,12.44,12.40,12.47,12.02,1393550,1730278480.00,3.60,-0.80,-0.10,2.28
2015-01-27,12.50,12.66,12.78,12.32,1907164,2433974688.00,3.71,2.10,0.26,3.13
2015-01-28,12.52,12.54,12.86,12.41,1604361,2056089104.00,3.55,-0.95,-0.12,2.63
2015-01-29,12.15,12.15,12.42,12.04,1127419,1395763808.00,3.03,-3.11,-0.39,1.85
2015-01-30,12.18,11.88,12.36,11.87,856374,1049903184.00,4.03,-2.22,-0.27,1.40
2015-02-02,11.48,11.41,11.80,11.37,994483,1165698928.00,3.62,-3.96,-0.47,1.63
2015-02-03,11.64,11.72,11.81,11.36,1360131,1601881712.00,3.94,2.72,0.31,2.23
2015-02-04,11.70,11.42,11.94,11.40,1339864,1591129248.00,4.61,-2.56,-0.30,2.20
2015-02-05,11.82,11.31,11.90,11.30,1514618,1786268128.00,5.25,-0.96,-0.11,2.48
2015-02-06,11.30,11.45,11.70,11.27,1133548,1321681408.00,3.80,1.24,0.14,1.86
2015-02-09,11.49,12.13,12.32,11.49,2272605,2751263808.00,7.25,5.94,0.68,3.73
2015-02-10,12.13,12.93,13.10,12.00,3519506,4540909056.00,9.07,6.60,0.80,5.77
2015-02-11,12.97,12.93,13.04,12.67,1609590,2097697920.00,2.86,0.00,0.00,2.64
2015-02-12,12.97,12.86,12.97,12.66,1030028,1338354656.00,2.40,-0.54,-0.07,1.69
2015-02-13,12.92,12.76,13.07,12.72,1725573,2258775168.00,2.72,-0.78,-0.10,2.83
2015-02-16,12.76,12.78,12.87,12.67,1047275,1355651632.00,1.57,0.16,0.02,1.72
2015-02-17,12.87,12.98,13.37,12.86,1758220,2333269984.00,3.99,1.56,0.20,2.88
2015-02-25,13.00,12.73,13.00,12.67,921636,1194884224.00,2.54,-1.93,-0.25,1.51
2015-02-26,12.70,13.24,13.37,12.49,2388832,3155468176.00,6.91,4.01,0.51,3.92
2015-02-27,13.19,13.03,13.25,12.98,1506512,2002405136.00,2.04,-1.59,-0.21,2.47
2015-03-02,13.37,13.21,13.51,13.12,1890896,2549451776.00,2.99,1.38,0.18,3.10
2015-03-03,13.12,12.65,13.12,12.62,1621455,2109401040.00,3.79,-4.24,-0.56,2.66
2015-03-04,12.64,12.69,12.83,12.57,908414,1169438848.00,2.06,0.32,0.04,1.49
2015-03-05,12.62,12.81,13.00,12.57,1285000,1671105920.00,3.39,0.95,0.12,2.11
2015-03-06,12.82,12.68,12.99,12.65,899743,1169632096.00,2.65,-1.01,-0.13,1.47
2015-03-09,12.22,12.34,12.48,11.87,1392067,1710648144.00,4.81,-2.68,-0.34,2.28
2015-03-10,12.29,12.38,12.64,12.20,923293,1160096432.00,3.57,0.32,0.04,1.51
2015-03-11,12.32,12.42,12.70,12.32,826040,1049309504.00,3.07,0.32,0.04,1.35
2015-03-12,12.52,12.64,12.82,12.34,1167441,1494378272.00,3.86,1.77,0.22,1.91
2015-03-13,12.72,12.67,13.01,12.57,1176092,1526049808.00,3.48,0.24,0.03,1.93
2015-03-16,12.71,12.87,13.00,12.53,1434925,1862266704.00,3.71,1.58,0.20,2.35
2015-03-17,13.07,13.20,13.29,12.85,2408503,3191443232.00,3.42,2.56,0.33,3.95
2015-03-18,13.27,13.36,13.42,13.16,2293582,3091926896.00,1.97,1.21,0.16,3.76
2015-03-19,13.37,13.26,13.41,13.13,1681541,2259536064.00,2.10,-0.75,-0.10,2.76
2015-03-20,13.26,13.98,14.52,13.12,4325660,6026140416.00,10.56,5.43,0.72,7.09
2015-03-23,14.02,14.08,14.20,13.80,2941019,4168201520.00,2.86,0.72,0.10,4.82
2015-03-24,14.11,13.75,14.14,13.43,2434553,3412597728.00,5.04,-2.34,-0.33,3.99
2015-03-25,13.76,13.52,14.03,13.49,2327663,3239073504.00,3.93,-1.67,-0.23,3.82
2015-03-26,13.45,13.61,13.80,13.31,1523890,2095881648.00,3.62,0.67,0.09,2.50
2015-03-27,13.63,13.69,13.88,13.54,1471421,2048909936.00,2.50,0.59,0.08,2.41
2015-03-30,13.69,13.98,14.07,13.56,2280773,3201761120.00,3.73,2.12,0.29,3.74
2015-03-31,14.13,13.91,14.79,13.87,2967250,4301159936.00,6.58,-0.50,-0.07,4.86
2015-04-01,14.01,14.24,14.31,13.88,2256429,3228394912.00,3.09,2.37,0.33,3.70
2015-04-02,14.44,14.12,14.52,13.92,1924334,2757638464.00,4.21,-0.84,-0.12,3.15
2015-04-03,13.95,14.43,14.51,13.93,2838626,4116635344.00,4.11,2.20,0.31,4.65
2015-04-07,14.56,14.59,14.76,14.31,2529706,3706998784.00,3.12,1.11,0.16,4.15
2015-04-08,14.67,15.30,15.47,14.42,4203905,6384672256.00,7.20,4.87,0.71,6.89
2015-04-09,15.52,15.89,16.80,15.03,4627137,7478020352.00,11.57,3.86,0.59,7.59
2015-04-10,16.00,15.88,16.04,15.52,2753741,4401039104.00,3.27,-0.06,-0.01,4.51
2015-04-13,15.93,15.69,15.99,15.42,2554647,4035912288.00,3.59,-1.20,-0.19,4.19
2015-04-14,15.60,15.83,15.98,15.17,2735231,4298140928.00,5.16,0.89,0.14,4.48
2015-04-15,15.67,15.20,15.91,15.17,1869441,2957664256.00,4.67,-3.98,-0.63,3.06
2015-04-16,15.06,15.39,15.56,14.83,1745350,2695410304.00,4.80,1.25,0.19,2.86
2015-04-17,15.51,15.59,15.81,15.33,2372230,3741573808.00,3.12,1.30,0.20,3.89
2015-04-20,15.59,14.71,15.59,14.69,2446899,3761469152.00,5.77,-5.64,-0.88,4.01
2015-04-21,14.71,15.40,15.58,14.71,2097768,3235660608.00,5.91,4.69,0.69,3.44
2015-04-22,15.55,16.29,16.42,15.42,3567272,5718454784.00,6.49,5.78,0.89,5.85
2015-04-23,16.35,16.03,16.70,15.83,3096159,5074777856.00,5.34,-1.60,-0.26,5.08
2015-04-24,15.62,15.45,15.81,15.23,2055973,3229825088.00,3.62,-3.62,-0.58,3.37
2015-04-27,15.47,15.60,15.82,15.44,1616499,2549590192.00,2.46,0.97,0.15,2.65
2015-04-28,15.62,15.46,15.78,15.36,1936159,3050287312.00,2.69,-0.90,-0.14,3.17
2015-04-29,15.46,15.47,15.63,15.12,1318705,2056163520.00,3.30,0.06,0.01,2.16
2015-04-30,15.29,14.91,15.40,14.89,2012448,3077084032.00,3.30,-3.62,-0.56,3.30
2015-05-04,14.86,14.68,14.87,14.53,1218868,1811703072.00,2.28,-1.54,-0.23,2.00
2015-05-05,14.69,14.17,15.09,14.02,1538078,2287498400.00,7.29,-3.47,-0.51,2.52
2015-05-06,14.47,14.22,14.71,13.95,1440581,2097833776.00,5.36,0.35,0.05,2.36
2015-05-07,14.13,14.23,14.45,14.03,1193874,1726344192.00,2.95,0.07,0.01,1.96
2015-05-08,14.44,14.37,14.54,13.93,1228106,1769335104.00,4.29,0.98,0.14,2.01
2015-05-11,14.48,14.59,14.67,14.27,1981088,2905013024.00,2.78,1.53,0.22,3.25
2015-05-12,14.53,14.91,15.25,14.42,2413457,3629894896.00,5.69,2.19,0.32,3.96
2015-05-13,14.89,14.43,14.89,14.33,1486340,2192912144.00,3.76,-3.22,-0.48,2.44
2015-05-14,14.47,14.32,14.58,14.24,1153110,1679852960.00,2.36,-0.76,-0.11,1.89
2015-05-15,14.28,14.22,14.52,14.06,1211377,1752909760.00,3.21,-0.70,-0.10,1.99
2015-05-18,13.89,13.65,13.95,13.62,1396236,1946815984.00,2.32,-4.01,-0.57,2.29
2015-05-19,13.61,14.45,14.79,13.57,2333731,3380803616.00,8.94,5.86,0.80,3.83
2015-05-20,14.42,14.20,14.47,14.15,1731315,2500618592.00,2.21,-1.73,-0.25,2.84
2015-05-21,14.21,14.12,14.30,14.01,1188232,1697638544.00,2.04,-0.56,-0.08,1.95
2015-05-22,14.28,14.52,14.70,14.20,2391580,3514673440.00,3.54,2.83,0.40,3.92
2015-05-25,14.53,14.88,15.11,14.53,2835534,4266716704.00,3.99,2.48,0.36,4.65
2015-05-26,14.96,15.34,15.47,14.63,3535857,5387427584.00,5.65,3.09,0.46,5.80
2015-05-27,15.38,15.23,15.52,15.11,2510456,3887986464.00,2.67,-0.72,-0.11,4.12
2015-05-28,15.16,13.69,15.33,13.69,2772036,4127966720.00,10.77,-10.11,-1.54,4.54
2015-05-29,13.77,13.59,14.00,13.33,1969990,2735517408.00,4.89,-0.73,-0.10,3.23
2015-06-01,13.59,14.30,14.50,13.38,2106335,2982497824.00,8.24,5.22,0.71,3.45
2015-06-02,14.22,14.32,14.46,14.03,1527084,2200616672.00,3.01,0.14,0.02,2.50
2015-06-03,14.34,14.26,14.57,14.20,1432499,2079361808.00,2.58,-0.42,-0.06,2.35
2015-06-04,14.24,14.54,14.65,13.62,2054785,2971109632.00,7.22,1.96,0.28,3.37
2015-06-05,14.82,14.58,14.97,14.15,2185700,3233461824.00,5.64,0.28,0.04,3.58
2015-06-08,14.62,15.24,15.31,14.43,3596119,5439334144.00,6.04,4.53,0.66,5.90
2015-06-09,15.26,14.93,15.39,14.71,2373321,3611274512.00,4.46,-2.03,-0.31,3.89
2015-06-10,14.82,14.93,15.23,14.62,1967263,2986327936.00,4.09,0.00,0.00,3.23
2015-06-11,14.93,14.74,14.93,14.60,1481381,2211977968.00,2.21,-1.27,-0.19,2.43
2015-06-12,14.80,14.88,15.15,14.79,1909396,2888315440.00,2.44,0.95,0.14,3.13
2015-06-15,15.12,14.58,15.26,14.54,2025990,3049340032.00,4.84,-2.02,-0.30,3.32
2015-06-16,14.52,14.43,15.01,14.25,1675536,2490069232.00,5.21,-1.03,-0.15,2.75
2015-06-17,14.34,14.45,14.59,13.93,1444737,2078985712.00,4.57,0.14,0.02,2.37
2015-06-18,14.30,13.63,14.42,13.59,1256431,1790041680.00,5.74,-5.67,-0.82,2.06
2015-06-19,13.47,12.74,13.87,12.70,1291963,1760388352.00,8.58,-6.53,-0.89,2.12
2015-06-23,12.77,13.12,13.24,12.00,1324536,1723134096.00,9.73,2.98,0.38,2.17
2015-06-24,13.14,13.18,13.20,12.83,1329094,1760790720.00,2.82,0.46,0.06,2.18
2015-06-25,13.24,12.90,13.58,12.73,1524153,2047419296.00,6.45,-2.12,-0.28,2.50
2015-06-26,12.63,11.59,13.21,11.59,2097867,2623581120.00,12.56,-10.16,-1.31,3.44
2015-06-29,11.93,10.67,12.04,10.41,2175191,2473247728.00,14.06,-7.94,-0.92,3.57
2015-06-30,10.64,11.71,11.73,10.20,2043815,2300689552.00,14.34,9.75,1.04,3.35
2015-07-01,11.62,10.99,11.96,10.80,1553772,1829413408.00,9.91,-6.15,-0.72,2.55
2015-07-02,11.37,11.00,11.61,10.38,1785063,2027853232.00,11.19,0.09,0.01,2.93
2015-07-03,10.99,10.51,11.35,10.00,1581653,1731336768.00,12.27,-4.45,-0.49,2.59
2015-07-06,11.58,11.34,11.58,10.72,2637825,2994407392.00,8.18,7.90,0.83,4.32
2015-07-07,11.07,10.60,11.40,10.19,3203113,3441043040.00,10.67,-6.53,-0.74,5.25
2015-07-08,9.52,9.52,10.41,9.52,3353796,3337633488.00,8.40,-10.19,-1.08,5.50
2015-07-09,9.52,10.49,10.49,8.65,2243110,2266562400.00,19.33,10.19,0.97,3.68
2015-07-10,10.39,11.53,11.56,10.29,2477203,2843282432.00,12.11,9.91,1.04,4.06
2015-07-13,11.32,11.60,12.03,11.12,2646728,3108202688.00,7.89,0.61,0.07,4.34
2015-07-14,11.29,10.84,11.41,10.72,1879476,2118570544.00,5.95,-6.55,-0.76,3.08
2015-07-15,9.90,10.12,10.59,9.74,2448405,2501057104.00,7.84,-6.64,-0.72,4.01
2015-07-16,10.12,10.01,10.39,9.74,1149241,1180095168.00,6.42,-1.09,-0.11,1.88
2015-07-17,10.09,10.41,10.56,9.94,1402811,1462884176.00,6.19,4.00,0.40,2.30
2015-07-20,10.36,10.14,10.44,10.07,1149884,1195580688.00,3.55,-2.59,-0.27,1.89
2015-07-21,10.02,10.21,10.44,9.83,1304489,1348220928.00,6.02,0.69,0.07,2.14
2015-07-22,10.08,10.03,10.21,9.94,855719,876102176.00,2.64,-1.76,-0.18,1.40
2015-07-23,10.07,10.26,10.34,10.07,1206601,1256730416.00,2.69,2.29,0.23,1.98
2015-07-24,10.30,10.03,10.36,9.91,1093970,1134325696.00,4.39,-2.24,-0.23,1.79
2015-07-27,9.76,9.01,9.94,9.01,1276158,1235882640.00,9.27,-10.17,-1.02,2.09
2015-07-28,8.77,9.21,9.42,8.17,1988301,1802736672.00,13.87,2.22,0.20,3.26
2015-07-29,9.11,9.11,9.14,8.79,1444031,1314824688.00,3.80,-1.09,-0.10,2.37
2015-07-30,9.07,8.52,9.16,8.38,1231907,1117712000.00,8.56,-6.48,-0.59,2.02
2015-07-31,8.42,8.51,8.66,8.34,930175,809057776.00,3.76,-0.12,-0.01,1.52
2015-08-03,8.42,8.59,8.62,8.31,945201,810728736.00,3.64,0.94,0.08,1.55
2015-08-04,8.60,8.88,8.90,8.48,881281,782160544.00,4.89,3.38,0.29,1.44
2015-08-05,8.82,8.60,8.87,8.57,724011,643934608.00,3.38,-3.15,-0.28,1.19
2015-08-06,8.52,8.50,8.78,8.38,506250,442676976.00,4.65,-1.16,-0.10,0.83
2015-08-07,8.67,8.67,8.77,8.57,683029,605617984.00,2.35,2.00,0.17,1.12
2015-08-10,8.74,9.33,9.45,8.70,1531607,1416932000.00,8.65,7.61,0.66,2.44
2015-08-11,9.19,9.21,9.37,9.14,1035591,978690080.00,2.47,-1.29,-0.12,1.65
2015-08-12,9.09,9.21,9.45,9.04,870419,823132064.00,4.45,0.00,0.00,1.38
2015-08-13,9.31,9.37,9.40,9.13,797518,755296976.00,2.93,1.74,0.16,1.27
2015-08-14,9.47,9.37,9.51,9.32,455762,436884192.00,2.03,0.00,0.00,0.72
2015-08-20,8.78,8.64,9.17,8.62,1019606,921815680.00,5.87,-7.79,-0.73,1.62
2015-08-21,8.51,7.88,8.65,7.84,727237,614779888.00,9.38,-8.80,-0.76,1.16
2015-08-24,7.57,7.07,7.71,7.07,939623,691821504.00,8.12,-10.28,-0.81,1.49
2015-08-25,6.42,6.35,6.82,6.35,997674,664410864.00,6.65,-10.18,-0.72,1.59
2015-08-26,6.15,6.08,6.70,5.86,1616668,1042924752.00,13.23,-4.25,-0.27,2.57
2015-08-27,6.27,6.54,6.56,6.04,1312113,848112496.00,8.55,7.57,0.46,2.09
2015-08-28,6.54,6.83,6.86,6.45,1572390,1068923952.00,6.27,4.43,0.29,2.50
2015-08-31,6.71,6.82,6.85,6.22,1499069,1001985536.00,9.22,-0.15,-0.01,2.38
2015-09-01,6.62,7.03,7.11,6.27,1993302,1391686800.00,12.32,3.08,0.21,3.17
2015-09-02,6.62,7.11,7.20,6.53,1885483,1350024208.00,9.53,1.14,0.08,3.00
2015-09-07,6.97,6.81,7.42,6.79,805163,586173168.00,8.86,-4.22,-0.30,1.28
2015-09-08,6.70,6.99,7.01,6.44,757505,525367296.00,8.37,2.64,0.18,1.20
2015-09-09,6.97,7.16,7.31,6.91,1008936,736029568.00,5.72,2.43,0.17,1.60
2015-09-10,7.01,6.86,7.04,6.82,751176,534361088.00,3.07,-4.19,-0.30,1.19
2015-09-11,6.84,6.78,6.95,6.72,497636,349303168.00,3.35,-1.17,-0.08,0.79
2015-09-14,6.77,6.17,6.78,6.08,852082,560899472.00,10.32,-9.00,-0.61,1.35
2015-09-15,6.04,5.81,6.30,5.76,584053,363034176.00,8.75,-5.83,-0.36,0.93
2015-09-16,5.88,6.30,6.41,5.81,738649,460524688.00,10.33,8.43,0.49,1.17
2015-09-17,6.22,6.13,6.46,6.11,722631,467397360.00,5.56,-2.70,-0.17,1.15
2015-09-18,6.14,6.19,6.27,6.12,390759,248944141.00,2.45,0.98,0.06,0.62
2015-09-21,6.12,6.37,6.40,6.05,432144,278443632.00,5.65,2.91,0.18,0.69
2015-09-22,6.41,6.64,6.87,6.37,947109,647689552.00,7.85,4.24,0.27,1.51
2015-09-23,6.49,6.38,6.58,6.36,544750,362629072.00,3.31,-3.92,-0.26,0.87
2015-09-24,6.40,6.50,6.51,6.37,378037,250899016.00,2.19,1.88,0.12,0.60
2015-09-25,6.46,6.21,6.50,6.17,386063,250527617.00,5.08,-4.46,-0.29,0.61
2015-09-28,6.20,6.26,6.29,6.07,264571,168992547.00,3.54,0.81,0.05,0.42
2015-09-29,6.17,6.17,6.40,6.00,430289,273726560.00,6.39,-1.44,-0.09,0.68
2015-09-30,6.17,6.17,6.35,6.14,385392,247367711.00,3.40,0.00,0.00,0.61
2015-10-08,6.52,6.44,6.52,6.40,561291,372130896.00,1.94,4.38,0.27,0.89
2015-10-09,6.44,6.63,6.71,6.41,622075,419282960.00,4.66,2.95,0.19,0.99
2015-10-12,6.66,7.00,7.17,6.58,1125370,799553072.00,8.90,5.58,0.37,1.79
2015-10-13,6.95,7.04,7.07,6.90,677225,486030992.00,2.43,0.57,0.04,1.08
2015-10-14,7.00,6.90,7.19,6.89,778754,560716080.00,4.26,-1.99,-0.14,1.24
2015-10-15,6.85,7.09,7.10,6.84,740737,531184048.00,3.77,2.75,0.19,1.18
2015-10-16,7.20,7.21,7.30,7.08,1149388,847972960.00,3.10,1.69,0.12,1.83
2015-10-19,7.26,7.33,7.58,7.20,1286446,976051040.00,5.27,1.66,0.12,2.05
2015-10-20,7.29,7.38,7.40,7.13,748235,556965024.00,3.68,0.68,0.05,1.19
2015-10-21,7.40,6.84,7.40,6.78,1005104,733390688.00,8.40,-7.32,-0.54,1.60
2015-10-22,6.87,7.01,7.02,6.78,666730,472861552.00,3.51,2.49,0.17,1.06
2015-10-23,7.05,7.15,7.20,6.97,713838,518508432.00,3.28,2.00,0.14,1.13
2015-10-26,7.27,7.26,7.51,7.18,1387013,1044859216.00,4.62,1.54,0.11,2.21
2015-10-27,7.18,7.17,7.21,6.88,738615,534915168.00,4.55,-1.24,-0.09,1.17
2015-10-28,7.10,7.00,7.22,6.96,552184,401930320.00,3.63,-2.37,-0.17,0.88
2015-10-29,7.05,7.04,7.12,6.96,458319,330808816.00,2.29,0.57,0.04,0.73
2015-10-30,7.03,7.19,7.42,6.92,1030546,758629376.00,7.10,2.13,0.15,1.64
2015-11-02,7.11,7.03,7.28,7.02,721928,528892960.00,3.62,-2.23,-0.16,1.15
2015-11-03,7.05,7.19,7.33,7.04,825705,609692240.00,4.13,2.28,0.16,1.31
2015-11-04,7.23,7.93,7.93,7.22,1849697,1448711664.00,9.87,10.29,0.74,2.94
2015-11-05,8.49,8.74,8.74,8.32,3230603,2864607680.00,5.30,10.21,0.81,5.14
2015-11-06,8.72,9.63,9.63,8.59,3758188,3549801792.00,11.90,10.18,0.89,5.98
2015-11-09,10.32,10.59,10.61,10.21,4888275,5237198336.00,4.15,9.97,0.96,7.77
2015-11-10,10.37,11.10,11.67,10.37,6555856,7362013952.00,12.28,4.82,0.51,10.42
2015-11-11,10.87,11.30,11.54,10.63,4500816,5058396672.00,8.20,1.80,0.20,7.16
2015-11-12,11.08,10.92,11.29,10.70,3560252,3959317168.00,5.22,-3.36,-0.38,5.66
2015-11-13,10.83,11.39,12.03,10.83,5256078,6139125248.00,10.99,4.30,0.47,8.36
2015-11-16,10.81,10.99,11.15,10.70,2706783,2996273520.00,3.95,-3.51,-0.40,4.30
2015-11-17,11.24,10.78,11.82,10.73,5365979,6148441856.00,9.92,-1.91,-0.21,8.53
2015-11-18,10.62,10.03,10.70,9.80,3159443,3307769344.00,8.35,-6.96,-0.75,5.02
2015-11-19,10.15,10.33,10.35,9.90,1981734,2044395520.00,4.49,2.99,0.30,3.15
2015-11-20,10.22,10.18,10.23,9.92,1589322,1631090512.00,3.00,-1.45,-0.15,2.53
2015-11-23,10.29,9.81,10.41,9.77,2144930,2197739008.00,6.29,-3.63,-0.37,3.41
2015-11-24,9.77,10.24,10.48,9.73,2544735,2627179152.00,7.65,4.38,0.43,4.05
2015-11-25,10.02,10.22,10.35,9.95,2033174,2096436416.00,3.91,-0.20,-0.02,3.23
2015-11-26,10.34,10.02,10.49,9.96,1861321,1933692448.00,5.19,-1.96,-0.20,2.96
2015-11-27,9.84,9.00,9.95,9.00,2385947,2291455040.00,9.48,-10.18,-1.02,3.79
2015-11-30,9.02,9.30,9.41,8.77,2385258,2211325456.00,7.11,3.33,0.30,3.79
2015-12-01,9.12,9.21,9.25,8.96,1489488,1382072544.00,3.12,-0.97,-0.09,2.37
2015-12-02,9.12,9.69,9.91,9.05,2672184,2575182960.00,9.34,5.21,0.48,4.25
2015-12-03,9.54,9.61,9.79,9.37,1748760,1703995952.00,4.33,-0.83,-0.08,2.78
2015-12-04,9.48,9.30,9.54,9.17,1293330,1231780832.00,3.85,-3.23,-0.31,2.06
2015-12-07,9.23,9.13,9.27,9.02,954031,886987712.00,2.69,-1.83,-0.17,1.52
2015-12-08,9.03,9.08,9.32,9.01,1074294,1004287040.00,3.40,-0.55,-0.05,1.71
2015-12-09,9.12,9.10,9.25,9.02,835763,778013296.00,2.53,0.22,0.02,1.33
2015-12-10,9.17,9.11,9.59,9.08,1735940,1654838192.00,5.60,0.11,0.01,2.76
2015-12-11,9.01,9.11,9.34,8.84,1278126,1179847584.00,5.49,0.00,0.00,2.03
2015-12-14,8.95,10.04,10.04,8.93,2405669,2340332432.00,12.18,10.21,0.93,3.82
2015-12-15,10.04,9.69,10.09,9.64,2121144,2123769680.00,4.48,-3.49,-0.35,3.37
2015-12-16,9.73,9.73,10.02,9.64,1547788,1545800000.00,3.92,0.41,0.04,2.46
2015-12-17,9.88,9.85,10.08,9.70,1709837,1718360512.00,3.91,1.23,0.12,2.72
2015-12-18,9.78,9.74,9.90,9.68,1118189,1111909824.00,2.23,-1.12,-0.11,1.78
2015-12-21,9.65,9.88,10.02,9.63,1381908,1388436960.00,4.00,1.44,0.14,2.20
2015-12-22,9.91,10.02,10.18,9.78,1574080,1599255504.00,4.05,1.42,0.14,2.50
2015-12-23,10.02,10.09,10.57,9.97,2967300,3098161744.00,5.99,0.70,0.07,4.72
2015-12-24,9.99,9.64,10.08,9.35,1599691,1585850640.00,7.23,-4.46,-0.45,2.54
2015-12-25,9.64,9.71,9.79,9.59,730366,721131008.00,2.07,0.73,0.07,1.16
2015-12-28,9.81,9.41,9.89,9.39,1072852,1055076960.00,5.15,-3.09,-0.30,1.71
2015-12-29,9.41,9.57,9.59,9.41,648280,627307792.00,1.91,1.70,0.16,1.03
2015-12-30,9.57,9.54,9.63,9.37,687564,666018192.00,2.72,-0.31,-0.03,1.09
2015-12-31,9.52,9.42,9.60,9.39,564259,546750864.00,2.20,-1.26,-0.12,0.90