MjAxNy0wMS0wMywyMy43NiwyNC4wMywyNC4yMCwyMy43Myw5MTQyLDQzMTAyNDA0LjAwLDEuOTgsMS4xNCwwLjI3LDEuMDk=
2017-01-04,23.95,24.13,24.17,23.88,9585,45189863.00,1.21,0.42,0.10,1.14
2017-01-05,24.12,24.03,24.12,23.96,6484,30553917.00,0.66,-0.41,-0.10,0.77
2017-01-06,24.06,23.58,24.13,23.48,11287,52518447.00,2.70,-1.87,-0.45,1.34
2017-01-09,23.49,24.00,24.03,23.48,8176,38286165.00,2.33,1.78,0.42,0.97
2017-01-10,24.06,24.03,24.20,23.90,7712,36442395.00,1.25,0.13,0.03,0.92
2017-01-11,24.03,24.22,24.34,23.96,8347,39566904.00,1.58,0.79,0.19,0.99
2017-01-12,24.27,23.71,24.27,23.69,5983,28092778.00,2.39,-2.11,-0.51,0.71
2017-01-13,23.68,22.76,23.79,22.16,20991,93989254.00,6.87,-4.01,-0.95,2.50
2017-01-16,22.52,21.91,22.63,21.24,15387,66527070.00,6.11,-3.73,-0.85,1.83
2017-01-17,21.90,22.16,22.19,21.70,5897,25595211.00,2.24,1.14,0.25,0.70
2017-01-18,22.08,22.12,22.25,21.79,4817,21038908.00,2.08,-0.18,-0.04,0.57
2017-01-19,21.97,22.02,22.17,21.64,4801,20817304.00,2.40,-0.45,-0.10,0.57
2017-01-20,22.07,22.53,22.57,21.89,5738,25318146.00,3.09,2.32,0.51,0.68
2017-01-23,22.52,22.52,22.73,22.34,5425,24114367.00,1.73,-0.04,-0.01,0.64
2017-01-24,22.52,22.16,22.62,22.14,4783,21133178.00,2.13,-1.60,-0.36,0.57
2017-01-25,22.30,22.33,22.44,22.04,4289,18868952.00,1.81,0.77,0.17,0.51
2017-01-26,22.49,22.38,22.52,22.34,3382,14932266.00,0.81,0.22,0.05,0.40
2017-02-03,22.30,22.31,22.47,22.24,2860,12603345.00,1.03,-0.31,-0.07,0.34
2017-02-06,22.48,22.55,22.57,22.25,6019,26596274.00,1.43,1.08,0.24,0.72
2017-02-07,22.55,22.42,22.55,22.31,4951,21895594.00,1.06,-0.58,-0.13,0.59
2017-02-08,22.42,22.57,22.57,22.19,5001,22077846.00,1.69,0.67,0.15,0.59
2017-02-09,22.55,22.86,22.88,22.47,7777,34882276.00,1.82,1.28,0.29,0.92
2017-02-10,22.86,22.80,23.06,22.75,8952,40358979.00,1.36,-0.26,-0.06,1.06
2017-02-13,22.75,22.82,22.93,22.60,9185,41182815.00,1.45,0.09,0.02,1.09
2017-02-14,22.87,23.43,24.50,22.68,26494,122326986.00,7.98,2.67,0.61,3.15
2017-02-15,23.30,22.87,23.32,22.82,9899,45035586.00,2.13,-2.39,-0.56,1.18
2017-02-16,22.85,23.07,23.12,22.74,5955,26831847.00,1.66,0.87,0.20,0.71
2017-02-17,22.98,22.32,23.12,22.30,10434,46509018.00,3.55,-3.25,-0.75,1.24
2017-02-20,22.31,22.45,22.47,22.14,8103,35610655.00,1.48,0.58,0.13,0.96
2017-02-21,22.44,22.78,22.87,22.32,7458,33334096.00,2.45,1.47,0.33,0.89
2017-02-22,22.79,22.79,22.97,22.66,6394,28649206.00,1.36,0.04,0.01,0.76
2017-02-23,22.74,23.11,23.34,22.69,12297,55815656.00,2.85,1.40,0.32,1.46
2017-02-24,22.99,23.07,23.27,22.95,7014,31858213.00,1.38,-0.17,-0.04,0.83
2017-02-27,23.04,23.10,23.16,22.92,5461,24790149.00,1.04,0.13,0.03,0.65
2017-02-28,23.10,23.04,23.18,22.94,4737,21444396.00,1.04,-0.26,-0.06,0.56
2017-03-01,23.04,23.04,23.20,22.93,6993,31710743.00,1.17,0.00,0.00,0.83
2017-03-02,23.10,22.77,23.15,22.73,7343,33079045.00,1.82,-1.17,-0.27,0.87
2017-03-03,22.77,22.68,22.77,22.48,5525,24641488.00,1.27,-0.40,-0.09,0.66
2017-03-06,22.69,23.01,23.13,22.69,9515,43084341.00,1.94,1.46,0.33,1.13
2017-03-07,23.02,23.12,23.12,22.80,10420,47145871.00,1.39,0.48,0.11,1.24
2017-03-08,23.10,22.95,23.12,22.84,10255,46308468.00,1.21,-0.74,-0.17,1.22
2017-03-09,22.96,22.95,23.10,22.79,7653,34603740.00,1.35,0.00,0.00,0.91
2017-03-10,22.88,23.01,23.06,22.83,6629,29968100.00,1.00,0.26,0.06,0.79
2017-03-13,23.01,23.10,23.10,22.83,11110,50213096.00,1.17,0.39,0.09,1.32
2017-03-14,23.10,23.14,23.38,23.05,11742,53533412.00,1.43,0.17,0.04,1.40
2017-03-15,23.07,23.14,23.18,22.95,7885,35769693.00,0.99,0.00,0.00,0.94
2017-03-16,23.18,23.41,23.65,23.18,22244,102453285.00,2.03,1.17,0.27,2.64
2017-03-17,23.43,23.57,23.88,23.36,20313,94387043.00,2.22,0.68,0.16,2.41
2017-03-20,23.58,23.85,23.87,23.41,14165,65828321.00,1.95,1.19,0.28,1.68
2017-03-21,23.84,23.86,24.07,23.62,15701,73430685.00,1.89,0.04,0.01,1.87
2017-03-22,23.68,23.93,23.95,23.42,18517,85912481.00,2.22,0.29,0.07,2.20
2017-03-23,24.01,24.08,24.40,23.54,27584,129881974.00,3.59,0.63,0.15,3.28
2017-03-24,23.47,23.33,23.60,23.13,32115,147418672.00,1.95,-3.11,-0.75,3.82
2017-03-27,23.25,23.08,23.46,23.04,15245,69586110.00,1.80,-1.07,-0.25,1.81
2017-03-28,23.03,22.19,23.07,22.18,29941,132744402.00,3.86,-3.86,-0.89,3.56
2017-03-29,22.26,21.70,22.34,21.69,19851,86101684.00,2.93,-2.21,-0.49,2.36
2017-03-30,21.68,22.03,22.16,21.26,25685,110830884.00,4.15,1.52,0.33,3.05
2017-03-31,21.88,22.30,22.33,21.70,15606,67916206.00,2.86,1.23,0.27,1.86
2017-04-05,22.26,22.32,22.41,22.08,9023,39643433.00,1.48,0.09,0.02,1.07
2017-04-06,22.32,22.34,22.65,22.22,9781,43343387.00,1.93,0.09,0.02,1.16
2017-04-07,22.29,22.07,22.29,22.03,10149,44321640.00,1.16,-1.21,-0.27,1.21
2017-04-10,22.03,21.79,22.03,21.42,17208,73656032.00,2.76,-1.27,-0.28,2.05
2017-04-11,21.79,21.81,21.82,21.54,7008,30037516.00,1.28,0.09,0.02,0.83
2017-04-12,21.76,21.55,21.91,21.54,5783,24755663.00,1.70,-1.19,-0.26,0.69
2017-04-13,21.57,21.56,21.72,21.51,4443,18971283.00,0.97,0.05,0.01,0.53
2017-04-14,21.51,21.29,21.59,21.16,10415,43911010.00,1.99,-1.25,-0.27,1.24
2017-04-17,21.30,20.81,21.30,20.76,6453,26846718.00,2.54,-2.25,-0.48,0.77
2017-04-18,20.87,20.99,21.25,20.68,8446,35268364.00,2.74,0.86,0.18,1.00
2017-04-19,21.06,20.86,21.06,20.66,5956,24575828.00,1.91,-0.62,-0.13,0.71
2017-04-20,20.76,21.46,21.75,20.68,14459,60434589.00,5.13,2.88,0.60,1.72
2017-04-21,21.33,21.19,21.70,21.09,7968,33763408.00,2.84,-1.26,-0.27,0.95
2017-04-24,21.20,21.18,21.31,20.66,6450,26828165.00,3.07,-0.05,-0.01,0.77
2017-04-25,21.28,21.71,21.77,21.26,11553,49433822.00,2.41,2.50,0.53,1.37
2017-04-26,21.64,22.12,22.23,21.64,15525,67579261.00,2.72,1.89,0.41,1.85
2017-04-27,22.19,22.25,22.33,21.90,12395,54137175.00,1.94,0.59,0.13,1.47
2017-04-28,22.19,22.14,22.24,21.96,5636,24574624.00,1.26,-0.49,-0.11,0.67
2017-05-02,22.31,21.91,22.45,21.75,11220,48742557.00,3.16,-1.04,-0.23,1.33
2017-05-03,22.02,21.91,22.02,21.49,9557,41108758.00,2.42,0.00,0.00,1.14
2017-05-04,21.77,22.35,22.47,21.60,18460,81005189.00,3.97,2.01,0.44,2.19
2017-05-05,22.27,22.27,22.42,22.14,6595,29017431.00,1.25,-0.36,-0.08,0.78
2017-05-08,22.27,21.84,22.46,21.78,7115,31205466.00,3.05,-1.93,-0.43,0.85
2017-05-09,21.75,22.01,22.02,21.69,6524,28236888.00,1.51,0.78,0.17,0.78
2017-05-10,22.01,21.29,22.06,21.14,8426,36047228.00,4.18,-3.27,-0.72,1.00
2017-05-11,21.20,21.44,21.53,20.93,8694,36455445.00,2.82,0.70,0.15,1.03
2017-05-12,21.37,21.30,21.45,21.20,7848,33096949.00,1.17,-0.65,-0.14,0.93
2017-05-15,21.36,21.52,21.64,21.15,6656,28257551.00,2.30,1.03,0.22,0.79
2017-05-16,21.40,22.05,22.05,21.21,7404,31927848.00,3.90,2.46,0.53,0.88
2017-05-17,21.89,22.37,22.50,21.89,11081,48739885.00,2.77,1.45,0.32,1.32
2017-05-18,22.15,22.14,22.47,22.13,5465,24040115.00,1.52,-1.03,-0.23,0.65
2017-05-19,22.35,22.21,22.35,21.97,6440,28155776.00,1.72,0.32,0.07,0.77
2017-05-22,22.05,21.93,22.25,21.86,6001,26159023.00,1.76,-1.26,-0.28,0.71
2017-05-23,21.84,22.20,22.67,21.84,18924,83370455.00,3.78,1.23,0.27,2.25
2017-05-24,22.03,22.20,22.30,20.93,12144,52252988.00,6.17,0.00,0.00,1.44
2017-05-25,22.19,22.54,22.60,21.86,17538,77421258.00,3.33,1.53,0.34,2.08
2017-05-26,22.54,22.48,22.71,22.41,9957,44271763.00,1.33,-0.27,-0.06,1.18
2017-05-31,22.63,22.65,22.91,22.58,11897,53323548.00,1.47,0.76,0.17,1.41
2017-06-01,22.66,22.54,23.07,22.52,12408,55826401.00,2.43,-0.49,-0.11,1.47
2017-06-02,22.44,22.76,22.84,21.70,14917,65504470.00,5.06,0.98,0.22,1.77
2017-06-05,22.77,22.49,23.33,22.32,16604,74628251.00,4.44,-1.19,-0.27,1.97
2017-06-06,22.41,22.91,23.04,22.35,6900,30806526.00,3.07,1.87,0.42,0.82
2017-06-07,22.95,23.26,23.40,22.75,16481,75174148.00,2.84,1.53,0.35,1.96
2017-06-08,23.35,23.26,23.48,23.24,9480,43467351.00,1.03,0.00,0.00,1.13
2017-06-09,23.14,23.24,23.62,23.13,10338,47484126.00,2.11,-0.09,-0.02,1.23
2017-06-12,23.17,24.00,24.10,23.12,25665,120127988.00,4.22,3.27,0.76,3.05
2017-06-13,24.12,24.14,24.33,23.95,16034,75819682.00,1.58,0.58,0.14,1.91
2017-06-14,24.03,24.34,24.66,24.03,16784,80476035.00,2.61,0.83,0.20,2.00
2017-06-15,24.31,24.25,24.49,24.03,9535,45290039.00,1.89,-0.37,-0.09,1.13
2017-06-16,24.27,24.12,24.30,23.79,10784,50826314.00,2.10,-0.54,-0.13,1.28
2017-06-19,24.14,24.43,24.66,23.95,7612,36395609.00,2.94,1.29,0.31,0.90
2017-06-20,24.45,24.10,24.45,23.97,9389,44498277.00,1.96,-1.35,-0.33,1.12
2017-06-21,24.23,23.82,24.28,23.57,10632,49187187.00,2.95,-1.16,-0.28,1.26
2017-06-22,23.85,23.38,23.88,23.38,6513,30133194.00,2.10,-1.85,-0.44,0.77
2017-06-23,23.30,23.76,23.80,23.28,7268,33523486.00,2.22,1.63,0.38,0.86
2017-06-26,23.73,24.25,24.59,23.59,14612,69115896.00,4.21,2.06,0.49,1.74
2017-06-27,24.13,24.24,24.72,24.13,8913,42508013.00,2.43,-0.04,-0.01,1.06
2017-06-28,24.06,24.52,24.55,23.29,10498,49784493.00,5.20,1.16,0.28,1.25
2017-06-29,24.52,24.40,24.58,24.07,10314,48876761.00,2.08,-0.49,-0.12,1.23
2017-06-30,24.23,25.02,25.09,24.17,16848,81151168.00,3.77,2.54,0.62,2.00
2017-07-03,25.00,24.98,25.38,24.86,11354,55309629.00,2.08,-0.16,-0.04,1.35
2017-07-04,24.81,24.41,24.98,24.21,11792,56083609.00,3.08,-2.28,-0.57,1.40
2017-07-05,24.40,24.55,24.59,24.28,6397,30545214.00,1.27,0.57,0.14,0.76
2017-07-06,24.38,24.69,24.91,24.38,7262,34853498.00,2.16,0.57,0.14,0.86
2017-07-07,24.66,24.09,24.69,23.95,10603,49966337.00,3.00,-2.43,-0.60,1.26
2017-07-10,24.01,23.55,24.01,23.49,14719,67957338.00,2.16,-2.24,-0.54,1.75
2017-07-11,23.42,23.88,23.91,23.35,11320,52221328.00,2.38,1.40,0.33,1.35
2017-07-12,23.75,23.62,24.01,23.35,9650,44455731.00,2.76,-1.09,-0.26,1.15
2017-07-13,23.71,23.64,24.12,23.51,9507,44232640.00,2.58,0.08,0.02,1.13
2017-07-14,23.51,23.44,23.82,23.41,7795,35958584.00,1.73,-0.85,-0.20,0.93
2017-07-17,23.46,23.30,23.53,22.73,16301,73366768.00,3.41,-0.60,-0.14,1.94
2017-07-18,23.18,22.71,23.29,22.55,10976,49078205.00,3.18,-2.53,-0.59,1.30
2017-07-19,22.71,22.85,23.02,22.48,11452,51023925.00,2.38,0.62,0.14,1.36
2017-07-20,22.85,22.88,23.22,22.72,12866,57818144.00,2.19,0.13,0.03,1.53
2017-07-21,22.80,22.81,23.13,22.53,11535,51427957.00,2.62,-0.31,-0.07,1.37
2017-07-24,22.74,23.45,23.47,22.74,9845,44690399.00,3.20,2.81,0.64,1.17
2017-07-25,23.34,23.25,23.66,23.13,6230,28358390.00,2.26,-0.85,-0.20,0.74
2017-07-26,23.21,23.08,23.34,23.05,5574,25252900.00,1.25,-0.73,-0.17,0.66
2017-07-27,23.09,23.52,23.65,22.97,8220,37635293.00,2.95,1.91,0.44,0.98
2017-07-28,23.46,23.70,23.79,23.29,6723,30895507.00,2.13,0.77,0.18,0.80
2017-07-31,23.68,23.74,23.84,23.51,7398,34128727.00,1.39,0.17,0.04,0.88
2017-08-01,23.72,23.40,23.72,23.34,9336,42942981.00,1.60,-1.43,-0.34,1.11
2017-08-02,23.38,23.64,23.71,23.34,6622,30475120.00,1.58,1.03,0.24,0.79
2017-08-03,23.64,23.96,24.03,23.46,7479,34753156.00,2.41,1.35,0.32,0.89
2017-08-04,23.85,24.08,24.19,23.85,9634,45173609.00,1.42,0.50,0.12,1.15
2017-08-07,23.86,24.02,24.20,23.79,4746,22174566.00,1.70,-0.25,-0.06,0.56
2017-08-08,24.06,23.73,24.06,23.64,6748,31278053.00,1.75,-1.21,-0.29,0.80
2017-08-09,23.79,23.75,23.92,23.50,5848,27015738.00,1.77,0.08,0.02,0.70
2017-08-10,23.73,23.21,24.04,23.21,6066,27861980.00,3.49,-2.27,-0.54,0.72
2017-08-11,23.35,23.38,23.57,23.13,7454,33996926.00,1.90,0.73,0.17,0.89
2017-08-14,23.21,23.76,23.84,23.20,5951,27486191.00,2.74,1.63,0.38,0.71
2017-08-15,23.84,23.91,23.97,23.61,5241,24394333.00,1.52,0.63,0.15,0.62
2017-08-16,23.90,23.81,23.97,23.75,4956,23067087.00,0.92,-0.42,-0.10,0.59
2017-08-17,23.82,24.15,24.16,23.69,6998,32722548.00,1.97,1.43,0.34,0.83
2017-08-18,24.14,24.64,24.84,24.01,16683,79897941.00,3.44,2.03,0.49,1.98
2017-08-21,24.66,24.84,24.94,24.56,10149,48972454.00,1.54,0.81,0.20,1.21
2017-08-22,24.83,24.65,25.05,24.55,11392,54991924.00,2.01,-0.76,-0.19,1.35
2017-08-23,24.60,24.63,24.93,24.55,4214,20222046.00,1.54,-0.08,-0.02,0.50
2017-08-24,24.63,24.77,24.78,24.50,10297,49400586.00,1.14,0.57,0.14,1.22
2017-08-25,24.82,24.84,24.85,24.50,10973,52776048.00,1.41,0.28,0.07,1.30
2017-08-28,24.88,25.02,25.15,24.77,6531,31707057.00,1.53,0.72,0.18,0.78
2017-08-29,25.02,25.10,25.21,24.85,6780,33073768.00,1.44,0.32,0.08,0.81
2017-08-30,24.94,26.45,26.85,24.94,32130,162901816.00,7.61,5.38,1.35,3.82
2017-08-31,26.86,25.97,26.86,25.85,13446,68049633.00,3.82,-1.81,-0.48,1.60
2017-09-01,26.15,26.29,26.42,25.71,13547,68232927.00,2.73,1.23,0.32,1.61
2017-09-04,26.28,25.97,26.29,25.76,8558,43173502.00,2.02,-1.22,-0.32,1.02
2017-09-05,26.14,26.05,26.15,25.60,8489,42722872.00,2.12,0.31,0.08,1.01
2017-09-06,25.82,25.89,26.03,25.65,7378,36926979.00,1.46,-0.61,-0.16,0.88
2017-09-07,25.76,25.66,25.98,25.62,4989,24939413.00,1.39,-0.89,-0.23,0.59
2017-09-08,25.65,25.66,25.87,25.46,7444,37150665.00,1.60,0.00,0.00,0.88
2017-09-11,25.52,25.90,26.04,25.51,5770,28904580.00,2.07,0.94,0.24,0.69
2017-09-12,25.93,25.85,25.93,25.46,8909,44417628.00,1.81,-0.19,-0.05,1.06
2017-09-13,25.76,25.69,25.80,25.46,3622,17999065.00,1.32,-0.62,-0.16,0.43
2017-09-14,25.68,25.24,25.71,25.20,3865,19116811.00,1.99,-1.75,-0.45,0.46
2017-09-15,25.37,25.82,25.89,25.12,6859,33999627.00,3.05,2.30,0.58,0.82
2017-09-18,25.71,25.66,26.31,25.49,13193,66313127.00,3.18,-0.62,-0.16,1.57
2017-09-19,25.52,25.40,25.70,25.27,4703,23244512.00,1.68,-1.01,-0.26,0.56
2017-09-20,25.30,26.00,26.04,25.13,11931,59104608.00,3.58,2.36,0.60,1.42
2017-09-21,25.82,25.48,26.14,25.23,9407,46649112.00,3.50,-2.00,-0.52,1.12
2017-09-22,25.31,25.09,25.48,24.88,7294,35580434.00,2.35,-1.53,-0.39,0.87
2017-09-25,25.05,24.90,25.31,24.84,5535,26957644.00,1.87,-0.76,-0.19,0.66
2017-09-26,25.12,24.58,25.15,24.50,4411,21196114.00,2.61,-1.29,-0.32,0.52
2017-09-27,24.55,24.60,24.77,24.45,9546,45747926.00,1.30,0.08,0.02,1.13
2017-09-28,24.72,24.47,24.75,24.46,5269,25218620.00,1.18,-0.53,-0.13,0.63
2017-09-29,24.50,25.05,25.11,24.48,8336,40065193.00,2.57,2.37,0.58,0.99
2017-10-09,25.08,25.09,25.29,24.90,4740,23082433.00,1.56,0.16,0.04,0.56
2017-10-10,24.94,25.98,26.02,24.94,12839,64029038.00,4.30,3.55,0.89,1.53
2017-10-11,25.93,25.76,26.04,25.70,7996,40121827.00,1.31,-0.85,-0.22,0.95
2017-10-12,25.93,26.31,26.34,25.65,12744,64364943.00,2.68,2.14,0.55,1.51
2017-10-13,26.17,26.26,26.42,25.77,8534,43136214.00,2.47,-0.19,-0.05,1.01
2017-10-16,26.16,25.74,26.18,25.65,4644,23281817.00,2.02,-1.98,-0.52,0.55
2017-10-17,25.80,26.04,26.18,25.55,4920,24752793.00,2.45,1.17,0.30,0.58
2017-10-18,26.18,25.78,26.18,25.69,3807,19087925.00,1.88,-1.00,-0.26,0.45
2017-10-19,25.79,25.77,26.15,25.73,4702,23617163.00,1.63,-0.04,-0.01,0.56
2017-10-20,25.61,25.83,25.92,25.55,3688,18411893.00,1.44,0.23,0.06,0.44
2017-10-23,25.85,26.91,27.08,25.71,15910,81980730.00,5.30,4.18,1.08,1.89
2017-10-24,26.84,27.32,27.69,26.53,22283,117731554.00,4.31,1.52,0.41,2.65
2017-10-25,27.33,27.43,27.55,26.92,8829,46422000.00,2.31,0.40,0.11,1.05
2017-10-26,27.30,27.71,27.88,27.11,10270,54777198.00,2.81,1.02,0.28,1.22
2017-10-27,27.71,28.02,28.04,27.36,10519,56401836.00,2.45,1.12,0.31,1.25
2017-10-30,27.96,28.73,29.02,27.25,18734,102812488.00,6.32,2.53,0.71,2.23
2017-10-31,28.51,29.09,29.92,28.43,22472,127171161.00,5.19,1.25,0.36,2.67
2017-11-01,29.21,30.14,30.76,29.04,27218,157047654.00,5.91,3.61,1.05,3.24
2017-11-02,30.16,29.55,30.40,29.34,10430,59501730.00,3.52,-1.96,-0.59,1.24
2017-11-03,29.66,29.83,30.15,29.34,9997,57296397.00,2.74,0.95,0.28,1.19
2017-11-06,29.53,30.73,31.19,29.53,16155,94840094.00,5.56,3.02,0.90,1.92
2017-11-07,30.76,30.36,31.15,29.89,12321,72305347.00,4.10,-1.20,-0.37,1.46
2017-11-08,30.49,30.40,31.01,30.13,14308,84327044.00,2.90,0.13,0.04,1.70
2017-11-09,30.40,30.92,30.93,30.17,15493,91325936.00,2.50,1.71,0.52,1.84
2017-11-10,30.73,30.70,30.98,30.32,6911,40803262.00,2.13,-0.71,-0.22,0.82
2017-11-13,30.81,32.86,33.31,30.44,22232,137888149.00,9.35,7.04,2.16,2.64
2017-11-14,32.96,32.40,33.23,32.36,11612,72833978.00,2.65,-1.40,-0.46,1.38
2017-11-15,32.80,30.82,32.80,29.67,26306,156872175.00,9.66,-4.88,-1.58,3.13
2017-11-16,30.65,31.91,32.17,30.65,13164,79625694.00,4.93,3.54,1.09,1.56
2017-11-17,31.26,30.64,31.63,30.16,9294,55262412.00,4.61,-3.98,-1.27,1.10
2017-11-20,30.23,31.38,31.58,29.61,9692,57454942.00,6.43,2.42,0.74,1.15
2017-11-21,31.62,32.41,32.85,31.07,12304,75798404.00,5.67,3.28,1.03,1.46
2017-11-22,32.36,31.16,32.36,30.50,12624,75553017.00,5.74,-3.86,-1.25,1.50
2017-11-23,30.85,28.82,31.18,28.70,10398,59567575.00,7.96,-7.51,-2.34,1.24
2017-11-24,28.51,29.66,29.92,28.24,11630,65321061.00,5.83,2.91,0.84,1.38
2017-11-27,29.61,29.64,30.91,28.58,11205,65299975.00,7.86,-0.07,-0.02,1.33
2017-11-28,29.16,30.23,30.65,29.16,7682,44497553.00,5.03,1.99,0.59,0.91
2017-11-29,30.39,29.30,30.45,29.25,11897,68112123.00,3.97,-3.08,-0.93,1.41
2017-11-30,29.49,30.49,30.59,29.49,8107,47016539.00,3.75,4.06,1.19,0.96
2017-12-01,30.43,30.11,30.53,29.62,9759,56301071.00,2.98,-1.25,-0.38,1.16
2017-12-04,30.06,29.88,30.10,28.80,11000,62862968.00,4.32,-0.76,-0.23,1.31
2017-12-05,29.83,30.10,30.43,29.06,7033,40103777.00,4.59,0.74,0.22,0.84
2017-12-06,29.99,30.11,30.50,29.65,7528,43796656.00,2.82,0.03,0.01,0.89
2017-12-07,29.86,30.58,30.64,29.86,9885,57850523.00,2.59,1.56,0.47,1.18
2017-12-08,30.43,30.22,30.98,30.16,17669,103944276.00,2.68,-1.18,-0.36,2.10
2017-12-11,30.24,30.05,30.37,29.76,24513,141288280.00,2.02,-0.56,-0.17,2.91
2017-12-12,30.07,29.01,30.21,28.95,9165,52273169.00,4.19,-3.46,-1.04,1.09
2017-12-13,29.01,29.43,29.83,29.01,8750,49771842.00,2.83,1.45,0.42,1.04
2017-12-14,29.69,31.19,31.31,29.50,19751,114827691.00,6.15,5.98,1.76,2.35
2017-12-15,30.91,31.12,32.07,30.60,16622,100083624.00,4.71,-0.22,-0.07,1.98
2017-12-18,31.16,32.27,32.63,30.77,23277,143889756.00,5.98,3.70,1.15,2.77
2017-12-19,32.62,32.29,33.23,32.08,11312,70358737.00,3.56,0.06,0.02,1.34
2017-12-20,32.09,31.91,32.51,31.74,7266,44535081.00,2.38,-1.18,-0.38,0.86
2017-12-21,31.90,32.26,32.36,31.64,5969,36818627.00,2.26,1.10,0.35,0.71
2017-12-22,32.36,31.82,32.60,31.69,6910,42354297.00,2.82,-1.36,-0.44,0.82
2017-12-25,31.82,32.14,32.36,31.30,14724,89246197.00,3.33,1.01,0.32,1.75
2017-12-26,32.09,33.45,33.72,31.64,30147,191739277.00,6.47,4.08,1.31,3.58
2017-12-27,33.25,32.19,33.32,31.32,18331,113573092.00,5.98,-3.77,-1.26,2.18
2017-12-28,32.04,31.75,32.18,31.54,9542,58194013.00,1.99,-1.37,-0.44,1.13
2017-12-29,31.53,32.90,32.90,31.53,13062,81095628.00,4.31,3.62,1.15,1.55