2019-01-02,3.91,3.90,3.95,3.90,16465,7223318.00,1.28,-0.51,-0.02,0.41
2019-01-03,3.90,3.90,3.98,3.90,17787,7816967.00,2.05,0.00,0.00,0.44
2019-01-04,3.84,3.96,3.99,3.84,41760,18408915.00,3.85,1.54,0.06,1.04
2019-01-07,3.96,4.16,4.16,3.96,74898,34026032.00,5.05,5.05,0.20,1.87
2019-01-08,4.13,4.11,4.20,4.08,47912,21942864.00,2.88,-1.20,-0.05,1.19
2019-01-09,4.12,4.07,4.18,4.05,46852,21527151.00,3.16,-0.97,-0.04,1.17
2019-01-10,4.07,4.10,4.15,4.06,42140,19295812.00,2.21,0.74,0.03,1.05
2019-01-11,4.10,4.22,4.27,4.10,78373,36550380.00,4.15,2.93,0.12,1.95
2019-01-14,4.24,4.18,4.25,4.14,35835,16681625.00,2.61,-0.95,-0.04,0.89
2019-01-15,4.15,4.17,4.20,4.14,33410,15489549.00,1.44,-0.24,-0.01,0.83
2019-01-16,4.18,4.18,4.25,4.17,32560,15210850.00,1.92,0.24,0.01,0.81
2019-01-17,4.18,4.08,4.18,4.07,40787,18769766.00,2.63,-2.39,-0.10,1.02
2019-01-18,4.08,4.13,4.13,4.03,24737,11285675.00,2.45,1.23,0.05,0.62
2019-01-21,4.13,4.21,4.27,4.11,62807,29380688.00,3.87,1.94,0.08,1.57
2019-01-22,4.25,4.17,4.25,4.15,26715,12445691.00,2.38,-0.95,-0.04,0.67
2019-01-23,4.15,4.15,4.20,4.14,17437,8059523.00,1.44,-0.48,-0.02,0.43
2019-01-24,4.16,4.17,4.23,4.13,31593,14690254.00,2.41,0.48,0.02,0.79
2019-01-25,4.17,4.11,4.21,4.10,25783,11928930.00,2.64,-1.44,-0.06,0.64
2019-01-28,4.17,4.08,4.17,4.04,39353,17976756.00,3.16,-0.73,-0.03,0.98
2019-01-29,4.08,3.94,4.08,3.88,49189,21791015.00,4.90,-3.43,-0.14,1.23
2019-01-30,3.91,3.81,3.95,3.81,42961,18635927.00,3.55,-3.30,-0.13,1.07
2019-01-31,3.82,3.73,3.88,3.73,45334,19385904.00,3.94,-2.10,-0.08,1.13
2019-02-01,3.74,3.84,3.85,3.74,24621,10538786.00,2.95,2.95,0.11,0.61
2019-02-11,3.86,3.91,3.92,3.83,39770,17287713.00,2.34,1.82,0.07,0.99
2019-02-12,3.90,3.96,3.99,3.89,40304,17809433.00,2.56,1.28,0.05,1.01
2019-02-13,3.93,4.01,4.05,3.93,54994,24548887.00,3.03,1.26,0.05,1.37
2019-02-14,4.02,4.02,4.05,3.97,47694,21363031.00,2.00,0.25,0.01,1.19
2019-02-15,4.00,3.98,4.08,3.97,52654,23553202.00,2.74,-1.00,-0.04,1.31
2019-02-18,3.99,4.12,4.12,3.99,117538,53228838.00,3.27,3.52,0.14,2.93
2019-02-19,4.13,4.08,4.13,4.04,95465,43472096.00,2.18,-0.97,-0.04,2.38
2019-02-20,4.06,4.11,4.11,4.03,67920,30848848.00,1.96,0.74,0.03,1.69
2019-02-21,4.10,4.09,4.23,4.08,114958,53223961.00,3.65,-0.49,-0.02,2.87
2019-02-22,4.07,4.22,4.24,4.07,114787,53304730.00,4.16,3.18,0.13,2.86
2019-02-25,4.31,4.50,4.50,4.26,194564,94460944.00,5.69,6.64,0.28,4.85
2019-02-26,4.53,4.69,4.92,4.46,301295,157370114.00,10.22,4.22,0.19,7.51
2019-02-27,4.64,4.72,4.86,4.63,222796,115769670.00,4.90,0.64,0.03,5.56
2019-02-28,4.76,4.76,4.86,4.66,134122,70103033.00,4.24,0.85,0.04,3.34
2019-03-01,4.76,4.79,4.85,4.72,128155,67256553.00,2.73,0.63,0.03,3.20
2019-03-04,4.81,4.93,5.17,4.73,278469,151555673.00,9.19,2.92,0.14,6.94
2019-03-05,4.84,5.11,5.16,4.82,192731,106335272.00,6.90,3.65,0.18,4.81
2019-03-06,5.10,5.67,5.67,5.03,349001,203495251.00,12.52,10.96,0.56,8.70
2019-03-07,6.14,5.90,6.28,5.76,701210,459518016.00,9.17,4.06,0.23,17.49
2019-03-08,5.63,5.27,5.71,5.26,477215,286856800.00,7.63,-10.68,-0.63,11.90
2019-03-11,5.22,5.41,5.41,5.14,269016,155021082.00,5.12,2.66,0.14,6.71
2019-03-12,5.44,5.56,5.77,5.39,297167,180498370.00,7.02,2.77,0.15,7.41
2019-03-13,5.52,5.32,5.61,5.21,226553,133664437.00,7.19,-4.32,-0.24,5.65
2019-03-14,5.25,5.01,5.30,4.88,220691,121561090.00,7.89,-5.83,-0.31,5.50
2019-03-15,5.05,5.14,5.18,5.01,135924,75677383.00,3.39,2.59,0.13,3.39
2019-03-18,5.26,5.33,5.35,5.14,126518,72446294.00,4.09,3.70,0.19,3.16
2019-03-19,5.42,5.41,5.52,5.33,126214,74283228.00,3.56,1.50,0.08,3.15
2019-03-20,5.46,5.41,5.46,5.17,128792,74437749.00,5.36,0.00,0.00,3.21
2019-03-21,5.39,6.00,6.00,5.30,720625,456115152.00,12.94,10.91,0.59,17.97
2019-03-22,5.87,5.70,5.96,5.63,483240,300703104.00,5.50,-5.00,-0.30,12.05
2019-03-25,5.53,5.50,5.65,5.46,249108,149808746.00,3.33,-3.51,-0.20,6.21
2019-03-26,5.45,5.21,5.53,5.19,224135,130863493.00,6.18,-5.27,-0.29,5.59
2019-03-27,5.27,5.31,5.31,5.13,110520,62973579.00,3.45,1.92,0.10,2.76
2019-03-28,5.28,5.11,5.28,5.11,91856,51929825.00,3.20,-3.77,-0.20,2.29
2019-03-29,5.12,5.32,5.33,5.01,126624,71808594.00,6.26,4.11,0.21,3.16
2019-04-01,5.35,5.48,5.51,5.33,162549,96288912.00,3.38,3.01,0.16,4.05
2019-04-02,5.52,5.48,5.54,5.43,145583,86505011.00,2.01,0.00,0.00,3.63
2019-04-03,5.41,5.64,5.64,5.37,193870,116874792.00,4.93,2.92,0.16,4.83
2019-04-04,5.68,5.59,5.73,5.54,145671,88534482.00,3.37,-0.89,-0.05,3.63
2019-04-08,5.61,5.43,5.65,5.34,164086,97662399.00,5.55,-2.86,-0.16,4.09
2019-04-09,5.43,5.62,5.63,5.38,187017,112656405.00,4.60,3.50,0.19,4.66
2019-04-10,5.56,5.50,5.58,5.47,119624,71653034.00,1.96,-2.14,-0.12,2.98
2019-04-11,5.50,5.33,5.54,5.33,114032,67133133.00,3.82,-3.09,-0.17,2.84
2019-04-12,5.33,5.69,5.78,5.30,342015,207814713.00,9.01,6.75,0.36,8.53
2019-04-15,5.78,6.31,6.31,5.59,974285,644423920.00,12.65,10.90,0.62,24.30
2019-04-16,6.23,6.99,6.99,6.11,554324,395357744.00,13.95,10.78,0.68,13.82
2019-04-17,7.63,7.28,7.74,7.06,1498009,1199472976.00,9.73,4.15,0.29,37.36
2019-04-18,7.34,8.06,8.06,7.17,1882840,1552369024.00,12.23,10.71,0.78,46.95
2019-04-19,7.53,7.23,7.58,7.21,1538051,1198651760.00,4.59,-10.30,-0.83,38.35
2019-04-22,7.02,6.78,7.16,6.63,778148,571459120.00,7.33,-6.22,-0.45,19.40
2019-04-23,6.71,6.45,6.84,6.36,604285,426517776.00,7.08,-4.87,-0.33,15.07
2019-04-24,6.40,6.50,6.67,6.30,451001,313867200.00,5.74,0.78,0.05,11.25
2019-04-25,6.45,6.09,6.50,6.08,447348,301052992.00,6.46,-6.31,-0.41,11.16
2019-04-26,6.16,6.44,6.75,6.12,627069,436297424.00,10.34,5.75,0.35,15.64
2019-04-29,6.52,5.75,6.52,5.75,531971,342493008.00,11.96,-10.71,-0.69,13.27
2019-04-30,5.78,5.90,5.93,5.70,265061,167291998.00,4.00,2.61,0.15,6.61
2019-05-06,5.54,5.26,5.63,5.26,365242,214130340.00,6.27,-10.85,-0.64,9.11
2019-05-07,5.33,5.35,5.40,5.12,265798,153206611.00,5.32,1.71,0.09,6.63
2019-05-08,5.14,5.46,5.68,5.09,340747,201560316.00,11.03,2.06,0.11,8.50
2019-05-09,5.30,5.31,5.49,5.28,208859,122470782.00,3.85,-2.75,-0.15,5.21
2019-05-10,5.42,5.64,5.69,5.13,362094,216470082.00,10.55,6.21,0.33,9.03
2019-05-13,5.55,5.59,5.69,5.47,236676,142960760.00,3.90,-0.89,-0.05,5.90
2019-05-14,5.43,5.43,5.60,5.41,195032,116431284.00,3.40,-2.86,-0.16,4.86
2019-05-15,5.50,5.74,5.88,5.45,358438,220932537.00,7.92,5.71,0.31,8.94
2019-05-16,5.78,6.36,6.36,5.78,293196,193808861.00,10.10,10.80,0.62,7.31
2019-05-17,6.49,5.88,6.49,5.84,568992,374096048.00,10.22,-7.55,-0.48,14.19
2019-05-20,5.85,6.05,6.06,5.56,319425,200889527.00,8.50,2.89,0.17,7.97
2019-05-21,5.95,6.19,6.22,5.87,338700,222723674.00,5.79,2.31,0.14,8.45
2019-05-22,6.20,5.99,6.23,5.95,245438,159710360.00,4.52,-3.23,-0.20,6.12
2019-05-23,5.96,5.67,5.96,5.66,221306,137923384.00,5.01,-5.34,-0.32,5.52
2019-05-24,5.64,5.74,5.99,5.60,210463,132081631.00,6.88,1.23,0.07,5.25
2019-05-27,5.73,6.00,6.00,5.68,229201,146220944.00,5.57,4.53,0.26,5.72
2019-05-28,5.96,6.07,6.28,5.96,382071,252950013.00,5.33,1.17,0.07,9.53
2019-05-29,5.97,6.03,6.21,5.97,230060,150781306.00,3.95,-0.66,-0.04,5.74
2019-05-30,6.00,5.94,6.11,5.81,200234,128523606.00,4.98,-1.49,-0.09,4.99
2019-05-31,6.00,6.07,6.21,5.90,256082,167669844.00,5.22,2.19,0.13,6.39
2019-06-03,6.07,5.88,6.08,5.81,198423,126490977.00,4.45,-3.13,-0.19,4.95
2019-06-04,5.87,5.46,5.88,5.43,235399,143375218.00,7.65,-7.14,-0.42,5.87
2019-06-05,5.55,5.66,5.74,5.55,242268,148688132.00,3.48,3.66,0.20,6.04
2019-06-06,5.74,5.41,5.76,5.38,205658,123006338.00,6.71,-4.42,-0.25,5.13
2019-06-10,5.38,5.45,5.53,5.36,112414,66340203.00,3.14,0.74,0.04,2.80
2019-06-11,5.46,5.67,5.68,5.35,216530,131119369.00,6.06,4.04,0.22,5.40
2019-06-12,5.65,5.61,5.71,5.58,160915,98308281.00,2.29,-1.06,-0.06,4.01
2019-06-13,5.61,5.63,5.71,5.56,144625,88317895.00,2.67,0.36,0.02,3.61
2019-06-14,5.61,5.46,5.64,5.43,152162,91126431.00,3.73,-3.02,-0.17,3.79
2019-06-17,5.51,5.45,5.52,5.40,80230,47384052.00,2.20,-0.18,-0.01,2.00
2019-06-18,5.43,5.40,5.46,5.33,69087,40528785.00,2.39,-0.92,-0.05,1.72
2019-06-19,5.65,5.67,5.91,5.56,331672,204843136.00,6.48,5.00,0.27,8.27
2019-06-20,5.60,5.73,5.79,5.49,306770,187899082.00,5.29,1.06,0.06,7.65
2019-06-21,5.67,5.87,5.96,5.67,280375,176965988.00,5.06,2.44,0.14,6.99
2019-06-24,5.80,6.09,6.19,5.74,343053,220459344.00,7.67,3.75,0.22,8.55
2019-06-25,6.03,6.26,6.37,5.98,444898,295771776.00,6.40,2.79,0.17,11.09
2019-06-26,6.31,6.24,6.35,6.07,330502,220589618.00,4.47,-0.32,-0.02,8.24
2019-06-27,6.13,6.01,6.17,5.99,331515,216577229.00,2.88,-3.69,-0.23,8.27
2019-06-28,5.96,6.03,6.08,5.88,182548,117795570.00,3.33,0.33,0.02,4.55
2019-07-01,6.13,6.07,6.18,5.99,264574,173410804.00,3.15,0.66,0.04,6.60
2019-07-02,6.01,6.02,6.10,5.93,190754,123810487.00,2.80,-0.82,-0.05,4.76
2019-07-03,5.98,6.09,6.18,5.96,220029,144435899.00,3.65,1.16,0.07,5.49
2019-07-04,6.08,6.17,6.25,6.08,247222,164314782.00,2.79,1.31,0.08,6.17
2019-07-05,6.22,6.08,6.25,6.03,144937,95445396.00,3.57,-1.46,-0.09,3.61
2019-07-08,6.08,5.69,6.09,5.67,202642,126967653.00,6.91,-6.41,-0.39,5.05
2019-07-09,5.69,5.65,5.75,5.53,126065,76698937.00,3.87,-0.70,-0.04,3.14
2019-07-10,5.64,5.62,5.75,5.57,83569,51217914.00,3.19,-0.53,-0.03,2.08
2019-07-11,5.64,5.63,5.69,5.55,72202,43941997.00,2.49,0.18,0.01,1.80
2019-07-12,5.64,5.70,5.74,5.56,90062,55274975.00,3.20,1.24,0.07,2.25
2019-07-15,5.70,5.71,5.78,5.61,112776,69600800.00,2.98,0.18,0.01,2.81
2019-07-16,5.80,5.83,5.89,5.75,121830,76551496.00,2.45,2.10,0.12,3.04
2019-07-17,5.78,5.87,5.98,5.73,158557,100045442.00,4.29,0.69,0.04,3.95
2019-07-18,5.87,5.68,5.95,5.64,153370,95408645.00,5.28,-3.24,-0.19,3.82
2019-07-19,5.65,5.65,5.73,5.64,78718,48380670.00,1.58,-0.53,-0.03,1.96
2019-07-22,5.63,5.49,5.65,5.46,96891,58118385.00,3.36,-2.83,-0.16,2.42
2019-07-23,5.51,5.54,5.55,5.47,42108,25210855.00,1.46,0.91,0.05,1.05
2019-07-24,5.58,5.66,5.73,5.56,83029,50903915.00,3.07,2.17,0.12,2.07
2019-07-25,5.71,5.64,5.73,5.61,77517,47555987.00,2.12,-0.35,-0.02,1.93
2019-07-26,5.60,5.67,5.77,5.58,95516,58836402.00,3.37,0.53,0.03,2.38
2019-07-29,5.69,5.60,5.69,5.59,67252,40955805.00,1.76,-1.23,-0.07,1.68
2019-07-30,5.61,5.61,5.67,5.59,60204,36724376.00,1.43,0.18,0.01,1.50
2019-07-31,5.58,5.59,5.65,5.52,62834,38048861.00,2.32,-0.36,-0.02,1.57
2019-08-01,5.55,5.53,5.59,5.49,58831,35353977.00,1.79,-1.07,-0.06,1.47
2019-08-02,5.38,5.39,5.43,5.31,88893,51877271.00,2.17,-2.53,-0.14,2.22
2019-08-05,5.33,5.22,5.40,5.20,81951,47210116.00,3.71,-3.15,-0.17,2.04
2019-08-06,5.08,4.94,5.08,4.82,125873,68241455.00,4.98,-5.36,-0.28,3.14
2019-08-07,5.00,4.96,5.02,4.91,63667,34651385.00,2.23,0.40,0.02,1.59
2019-08-08,4.98,5.03,5.06,4.97,51828,28501635.00,1.81,1.41,0.07,1.29
2019-08-09,5.07,5.00,5.11,4.99,44829,24725118.00,2.39,-0.60,-0.03,1.12
2019-08-12,5.03,5.04,5.04,4.96,48067,26331033.00,1.60,0.80,0.04,1.20
2019-08-13,5.01,4.98,5.02,4.92,44755,24294346.00,1.98,-1.19,-0.06,1.12
2019-08-14,5.05,4.96,5.09,4.96,45972,24833718.00,2.61,-0.40,-0.02,1.15
2019-08-15,4.87,4.92,4.97,4.77,67668,35281541.00,4.03,-0.81,-0.04,1.69
2019-08-16,4.92,5.09,5.12,4.91,84887,46065731.00,4.27,3.46,0.17,2.12
2019-08-19,5.07,5.27,5.29,5.06,108696,60755380.00,4.52,3.54,0.18,2.71
2019-08-20,5.27,5.33,5.45,5.27,117794,67700983.00,3.42,1.14,0.06,2.94
2019-08-21,5.34,5.38,5.43,5.33,85491,49263525.00,1.88,0.94,0.05,2.13
2019-08-22,5.41,5.50,5.56,5.41,100343,58972605.00,2.79,2.23,0.12,2.50
2019-08-23,5.51,5.50,5.55,5.43,86320,50667936.00,2.18,0.00,0.00,2.15
2019-08-26,5.34,5.55,5.60,5.30,84984,49775962.00,5.45,0.91,0.05,2.12
2019-08-27,5.57,5.62,5.74,5.51,102128,61491782.00,4.14,1.26,0.07,2.55
2019-08-28,5.64,5.78,5.79,5.53,145079,88122179.00,4.63,2.85,0.16,3.62
2019-08-29,5.90,6.18,6.32,5.74,381148,244617917.00,10.03,6.92,0.40,9.50
2019-08-30,6.12,5.94,6.26,5.78,301143,192582270.00,7.77,-3.88,-0.24,7.51
2019-09-02,5.95,6.54,6.57,5.91,522814,355720096.00,11.11,10.10,0.60,13.04
2019-09-03,6.46,6.41,6.56,6.31,340311,230745647.00,3.82,-1.99,-0.13,8.49
2019-09-04,6.43,6.34,6.46,6.25,195550,131046024.00,3.28,-1.09,-0.07,4.88
2019-09-05,6.39,6.61,6.82,6.35,337198,236545552.00,7.41,4.26,0.27,8.41
2019-09-06,6.57,6.43,6.62,6.34,194550,132924949.00,4.24,-2.72,-0.18,4.85
2019-09-09,6.48,6.59,6.67,6.43,202593,139937020.00,3.73,2.49,0.16,5.05
2019-09-10,6.72,6.62,6.75,6.41,196298,136149618.00,5.16,0.46,0.03,4.90
2019-09-11,6.76,7.00,7.20,6.65,352086,259771990.00,8.31,5.74,0.38,8.78
2019-09-12,6.96,6.85,7.00,6.76,175031,126320571.00,3.43,-2.14,-0.15,4.36
2019-09-16,6.91,6.88,7.12,6.76,206005,151365972.00,5.26,0.44,0.03,5.14
2019-09-17,6.90,6.66,6.96,6.63,181924,129976916.00,4.80,-3.20,-0.22,4.54
2019-09-18,6.68,6.72,6.84,6.68,116777,83234945.00,2.40,0.90,0.06,2.91
2019-09-19,6.74,6.75,6.82,6.68,102996,73175479.00,2.08,0.45,0.03,2.57
2019-09-20,6.78,6.79,6.81,6.55,144278,102010278.00,3.85,0.59,0.04,3.60
2019-09-23,6.79,6.74,6.80,6.50,146504,102672830.00,4.42,-0.74,-0.05,3.65
2019-09-24,6.68,6.55,6.76,6.54,101862,71542206.00,3.26,-2.82,-0.19,2.54
2019-09-25,6.44,6.55,7.23,6.44,250191,179453972.00,12.06,0.00,0.00,6.24
2019-09-26,6.56,6.24,6.65,5.99,246132,164294058.00,10.08,-4.73,-0.31,6.14
2019-09-27,6.25,6.23,6.44,6.23,92978,62093540.00,3.37,-0.16,-0.01,2.32
2019-09-30,6.28,6.18,6.39,6.18,57066,37923759.00,3.37,-0.80,-0.05,1.42
2019-10-08,6.18,6.23,6.25,6.06,79187,51569045.00,3.07,0.81,0.05,1.97
2019-10-09,6.20,6.09,6.20,5.99,62327,40128635.00,3.37,-2.25,-0.14,1.55
2019-10-10,6.08,6.20,6.20,6.06,74077,48368773.00,2.30,1.81,0.11,1.85
2019-10-11,6.26,6.23,6.35,6.13,135096,89629715.00,3.55,0.48,0.03,3.37
2019-10-14,6.27,6.29,6.38,6.20,120861,80625152.00,2.89,0.96,0.06,3.01
2019-10-15,6.26,6.22,6.29,6.14,62624,41221403.00,2.38,-1.11,-0.07,1.56
2019-10-16,6.22,6.02,6.27,6.00,81248,52605845.00,4.34,-3.22,-0.20,2.03
2019-10-17,6.03,6.11,6.20,5.98,67485,43776326.00,3.65,1.50,0.09,1.68
2019-10-18,6.15,6.06,6.15,5.97,58564,37617198.00,2.95,-0.82,-0.05,1.46
2019-10-21,6.03,5.89,6.04,5.84,56486,35400730.00,3.30,-2.81,-0.17,1.41
2019-10-22,5.89,5.98,6.01,5.87,33673,21243030.00,2.38,1.53,0.09,0.84
2019-10-23,5.99,5.92,6.00,5.87,36423,22901356.00,2.17,-1.00,-0.06,0.91
2019-10-24,5.87,5.86,5.93,5.83,25964,16209548.00,1.69,-1.01,-0.06,0.65
2019-10-25,5.86,5.96,6.01,5.86,41611,26322085.00,2.56,1.71,0.10,1.04
2019-10-28,6.04,6.26,6.34,6.04,104013,68727276.00,5.03,5.03,0.30,2.59
2019-10-29,6.20,6.29,6.55,6.20,159172,107446364.00,5.59,0.48,0.03,3.97
2019-10-30,6.24,6.03,6.24,5.87,135151,86991280.00,5.88,-4.13,-0.26,3.37
2019-10-31,6.08,5.83,6.13,5.77,99066,62084773.00,5.97,-3.32,-0.20,2.47
2019-11-01,5.83,5.83,5.84,5.71,80384,49335428.00,2.23,0.00,0.00,2.00
2019-11-04,5.83,5.71,5.85,5.67,96277,58996144.00,3.09,-2.06,-0.12,2.40
2019-11-05,5.73,5.71,5.77,5.68,70652,43064759.00,1.58,0.00,0.00,1.76
2019-11-06,5.73,5.74,5.81,5.70,57166,35013109.00,1.93,0.53,0.03,1.43
2019-11-07,5.78,5.73,5.81,5.68,65604,39990482.00,2.26,-0.17,-0.01,1.64
2019-11-08,5.76,5.75,5.79,5.71,57432,35082816.00,1.40,0.35,0.02,1.43
2019-11-11,5.72,5.56,5.72,5.49,105082,62512568.00,4.00,-3.30,-0.19,2.62
2019-11-12,5.53,5.60,5.64,5.52,59731,35529036.00,2.16,0.72,0.04,1.49
2019-11-13,5.66,5.58,5.66,5.56,48475,28988406.00,1.79,-0.36,-0.02,1.21
2019-11-14,5.58,5.45,5.61,5.44,96190,56293142.00,3.05,-2.33,-0.13,2.40
2019-11-15,5.44,5.37,5.48,5.37,54164,31377466.00,2.02,-1.47,-0.08,1.35
2019-11-18,5.35,5.41,5.45,5.35,39260,22601762.00,1.86,0.74,0.04,0.98
2019-11-19,5.45,5.68,5.69,5.41,108736,64805452.00,5.18,4.99,0.27,2.71
2019-11-20,5.68,5.69,5.74,5.63,71275,43118299.00,1.94,0.18,0.01,1.78
2019-11-21,5.68,5.61,5.68,5.57,42390,25402910.00,1.93,-1.41,-0.08,1.06
2019-11-22,5.66,5.71,5.93,5.65,195277,120415540.00,4.99,1.78,0.10,4.87
2019-11-25,5.86,5.54,5.91,5.50,143920,86614971.00,7.18,-2.98,-0.17,3.59
2019-11-26,5.45,5.48,5.61,5.44,72520,42740843.00,3.07,-1.08,-0.06,1.81
2019-11-27,5.45,5.50,5.54,5.43,54154,31667723.00,2.01,0.36,0.02,1.35
2019-11-28,5.51,5.40,5.53,5.39,48308,28053078.00,2.55,-1.82,-0.10,1.20
2019-11-29,5.43,5.35,5.43,5.31,51058,29188375.00,2.22,-0.93,-0.05,1.27
2019-12-02,5.36,5.42,5.45,5.36,41687,24083056.00,1.68,1.31,0.07,1.04
2019-12-03,5.38,5.43,5.43,5.34,32621,18760205.00,1.66,0.18,0.01,0.81
2019-12-04,5.41,5.44,5.45,5.36,27768,16091391.00,1.66,0.18,0.01,0.69
2019-12-05,5.45,5.50,5.51,5.44,43909,25679357.00,1.29,1.10,0.06,1.09
2019-12-06,5.50,5.58,5.58,5.48,54151,31986648.00,1.82,1.45,0.08,1.35
2019-12-09,5.58,5.52,5.66,5.52,71481,42507172.00,2.51,-1.08,-0.06,1.78
2019-12-10,5.52,5.61,5.67,5.48,77084,45870819.00,3.44,1.63,0.09,1.92
2019-12-11,5.63,5.66,5.77,5.62,110930,67283219.00,2.67,0.89,0.05,2.77
2019-12-12,5.66,5.56,5.67,5.55,66178,39413428.00,2.12,-1.77,-0.10,1.65
2019-12-13,5.63,5.75,5.77,5.59,153873,93251258.00,3.24,3.42,0.19,3.84
2019-12-16,5.80,5.81,5.82,5.68,138994,85297702.00,2.43,1.04,0.06,3.47
2019-12-17,5.76,5.91,5.99,5.75,136757,85556302.00,4.13,1.72,0.10,3.41
2019-12-18,5.90,5.88,6.05,5.88,105424,66601908.00,2.88,-0.51,-0.03,2.63
2019-12-19,5.90,6.13,6.14,5.89,186149,119346077.00,4.25,4.25,0.25,4.64
2019-12-20,6.15,5.97,6.23,5.96,127923,82087082.00,4.40,-2.61,-0.16,3.19
2019-12-23,5.95,5.75,5.96,5.73,115509,71629950.00,3.85,-3.69,-0.22,2.88
2019-12-24,5.75,5.83,5.85,5.72,69906,43015760.00,2.26,1.39,0.08,1.74
2019-12-25,5.83,5.84,5.88,5.80,61590,38243759.00,1.37,0.17,0.01,1.54
2019-12-26,5.87,5.88,5.90,5.82,67064,41793006.00,1.37,0.68,0.04,1.67
2019-12-27,5.89,5.86,5.99,5.83,102981,64774158.00,2.72,-0.34,-0.02,2.57
2019-12-30,5.83,5.92,5.93,5.76,92702,57594870.00,2.90,1.02,0.06,2.31
2019-12-31,5.92,5.96,6.00,5.88,76449,48312807.00,2.03,0.68,0.04,1.91