MjAyMy0wMS0wMyw4LjMzLDguNzgsOC44Nyw4LjI2LDQ1Mjc5LDM5MTkwMTMwLjc2LDcuMzcsNi4wNCwwLjUwLDIuMzQ=
2023-01-04,8.85,8.97,9.02,8.78,49638,44238511.10,2.73,2.16,0.19,2.57
2023-01-05,8.98,8.94,9.02,8.89,32280,28911819.95,1.45,-0.33,-0.03,1.67
2023-01-06,9.02,8.89,9.03,8.87,25902,23126774.80,1.79,-0.56,-0.05,1.34
2023-01-09,8.95,8.87,9.02,8.83,21876,19471577.00,2.14,-0.22,-0.02,1.13
2023-01-10,8.87,8.83,8.90,8.79,17869,15817212.78,1.24,-0.45,-0.04,0.92
2023-01-11,8.81,8.74,8.91,8.72,16482,14508101.00,2.15,-1.02,-0.09,0.85
2023-01-12,8.78,8.92,8.96,8.71,24445,21715991.00,2.86,2.06,0.18,1.26
2023-01-13,8.92,8.80,8.93,8.71,21526,18916486.88,2.47,-1.35,-0.12,1.11
2023-01-16,8.79,8.80,8.87,8.72,22445,19766055.11,1.70,0.00,0.00,1.16
2023-01-17,9.02,9.03,9.47,8.76,72958,65645211.51,8.07,2.61,0.23,3.77
2023-01-18,9.03,9.07,9.08,8.90,44911,40518308.00,1.99,0.44,0.04,2.32
2023-01-19,9.08,9.02,9.10,8.95,27279,24589376.34,1.65,-0.55,-0.05,1.41
2023-01-20,8.99,9.17,9.23,8.97,39132,35728702.22,2.88,1.66,0.15,2.02
2023-01-30,9.24,9.36,9.42,9.24,59049,55247286.00,1.96,2.07,0.19,3.05
2023-01-31,9.36,9.48,9.54,9.27,42594,39949762.55,2.88,1.28,0.12,2.20
2023-02-01,9.48,9.71,9.77,9.43,46694,44888456.52,3.59,2.43,0.23,2.41
2023-02-02,9.67,9.67,9.88,9.63,50166,48875793.78,2.57,-0.41,-0.04,2.59
2023-02-03,9.66,9.43,9.75,9.30,67027,63362625.00,4.65,-2.48,-0.24,3.47
2023-02-06,9.43,9.80,9.88,9.41,76788,74448605.00,4.98,3.92,0.37,3.97
2023-02-07,9.80,9.85,9.98,9.61,58183,57283909.11,3.78,0.51,0.05,3.01
2023-02-08,9.78,9.99,10.05,9.78,75781,75482033.66,2.74,1.42,0.14,3.92
2023-02-09,9.94,10.11,10.11,9.84,51732,51823893.72,2.70,1.20,0.12,2.67
2023-02-10,10.01,10.17,10.20,9.99,45575,46146930.00,2.08,0.59,0.06,2.36
2023-02-13,10.15,9.89,10.15,9.72,83269,82176040.14,4.23,-2.75,-0.28,4.30
2023-02-14,9.96,9.94,9.99,9.79,48179,47727369.00,2.02,0.51,0.05,2.49
2023-02-15,9.94,10.05,10.08,9.88,35651,35636041.54,2.01,1.11,0.11,1.84
2023-02-16,10.04,9.75,10.14,9.61,51534,50718634.20,5.27,-2.99,-0.30,2.66
2023-02-17,9.74,9.61,9.81,9.58,34708,33656426.68,2.36,-1.44,-0.14,1.79
2023-02-20,9.61,9.62,9.70,9.43,26507,25346078.00,2.81,0.10,0.01,1.37
2023-02-21,9.66,9.59,9.72,9.51,24340,23373152.00,2.18,-0.31,-0.03,1.26
2023-02-22,9.59,9.74,9.76,9.40,29607,28477785.82,3.75,1.56,0.15,1.53
2023-02-23,9.75,9.69,9.79,9.62,25692,24838160.00,1.75,-0.51,-0.05,1.33
2023-02-24,9.69,9.74,9.83,9.63,21017,20453500.26,2.06,0.52,0.05,1.09
2023-02-27,9.67,9.77,9.83,9.64,30109,29283517.73,1.95,0.31,0.03,1.56
2023-02-28,9.88,9.95,10.09,9.80,53190,52865711.76,2.97,1.84,0.18,2.75
2023-03-01,10.01,10.20,10.36,9.95,55297,56384853.00,4.12,2.51,0.25,2.86
2023-03-02,10.19,10.22,10.47,10.12,40839,42024678.57,3.43,0.20,0.02,2.11
2023-03-03,10.22,10.09,10.29,9.98,41073,41522729.00,3.03,-1.27,-0.13,2.12
2023-03-06,10.07,10.19,10.35,9.95,36549,37095169.24,3.96,0.99,0.10,1.89
2023-03-07,10.12,9.78,10.19,9.75,42766,42385937.24,4.32,-4.02,-0.41,2.21
2023-03-08,9.76,10.14,10.14,9.76,49375,49578442.12,3.89,3.68,0.36,2.55
2023-03-09,10.12,10.28,10.45,9.96,43843,44707350.00,4.83,1.38,0.14,2.27
2023-03-10,10.22,10.15,10.30,10.06,29352,29818827.00,2.33,-1.26,-0.13,1.52
2023-03-13,10.08,10.16,10.25,10.02,29205,29616394.00,2.27,0.10,0.01,1.51
2023-03-14,10.19,10.08,10.19,9.92,29978,30062109.00,2.66,-0.79,-0.08,1.55
2023-03-15,10.06,10.08,10.26,10.03,28317,28739534.14,2.28,0.00,0.00,1.46
2023-03-16,10.14,9.93,10.14,9.89,26781,26655454.00,2.48,-1.49,-0.15,1.38
2023-03-17,10.03,10.18,10.26,9.93,40244,40856903.00,3.32,2.52,0.25,2.08
2023-03-20,10.22,10.10,10.28,10.00,30525,30867067.00,2.75,-0.79,-0.08,1.58
2023-03-21,10.11,10.15,10.19,9.99,21525,21747394.00,1.98,0.50,0.05,1.11
2023-03-22,10.19,10.48,10.53,10.07,49554,51532644.00,4.53,3.25,0.33,2.56
2023-03-23,10.53,10.55,10.57,10.35,34878,36526850.00,2.10,0.67,0.07,1.80
2023-03-24,10.50,10.78,10.88,10.31,53446,56851329.77,5.40,2.18,0.23,2.76
2023-03-27,10.77,11.86,11.86,10.72,63624,73673850.06,10.58,10.02,1.08,3.29
2023-03-28,12.06,12.75,13.05,11.94,407183,509331134.91,9.36,7.50,0.89,21.05
2023-03-29,11.63,12.10,12.46,11.63,308659,372454310.41,6.51,-5.10,-0.65,15.96
2023-03-30,11.72,11.33,11.86,11.28,204962,235637320.44,4.79,-6.36,-0.77,10.60
2023-03-31,11.39,11.28,11.46,11.03,130253,146320400.93,3.80,-0.44,-0.05,6.73
2023-04-03,11.19,11.46,11.46,11.10,136631,154037974.69,3.19,1.60,0.18,7.06
2023-04-04,11.48,11.11,11.48,11.07,133510,150204039.13,3.58,-3.05,-0.35,6.90
2023-04-06,11.04,11.28,11.46,10.91,103109,116225375.77,4.95,1.53,0.17,5.33
2023-04-07,11.16,11.22,11.35,11.12,77930,87352789.85,2.04,-0.53,-0.06,4.03
2023-04-10,11.28,11.04,11.30,10.88,69292,76860041.00,3.74,-1.60,-0.18,3.58
2023-04-11,10.95,11.01,11.14,10.87,48884,53859330.04,2.45,-0.27,-0.03,2.53
2023-04-12,11.16,11.25,11.31,10.97,57456,64329558.00,3.09,2.18,0.24,2.97
2023-04-13,11.18,10.91,11.20,10.90,60251,66425747.80,2.67,-3.02,-0.34,3.11
2023-04-14,10.91,11.08,11.25,10.91,48546,53839560.76,3.12,1.56,0.17,2.51
2023-04-17,11.08,10.93,11.09,10.90,35531,38978197.90,1.71,-1.35,-0.15,1.84
2023-04-18,10.92,11.15,11.31,10.90,53615,59494618.88,3.75,2.01,0.22,2.77
2023-04-19,11.10,11.05,11.28,11.01,46820,52086370.20,2.42,-0.90,-0.10,2.42
2023-04-20,11.01,11.01,11.20,10.93,51130,56514752.00,2.44,-0.36,-0.04,2.64
2023-04-21,11.00,10.49,11.07,10.43,89293,95419807.35,5.81,-4.72,-0.52,4.62
2023-04-24,10.54,10.68,10.86,10.52,51029,54558883.86,3.24,1.81,0.19,2.64
2023-04-25,10.67,10.25,10.67,10.09,54336,56119733.80,5.43,-4.03,-0.43,2.81
2023-04-26,10.26,10.09,10.58,10.06,47405,48728761.00,5.07,-1.56,-0.16,2.45
2023-04-27,10.11,10.02,10.27,9.99,40958,41419828.50,2.78,-0.69,-0.07,2.12
2023-04-28,9.97,10.86,10.98,9.97,71735,76195502.00,10.08,8.38,0.84,3.71
2023-05-04,10.86,11.22,11.24,10.86,57497,63777927.20,3.50,3.31,0.36,2.97
2023-05-05,11.22,11.06,11.43,10.98,42487,47210200.00,4.01,-1.43,-0.16,2.20
2023-05-08,11.11,11.45,11.54,11.08,64203,73015839.00,4.16,3.53,0.39,3.32
2023-05-09,11.54,11.23,11.57,11.10,44679,50320364.00,4.10,-1.92,-0.22,2.31
2023-05-10,11.23,11.29,11.35,11.20,25827,29118871.00,1.34,0.53,0.06,1.34
2023-05-11,11.22,12.14,12.42,11.22,134455,161983821.90,10.63,7.53,0.85,6.95
2023-05-12,12.23,13.13,13.30,11.90,220267,283449482.97,11.53,8.15,0.99,11.39
2023-05-15,12.76,12.60,12.87,12.23,124683,156018864.55,4.87,-4.04,-0.53,6.45
2023-05-16,12.71,13.12,13.44,12.32,154558,200302318.06,8.89,4.13,0.52,7.99
2023-05-17,13.22,13.02,13.44,12.56,136936,178712737.56,6.71,-0.76,-0.10,7.08
2023-05-18,12.80,12.82,13.10,12.70,86949,112107860.74,3.07,-1.54,-0.20,4.49
2023-05-19,12.66,12.43,12.93,12.43,89892,113562384.00,3.90,-3.04,-0.39,4.65
2023-05-22,12.43,12.53,12.69,12.26,68527,85202349.00,3.46,0.80,0.10,3.54
2023-05-23,12.53,12.44,12.73,12.37,35937,44965380.45,2.87,-0.72,-0.09,1.86
2023-05-24,12.44,12.98,13.17,12.39,97427,125182268.00,6.27,4.34,0.54,5.04
2023-05-25,13.10,13.30,13.38,12.93,84090,110426710.00,3.47,2.47,0.32,4.35
2023-05-26,13.30,13.14,13.40,12.85,78761,102902492.72,4.14,-1.20,-0.16,4.07
2023-05-29,13.14,12.84,13.44,12.80,57872,75762117.88,4.87,-2.28,-0.30,2.99
2023-05-30,12.90,12.86,12.97,12.71,68632,87967440.80,2.02,0.16,0.02,3.55
2023-05-31,12.85,12.96,13.01,12.70,39828,51373896.75,2.41,0.78,0.10,2.06
2023-06-01,12.96,12.66,12.97,12.61,55244,70304727.00,2.78,-2.31,-0.30,2.86
2023-06-02,12.74,12.70,12.86,12.66,26134,33262170.00,1.58,0.32,0.04,1.35
2023-06-05,12.69,12.94,13.22,12.59,52361,68221687.00,4.96,1.89,0.24,2.71
2023-06-06,13.03,12.84,13.29,12.78,33990,44033190.89,3.94,-0.77,-0.10,1.76
2023-06-07,12.85,13.06,13.14,12.82,33100,43125243.00,2.49,1.71,0.22,1.71
2023-06-08,13.06,13.10,13.30,12.95,39871,52232577.72,2.68,0.31,0.04,2.06
2023-06-09,13.13,13.72,13.97,13.00,98255,133489964.89,7.40,4.73,0.62,5.08
2023-06-12,13.73,14.07,14.20,13.60,85240,118840183.65,4.37,2.55,0.35,4.41
2023-06-13,14.19,15.48,15.48,14.09,96607,146156533.24,9.88,10.02,1.41,4.99
2023-06-14,15.24,15.03,15.82,14.71,206261,311537137.09,7.17,-2.91,-0.45,10.66
2023-06-15,14.81,15.14,15.80,14.80,147818,224635423.23,6.65,0.73,0.11,7.64
2023-06-16,14.61,14.95,15.26,14.60,92800,138547416.50,4.36,-1.25,-0.19,4.80
2023-06-19,15.03,14.83,15.35,14.76,58509,87296245.59,3.95,-0.80,-0.12,3.02
2023-06-20,14.91,15.10,15.25,14.70,57919,86797915.00,3.71,1.82,0.27,2.99
2023-06-21,15.28,14.94,15.37,14.74,50204,75352874.38,4.17,-1.06,-0.16,2.60
2023-06-26,15.06,14.91,15.22,14.76,45009,67070160.80,3.08,-0.20,-0.03,2.33
2023-06-27,14.80,14.73,15.15,14.50,45657,67308595.25,4.36,-1.21,-0.18,2.36
2023-06-28,14.73,14.47,14.73,14.26,39856,57619654.00,3.19,-1.77,-0.26,2.06
2023-06-29,14.52,14.68,14.83,14.35,31176,45809855.00,3.32,1.45,0.21,1.61
2023-06-30,14.57,14.63,14.83,14.44,28851,42209667.00,2.66,-0.34,-0.05,1.49
2023-07-03,14.63,14.68,14.80,14.45,28858,42263679.00,2.39,0.34,0.05,1.49
2023-07-04,14.68,14.94,15.07,14.68,36287,54166167.00,2.66,1.77,0.26,1.88
2023-07-05,14.99,14.53,15.38,14.35,56428,82899949.09,6.89,-2.74,-0.41,2.92
2023-07-06,14.51,14.84,15.30,14.44,50233,74998382.00,5.92,2.13,0.31,2.60
2023-07-07,15.03,14.86,15.10,14.48,33034,48797734.27,4.18,0.13,0.02,1.71
2023-07-10,14.97,14.60,15.10,14.52,28333,41891506.90,3.90,-1.75,-0.26,1.46
2023-07-11,14.56,14.18,14.65,14.06,56526,80851170.00,4.04,-2.88,-0.42,2.92
2023-07-12,14.19,13.65,14.21,13.58,50185,69440191.37,4.44,-3.74,-0.53,2.59
2023-07-13,13.70,13.53,13.83,13.46,35542,48470711.19,2.71,-0.88,-0.12,1.84
2023-07-14,13.61,13.76,13.84,13.53,32674,44740539.60,2.29,1.70,0.23,1.69
2023-07-17,13.80,13.72,14.54,13.63,59864,84105533.57,6.61,-0.29,-0.04,3.09
2023-07-18,13.73,13.38,13.95,13.35,43659,59133656.00,4.37,-2.48,-0.34,2.26
2023-07-19,13.41,13.52,13.58,13.21,31211,41884273.32,2.77,1.05,0.14,1.61
2023-07-20,13.53,14.25,14.34,13.52,82265,114796667.64,6.07,5.40,0.73,4.25
2023-07-21,14.12,14.17,14.32,13.64,85557,119368177.07,4.77,-0.56,-0.08,4.42
2023-07-24,14.09,13.89,14.19,13.75,42333,58658637.80,3.11,-1.98,-0.28,2.19
2023-07-25,13.98,13.53,13.98,13.53,38219,52188683.00,3.24,-2.59,-0.36,1.98
2023-07-26,13.50,13.54,13.63,13.34,26810,36116402.00,2.14,0.07,0.01,1.39
2023-07-27,13.54,13.62,13.89,13.50,26960,36859572.00,2.88,0.59,0.08,1.39
2023-07-28,13.62,13.84,13.99,13.43,25242,34795302.00,4.11,1.62,0.22,1.30
2023-07-31,13.89,14.69,14.87,13.89,68653,99714232.70,7.08,6.14,0.85,3.55
2023-08-01,14.68,15.06,15.15,14.58,53739,79957058.97,3.88,2.52,0.37,2.78
2023-08-02,15.12,15.38,15.46,14.99,49054,74765270.90,3.12,2.12,0.32,2.54
2023-08-03,15.49,15.10,16.68,14.81,94035,147603770.00,12.16,-1.82,-0.28,4.86
2023-08-04,15.36,15.73,15.92,14.82,56451,86894795.72,7.28,4.17,0.63,2.92
2023-08-07,15.87,15.12,15.87,15.07,63910,97996756.36,5.09,-3.88,-0.61,3.30
2023-08-08,15.16,15.37,15.40,15.06,27538,41928269.00,2.25,1.65,0.25,1.42