MjAwNC0wMS0wMiw0LjAwLDQuMDYsNC4wOSw0LjAwLDgwNjIsMzg0Mjk3MS4wMCwyLjIzLDAuNzQsMC4wMywwLjQx
2004-01-05,4.05,4.00,4.17,3.95,17520,8276899.00,5.42,-1.48,-0.06,0.89
2004-01-06,4.00,3.93,4.04,3.89,23187,10813095.00,3.75,-1.75,-0.07,1.18
2004-01-07,3.93,3.97,4.03,3.93,18110,8516362.00,2.54,1.02,0.04,0.92
2004-01-08,3.97,4.05,4.06,3.90,21100,9932752.00,4.03,2.02,0.08,1.07
2004-01-09,4.05,4.31,4.44,4.03,60076,29983134.00,10.12,6.42,0.26,3.05
2004-01-12,4.37,4.72,4.77,4.36,134321,71610688.00,9.51,9.51,0.41,6.82
2004-01-13,4.71,4.67,4.72,4.55,55606,29818925.00,3.60,-1.06,-0.05,2.82
2004-01-14,4.67,4.54,4.69,4.49,28329,14944767.00,4.28,-2.78,-0.13,1.44
2004-01-15,4.55,4.41,4.56,4.39,27408,14146196.00,3.74,-2.86,-0.13,1.39
2004-01-16,4.40,4.46,4.51,4.35,23028,11866017.00,3.63,1.13,0.05,1.17
2004-01-29,4.43,4.52,4.55,4.40,20138,10493833.00,3.36,1.35,0.06,1.02
2004-01-30,4.56,4.64,4.77,4.53,60533,32646545.00,5.31,2.65,0.12,3.07
2004-02-02,4.64,4.72,4.82,4.58,46755,25511829.00,5.17,1.72,0.08,2.37
2004-02-03,4.72,4.70,4.73,4.58,34586,18629378.00,3.18,-0.42,-0.02,1.76
2004-02-04,4.68,4.83,4.96,4.67,54699,30353612.00,6.17,2.77,0.13,2.78
2004-02-05,4.83,4.98,5.00,4.75,60723,33855810.00,5.18,3.11,0.15,3.08
2004-02-06,4.98,4.91,5.15,4.83,68618,39282800.00,6.43,-1.41,-0.07,3.49
2004-02-09,4.91,5.19,5.42,4.91,91553,54290587.00,10.39,5.70,0.28,4.65
2004-02-10,5.19,5.19,5.32,5.03,63111,37162796.00,5.59,0.00,0.00,3.21
2004-02-11,5.20,5.04,5.22,4.95,39453,22774518.00,5.20,-2.89,-0.15,2.00
2004-02-12,5.05,5.04,5.16,4.96,35816,20701344.00,3.97,0.00,0.00,1.82
2004-02-13,5.12,4.82,5.15,4.79,25974,14800700.00,7.14,-4.37,-0.22,1.32
2004-02-16,4.83,4.93,4.94,4.83,22623,12715676.00,2.28,2.28,0.11,1.15
2004-02-17,4.95,5.07,5.22,4.90,48044,27920435.00,6.49,2.84,0.14,2.44
2004-02-18,5.03,5.03,5.12,4.95,33731,19397269.00,3.35,-0.79,-0.04,1.71
2004-02-19,5.03,5.20,5.22,4.95,44139,25587787.00,5.37,3.38,0.17,2.24
2004-02-20,5.26,5.33,5.46,5.22,122496,74553424.00,4.62,2.50,0.13,6.22
2004-02-23,5.35,5.11,5.44,5.08,68726,41061273.00,6.75,-4.13,-0.22,3.49
2004-02-24,5.08,5.69,5.69,5.04,145537,88865251.00,12.72,11.35,0.58,7.39
2004-02-25,5.66,5.42,5.67,5.37,122106,76773786.00,5.27,-4.75,-0.27,6.20
2004-02-26,5.37,5.21,5.42,5.11,53538,31975905.00,5.72,-3.87,-0.21,2.72
2004-02-27,5.17,5.45,5.52,5.13,64102,38991497.00,7.49,4.61,0.24,3.26
2004-03-01,5.35,5.50,5.60,5.32,53860,33407860.00,5.14,0.92,0.05,2.74
2004-03-02,5.53,5.40,5.55,5.34,35208,21588021.00,3.82,-1.82,-0.10,1.79
2004-03-03,5.40,5.34,5.57,5.33,38808,23901474.00,4.44,-1.11,-0.06,1.97
2004-03-04,5.28,5.27,5.37,5.12,35987,21406340.00,4.68,-1.31,-0.07,1.83
2004-03-05,5.27,5.15,5.31,5.15,22076,13113447.00,3.04,-2.28,-0.12,1.12
2004-03-08,5.12,4.88,5.14,4.87,32553,18621776.00,5.24,-5.24,-0.27,1.65
2004-03-09,4.85,4.78,4.97,4.77,18840,10581907.00,4.10,-2.05,-0.10,0.96
2004-03-10,4.78,4.97,4.98,4.78,14301,8060038.00,4.18,3.97,0.19,0.73
2004-03-11,4.97,5.02,5.05,4.93,15919,9107270.00,2.41,1.01,0.05,0.81
2004-03-12,5.02,4.95,5.07,4.92,16484,9402379.00,2.99,-1.39,-0.07,0.84
2004-03-15,5.05,5.17,5.20,4.97,28257,16469381.00,4.65,4.44,0.22,1.44
2004-03-16,5.26,5.29,5.43,5.26,53551,32477986.00,3.29,2.32,0.12,2.72
2004-03-17,5.30,5.26,5.32,5.19,24466,14609223.00,2.46,-0.57,-0.03,1.24
2004-03-18,5.27,5.09,5.29,5.07,20412,12056664.00,4.18,-3.23,-0.17,1.04
2004-03-19,5.08,5.24,5.37,5.05,29631,17607557.00,6.29,2.95,0.15,1.51
2004-03-22,5.25,5.25,5.27,5.16,12777,7588620.00,2.10,0.19,0.01,0.65
2004-03-23,5.17,5.21,5.25,5.13,15387,9070510.00,2.29,-0.76,-0.04,0.78
2004-03-24,5.17,5.14,5.23,5.09,13234,7804664.00,2.69,-1.34,-0.07,0.67
2004-03-25,5.11,5.06,5.17,5.00,16028,9307519.00,3.31,-1.56,-0.08,0.81
2004-03-26,5.06,5.07,5.12,5.03,12040,6980506.00,1.78,0.20,0.01,0.61
2004-03-29,5.05,5.01,5.14,5.00,8904,5152738.00,2.76,-1.18,-0.06,0.45
2004-03-30,5.00,5.01,5.05,4.96,9039,5171177.00,1.80,0.00,0.00,0.46
2004-03-31,5.01,5.14,5.15,5.01,13207,7711253.00,2.79,2.59,0.13,0.67
2004-04-01,5.17,5.24,5.26,5.16,27316,16261407.00,1.95,1.95,0.10,1.39
2004-04-02,5.26,5.18,5.29,5.15,25168,14968470.00,2.67,-1.15,-0.06,1.28
2004-04-05,5.21,5.18,5.22,5.09,18799,11026504.00,2.51,0.00,0.00,0.95
2004-04-06,5.17,5.30,5.32,5.16,41993,25233816.00,3.09,2.32,0.12,2.13
2004-04-07,5.30,5.49,5.55,5.23,86365,53067830.00,6.04,3.58,0.19,4.39
2004-04-08,5.55,5.42,5.64,5.41,102403,64062615.00,4.19,-1.28,-0.07,5.20
2004-04-09,5.41,5.15,5.46,5.12,44708,26795569.00,6.27,-4.98,-0.27,2.27
2004-04-12,5.14,5.15,5.21,5.07,16210,9498885.00,2.72,0.00,0.00,0.82
2004-04-13,5.13,5.10,5.23,5.07,15547,9124690.00,3.11,-0.97,-0.05,0.79
2004-04-14,5.10,4.98,5.17,4.94,20538,11800204.00,4.51,-2.35,-0.12,1.04
2004-04-15,4.99,4.90,5.06,4.87,13386,7621979.00,3.82,-1.61,-0.08,0.68
2004-04-16,4.90,4.93,4.96,4.75,17541,9799599.00,4.29,0.61,0.03,0.89
2004-04-19,4.96,4.79,4.97,4.75,14070,7837902.00,4.46,-2.84,-0.14,0.71
2004-04-20,4.79,4.69,4.84,4.67,10014,5475698.00,3.55,-2.09,-0.10,0.51
2004-04-21,4.70,4.72,4.84,4.67,9367,5126537.00,3.62,0.64,0.03,0.48
2004-04-22,4.75,4.79,4.82,4.73,7124,3923109.00,1.91,1.48,0.07,0.36
2004-04-23,4.77,4.60,4.77,4.59,10150,5473723.00,3.76,-3.97,-0.19,0.52
2004-04-26,4.60,4.72,4.72,4.57,6947,3719033.00,3.26,2.61,0.12,0.35
2004-04-27,4.73,4.79,4.88,4.73,16378,9065306.00,3.18,1.48,0.07,0.83
2004-04-28,4.72,4.77,4.82,4.67,8405,4606520.00,3.13,-0.42,-0.02,0.43
2004-04-29,4.80,4.64,4.85,4.64,7653,4165690.00,4.40,-2.73,-0.13,0.39
2004-04-30,4.64,4.64,4.77,4.60,9701,5232801.00,3.66,0.00,0.00,0.49
2004-05-10,4.64,4.41,4.67,4.36,8887,4615840.00,6.68,-4.96,-0.23,0.45
2004-05-11,4.46,4.37,4.46,4.35,7299,3739500.00,2.49,-0.91,-0.04,0.37
2004-05-12,4.38,4.52,4.52,4.35,7577,3919575.00,3.89,3.43,0.15,0.38
2004-05-13,4.52,4.44,4.52,4.39,6530,3369788.00,2.88,-1.77,-0.08,0.33
2004-05-14,4.44,4.34,4.44,4.31,10145,5152294.00,2.93,-2.25,-0.10,0.52
2004-05-17,4.34,4.26,4.36,4.23,7241,3624324.00,3.00,-1.84,-0.08,0.37
2004-05-18,4.22,4.35,4.36,4.22,6483,3264452.00,3.29,2.11,0.09,0.33
2004-05-19,4.37,4.38,4.43,4.35,6734,3451390.00,1.84,0.69,0.03,0.34
2004-05-20,4.38,4.44,4.50,4.36,8447,4371992.00,3.20,1.37,0.06,0.43
2004-05-21,4.43,4.40,4.44,4.35,5701,2912697.00,2.03,-0.90,-0.04,0.29
2004-05-24,4.42,4.36,4.46,4.34,5030,2574094.00,2.73,-0.91,-0.04,0.26
2004-05-25,4.40,4.24,4.41,4.23,5886,2948538.00,4.13,-2.75,-0.12,0.30
2004-05-26,4.26,4.27,4.32,4.23,4816,2407976.00,2.12,0.71,0.03,0.24
2004-05-27,4.29,4.42,4.43,4.22,9404,4773901.00,4.92,3.51,0.15,0.48
2004-05-28,4.44,4.37,4.45,4.33,8191,4178563.00,2.71,-1.13,-0.05,0.42
2004-05-31,4.37,4.41,4.43,4.37,4980,2555649.00,1.37,0.92,0.04,0.25
2004-06-01,4.41,4.46,4.48,4.40,9455,4887741.00,1.81,1.13,0.05,0.48
2004-06-02,4.45,4.42,4.45,4.37,5652,2904395.00,1.79,-0.90,-0.04,0.29
2004-06-03,4.43,4.29,4.43,4.26,7539,3799931.00,3.85,-2.94,-0.13,0.38
2004-06-04,4.28,4.37,4.37,4.27,6477,3266749.00,2.33,1.86,0.08,0.33
2004-06-07,4.48,4.48,4.67,4.45,39267,20711110.00,5.03,2.52,0.11,1.99
2004-06-08,4.38,4.29,4.44,4.28,13639,6914236.00,3.57,-4.24,-0.19,0.69
2004-06-09,4.29,4.05,4.32,4.04,12806,6292296.00,6.53,-5.59,-0.24,0.65
2004-06-10,4.05,4.11,4.14,4.05,7093,3417935.00,2.22,1.48,0.06,0.36
2004-06-11,4.12,4.13,4.25,4.12,7163,3523622.00,3.16,0.49,0.02,0.36
2004-06-14,4.07,3.91,4.11,3.87,7221,3371605.00,5.81,-5.33,-0.22,0.37
2004-06-15,3.90,4.02,4.07,3.90,6376,2994612.00,4.35,2.81,0.11,0.32
2004-06-16,4.02,4.03,4.09,3.95,5752,2734039.00,3.48,0.25,0.01,0.29
2004-06-17,4.05,3.92,4.05,3.87,5242,2445875.00,4.47,-2.73,-0.11,0.27
2004-06-21,3.92,3.97,3.97,3.78,5140,2385801.00,4.85,1.28,0.05,0.26
2004-06-22,3.99,4.01,4.05,3.94,5043,2394146.00,2.77,1.01,0.04,0.26
2004-06-23,3.98,3.93,3.99,3.87,4586,2126555.00,2.99,-2.00,-0.08,0.23
2004-06-24,3.93,3.88,4.02,3.87,5066,2352138.00,3.82,-1.27,-0.05,0.26
2004-06-25,3.85,3.79,3.89,3.78,6061,2755369.00,2.84,-2.32,-0.09,0.31
2004-06-28,3.81,3.77,3.90,3.74,7149,3226767.00,4.22,-0.53,-0.02,0.36
2004-06-29,3.77,3.80,3.83,3.73,3934,1773225.00,2.65,0.80,0.03,0.20
2004-06-30,3.82,3.75,3.83,3.74,2765,1245090.00,2.37,-1.32,-0.05,0.14
2004-07-01,3.67,3.89,3.91,3.67,7170,3267414.00,6.40,3.73,0.14,0.36
2004-07-02,3.85,3.85,3.89,3.79,5479,2509274.00,2.57,-1.03,-0.04,0.28
2004-07-05,3.85,3.84,3.85,3.77,3242,1467273.00,2.08,-0.26,-0.01,0.16
2004-07-06,3.84,3.92,3.92,3.82,6565,3029747.00,2.60,2.08,0.08,0.33
2004-07-07,3.94,3.90,3.99,3.87,11154,5201471.00,3.06,-0.51,-0.02,0.57
2004-07-08,3.90,3.88,3.92,3.83,3052,1403792.00,2.31,-0.51,-0.02,0.16
2004-07-09,3.90,3.80,3.91,3.78,4125,1884429.00,3.35,-2.06,-0.08,0.21
2004-07-12,3.77,3.68,3.79,3.67,4394,1946401.00,3.16,-3.16,-0.12,0.22
2004-07-13,3.68,3.68,3.74,3.68,3271,1449555.00,1.63,0.00,0.00,0.17
2004-07-14,3.68,3.52,3.73,3.46,9483,4050001.00,7.34,-4.35,-0.16,0.48
2004-07-15,3.52,3.55,3.60,3.52,4694,2010517.00,2.27,0.85,0.03,0.24
2004-07-16,3.59,3.68,3.69,3.55,10569,4608549.00,3.94,3.66,0.13,0.54
2004-07-19,3.68,3.63,3.71,3.63,5977,2624858.00,2.17,-1.36,-0.05,0.30
2004-07-20,3.63,3.58,3.63,3.55,6126,2638775.00,2.20,-1.38,-0.05,0.31
2004-07-21,3.58,3.59,3.60,3.55,4721,2030569.00,1.40,0.28,0.01,0.24
2004-07-22,3.57,3.49,3.59,3.46,5570,2372363.00,3.62,-2.79,-0.10,0.28
2004-07-23,3.47,3.48,3.49,3.37,7698,3195305.00,3.44,-0.29,-0.01,0.39
2004-07-26,3.47,3.40,3.47,3.38,3868,1597673.00,2.59,-2.30,-0.08,0.20
2004-07-27,3.40,3.39,3.43,3.35,6582,2703320.00,2.35,-0.29,-0.01,0.33
2004-07-28,3.45,3.55,3.62,3.45,15755,6690002.00,5.01,4.72,0.16,0.80
2004-07-29,3.50,3.57,3.59,3.47,5211,2217215.00,3.38,0.56,0.02,0.26
2004-07-30,3.57,3.48,3.57,3.48,3399,1440627.00,2.52,-2.52,-0.09,0.17
2004-08-02,3.48,3.41,3.48,3.38,2957,1225733.00,2.87,-2.01,-0.07,0.15
2004-08-03,3.39,3.43,3.44,3.37,2718,1123772.00,2.05,0.59,0.02,0.14
2004-08-04,3.43,3.54,3.59,3.40,9177,3920663.00,5.54,3.21,0.11,0.47
2004-08-05,3.54,3.50,3.58,3.47,4562,1947166.00,3.11,-1.13,-0.04,0.23
2004-08-06,3.48,3.53,3.69,3.48,10801,4674988.00,6.00,0.86,0.03,0.55
2004-08-09,3.50,3.55,3.56,3.42,4729,1994986.00,3.97,0.57,0.02,0.24
2004-08-10,3.55,3.57,3.62,3.52,5066,2181382.00,2.82,0.56,0.02,0.26
2004-08-11,3.57,3.47,3.57,3.46,2673,1129692.00,3.08,-2.80,-0.10,0.14
2004-08-12,3.45,3.41,3.45,3.38,4534,1877766.00,2.02,-1.73,-0.06,0.23
2004-08-13,3.41,3.44,3.55,3.41,2686,1131292.00,4.11,0.88,0.03,0.14
2004-08-16,3.42,3.41,3.50,3.35,4813,1989947.00,4.36,-0.87,-0.03,0.24
2004-08-17,3.39,3.40,3.44,3.37,3278,1354021.00,2.05,-0.29,-0.01,0.17
2004-08-18,3.41,3.43,3.52,3.41,4564,1913104.00,3.24,0.88,0.03,0.23
2004-08-19,3.41,3.41,3.52,3.39,6019,2504395.00,3.79,-0.58,-0.02,0.31
2004-08-20,3.41,3.29,3.44,3.18,9464,3815736.00,7.62,-3.52,-0.12,0.48
2004-08-23,3.27,3.27,3.29,3.21,2830,1122811.00,2.43,-0.61,-0.02,0.14
2004-08-24,3.35,3.45,3.60,3.34,15420,6474340.00,7.95,5.50,0.18,0.78
2004-08-25,3.44,3.45,3.45,3.35,7662,3163362.00,2.90,0.00,0.00,0.39
2004-08-26,3.45,3.42,3.51,3.40,5613,2349385.00,3.19,-0.87,-0.03,0.29
2004-08-27,3.39,3.35,3.40,3.30,4918,2002399.00,2.92,-2.05,-0.07,0.25
2004-08-30,3.46,3.37,3.46,3.31,1956,802983.00,4.48,0.60,0.02,0.10
2004-08-31,3.46,3.50,3.55,3.42,13040,5495341.00,3.86,3.86,0.13,0.66
2004-09-01,3.48,3.39,3.49,3.37,3102,1282642.00,3.43,-3.14,-0.11,0.16
2004-09-02,3.36,3.53,3.55,3.31,9094,3815946.00,7.08,4.13,0.14,0.46
2004-09-03,3.53,3.66,3.69,3.47,29542,12793373.00,6.23,3.68,0.13,1.50
2004-09-06,3.69,3.70,3.80,3.66,49192,21933875.00,3.83,1.09,0.04,2.50
2004-09-07,3.70,3.75,3.77,3.62,16218,7190592.00,4.05,1.35,0.05,0.82
2004-09-08,3.76,3.70,3.77,3.67,12443,5531732.00,2.67,-1.33,-0.05,0.63
2004-09-09,3.69,3.68,3.69,3.60,14837,6480729.00,2.43,-0.54,-0.02,0.75
2004-09-10,3.67,3.70,3.79,3.67,25294,11289562.00,3.26,0.54,0.02,1.28
2004-09-13,3.67,3.56,3.69,3.51,17014,7344373.00,4.86,-3.78,-0.14,0.86
2004-09-14,3.57,3.73,3.75,3.57,22053,9723822.00,5.06,4.78,0.17,1.12
2004-09-15,3.72,3.87,4.07,3.67,52677,24304465.00,10.72,3.75,0.14,2.68
2004-09-16,3.83,3.91,3.91,3.77,29577,13515095.00,3.62,1.03,0.04,1.50
2004-09-17,3.96,3.99,4.01,3.82,38229,17800399.00,4.86,2.05,0.08,1.94
2004-09-20,4.00,4.09,4.12,3.92,43832,20858526.00,5.01,2.51,0.10,2.23
2004-09-21,4.12,4.31,4.52,4.01,80595,40134480.00,12.47,5.38,0.22,4.09
2004-09-22,4.27,4.05,4.27,4.05,44030,21394883.00,5.10,-6.03,-0.26,2.24
2004-09-23,4.02,4.14,4.15,3.98,20581,9885922.00,4.20,2.22,0.09,1.05
2004-09-24,4.17,3.95,4.25,3.95,33930,16494584.00,7.25,-4.59,-0.19,1.72
2004-09-27,3.98,3.87,4.07,3.84,16800,7834856.00,5.82,-2.03,-0.08,0.85
2004-09-28,3.95,3.92,3.97,3.85,7290,3371838.00,3.10,1.29,0.05,0.37
2004-09-29,3.95,3.77,3.95,3.72,8899,4057347.00,5.87,-3.83,-0.15,0.45
2004-09-30,3.82,3.72,3.86,3.67,11998,5399680.00,5.04,-1.33,-0.05,0.61
2004-10-08,3.67,3.83,3.84,3.67,5715,2572277.00,4.57,2.96,0.11,0.29
2004-10-11,3.87,3.80,3.89,3.77,15016,6838895.00,3.13,-0.78,-0.03,0.76
2004-10-12,3.78,3.63,3.78,3.63,12314,5434703.00,3.95,-4.47,-0.17,0.63
2004-10-13,3.62,3.66,3.71,3.57,7507,3274041.00,3.86,0.83,0.03,0.38
2004-10-14,3.63,3.41,3.67,3.41,12569,5343383.00,7.10,-6.83,-0.25,0.64
2004-10-15,3.42,3.40,3.46,3.37,8519,3525549.00,2.64,-0.29,-0.01,0.43
2004-10-18,3.40,3.42,3.45,3.39,4680,1938963.00,1.76,0.59,0.02,0.24
2004-10-19,3.42,3.44,3.50,3.42,5314,2228069.00,2.34,0.58,0.02,0.27
2004-10-20,3.46,3.33,3.48,3.27,9513,3856697.00,6.10,-3.20,-0.11,0.48
2004-10-21,3.37,3.24,3.41,3.23,9669,3900952.00,5.41,-2.70,-0.09,0.49
2004-10-22,3.25,3.27,3.29,3.04,12609,4943979.00,7.72,0.93,0.03,0.64
2004-10-25,3.38,3.25,3.38,3.24,7062,2831807.00,4.28,-0.61,-0.02,0.36
2004-10-26,3.26,3.32,3.33,3.16,7569,3004229.00,5.23,2.15,0.07,0.38
2004-10-27,3.31,3.39,3.43,3.27,8572,3495811.00,4.82,2.11,0.07,0.44
2004-10-28,3.40,3.38,3.47,3.36,8365,3466551.00,3.24,-0.29,-0.01,0.42
2004-10-29,3.25,3.25,3.32,3.07,7925,3144285.00,7.40,-3.85,-0.13,0.40
2004-11-01,3.24,3.28,3.35,3.21,7583,3053435.00,4.31,0.92,0.03,0.39
2004-11-02,3.28,3.37,3.39,3.28,10030,4083753.00,3.35,2.74,0.09,0.51
2004-11-03,3.37,3.40,3.42,3.28,9212,3760894.00,4.15,0.89,0.03,0.47
2004-11-04,3.42,3.35,3.44,3.32,10111,4169173.00,3.53,-1.47,-0.05,0.51
2004-11-05,3.35,3.30,3.42,3.30,5128,2085241.00,3.58,-1.49,-0.05,0.26
2004-11-08,3.27,3.30,3.32,3.26,3170,1271598.00,1.82,0.00,0.00,0.16
2004-11-09,3.27,3.27,3.31,3.25,3191,1277929.00,1.82,-0.91,-0.03,0.16
2004-11-10,3.29,3.42,3.42,3.27,9393,3860480.00,4.59,4.59,0.15,0.48
2004-11-11,3.43,3.37,3.54,3.37,20598,8623473.00,4.97,-1.46,-0.05,1.05
2004-11-12,3.36,3.52,3.62,3.35,31902,13514566.00,8.01,4.45,0.15,1.62
2004-11-15,3.53,3.52,3.54,3.47,10213,4322620.00,1.99,0.00,0.00,0.52
2004-11-16,3.55,3.66,3.75,3.55,30551,13364132.00,5.68,3.98,0.14,1.55
2004-11-17,3.65,3.73,3.77,3.62,34057,15101096.00,4.10,1.91,0.07,1.73
2004-11-18,3.72,3.81,3.82,3.67,31063,13934140.00,4.02,2.14,0.08,1.58
2004-11-19,3.81,3.82,3.83,3.73,21728,9808758.00,2.62,0.26,0.01,1.10
2004-11-22,3.77,3.79,3.82,3.73,22391,10074558.00,2.36,-0.79,-0.03,1.14
2004-11-23,3.76,3.91,3.98,3.66,40307,18280204.00,8.44,3.17,0.12,2.05
2004-11-24,3.92,3.72,3.94,3.71,36017,16532383.00,5.88,-4.86,-0.19,1.83
2004-11-25,3.72,3.81,3.82,3.63,31534,13989908.00,5.11,2.42,0.09,1.60
2004-11-26,3.72,3.59,3.78,3.57,17613,7750616.00,5.51,-5.77,-0.22,0.89
2004-11-29,3.57,3.58,3.66,3.51,13584,5834203.00,4.18,-0.28,-0.01,0.69
2004-11-30,3.57,3.61,3.75,3.49,19942,8721662.00,7.26,0.84,0.03,1.01
2004-12-01,3.61,3.55,3.63,3.51,9294,3974513.00,3.32,-1.66,-0.06,0.47
2004-12-02,3.54,3.62,3.69,3.48,16222,7050492.00,5.92,1.97,0.07,0.82
2004-12-03,3.61,3.67,3.71,3.59,14876,6525398.00,3.31,1.38,0.05,0.76
2004-12-06,3.67,3.63,3.70,3.60,8184,3573363.00,2.72,-1.09,-0.04,0.42
2004-12-07,3.63,3.54,3.68,3.53,7962,3455666.00,4.13,-2.48,-0.09,0.40
2004-12-08,3.57,3.58,3.63,3.53,4709,2021604.00,2.82,1.13,0.04,0.24
2004-12-09,3.58,3.55,3.62,3.51,7331,3148707.00,3.07,-0.84,-0.03,0.37
2004-12-10,3.56,3.35,3.57,3.35,14355,5966899.00,6.20,-5.63,-0.20,0.73
2004-12-13,3.33,3.35,3.39,3.33,4938,2015763.00,1.79,0.00,0.00,0.25
2004-12-14,3.35,3.30,3.39,3.27,6792,2745333.00,3.58,-1.49,-0.05,0.35
2004-12-15,3.28,3.26,3.30,3.23,7875,3143703.00,2.12,-1.21,-0.04,0.40
2004-12-16,3.29,3.27,3.32,3.24,4791,1920278.00,2.45,0.31,0.01,0.24
2004-12-17,3.26,3.24,3.28,3.23,3467,1383123.00,1.53,-0.92,-0.03,0.18
2004-12-20,3.24,3.24,3.25,3.17,4014,1584091.00,2.47,0.00,0.00,0.20
2004-12-21,3.25,3.27,3.30,3.24,3785,1511762.00,1.85,0.93,0.03,0.19
2004-12-22,3.46,3.40,3.47,3.34,20605,8535700.00,3.98,3.98,0.13,1.05
2004-12-23,3.40,3.36,3.45,3.31,7949,3267918.00,4.12,-1.18,-0.04,0.40
2004-12-24,3.31,3.40,3.47,3.31,6558,2703468.00,4.76,1.19,0.04,0.33
2004-12-27,3.48,3.40,3.55,3.37,4293,1789116.00,5.29,0.00,0.00,0.22
2004-12-28,3.37,3.30,3.37,3.26,7581,3048847.00,3.24,-2.94,-0.10,0.39
2004-12-29,3.27,3.31,3.38,3.27,3487,1411764.00,3.33,0.30,0.01,0.18
2004-12-30,3.29,3.30,3.33,3.26,3126,1257212.00,2.11,-0.30,-0.01,0.16
2004-12-31,3.30,3.22,3.33,3.22,4686,1867361.00,3.33,-2.42,-0.08,0.24