2024-01-02,68.63,67.84,69.90,67.34,29017,199057098.00,3.74,-0.79,-0.54,2.82
2024-01-03,67.34,65.46,68.49,63.80,23353,153045143.00,6.91,-3.51,-2.38,2.27
2024-01-04,65.55,64.95,65.57,64.04,11637,75229282.00,2.34,-0.78,-0.51,1.13
2024-01-05,64.90,62.00,64.90,61.68,22599,141337642.00,4.96,-4.54,-2.95,2.19
2024-01-08,61.62,58.00,61.88,57.60,26032,153152174.00,6.90,-6.45,-4.00,2.53
2024-01-09,57.30,55.31,58.78,54.61,41881,236316967.00,7.19,-4.64,-2.69,4.07
2024-01-10,55.30,54.26,56.96,53.13,34694,190413471.00,6.92,-1.90,-1.05,3.37
2024-01-11,54.69,56.74,57.50,54.00,25377,142253666.00,6.45,4.57,2.48,2.46
2024-01-12,56.65,57.08,58.02,56.15,27450,157474322.00,3.30,0.60,0.34,2.67
2024-01-15,56.91,56.24,57.96,54.01,16951,95442378.00,6.92,-1.47,-0.84,1.65
2024-01-16,56.01,53.90,56.23,53.20,38460,208519461.00,5.39,-4.16,-2.34,3.73
2024-01-17,54.20,52.58,54.35,52.57,20537,109782885.00,3.30,-2.45,-1.32,1.99
2024-01-18,51.41,53.25,53.25,51.18,20771,108435471.00,3.94,1.27,0.67,2.02
2024-01-19,53.00,51.66,53.00,51.50,14366,74679563.00,2.82,-2.99,-1.59,1.39
2024-01-22,51.02,47.48,51.74,47.25,36298,178816607.00,8.69,-8.09,-4.18,3.52
2024-01-23,47.91,48.02,49.20,47.36,25057,120575874.00,3.88,1.14,0.54,2.43
2024-01-24,48.19,49.30,49.52,46.66,30856,148909560.00,5.96,2.67,1.28,3.00
2024-01-25,49.27,52.10,52.69,48.51,41451,211791823.00,8.48,5.68,2.80,4.02
2024-01-26,52.30,50.50,52.49,50.29,24951,127097988.00,4.22,-3.07,-1.60,2.42
2024-01-29,50.89,48.15,52.00,47.60,29210,143313766.00,8.71,-4.65,-2.35,2.84
2024-01-30,48.40,46.54,48.40,46.01,31295,146484425.00,4.96,-3.34,-1.61,3.04
2024-01-31,46.65,43.18,46.93,42.96,35165,156089455.00,8.53,-7.22,-3.36,3.41
2024-02-01,43.70,44.86,46.30,42.00,33149,148053242.00,9.96,3.89,1.68,3.22
2024-02-02,45.00,41.85,45.58,40.13,34246,146823783.00,12.15,-6.71,-3.01,3.32
2024-02-05,41.85,39.23,41.85,36.20,51056,198101668.00,13.50,-6.26,-2.62,4.96
2024-02-06,38.86,44.07,44.67,36.89,44985,184499303.00,19.83,12.34,4.84,4.37
2024-02-07,45.30,45.03,47.21,44.08,43194,197732454.00,7.10,2.18,0.96,4.19
2024-02-08,44.99,48.26,48.65,44.98,36093,171686893.00,8.15,7.17,3.23,3.50
2024-02-19,48.60,47.00,49.48,46.03,33009,154773900.00,7.15,-2.61,-1.26,3.20
2024-02-20,46.38,49.08,49.61,45.52,41850,198934853.00,8.70,4.43,2.08,4.06
2024-02-21,48.51,48.15,50.90,47.90,36279,178559697.00,6.11,-1.89,-0.93,3.52