2022-01-04,2.25,2.28,2.30,2.23,828426,188772059.00,3.11,1.33,0.03,1.70
2022-01-05,2.29,2.26,2.32,2.24,629439,142591784.00,3.51,-0.88,-0.02,1.29
2022-01-06,2.25,2.30,2.32,2.24,929157,213485584.00,3.54,1.77,0.04,1.91
2022-01-07,2.30,2.26,2.31,2.25,599304,136600860.00,2.61,-1.74,-0.04,1.23
2022-01-10,2.26,2.25,2.26,2.22,379912,85326148.00,1.77,-0.44,-0.01,0.78
2022-01-11,2.25,2.23,2.26,2.23,353353,79260995.00,1.33,-0.89,-0.02,0.73
2022-01-12,2.23,2.24,2.25,2.22,328737,73618602.00,1.35,0.45,0.01,0.68
2022-01-13,2.24,2.24,2.27,2.23,414718,93317614.00,1.79,0.00,0.00,0.85
2022-01-14,2.24,2.16,2.25,2.16,598959,131559363.00,4.02,-3.57,-0.08,1.23
2022-01-17,2.17,2.20,2.23,2.16,422454,93050550.00,3.24,1.85,0.04,0.87
2022-01-18,2.21,2.24,2.28,2.20,729029,164154977.00,3.64,1.82,0.04,1.50
2022-01-19,2.23,2.20,2.24,2.19,405107,89492868.00,2.23,-1.79,-0.04,0.83
2022-01-20,2.20,2.16,2.22,2.15,492670,107044607.00,3.18,-1.82,-0.04,1.01
2022-01-21,2.16,2.12,2.16,2.10,426785,90667538.00,2.78,-1.85,-0.04,0.88
2022-01-24,2.11,2.11,2.12,2.09,242244,51020158.00,1.42,-0.47,-0.01,0.50
2022-01-25,2.10,2.02,2.12,2.02,480522,99003424.00,4.74,-4.27,-0.09,0.99
2022-01-26,2.02,2.05,2.06,2.02,255832,52303568.00,1.98,1.49,0.03,0.53
2022-01-27,2.05,2.01,2.05,2.01,271447,54998362.00,1.95,-1.95,-0.04,0.56
2022-01-28,2.02,2.06,2.06,2.02,276530,56528153.00,1.99,2.49,0.05,0.57
2022-02-07,2.07,2.08,2.10,2.07,289219,60140234.00,1.46,0.97,0.02,0.59
2022-02-08,2.08,2.12,2.13,2.07,401982,84912415.00,2.88,1.92,0.04,0.83
2022-02-09,2.12,2.13,2.14,2.11,304399,64819215.00,1.42,0.47,0.01,0.63
2022-02-10,2.13,2.12,2.14,2.11,264776,56067189.00,1.41,-0.47,-0.01,0.54
2022-02-11,2.12,2.10,2.12,2.09,257977,54309630.00,1.42,-0.94,-0.02,0.53
2022-02-14,2.10,2.08,2.10,2.07,215073,44875272.00,1.43,-0.95,-0.02,0.44
2022-02-15,2.08,2.06,2.09,2.06,201564,41817461.00,1.44,-0.96,-0.02,0.41
2022-02-16,2.07,2.09,2.09,2.07,173111,36013272.00,0.97,1.46,0.03,0.36
2022-02-17,2.09,2.08,2.09,2.07,183217,38125696.00,0.96,-0.48,-0.01,0.38
2022-02-18,2.08,2.09,2.10,2.05,290290,60185056.00,2.40,0.48,0.01,0.60
2022-02-21,2.10,2.14,2.15,2.09,449806,95586378.00,2.87,2.39,0.05,0.92
2022-02-22,2.14,2.11,2.14,2.10,326136,69002563.00,1.87,-1.40,-0.03,0.67
2022-02-23,2.12,2.11,2.13,2.10,291215,61476711.00,1.42,0.00,0.00,0.60
2022-02-24,2.11,2.06,2.11,2.02,587034,121347351.00,4.27,-2.37,-0.05,1.21
2022-02-25,2.06,2.06,2.09,2.06,276337,57167463.00,1.46,0.00,0.00,0.57
2022-02-28,2.06,2.04,2.07,2.02,239816,48960169.00,2.43,-0.97,-0.02,0.49
2022-03-01,2.05,2.06,2.06,2.04,179154,36781833.00,0.98,0.98,0.02,0.37
2022-03-02,2.05,2.06,2.07,2.04,224872,46333103.00,1.46,0.00,0.00,0.46
2022-03-03,2.07,2.10,2.13,2.06,469760,98421432.00,3.40,1.94,0.04,0.97
2022-03-04,2.09,2.06,2.09,2.06,319588,66193880.00,1.43,-1.90,-0.04,0.66
2022-03-07,2.06,2.04,2.06,2.03,274967,56178166.00,1.46,-0.97,-0.02,0.57
2022-03-08,2.04,2.01,2.04,1.99,390988,78853320.00,2.45,-1.47,-0.03,0.80
2022-03-09,2.01,1.97,2.02,1.89,532159,105112229.00,6.47,-1.99,-0.04,1.09
2022-03-10,2.00,1.99,2.02,1.99,217548,43523902.00,1.52,1.02,0.02,0.45
2022-03-11,1.98,2.01,2.01,1.95,295980,58551527.00,3.02,1.01,0.02,0.61
2022-03-14,2.00,1.96,2.01,1.96,231761,46053600.00,2.49,-2.49,-0.05,0.48
2022-03-15,1.95,1.89,1.96,1.87,487831,93370411.00,4.59,-3.57,-0.07,1.00
2022-03-16,1.90,1.92,1.93,1.86,392567,74470996.00,3.70,1.59,0.03,0.81
2022-03-17,1.94,1.96,1.98,1.93,396395,77562840.00,2.60,2.08,0.04,0.81
2022-03-18,1.95,1.98,1.98,1.94,278019,54634868.00,2.04,1.02,0.02,0.57
2022-03-21,1.98,1.98,1.99,1.96,250623,49521070.00,1.52,0.00,0.00,0.52
2022-03-22,1.98,2.00,2.02,1.97,332599,66424090.00,2.53,1.01,0.02,0.68
2022-03-23,2.01,2.00,2.02,1.99,223710,44753618.00,1.50,0.00,0.00,0.46
2022-03-24,1.99,1.96,2.01,1.96,278404,55138419.00,2.50,-2.00,-0.04,0.57
2022-03-25,1.97,1.97,1.99,1.96,204641,40304546.00,1.53,0.51,0.01,0.42
2022-03-28,1.96,1.96,1.97,1.93,208902,40808360.00,2.03,-0.51,-0.01,0.43
2022-03-29,1.96,1.94,1.97,1.93,214631,41808464.00,2.04,-1.02,-0.02,0.44
2022-03-30,1.94,1.95,1.96,1.94,204601,39955156.00,1.03,0.52,0.01,0.42
2022-03-31,1.95,1.94,1.97,1.94,270197,52880525.00,1.54,-0.51,-0.01,0.56
2022-04-01,1.94,1.96,1.96,1.93,181957,35471823.00,1.55,1.03,0.02,0.37
2022-04-06,1.95,1.98,1.99,1.95,293434,57940657.00,2.04,1.02,0.02,0.60
2022-04-07,1.98,1.95,1.99,1.94,280063,54919966.00,2.53,-1.52,-0.03,0.58
2022-04-08,1.95,1.95,1.95,1.92,210859,40855927.00,1.54,0.00,0.00,0.43
2022-04-11,1.94,1.91,1.95,1.90,233895,45002722.00,2.56,-2.05,-0.04,0.48
2022-04-12,1.90,1.93,1.94,1.89,257981,49276246.00,2.62,1.05,0.02,0.53
2022-04-13,1.93,1.90,1.94,1.90,208433,39824883.00,2.07,-1.55,-0.03,0.43
2022-04-14,1.91,1.91,1.92,1.90,179267,34241628.00,1.05,0.53,0.01,0.37
2022-04-15,1.91,1.89,1.92,1.89,203116,38566010.00,1.57,-1.05,-0.02,0.42
2022-04-18,1.89,1.89,1.90,1.86,187061,35231841.00,2.12,0.00,0.00,0.38
2022-04-19,1.89,1.90,1.91,1.88,162791,30864492.00,1.59,0.53,0.01,0.33
2022-04-20,1.90,1.88,1.91,1.87,201756,38123558.00,2.11,-1.05,-0.02,0.41
2022-04-21,1.88,1.83,1.88,1.82,327688,60461652.00,3.19,-2.66,-0.05,0.67
2022-04-22,1.83,1.82,1.83,1.80,220049,39962078.00,1.64,-0.55,-0.01,0.45
2022-04-25,1.80,1.71,1.81,1.68,442468,76847351.00,7.14,-6.04,-0.11,0.91
2022-04-26,1.70,1.65,1.72,1.65,325303,54726333.00,4.09,-3.51,-0.06,0.67
2022-04-27,1.62,1.68,1.68,1.55,456664,73909797.00,7.88,1.82,0.03,0.94
2022-04-28,1.66,1.62,1.67,1.61,281480,46027905.00,3.57,-3.57,-0.06,0.58
2022-04-29,1.63,1.68,1.69,1.62,340381,56806361.00,4.32,3.70,0.06,0.70
2022-05-05,1.67,1.69,1.71,1.66,273231,46159247.00,2.98,0.60,0.01,0.56
2022-05-06,1.65,1.65,1.66,1.63,261588,43127909.00,1.78,-2.37,-0.04,0.54
2022-05-09,1.65,1.68,1.69,1.64,191359,31986615.00,3.03,1.82,0.03,0.39
2022-05-10,1.67,1.69,1.69,1.65,177148,29661720.00,2.38,0.60,0.01,0.36
2022-05-11,1.68,1.68,1.71,1.68,305110,51792177.00,1.78,-0.59,-0.01,0.63
2022-05-12,1.67,1.68,1.70,1.67,227401,38154260.00,1.79,0.00,0.00,0.47
2022-05-13,1.69,1.68,1.69,1.66,236006,39538656.00,1.79,0.00,0.00,0.49
2022-05-16,1.68,1.68,1.71,1.68,212978,35936635.00,1.79,0.00,0.00,0.44
2022-05-17,1.67,1.67,1.68,1.66,146434,24410831.00,1.19,-0.60,-0.01,0.30
2022-05-18,1.67,1.69,1.71,1.66,298119,50373037.00,2.99,1.20,0.02,0.61
2022-05-19,1.68,1.70,1.71,1.67,269377,45571986.00,2.37,0.59,0.01,0.55
2022-05-20,1.71,1.74,1.76,1.70,377474,65661261.00,3.53,2.35,0.04,0.78
2022-05-23,1.74,1.77,1.78,1.73,370533,65084306.00,2.87,1.72,0.03,0.76
2022-05-24,1.78,1.69,1.79,1.69,426482,74143936.00,5.65,-4.52,-0.08,0.88
2022-05-25,1.69,1.76,1.77,1.69,376212,65277913.00,4.73,4.14,0.07,0.77
2022-05-26,1.76,1.81,1.82,1.75,640678,114774459.00,3.98,2.84,0.05,1.32
2022-05-27,1.81,1.77,1.82,1.76,403835,71968423.00,3.31,-2.21,-0.04,0.83
2022-05-30,1.77,1.77,1.80,1.75,261772,46343138.00,2.82,0.00,0.00,0.54
2022-05-31,1.77,1.78,1.79,1.76,263243,46776631.00,1.69,0.56,0.01,0.54
2022-06-01,1.78,1.79,1.81,1.77,285458,51099135.00,2.25,0.56,0.01,0.59
2022-06-02,1.79,1.84,1.86,1.78,490019,89205879.00,4.47,2.79,0.05,1.01
2022-06-06,1.83,1.83,1.84,1.81,290624,52977075.00,1.63,-0.54,-0.01,0.60
2022-06-07,1.82,1.81,1.84,1.79,359355,64904347.00,2.73,-1.09,-0.02,0.74
2022-06-08,1.82,1.80,1.82,1.78,342041,61510135.00,2.21,-0.55,-0.01,0.70
2022-06-09,1.80,1.76,1.80,1.74,380473,67230923.00,3.33,-2.22,-0.04,0.78
2022-06-10,1.76,1.78,1.79,1.74,280286,49770229.00,2.84,1.14,0.02,0.58
2022-06-13,1.78,1.78,1.80,1.76,282192,50255470.00,2.25,0.00,0.00,0.58
2022-06-14,1.77,1.78,1.79,1.74,344959,60746522.00,2.81,0.00,0.00,0.71
2022-06-15,1.79,1.81,1.83,1.78,545340,98805875.00,2.81,1.69,0.03,1.12
2022-06-16,1.81,1.81,1.83,1.80,323426,58624187.00,1.66,0.00,0.00,0.66
2022-06-17,1.80,1.80,1.82,1.78,283923,51129207.00,2.21,-0.55,-0.01,0.58
2022-06-20,1.81,1.82,1.84,1.80,344867,62915785.00,2.22,1.11,0.02,0.71
2022-06-21,1.83,1.82,1.84,1.80,289889,52898052.00,2.20,0.00,0.00,0.60
2022-06-22,1.83,1.81,1.83,1.80,228989,41430877.00,1.65,-0.55,-0.01,0.47
2022-06-23,1.80,1.85,1.86,1.79,487559,88844610.00,3.87,2.21,0.04,1.00
2022-06-24,1.85,2.04,2.04,1.82,2430318,484602784.00,11.89,10.27,0.19,5.00
2022-06-27,2.14,2.06,2.24,2.05,4196458,892132112.00,9.31,0.98,0.02,8.63
2022-06-28,2.01,2.03,2.10,2.01,2134229,435825312.00,4.37,-1.46,-0.03,4.39
2022-06-29,2.03,1.91,2.04,1.91,1808652,354724144.00,6.40,-5.91,-0.12,3.72
2022-06-30,1.91,1.96,2.02,1.90,1112720,218792554.00,6.28,2.62,0.05,2.29
2022-07-01,1.94,1.96,2.03,1.92,977215,192704259.00,5.61,0.00,0.00,2.01
2022-07-04,1.95,1.93,1.96,1.92,615530,119088875.00,2.04,-1.53,-0.03,1.27
2022-07-05,1.92,1.91,1.94,1.88,632748,120681259.00,3.11,-1.04,-0.02,1.30
2022-07-06,1.91,1.91,1.93,1.89,434797,82925356.00,2.09,0.00,0.00,0.89
2022-07-07,1.91,1.91,1.93,1.89,434162,83073641.00,2.09,0.00,0.00,0.89
2022-07-08,1.91,1.94,1.95,1.91,457234,88260043.00,2.09,1.57,0.03,0.94
2022-07-11,1.94,1.91,1.94,1.90,428875,81929768.00,2.06,-1.55,-0.03,0.88
2022-07-12,1.91,1.89,1.92,1.88,367614,69963977.00,2.09,-1.05,-0.02,0.76
2022-07-13,1.89,1.90,1.91,1.88,259741,49176583.20,1.59,0.53,0.01,0.53
2022-07-14,1.89,1.85,1.90,1.85,499595,92966636.34,2.63,-2.63,-0.05,1.03
2022-07-15,1.85,1.80,1.86,1.79,534169,96550968.49,3.78,-2.70,-0.05,1.10
2022-07-18,1.80,1.89,1.89,1.80,598075,111490696.09,5.00,5.00,0.09,1.23
2022-07-19,1.90,1.90,1.91,1.87,357007,67522013.00,2.12,0.53,0.01,0.73
2022-07-20,1.90,1.90,1.92,1.89,276372,52644020.00,1.58,0.00,0.00,0.57
2022-07-21,1.91,1.96,2.00,1.90,980616,192366002.15,5.26,3.16,0.06,2.02
2022-07-22,1.95,1.94,1.98,1.93,470278,91591306.05,2.55,-1.02,-0.02,0.97
2022-07-25,1.94,1.93,1.97,1.92,354374,68781431.54,2.58,-0.52,-0.01,0.73
2022-07-26,1.93,1.94,1.95,1.91,322379,62225741.32,2.07,0.52,0.01,0.66
2022-07-27,1.94,1.95,1.96,1.93,290083,56518009.30,1.55,0.52,0.01,0.60
2022-07-28,1.95,1.96,1.97,1.94,315822,61782800.26,1.54,0.51,0.01,0.65
2022-07-29,1.96,1.93,1.97,1.93,263497,51338436.00,2.04,-1.53,-0.03,0.54
2022-08-01,1.93,1.95,1.96,1.92,322238,62778021.10,2.07,1.04,0.02,0.66
2022-08-02,1.94,1.89,1.95,1.86,527977,99611520.96,4.62,-3.08,-0.06,1.09
2022-08-03,1.88,1.87,1.93,1.86,348026,65905332.00,3.70,-1.06,-0.02,0.72
2022-08-04,1.87,1.91,1.92,1.86,317664,59951833.74,3.21,2.14,0.04,0.65
2022-08-05,1.91,1.93,1.93,1.90,313200,59889890.36,1.57,1.05,0.02,0.64
2022-08-08,1.93,1.95,1.96,1.91,379909,73739151.42,2.59,1.04,0.02,0.78
2022-08-09,1.96,1.99,2.04,1.94,920948,183662448.00,5.13,2.05,0.04,1.89
2022-08-10,1.98,2.05,2.07,1.98,1227166,250314960.52,4.52,3.02,0.06,2.52
2022-08-11,2.05,2.15,2.15,2.05,1699193,361354586.54,4.88,4.88,0.10,3.49
2022-08-12,2.15,2.07,2.17,2.07,1266495,265821760.89,4.65,-3.72,-0.08,2.60
2022-08-15,2.08,2.10,2.12,2.07,775945,162611121.33,2.42,1.45,0.03,1.60
2022-08-16,2.10,2.08,2.11,2.06,697366,144964715.17,2.38,-0.95,-0.02,1.43
2022-08-17,2.09,2.13,2.14,2.07,857026,181472278.76,3.37,2.40,0.05,1.76
2022-08-18,2.13,2.34,2.34,2.08,2202589,495716847.76,12.21,9.86,0.21,4.53
2022-08-19,2.36,2.20,2.40,2.18,3608933,814665105.31,9.40,-5.98,-0.14,7.42
2022-08-22,2.16,2.11,2.22,2.11,1841731,394137795.66,5.00,-4.09,-0.09,3.79
2022-08-23,2.10,2.27,2.32,2.08,3620647,814862818.57,11.37,7.58,0.16,7.44
2022-08-24,2.22,2.15,2.26,2.15,2293727,502276865.24,4.85,-5.29,-0.12,4.72
2022-08-25,2.17,2.12,2.18,2.11,1094667,233813889.00,3.26,-1.40,-0.03,2.25
2022-08-26,2.13,2.08,2.14,2.08,861605,181107408.18,2.83,-1.89,-0.04,1.77
2022-08-29,2.05,2.07,2.12,2.01,710581,147012540.76,5.29,-0.48,-0.01,1.46
2022-08-30,2.07,2.05,2.09,2.03,619417,127499860.28,2.90,-0.97,-0.02,1.27
2022-08-31,2.05,2.00,2.06,1.99,736345,148162025.17,3.41,-2.44,-0.05,1.51
2022-09-01,2.00,1.97,2.02,1.97,478403,95325885.00,2.50,-1.50,-0.03,0.98
2022-09-02,1.99,2.02,2.05,1.98,526635,106330920.00,3.55,2.54,0.05,1.08
2022-09-05,2.03,2.05,2.06,2.01,438613,89289530.64,2.48,1.49,0.03,0.90
2022-09-06,2.04,2.05,2.06,2.02,396137,80950400.44,1.95,0.00,0.00,0.81
2022-09-07,2.05,2.06,2.07,2.04,331318,68190221.75,1.46,0.49,0.01,0.68
2022-09-08,2.06,2.03,2.07,2.02,339659,69171800.64,2.43,-1.46,-0.03,0.70
2022-09-09,2.03,2.03,2.04,2.02,258612,52508916.12,0.99,0.00,0.00,0.53
2022-09-13,2.02,2.01,2.05,2.01,288788,58565085.95,1.97,-0.99,-0.02,0.59
2022-09-14,1.99,2.00,2.02,1.98,322010,64470081.19,1.99,-0.50,-0.01,0.66
2022-09-15,2.01,1.97,2.03,1.94,473632,93765174.00,4.50,-1.50,-0.03,0.97
2022-09-16,1.97,1.91,1.97,1.91,352240,68358069.82,3.05,-3.05,-0.06,0.72
2022-09-19,1.92,1.89,1.93,1.88,301948,57610812.00,2.62,-1.05,-0.02,0.62
2022-09-20,1.90,1.92,1.94,1.90,236884,45551474.00,2.12,1.59,0.03,0.49
2022-09-21,1.92,1.94,1.95,1.89,260331,49986592.08,3.13,1.04,0.02,0.54
2022-09-22,1.93,1.92,1.95,1.91,241637,46647283.00,2.06,-1.03,-0.02,0.50
2022-09-23,1.92,1.90,1.93,1.89,266022,50784891.86,2.08,-1.04,-0.02,0.55
2022-09-26,1.89,1.83,1.90,1.82,391852,72785999.00,4.21,-3.68,-0.07,0.81
2022-09-27,1.83,1.88,1.89,1.83,297461,55261594.00,3.28,2.73,0.05,0.61
2022-09-28,1.87,1.84,1.88,1.84,189321,35070550.65,2.13,-2.13,-0.04,0.39
2022-09-29,1.86,1.81,1.87,1.81,208151,38172253.00,3.26,-1.63,-0.03,0.43
2022-09-30,1.87,1.90,1.95,1.87,701765,134390571.00,4.42,4.97,0.09,1.44
2022-10-10,1.90,1.86,1.92,1.86,399589,75480944.76,3.16,-2.11,-0.04,0.82
2022-10-11,1.86,1.86,1.86,1.82,277060,51049391.55,2.15,0.00,0.00,0.57
2022-10-12,1.85,1.91,1.92,1.83,346020,65015615.31,4.84,2.69,0.05,0.71
2022-10-13,1.91,1.91,1.92,1.89,303294,57916004.40,1.57,0.00,0.00,0.62
2022-10-14,1.92,1.92,1.93,1.91,315202,60576606.00,1.05,0.52,0.01,0.63
2022-10-17,1.91,1.94,1.96,1.91,307447,59579315.07,2.60,1.04,0.02,0.61
2022-10-18,1.95,1.93,1.95,1.93,226748,43926487.00,1.03,-0.52,-0.01,0.45
2022-10-19,1.93,1.92,1.95,1.92,224169,43319773.42,1.55,-0.52,-0.01,0.45
2022-10-20,1.91,1.93,1.94,1.90,247348,47480010.10,2.08,0.52,0.01,0.49
2022-10-21,1.92,1.94,1.95,1.92,228783,44341192.38,1.55,0.52,0.01,0.45
2022-10-24,1.94,1.89,1.96,1.88,332517,63962086.60,4.12,-2.58,-0.05,0.66
2022-10-25,1.89,1.91,1.92,1.85,285527,54020660.57,3.70,1.06,0.02,0.57
2022-10-26,1.91,1.92,1.94,1.91,237038,45615351.85,1.57,0.52,0.01,0.47
2022-10-27,1.93,1.91,1.93,1.90,280364,53723413.00,1.56,-0.52,-0.01,0.56
2022-10-28,1.90,1.85,1.91,1.85,370873,69421417.00,3.14,-3.14,-0.06,0.74
2022-10-31,1.85,1.85,1.87,1.84,236124,43815877.00,1.62,0.00,0.00,0.47
2022-11-01,1.84,1.87,1.88,1.84,296928,55146656.28,2.16,1.08,0.02,0.59
2022-11-02,1.87,1.88,1.89,1.86,311217,58448135.00,1.60,0.53,0.01,0.62
2022-11-03,1.87,1.86,1.88,1.85,280504,52084079.00,1.60,-1.06,-0.02,0.56
2022-11-04,1.85,1.89,1.89,1.85,404268,75822082.12,2.15,1.61,0.03,0.80
2022-11-07,1.88,1.93,1.93,1.88,549676,105087377.56,2.65,2.12,0.04,1.09
2022-11-08,1.92,1.91,1.93,1.90,358881,68488641.00,1.55,-1.04,-0.02,0.71
2022-11-09,1.91,1.90,1.92,1.90,259368,49487010.00,1.05,-0.52,-0.01,0.52
2022-11-10,1.89,1.93,1.94,1.88,534143,102294555.99,3.16,1.58,0.03,1.06
2022-11-11,1.94,1.93,1.96,1.92,555354,107428068.00,2.07,0.00,0.00,1.10
2022-11-14,1.93,1.90,1.94,1.89,472813,90626000.40,2.59,-1.55,-0.03,0.94
2022-11-15,1.90,1.92,1.93,1.89,291536,55895361.48,2.11,1.05,0.02,0.58
2022-11-16,1.92,1.94,1.97,1.92,635063,123557269.04,2.60,1.04,0.02,1.26
2022-11-17,1.94,1.95,1.95,1.91,404757,78143144.00,2.06,0.52,0.01,0.80
2022-11-18,1.95,1.94,1.95,1.93,284203,55128487.00,1.03,-0.51,-0.01,0.57
2022-11-21,1.93,1.90,1.94,1.88,515218,97862520.79,3.09,-2.06,-0.04,1.02
2022-11-22,1.91,1.89,1.92,1.89,295678,56198870.00,1.58,-0.53,-0.01,0.59
2022-11-23,1.90,1.89,1.90,1.87,324945,61258995.00,1.59,0.00,0.00,0.65
2022-11-24,1.90,1.88,1.90,1.88,211175,39930661.89,1.06,-0.53,-0.01,0.42
2022-11-25,1.88,1.90,1.90,1.87,248446,46936191.80,1.60,1.06,0.02,0.49
2022-11-28,1.89,1.89,1.90,1.86,247638,46488974.28,2.11,-0.53,-0.01,0.49
2022-11-29,1.89,1.91,1.91,1.88,379506,72103293.34,1.59,1.06,0.02,0.75
2022-11-30,1.91,1.91,1.93,1.90,328546,62934840.44,1.57,0.00,0.00,0.65
2022-12-01,1.92,1.92,1.93,1.91,311665,59760583.00,1.05,0.52,0.01,0.62
2022-12-02,1.91,1.92,1.92,1.90,243402,46539353.00,1.04,0.00,0.00,0.48
2022-12-05,1.93,1.95,1.95,1.92,521808,101101214.00,1.56,1.56,0.03,1.04
2022-12-06,1.95,1.93,1.95,1.92,334160,64692697.00,1.54,-1.03,-0.02,0.66
2022-12-07,1.93,1.92,1.93,1.91,266100,51070443.00,1.04,-0.52,-0.01,0.53
2022-12-08,1.92,1.91,1.92,1.90,246464,47083207.20,1.04,-0.52,-0.01,0.49
2022-12-09,1.92,1.91,1.92,1.90,208241,39786192.00,1.05,0.00,0.00,0.41
2022-12-12,1.91,1.89,1.91,1.88,258188,48943242.00,1.57,-1.05,-0.02,0.51
2022-12-13,1.89,1.90,1.91,1.89,261807,49717854.60,1.06,0.53,0.01,0.52
2022-12-14,1.90,1.88,1.91,1.88,241188,45704172.00,1.58,-1.05,-0.02,0.48
2022-12-15,1.88,1.89,1.90,1.88,178407,33717892.05,1.06,0.53,0.01,0.35
2022-12-16,1.89,1.89,1.90,1.87,215136,40541497.00,1.59,0.00,0.00,0.43
2022-12-19,1.89,1.83,1.90,1.82,545778,100788914.00,4.23,-3.17,-0.06,1.09
2022-12-20,1.81,1.84,1.85,1.81,163863,30032300.60,2.19,0.55,0.01,0.33
2022-12-21,1.84,1.82,1.84,1.81,192427,35019267.00,1.63,-1.09,-0.02,0.38
2022-12-22,1.82,1.78,1.83,1.77,312339,56157352.00,3.30,-2.20,-0.04,0.62
2022-12-23,1.77,1.78,1.79,1.75,231789,40988405.00,2.25,0.00,0.00,0.46
2022-12-26,1.78,1.79,1.79,1.77,150872,26898158.30,1.12,0.56,0.01,0.30
2022-12-27,1.79,1.78,1.80,1.77,156787,27959117.00,1.68,-0.56,-0.01,0.31
2022-12-28,1.78,1.76,1.79,1.76,175796,31196815.00,1.69,-1.12,-0.02,0.35
2022-12-29,1.76,1.74,1.77,1.73,205214,35821986.64,2.27,-1.14,-0.02,0.41
2022-12-30,1.75,1.77,1.78,1.75,144394,25517747.76,1.72,1.72,0.03,0.29