2026-01-05,10.88,10.88,10.99,10.70,22704,24725302.00,2.69,1.02,0.11,1.35
2026-01-06,10.88,10.70,10.97,10.70,19353,20926652.00,2.48,-1.65,-0.18,1.15
2026-01-07,10.70,10.44,10.73,10.44,18362,19412809.00,2.71,-2.43,-0.26,1.09
2026-01-08,10.44,10.92,10.94,10.41,24144,25983557.00,5.08,4.60,0.48,1.44
2026-01-09,10.99,10.91,11.02,10.77,16009,17450874.00,2.29,-0.09,-0.01,0.95
2026-01-12,10.91,11.24,11.24,10.86,22579,24986366.00,3.48,3.02,0.33,1.34
2026-01-13,11.32,11.14,11.32,10.96,20770,23236373.00,3.20,-0.89,-0.10,1.24
2026-01-14,11.19,11.28,11.55,11.04,21342,24180975.00,4.58,1.26,0.14,1.27
2026-01-15,11.18,11.16,11.28,10.95,24059,26628358.00,2.93,-1.06,-0.12,1.43
2026-01-16,11.16,11.08,11.26,10.92,20365,22528943.00,3.05,-0.72,-0.08,1.21
2026-01-19,11.01,11.51,11.55,11.01,24452,27799342.00,4.87,3.88,0.43,1.46
2026-01-20,11.50,11.41,11.63,11.26,22069,25310467.00,3.21,-0.87,-0.10,1.31
2026-01-21,11.27,11.58,11.63,11.22,17712,20288292.00,3.59,1.49,0.17,1.05
2026-01-22,11.59,11.77,11.86,11.58,16177,18952661.00,2.42,1.64,0.19,0.96
2026-01-23,11.78,11.90,11.91,11.67,15398,18197673.00,2.04,1.10,0.13,0.92
2026-01-26,12.12,11.58,12.15,11.52,24679,28984151.00,5.29,-2.69,-0.32,1.47
2026-01-27,11.56,11.62,11.77,11.22,24974,28879237.00,4.75,0.35,0.04,1.49
2026-01-28,11.66,11.51,11.70,11.41,15927,18357804.00,2.50,-0.95,-0.11,0.95
2026-01-29,11.48,11.34,11.68,11.19,18641,21190542.00,4.26,-1.48,-0.17,1.11
2026-01-30,11.18,11.46,11.56,11.15,22569,25616473.00,3.62,1.06,0.12,1.34
2026-02-02,11.46,11.35,11.77,11.35,24798,28698045.00,3.66,-0.96,-0.11,1.48
2026-02-03,11.61,11.83,11.85,11.49,21970,25664344.00,3.17,4.23,0.48,1.31
2026-02-04,11.83,11.70,11.94,11.62,15590,18341167.00,2.70,-1.10,-0.13,0.93
2026-02-05,11.71,11.76,11.96,11.59,16773,19764382.00,3.16,0.51,0.06,1.00
2026-02-06,11.68,11.94,11.99,11.56,14628,17321325.00,3.66,1.53,0.18,0.87
2026-02-09,12.00,12.09,12.14,11.86,15904,19130808.00,2.35,1.26,0.15,0.95
2026-02-10,12.06,12.15,12.26,11.98,17423,21185992.00,2.32,0.50,0.06,1.04
2026-02-11,12.14,12.28,12.29,12.02,14075,17196143.00,2.22,1.07,0.13,0.84
2026-02-12,12.27,12.07,12.29,11.94,20714,25169170.00,2.85,-1.71,-0.21,1.23
2026-02-13,12.11,12.26,12.38,12.02,18376,22534872.00,2.98,1.57,0.19,1.09
2026-02-24,12.27,12.45,12.60,12.27,25206,31478326.00,2.69,1.55,0.19,1.50
2026-02-25,12.62,12.49,12.62,12.35,14450,17966462.00,2.17,0.32,0.04,0.86
2026-02-26,12.53,12.26,12.54,12.26,10058,12450359.00,2.24,-1.84,-0.23,0.60
2026-02-27,12.26,12.25,12.38,12.15,22130,27130556.00,1.88,-0.08,-0.01,1.32
2026-03-02,12.23,11.71,12.33,11.60,37788,44945629.00,5.96,-4.41,-0.54,2.25
2026-03-03,11.71,11.30,11.93,11.30,29625,34334608.00,5.38,-3.50,-0.41,1.76
2026-03-04,11.23,11.07,11.35,11.00,22266,24836991.00,3.10,-2.04,-0.23,1.33
2026-03-05,11.20,11.32,11.53,11.20,16255,18505047.00,2.98,2.26,0.25,0.97
2026-03-06,11.32,11.83,11.85,11.24,24307,28242372.00,5.39,4.51,0.51,1.45
2026-03-09,11.63,11.67,11.77,11.42,21056,24437082.00,2.96,-1.35,-0.16,1.25
2026-03-10,11.73,12.19,12.20,11.73,25398,30604886.00,4.03,4.46,0.52,1.51
2026-03-11,12.14,12.08,12.31,12.02,20291,24637039.00,2.38,-0.90,-0.11,1.21
2026-03-12,11.98,11.76,12.16,11.66,18595,22091543.00,4.14,-2.65,-0.32,1.11
2026-03-13,11.77,11.72,12.03,11.55,13232,15675105.00,4.08,-0.34,-0.04,0.79
2026-03-16,11.75,11.81,11.88,11.58,14353,16862404.00,2.56,0.77,0.09,0.85
2026-03-17,11.79,11.41,11.95,11.35,13988,16206679.00,5.08,-3.39,-0.40,0.83
2026-03-18,11.35,11.70,11.79,11.28,19421,22372436.00,4.47,2.54,0.29,1.16
2026-03-19,11.43,11.30,11.65,11.23,15340,17571264.00,3.59,-3.42,-0.40,0.91
2026-03-20,11.29,10.86,11.58,10.83,28192,31242404.00,6.64,-3.89,-0.44,1.68
2026-03-23,10.75,10.00,10.77,9.83,32260,33393030.00,8.66,-7.92,-0.86,1.92
2026-03-24,10.09,10.65,10.70,9.98,25443,26267418.00,7.20,6.50,0.65,1.51
2026-03-25,10.70,10.74,10.98,10.63,19846,21454893.00,3.29,0.85,0.09,1.18
2026-03-26,10.81,10.49,10.91,10.32,22199,23441507.00,5.49,-2.33,-0.25,1.32
2026-03-27,10.35,10.75,10.75,10.33,23909,25359779.00,4.00,2.48,0.26,1.42
2026-03-30,10.64,10.92,10.93,10.56,23464,25238191.00,3.44,1.58,0.17,1.40
2026-03-31,10.95,10.69,11.11,10.63,15310,16629485.00,4.40,-2.11,-0.23,0.91
2026-04-01,10.87,10.98,10.99,10.71,15736,17074814.00,2.62,2.71,0.29,0.94
2026-04-02,10.97,10.69,11.01,10.51,17237,18485079.00,4.55,-2.64,-0.29,1.03
2026-04-03,10.71,10.25,10.75,10.10,16990,17524366.00,6.08,-4.12,-0.44,1.01
2026-04-07,10.15,10.59,10.64,10.10,18749,19592746.00,5.27,3.32,0.34,1.12
2026-04-08,10.87,11.12,11.14,10.66,16668,18385057.00,4.53,5.00,0.53,0.99
2026-04-09,11.17,10.73,11.17,10.66,17524,19023450.00,4.59,-3.51,-0.39,1.04
2026-04-10,10.77,10.84,11.09,10.71,18023,19605247.00,3.54,1.03,0.11,1.07
2026-04-13,10.62,10.79,10.88,10.62,13956,15034931.00,2.40,-0.46,-0.05,0.83
2026-04-14,10.97,10.61,10.99,10.37,19758,20929786.00,5.75,-1.67,-0.18,1.18
2026-04-15,10.62,10.57,10.70,10.48,15676,16606271.00,2.07,-0.38,-0.04,0.93
2026-04-16,10.66,10.96,11.04,10.42,19331,20885703.00,5.87,3.69,0.39,1.15
2026-04-17,10.74,10.81,11.05,10.68,19502,21100549.00,3.38,-1.37,-0.15,1.16