2024-01-02,12.73,12.76,12.86,12.68,54569,69713675.00,1.41,0.24,0.03,3.51
2024-01-03,12.76,12.93,12.98,12.74,58185,74792674.00,1.88,1.33,0.17,3.74
2024-01-04,13.00,13.58,13.75,12.88,145925,195096945.00,6.73,5.03,0.65,9.39
2024-01-05,13.49,13.28,13.90,13.23,122889,166512838.00,4.93,-2.21,-0.30,7.91
2024-01-08,13.50,14.13,14.61,13.32,261524,368551560.00,9.71,6.40,0.85,16.83
2024-01-09,14.39,15.54,15.54,14.13,309123,457958044.00,9.98,9.98,1.41,19.90
2024-01-10,14.79,13.99,15.25,13.99,340770,493076002.00,8.11,-9.97,-1.55,21.93
2024-01-11,13.46,13.82,13.97,13.46,228497,313096727.00,3.65,-1.22,-0.17,14.71
2024-01-12,13.70,13.35,14.20,13.28,196807,268608022.00,6.66,-3.40,-0.47,12.67
2024-01-15,13.38,14.01,14.44,13.38,216535,304528159.00,7.94,4.94,0.66,13.94
2024-01-16,14.00,13.73,14.06,13.49,145292,198933743.00,4.07,-2.00,-0.28,9.35
2024-01-17,13.82,13.20,13.95,13.19,103982,140297315.00,5.54,-3.86,-0.53,6.69
2024-01-18,13.06,12.85,13.30,12.56,106938,136677394.00,5.61,-2.65,-0.35,6.88
2024-01-19,12.83,12.90,13.03,12.70,53706,69210453.00,2.57,0.39,0.05,3.46
2024-01-22,12.75,12.10,12.99,12.03,78888,98130042.00,7.44,-6.20,-0.80,5.08
2024-01-23,12.14,11.84,12.15,11.55,72514,85202455.00,4.96,-2.15,-0.26,4.67
2024-01-24,11.85,12.18,12.25,11.71,60366,72390471.00,4.56,2.87,0.34,3.89
2024-01-25,12.18,12.65,12.70,12.11,60044,74734726.00,4.84,3.86,0.47,3.86
2024-01-26,12.55,12.94,13.05,12.52,56650,73072608.00,4.19,2.29,0.29,3.65
2024-01-29,13.06,12.42,13.06,12.42,45263,57142770.00,4.95,-4.02,-0.52,2.91
2024-01-30,12.38,11.93,12.42,11.91,40636,49139652.00,4.11,-3.95,-0.49,2.62
2024-01-31,11.86,11.32,11.88,11.28,56038,64388226.00,5.03,-5.11,-0.61,3.61
2024-02-01,11.29,10.97,11.38,10.92,58449,64983091.00,4.06,-3.09,-0.35,3.76
2024-02-02,11.02,10.90,11.32,10.86,27874,30950524.00,4.19,-0.64,-0.07,1.79