MjAyMi0wMS0wNCw3LjczLDcuODEsNy44Nyw3LjczLDM0NDk3MywyNzE0MDkwMDguMDAsMS44MSwwLjc3LDAuMDYsMS4yMw==
2022-01-05,7.81,7.77,7.93,7.70,349451,273967824.00,2.94,-0.51,-0.04,1.24
2022-01-06,7.73,7.68,7.75,7.64,249738,193159653.00,1.42,-1.16,-0.09,0.89
2022-01-07,7.70,7.57,7.79,7.55,288040,221702316.00,3.13,-1.43,-0.11,1.02
2022-01-10,7.55,7.64,7.67,7.41,272410,207570964.00,3.43,0.92,0.07,0.97
2022-01-11,7.61,7.52,7.71,7.50,249536,190641488.00,2.75,-1.57,-0.12,0.89
2022-01-12,7.53,7.55,7.61,7.51,186964,142024045.00,1.33,0.40,0.03,0.66
2022-01-13,7.61,7.71,7.88,7.60,568314,442219488.00,3.71,2.12,0.16,2.02
2022-01-14,7.65,7.70,7.76,7.60,277868,215127705.00,2.08,-0.13,-0.01,0.99
2022-01-17,7.76,8.04,8.06,7.76,782500,626922064.00,3.90,4.42,0.34,2.78
2022-01-18,8.06,8.03,8.27,8.01,1084716,888837408.00,3.23,-0.12,-0.01,3.85
2022-01-19,7.96,8.13,8.19,7.94,612973,499293408.00,3.11,1.25,0.10,2.18
2022-01-20,8.16,8.15,8.19,8.05,583286,477214112.00,1.72,0.25,0.02,2.07
2022-01-21,8.10,8.10,8.36,8.07,630403,519934208.00,3.56,-0.61,-0.05,2.24
2022-01-24,7.98,8.21,8.25,7.96,524342,431148512.00,3.58,1.36,0.11,1.86
2022-01-25,8.17,7.86,8.22,7.85,582094,468145648.00,4.51,-4.26,-0.35,2.07
2022-01-26,7.89,7.77,8.03,7.62,438718,344010800.00,5.22,-1.15,-0.09,1.56
2022-01-27,7.71,7.15,7.75,7.15,648193,477704784.00,7.72,-7.98,-0.62,2.30
2022-01-28,7.23,7.08,7.25,7.06,385877,277490304.00,2.66,-0.98,-0.07,1.37
2022-02-07,7.23,7.11,7.25,7.09,324394,233112434.00,2.26,0.42,0.03,1.15
2022-02-08,7.09,7.25,7.25,6.97,320567,230936626.00,3.94,1.97,0.14,1.14
2022-02-09,7.25,7.98,7.98,7.23,896099,701669984.00,10.34,10.07,0.73,3.18
2022-02-10,8.08,8.19,8.35,7.93,1325277,1088751152.00,5.26,2.63,0.21,4.71
2022-02-11,8.16,8.20,8.58,8.11,1052910,883058512.00,5.74,0.12,0.01,3.74
2022-02-14,8.24,8.10,8.27,8.02,602551,492057392.00,3.05,-1.22,-0.10,2.14
2022-02-15,8.10,8.07,8.18,8.02,393158,319713808.00,1.98,-0.37,-0.03,1.40
2022-02-16,8.19,8.02,8.33,7.95,529891,430182864.00,4.71,-0.62,-0.05,1.88
2022-02-17,8.06,8.02,8.18,7.96,473951,384837904.00,2.74,0.00,0.00,1.68
2022-02-18,8.04,8.15,8.32,8.04,572437,468692768.00,3.49,1.62,0.13,2.03
2022-02-21,8.28,8.55,8.56,8.19,1082632,917995632.00,4.54,4.91,0.40,3.85
2022-02-22,8.45,8.39,8.69,8.32,910301,774451440.00,4.33,-1.87,-0.16,3.23
2022-02-23,8.51,8.41,8.58,8.36,547672,464484992.00,2.62,0.24,0.02,1.95
2022-02-24,8.32,7.96,8.39,7.84,973773,793921760.00,6.54,-5.35,-0.45,3.46
2022-02-25,8.06,8.03,8.21,8.00,439683,357788816.00,2.64,0.88,0.07,1.56
2022-02-28,8.14,8.18,8.19,7.80,589006,475879056.00,4.86,1.87,0.15,2.09
2022-03-01,8.13,8.11,8.31,8.09,417405,342947360.00,2.69,-0.86,-0.07,1.48
2022-03-02,8.03,8.13,8.29,8.01,437892,360077344.00,3.45,0.25,0.02,1.56
2022-03-03,8.09,8.02,8.15,8.00,372335,301741424.00,1.85,-1.35,-0.11,1.32
2022-03-04,7.98,7.80,8.04,7.75,485829,383490752.00,3.62,-2.74,-0.22,1.73
2022-03-07,7.74,7.63,7.75,7.58,310444,238737208.00,2.18,-2.18,-0.17,1.10
2022-03-08,7.58,7.48,7.68,7.45,376757,286972608.00,3.01,-1.97,-0.15,1.34
2022-03-09,7.55,7.33,7.59,7.00,481758,353656704.00,7.89,-2.01,-0.15,1.71
2022-03-10,7.50,7.36,7.53,7.32,349246,261134546.00,2.86,0.41,0.03,1.24
2022-03-11,7.25,7.61,7.61,7.19,416204,310841808.00,5.71,3.40,0.25,1.48
2022-03-14,7.51,7.32,7.61,7.32,307459,230664795.00,3.81,-3.81,-0.29,1.09
2022-03-15,7.30,7.03,7.39,7.00,518129,374109616.00,5.33,-3.96,-0.29,1.84
2022-03-16,7.13,7.19,7.22,6.84,575006,407427184.00,5.41,2.28,0.16,2.04
2022-03-17,7.24,7.18,7.31,7.15,484936,352308608.00,2.23,-0.14,-0.01,1.72
2022-03-18,7.17,7.25,7.27,7.10,307531,223235780.00,2.37,0.97,0.07,1.09
2022-03-21,7.25,7.15,7.29,7.07,364271,262849327.00,3.03,-1.38,-0.10,1.29
2022-03-22,7.14,7.19,7.23,7.07,268274,193843927.00,2.24,0.56,0.04,0.95
2022-03-23,7.21,7.16,7.24,7.14,238141,172135961.00,1.39,-0.42,-0.03,0.85
2022-03-24,7.10,7.02,7.10,7.00,291567,206687186.00,1.40,-1.96,-0.14,1.04
2022-03-25,7.04,6.97,7.08,6.95,216064,152555081.00,1.85,-0.71,-0.05,0.77
2022-03-28,6.97,7.04,7.08,6.88,196747,138548798.00,2.87,1.00,0.07,0.70
2022-03-29,7.05,6.91,7.07,6.90,236532,165696149.00,2.41,-1.85,-0.13,0.84
2022-03-30,6.97,7.00,7.01,6.91,187796,131840127.00,1.45,1.30,0.09,0.67
2022-03-31,6.97,7.05,7.06,6.94,193913,136977280.00,1.71,0.71,0.05,0.69
2022-04-01,7.00,7.03,7.04,6.96,156229,110177001.00,1.13,-0.28,-0.02,0.56
2022-04-06,7.03,7.10,7.13,7.00,221354,157810542.00,1.85,1.00,0.07,0.79
2022-04-07,7.07,6.93,7.09,6.92,275014,193304676.00,2.39,-2.39,-0.17,0.98
2022-04-08,6.93,6.88,6.97,6.76,229170,158292074.00,3.03,-0.72,-0.05,0.81
2022-04-11,6.88,6.65,6.90,6.61,250599,170136847.00,4.22,-3.34,-0.23,0.89
2022-04-12,6.66,6.83,6.83,6.57,197112,132578576.00,3.91,2.71,0.18,0.70
2022-04-13,6.84,6.76,6.90,6.75,173050,118953137.00,2.20,-1.02,-0.07,0.61
2022-04-14,6.83,6.81,6.87,6.79,133553,91928864.00,1.18,0.74,0.05,0.47
2022-04-15,6.80,6.67,6.80,6.67,169365,114520590.00,1.91,-2.06,-0.14,0.60
2022-04-18,6.67,6.67,6.70,6.59,115924,77564861.00,1.65,0.00,0.00,0.41
2022-04-19,6.66,6.70,6.73,6.64,103570,69693074.00,1.35,0.45,0.03,0.37
2022-04-20,6.83,6.64,6.88,6.62,188875,128446801.00,3.88,-0.90,-0.06,0.67
2022-04-21,6.59,6.35,6.63,6.32,257216,167523918.00,4.67,-4.37,-0.29,0.91
2022-04-22,6.33,6.26,6.36,6.23,168778,106750845.00,2.05,-1.42,-0.09,0.60
2022-04-25,6.19,5.75,6.19,5.75,305039,183378673.00,7.03,-8.15,-0.51,1.08
2022-04-26,5.80,5.52,5.90,5.51,259069,149175565.00,6.78,-4.00,-0.23,0.92
2022-04-27,5.44,5.65,5.69,5.29,481863,266668709.00,7.25,2.36,0.13,1.66
2022-04-28,5.61,5.53,5.64,5.43,224536,125438878.00,3.72,-2.12,-0.12,0.77
2022-04-29,5.57,5.77,5.77,5.52,357904,203555568.00,4.52,4.34,0.24,1.23
2022-05-05,5.68,5.74,5.81,5.62,222465,128787027.00,3.29,-0.52,-0.03,0.77
2022-05-06,5.60,5.73,5.95,5.56,315525,183222089.00,6.79,-0.17,-0.01,1.09
2022-05-09,5.74,5.68,5.84,5.66,258623,149385443.00,3.14,-0.87,-0.05,0.89
2022-05-10,5.59,5.75,5.78,5.53,241084,138255797.00,4.40,1.23,0.07,0.83
2022-05-11,5.75,5.73,5.89,5.72,292543,171494494.00,2.96,-0.35,-0.02,1.01
2022-05-12,5.69,5.75,5.83,5.66,224019,129825988.00,2.97,0.35,0.02,0.77
2022-05-13,5.77,5.77,5.85,5.70,161526,93973784.00,2.61,0.35,0.02,0.56
2022-05-16,5.83,5.72,5.86,5.69,182057,105599396.00,2.95,-0.87,-0.05,0.63
2022-05-17,5.73,5.71,5.78,5.63,134558,77209844.00,2.62,-0.17,-0.01,0.46
2022-05-18,5.75,5.74,5.83,5.73,189825,110489610.00,1.75,0.53,0.03,0.65
2022-05-19,5.65,5.75,5.77,5.60,185567,106551874.00,2.96,0.17,0.01,0.64
2022-05-20,5.76,5.82,5.82,5.74,201581,117661986.00,1.39,1.22,0.07,0.69
2022-05-23,5.82,5.88,5.89,5.80,197798,116587433.00,1.55,1.03,0.06,0.68
2022-05-24,5.89,5.58,5.91,5.58,277338,160294227.00,5.61,-5.10,-0.30,0.95
2022-05-25,5.59,5.78,5.85,5.59,316097,183465434.00,4.66,3.58,0.20,1.09
2022-05-26,5.83,5.88,5.91,5.73,305702,179997436.00,3.11,1.73,0.10,1.05
2022-05-27,5.89,5.86,5.96,5.79,237798,140930842.00,2.89,-0.34,-0.02,0.82
2022-05-30,5.86,5.83,5.89,5.79,173461,102171328.00,1.71,-0.51,-0.03,0.60
2022-05-31,5.85,5.87,5.90,5.79,252704,149234838.00,1.89,0.69,0.04,0.87
2022-06-01,5.87,5.91,5.97,5.84,205802,122702248.00,2.21,0.68,0.04,0.71
2022-06-02,5.89,6.00,6.02,5.82,265359,158615765.00,3.38,1.52,0.09,0.91
2022-06-06,5.99,6.13,6.17,5.95,337859,207185524.00,3.67,2.17,0.13,1.16
2022-06-07,6.16,6.05,6.17,6.01,239739,146394222.00,2.61,-1.31,-0.08,0.83
2022-06-08,6.07,6.09,6.17,5.99,285216,174924325.00,2.98,0.66,0.04,0.98
2022-06-09,6.10,5.97,6.10,5.93,218873,132322684.00,2.79,-1.97,-0.12,0.75
2022-06-10,5.93,6.06,6.07,5.91,209156,126794840.00,2.68,1.51,0.09,0.72
2022-06-13,6.00,6.03,6.06,5.98,175650,106564949.00,1.32,-0.50,-0.03,0.60
2022-06-14,5.96,6.05,6.06,5.79,278436,166233862.00,4.48,0.33,0.02,0.96
2022-06-15,6.08,6.09,6.17,6.04,322082,198677874.00,2.15,0.66,0.04,1.11
2022-06-16,6.09,6.11,6.17,6.09,252754,156208055.00,1.31,0.33,0.02,0.87
2022-06-17,6.08,6.12,6.13,6.00,211276,129538158.00,2.13,0.16,0.01,0.73
2022-06-20,6.13,6.10,6.17,6.09,215131,132899673.00,1.31,-0.33,-0.02,0.74
2022-06-21,6.13,6.13,6.16,6.05,211140,130095206.00,1.80,0.49,0.03,0.73
2022-06-22,6.14,5.98,6.14,5.98,210112,127970495.00,2.61,-2.45,-0.15,0.72
2022-06-23,5.98,6.10,6.11,5.97,195069,118840158.00,2.34,2.01,0.12,0.67
2022-06-24,6.14,6.11,6.17,6.08,200136,123580060.00,1.48,0.16,0.01,0.69
2022-06-27,6.13,6.13,6.15,6.09,193149,119297191.00,0.98,0.33,0.02,0.67
2022-06-28,6.12,6.25,6.25,6.08,271119,169001310.00,2.77,1.96,0.12,0.93
2022-06-29,6.27,6.29,6.46,6.20,403715,257042178.00,4.16,0.64,0.04,1.39
2022-06-30,6.28,6.27,6.33,6.24,233237,147505164.00,1.43,-0.32,-0.02,0.80
2022-07-01,6.26,6.16,6.29,6.15,192373,120250550.00,2.23,-1.75,-0.11,0.66
2022-07-04,6.17,6.16,6.21,6.10,155293,96006544.00,1.79,0.00,0.00,0.53
2022-07-05,6.14,6.06,6.16,5.97,251298,153357349.00,3.08,-1.62,-0.10,0.87
2022-07-06,6.05,5.96,6.07,5.93,192562,116195753.00,2.31,-1.65,-0.10,0.66
2022-07-07,5.99,5.96,6.01,5.96,130703,78808115.00,0.84,0.00,0.00,0.45
2022-07-08,5.96,6.02,6.07,5.95,155160,94239061.17,2.01,1.01,0.06,0.53
2022-07-11,6.02,5.94,6.02,5.92,128188,76927916.00,1.66,-1.33,-0.08,0.44
2022-07-12,5.92,5.88,5.95,5.88,132770,79091492.85,1.18,-1.01,-0.06,0.46
2022-07-13,5.90,5.88,5.93,5.86,115078,68386770.89,1.19,0.00,0.00,0.40
2022-07-14,5.88,5.88,5.91,5.83,106123,62869274.76,1.36,0.00,0.00,0.37
2022-07-15,5.87,5.72,5.88,5.72,169373,98795486.08,2.72,-2.72,-0.16,0.58
2022-07-18,5.76,5.87,5.88,5.74,133805,77995774.89,2.45,2.62,0.15,0.46
2022-07-19,5.88,6.07,6.08,5.86,292457,176290419.50,3.75,3.41,0.20,1.01
2022-07-20,6.08,6.15,6.16,6.07,249966,153162603.35,1.48,1.32,0.08,0.86
2022-07-21,6.18,6.20,6.28,6.13,343136,213311707.24,2.44,0.81,0.05,1.18
2022-07-22,6.21,6.21,6.34,6.14,299479,186867146.78,3.23,0.16,0.01,1.03
2022-07-25,6.28,6.14,6.30,6.08,234629,144373648.63,3.54,-1.13,-0.07,0.81
2022-07-26,6.16,6.20,6.24,6.13,144242,89313183.34,1.79,0.98,0.06,0.50
2022-07-27,6.20,6.23,6.27,6.18,154024,95827907.64,1.45,0.48,0.03,0.53
2022-07-28,6.30,6.25,6.36,6.23,227823,143244240.32,2.09,0.32,0.02,0.78
2022-07-29,6.25,6.18,6.29,6.17,155345,96744364.44,1.92,-1.12,-0.07,0.53
2022-08-01,6.17,6.26,6.29,6.12,153545,95608631.70,2.75,1.29,0.08,0.53
2022-08-02,6.21,6.03,6.21,5.94,292342,176665273.64,4.31,-3.67,-0.23,1.01
2022-08-03,6.00,6.07,6.23,5.99,281686,173207653.32,3.98,0.66,0.04,0.97
2022-08-04,6.12,6.14,6.22,6.06,214272,131290973.51,2.64,1.15,0.07,0.74
2022-08-05,6.18,6.34,6.35,6.16,374426,234924132.07,3.09,3.26,0.20,1.29
2022-08-08,6.36,6.31,6.45,6.24,222318,139947595.32,3.31,-0.47,-0.03,0.77
2022-08-09,6.28,6.22,6.31,6.17,210378,130641616.28,2.22,-1.43,-0.09,0.72
2022-08-10,6.23,6.20,6.27,6.19,155613,96896085.96,1.29,-0.32,-0.02,0.54
2022-08-11,6.25,6.30,6.32,6.24,197781,124298077.98,1.29,1.61,0.10,0.68
2022-08-12,6.30,6.29,6.38,6.25,197586,124564881.35,2.06,-0.16,-0.01,0.68
2022-08-15,6.28,6.19,6.29,6.16,226877,140609347.34,2.07,-1.59,-0.10,0.78
2022-08-16,6.19,6.16,6.21,6.12,179351,110420541.69,1.45,-0.48,-0.03,0.62
2022-08-17,6.17,6.17,6.19,6.11,166066,102063128.49,1.30,0.16,0.01,0.57
2022-08-18,6.16,6.12,6.17,6.08,174597,106764102.25,1.46,-0.81,-0.05,0.60
2022-08-19,6.12,6.08,6.20,6.08,199845,122710488.05,1.96,-0.65,-0.04,0.69
2022-08-22,6.08,6.09,6.11,5.97,163366,99062571.64,2.30,0.16,0.01,0.56
2022-08-23,6.07,6.04,6.09,6.04,113439,68748345.73,0.82,-0.82,-0.05,0.39
2022-08-24,6.06,5.89,6.08,5.88,255259,151987738.82,3.31,-2.48,-0.15,0.88
2022-08-25,5.89,5.93,5.95,5.82,208114,122447669.58,2.21,0.68,0.04,0.72
2022-08-26,5.95,5.86,5.96,5.84,180931,106596396.00,2.02,-1.18,-0.07,0.62
2022-08-29,5.80,5.88,5.88,5.74,146215,85099434.95,2.39,0.34,0.02,0.50
2022-08-30,5.87,5.90,5.92,5.84,135603,79769170.35,1.36,0.34,0.02,0.47
2022-08-31,5.90,5.82,5.94,5.82,165300,96838623.90,2.03,-1.36,-0.08,0.57
2022-09-01,5.82,5.86,5.95,5.81,151795,89273416.61,2.41,0.69,0.04,0.52
2022-09-02,5.86,5.94,5.95,5.84,152282,90146696.27,1.88,1.37,0.08,0.52
2022-09-05,5.94,5.92,5.98,5.87,110913,65549662.40,1.85,-0.34,-0.02,0.38
2022-09-06,5.97,5.94,5.97,5.90,98738,58482766.99,1.18,0.34,0.02,0.34
2022-09-07,5.93,5.91,5.94,5.88,119274,70430996.71,1.01,-0.51,-0.03,0.41
2022-09-08,5.93,5.87,5.93,5.85,115276,67758811.74,1.35,-0.68,-0.04,0.40
2022-09-09,5.88,5.92,5.94,5.84,110790,65386808.15,1.70,0.85,0.05,0.38
2022-09-13,5.93,5.95,6.04,5.91,173929,103905840.51,2.20,0.51,0.03,0.60
2022-09-14,5.88,5.91,5.93,5.83,135430,79697204.84,1.68,-0.67,-0.04,0.47
2022-09-15,5.93,5.82,5.96,5.78,188571,110556532.89,3.05,-1.52,-0.09,0.65
2022-09-16,5.82,5.73,5.89,5.72,189387,109957401.39,2.92,-1.55,-0.09,0.65
2022-09-19,5.73,5.54,5.73,5.50,223783,124671743.41,4.01,-3.32,-0.19,0.77
2022-09-20,5.58,5.54,5.63,5.52,121890,67712964.65,1.99,0.00,0.00,0.42
2022-09-21,5.53,5.58,5.61,5.41,136383,75301698.51,3.61,0.72,0.04,0.47
2022-09-22,5.55,5.60,5.64,5.52,102269,57362091.10,2.15,0.36,0.02,0.35
2022-09-23,5.62,5.49,5.64,5.46,113407,62778583.84,3.21,-1.96,-0.11,0.39
2022-09-26,5.45,5.33,5.48,5.32,170727,92114315.65,2.91,-2.91,-0.16,0.59
2022-09-27,5.37,5.45,5.46,5.33,102436,55292535.96,2.44,2.25,0.12,0.35
2022-09-28,5.43,5.33,5.47,5.32,111016,59792731.38,2.75,-2.20,-0.12,0.38
2022-09-29,5.37,5.35,5.44,5.31,128021,68742041.10,2.44,0.38,0.02,0.44
2022-09-30,5.32,5.33,5.42,5.32,106452,57105447.00,1.87,-0.37,-0.02,0.37
2022-10-10,5.35,5.20,5.39,5.19,131273,68979743.99,3.75,-2.44,-0.13,0.45
2022-10-11,5.21,5.27,5.28,5.16,103585,54191674.33,2.31,1.35,0.07,0.36
2022-10-12,5.27,5.50,5.51,5.26,176656,95059480.01,4.74,4.36,0.23,0.61
2022-10-13,5.47,5.65,5.70,5.46,240495,135226401.41,4.36,2.73,0.15,0.83
2022-10-14,5.67,5.68,5.74,5.61,208154,118236089.08,2.30,0.53,0.03,0.72
2022-10-17,5.75,5.79,5.87,5.73,235877,136984489.72,2.46,1.94,0.11,0.81
2022-10-18,5.79,5.78,5.81,5.72,151145,87123494.43,1.55,-0.17,-0.01,0.52
2022-10-19,5.79,5.73,5.81,5.68,140831,80792471.24,2.25,-0.87,-0.05,0.48
2022-10-20,5.72,5.80,5.86,5.68,185142,107205677.44,3.14,1.22,0.07,0.64
2022-10-21,5.82,5.79,5.85,5.72,132163,76398313.21,2.24,-0.17,-0.01,0.46
2022-10-24,5.79,5.74,5.93,5.70,209361,121580219.95,3.97,-0.86,-0.05,0.72
2022-10-25,5.70,5.70,5.77,5.60,163319,92906924.14,2.96,-0.70,-0.04,0.56
2022-10-26,5.66,5.94,5.98,5.66,371776,219140105.99,5.61,4.21,0.24,1.28
2022-10-27,5.94,6.05,6.14,5.91,378311,228653206.00,3.87,1.85,0.11,1.30
2022-10-28,6.01,5.97,6.11,5.96,347242,209391119.15,2.48,-1.32,-0.08,1.20
2022-10-31,6.01,6.17,6.24,6.01,462320,284214625.68,3.85,3.35,0.20,1.59
2022-11-01,6.19,6.12,6.20,6.03,399107,243325657.60,2.76,-0.81,-0.05,1.37
2022-11-02,6.14,6.09,6.15,6.00,315980,191498718.46,2.45,-0.49,-0.03,1.09
2022-11-03,6.05,5.99,6.07,5.93,268626,160865316.28,2.30,-1.64,-0.10,0.92
2022-11-04,5.98,6.06,6.08,5.96,228517,137830240.34,2.00,1.17,0.07,0.79
2022-11-07,6.04,6.03,6.16,6.01,221991,134547955.99,2.48,-0.50,-0.03,0.76
2022-11-08,6.03,6.09,6.10,5.94,250898,151932574.91,2.65,1.00,0.06,0.86
2022-11-09,6.06,6.07,6.17,6.01,224894,137115490.04,2.63,-0.33,-0.02,0.77
2022-11-10,6.05,6.19,6.23,6.02,478381,295478134.55,3.46,1.98,0.12,1.65
2022-11-11,6.27,6.08,6.32,6.07,478245,294832095.95,4.04,-1.78,-0.11,1.65
2022-11-14,6.07,6.20,6.20,6.02,338683,208201295.50,2.96,1.97,0.12,1.17
2022-11-15,6.21,6.18,6.32,6.17,376368,234505055.92,2.42,-0.32,-0.02,1.30
2022-11-16,6.19,6.15,6.30,6.12,236779,146775846.44,2.91,-0.49,-0.03,0.82
2022-11-17,6.18,6.29,6.29,6.13,366707,227966456.21,2.60,2.28,0.14,1.26
2022-11-18,6.30,6.18,6.34,6.17,345900,216749335.96,2.70,-1.75,-0.11,1.19
2022-11-21,6.13,6.12,6.16,6.01,288678,175416476.65,2.43,-0.97,-0.06,0.99
2022-11-22,6.09,6.07,6.18,6.04,212889,130065335.01,2.29,-0.82,-0.05,0.73
2022-11-23,6.13,5.98,6.13,5.94,263354,158181939.98,3.13,-1.48,-0.09,0.91
2022-11-24,5.98,5.95,6.05,5.91,187706,112026836.14,2.34,-0.50,-0.03,0.65
2022-11-25,5.95,5.95,6.00,5.92,155553,92526066.14,1.34,0.00,0.00,0.54
2022-11-28,5.89,5.94,5.96,5.86,169460,100112888.54,1.68,-0.17,-0.01,0.58
2022-11-29,5.96,6.01,6.03,5.93,153823,92190252.28,1.68,1.18,0.07,0.53
2022-11-30,6.00,5.95,6.03,5.93,159559,95192394.51,1.66,-1.00,-0.06,0.55
2022-12-01,5.98,6.07,6.07,5.98,239895,144525111.78,1.51,2.02,0.12,0.83
2022-12-02,6.05,6.17,6.25,6.03,413284,255359392.55,3.62,1.65,0.10,1.42
2022-12-05,6.19,6.36,6.49,6.18,596597,378675891.78,5.02,3.08,0.19,2.05
2022-12-06,6.37,6.40,6.42,6.30,368159,234460706.74,1.89,0.63,0.04,1.27
2022-12-07,6.39,6.27,6.40,6.19,446049,279993701.26,3.28,-2.03,-0.13,1.54
2022-12-08,6.30,6.19,6.32,6.18,213048,132436409.48,2.23,-1.28,-0.08,0.73
2022-12-09,6.19,6.10,6.21,6.10,226726,138980586.44,1.78,-1.45,-0.09,0.78
2022-12-12,6.10,6.15,6.16,6.06,205786,125928579.82,1.64,0.82,0.05,0.71
2022-12-13,6.32,6.10,6.38,6.09,306953,190653265.70,4.72,-0.81,-0.05,1.06
2022-12-14,6.07,6.09,6.15,6.07,168919,103044566.77,1.31,-0.16,-0.01,0.58
2022-12-15,6.08,6.14,6.21,6.05,182469,112277802.04,2.63,0.82,0.05,0.63
2022-12-16,6.10,6.07,6.14,6.00,167744,101580542.10,2.28,-1.14,-0.07,0.58
2022-12-19,6.07,5.91,6.11,5.89,167547,100062153.51,3.62,-2.64,-0.16,0.58
2022-12-20,5.98,5.79,6.00,5.78,186702,108875861.91,3.72,-2.03,-0.12,0.64
2022-12-21,5.76,5.71,5.80,5.69,140173,80419936.97,1.90,-1.38,-0.08,0.48
2022-12-22,5.72,5.66,5.78,5.65,116526,66563264.77,2.28,-0.88,-0.05,0.40
2022-12-23,5.64,5.70,5.76,5.63,97779,55742728.04,2.30,0.71,0.04,0.34
2022-12-26,5.71,5.70,5.76,5.67,104012,59374736.96,1.58,0.00,0.00,0.36
2022-12-27,5.72,5.67,5.73,5.66,115215,65425946.00,1.23,-0.53,-0.03,0.40
2022-12-28,5.66,5.60,5.68,5.57,105039,58960218.00,1.94,-1.23,-0.07,0.36
2022-12-29,5.59,5.63,5.71,5.57,135311,76295475.76,2.50,0.54,0.03,0.47
2022-12-30,5.65,5.66,5.71,5.60,129369,73344251.17,1.95,0.53,0.03,0.45