MjAyMi0wMS0wNCw1MC4zMiw1Mi4yOSw1Mi44OSw1MC4zMiwyNjcyNywxNDE2NDYzOTUuMDAsNS4xMSw0LjA2LDIuMDQsMTQuNDc=
2022-01-05,52.00,47.51,52.17,47.08,33274,165261225.00,9.73,-9.14,-4.78,18.01
2022-01-06,46.60,47.55,48.16,46.60,16653,80843863.00,3.28,0.08,0.04,9.02
2022-01-07,47.40,45.20,47.86,44.98,20934,98919720.00,6.06,-4.94,-2.35,11.33
2022-01-10,44.72,45.99,46.42,44.72,12280,57455272.00,3.76,1.75,0.79,6.65
2022-01-11,46.01,45.10,46.31,44.80,12324,57281420.00,3.28,-1.94,-0.89,6.67
2022-01-12,45.00,46.06,46.26,44.90,10584,49579798.00,3.02,2.13,0.96,5.73
2022-01-13,46.05,47.00,47.29,45.50,23277,110873416.00,3.89,2.04,0.94,12.60
2022-01-14,46.50,44.01,46.50,44.00,26299,121397245.00,5.32,-6.36,-2.99,14.24
2022-01-17,43.50,44.08,44.68,43.50,14305,64496064.00,2.68,0.16,0.07,7.74
2022-01-18,43.99,43.01,44.15,41.93,21089,92275668.00,5.04,-2.43,-1.07,11.42
2022-01-19,43.00,43.35,44.18,43.00,16509,73578502.00,2.74,0.79,0.34,8.94
2022-01-20,42.81,40.78,42.98,40.55,16827,71860184.00,5.61,-5.93,-2.57,9.11
2022-01-21,40.78,39.60,40.98,39.55,10045,41201017.00,3.51,-2.89,-1.18,5.44
2022-01-24,39.60,39.65,40.25,39.32,6057,24716924.00,2.35,0.13,0.05,3.28
2022-01-25,39.70,37.94,40.06,37.57,10539,41655291.00,6.28,-4.31,-1.71,5.71
2022-01-26,38.38,38.11,38.97,37.76,7443,29321259.00,3.19,0.45,0.17,4.03
2022-01-27,38.23,36.55,38.29,36.55,9197,35121785.00,4.57,-4.09,-1.56,4.98
2022-01-28,36.93,37.20,37.70,36.85,7557,28974982.00,2.33,1.78,0.65,4.09
2022-02-07,37.80,39.06,39.16,37.50,12643,50175146.00,4.46,5.00,1.86,6.84
2022-02-08,39.10,39.36,39.41,38.53,8956,35899285.00,2.25,0.77,0.30,4.85
2022-02-09,39.31,39.61,39.66,38.82,8349,33657672.00,2.13,0.64,0.25,4.52
2022-02-10,39.41,38.57,39.61,38.21,8879,35257735.00,3.53,-2.63,-1.04,4.81
2022-02-11,38.46,36.96,38.60,36.89,8291,31822192.00,4.43,-4.17,-1.61,4.49
2022-02-14,36.89,37.93,38.40,36.68,7453,28909400.00,4.65,2.62,0.97,4.03
2022-02-15,37.61,38.21,38.36,37.50,6090,23759500.00,2.27,0.74,0.28,3.30
2022-02-16,38.08,39.34,39.38,38.08,10336,41377536.00,3.40,2.96,1.13,5.60
2022-02-17,39.34,39.00,39.74,38.83,10592,42659765.00,2.31,-0.86,-0.34,5.73
2022-02-18,38.95,38.92,39.50,38.56,7444,29699256.00,2.41,-0.21,-0.08,4.03
2022-02-21,39.01,39.99,40.80,38.65,12816,52263112.00,5.52,2.75,1.07,6.94
2022-02-22,39.98,42.79,46.60,39.27,35555,155901695.00,18.33,7.00,2.80,19.25
2022-02-23,41.79,45.30,45.43,41.18,39017,174705310.00,9.93,5.87,2.51,21.12
2022-02-24,44.49,42.09,45.12,41.36,32234,142598920.00,8.30,-7.09,-3.21,17.45
2022-02-25,42.86,41.90,43.18,41.43,15348,66158503.00,4.16,-0.45,-0.19,8.31
2022-02-28,41.90,41.16,41.90,40.59,10091,42499982.00,3.13,-1.77,-0.74,5.46
2022-03-01,41.10,42.17,42.23,41.10,12501,53515365.00,2.75,2.45,1.01,6.77
2022-03-02,41.85,42.19,42.50,41.10,8796,37714749.00,3.32,0.05,0.02,4.76
2022-03-03,42.20,41.32,42.33,41.01,11987,50875846.00,3.13,-2.06,-0.87,6.49
2022-03-04,41.25,40.69,41.55,40.25,8152,34090157.00,3.15,-1.52,-0.63,4.41
2022-03-07,40.71,39.80,40.98,39.60,8965,36934949.00,3.39,-2.19,-0.89,4.85
2022-03-08,39.54,37.60,40.14,37.60,10241,40398498.00,6.38,-5.53,-2.20,5.54
2022-03-09,37.72,36.98,38.00,35.34,9936,37637834.00,7.07,-1.65,-0.62,5.38
2022-03-10,38.01,37.29,38.55,37.00,7815,30294543.00,4.19,0.84,0.31,4.23
2022-03-11,36.88,37.20,37.38,35.84,7575,28506866.00,4.13,-0.24,-0.09,4.10
2022-03-14,36.76,35.71,36.77,35.64,6956,25777079.00,3.04,-4.01,-1.49,3.77
2022-03-15,35.18,33.17,35.50,33.01,8024,28380152.00,6.97,-7.11,-2.54,4.34
2022-03-16,33.80,35.45,35.73,33.32,14406,51191675.00,7.27,6.87,2.28,7.80
2022-03-17,35.70,36.65,37.07,35.03,15942,59543626.00,5.75,3.39,1.20,8.63
2022-03-18,36.29,36.63,37.30,35.90,10508,39650335.00,3.82,-0.05,-0.02,5.69
2022-03-21,37.00,38.58,39.13,36.85,18598,72968778.00,6.22,5.32,1.95,10.07
2022-03-22,38.58,37.91,39.27,37.56,13918,54495926.00,4.43,-1.74,-0.67,7.53
2022-03-23,38.00,37.04,38.69,37.00,8479,32494935.00,4.46,-2.29,-0.87,4.59
2022-03-24,36.99,37.05,37.45,36.28,6930,26196134.00,3.16,0.03,0.01,3.75
2022-03-25,36.90,36.60,37.19,36.51,4321,16366872.00,1.84,-1.21,-0.45,2.34
2022-03-28,36.68,35.46,36.68,35.20,5454,19968222.00,4.04,-3.11,-1.14,2.95
2022-03-29,36.05,35.02,36.05,34.67,5462,19754326.00,3.89,-1.24,-0.44,2.96
2022-03-30,34.84,35.08,35.35,34.64,5565,20009849.00,2.03,0.17,0.06,3.01
2022-03-31,34.26,34.85,35.28,34.22,4326,15558250.00,3.02,-0.66,-0.23,2.34
2022-04-01,34.70,33.76,34.99,33.68,6745,23595724.00,3.76,-3.13,-1.09,3.65
2022-04-06,33.76,34.22,34.51,33.25,4230,14804369.00,3.73,1.36,0.46,2.29
2022-04-07,34.08,33.16,34.26,33.13,4891,16914903.00,3.30,-3.10,-1.06,2.65
2022-04-08,33.45,31.88,33.45,31.47,5605,18557184.00,5.97,-3.86,-1.28,3.03
2022-04-11,32.26,30.46,32.26,30.33,4865,15555026.00,6.05,-4.45,-1.42,2.63
2022-04-12,30.46,31.39,31.58,30.08,4425,14075673.00,4.92,3.05,0.93,2.40
2022-04-13,31.40,30.32,31.58,30.10,4655,14722420.00,4.71,-3.41,-1.07,2.52
2022-04-14,30.72,30.37,31.32,30.30,3138,9926066.00,3.36,0.16,0.05,1.70
2022-04-15,30.37,29.61,30.37,28.91,5188,15807040.00,4.81,-2.50,-0.76,2.81
2022-04-18,29.32,30.42,30.85,28.62,4335,13396842.00,7.53,2.74,0.81,2.35
2022-04-19,30.02,30.25,31.09,29.91,3970,12483263.00,3.88,-0.56,-0.17,2.15
2022-04-20,30.03,29.30,30.50,29.00,4598,14123994.00,4.96,-3.14,-0.95,2.49
2022-04-21,29.60,27.41,29.60,27.39,6114,17822745.00,7.54,-6.45,-1.89,3.31
2022-04-22,27.41,27.54,28.09,26.73,6249,17745121.00,4.96,0.47,0.13,3.38
2022-04-25,27.02,24.68,27.50,24.61,7352,19680027.00,10.49,-10.38,-2.86,3.98
2022-04-26,23.17,23.37,24.97,23.17,7470,18951157.00,7.29,-5.31,-1.31,4.04
2022-04-27,23.01,24.19,24.29,22.51,6404,15573002.00,7.62,3.51,0.82,3.47
2022-04-28,24.30,23.59,24.30,23.21,4573,11321097.00,4.51,-2.48,-0.60,2.48
2022-04-29,24.06,24.92,25.20,23.97,5366,13714547.00,5.21,5.64,1.33,2.91
2022-05-05,24.69,25.75,25.88,24.69,5596,14867078.00,4.78,3.33,0.83,3.03
2022-05-06,25.75,26.85,28.88,25.30,17041,47933822.00,13.90,4.27,1.10,9.23
2022-05-09,26.80,26.92,27.78,26.12,9536,26818151.00,6.18,0.26,0.07,5.16
2022-05-10,26.70,27.56,27.80,26.34,8397,23878208.00,5.42,2.38,0.64,4.55
2022-05-11,27.56,26.85,28.50,26.85,8852,25419986.00,5.99,-2.58,-0.71,4.79
2022-05-12,26.50,27.00,27.50,26.50,5783,16266782.00,3.72,0.56,0.15,3.13
2022-05-13,27.58,28.15,30.53,27.26,17926,53077747.00,12.11,4.26,1.15,9.70
2022-05-16,28.35,27.10,28.88,27.10,10614,30782030.00,6.32,-3.73,-1.05,5.75
2022-05-17,27.33,27.07,27.51,26.48,6799,18966792.00,3.80,-0.11,-0.03,3.68
2022-05-18,27.09,27.73,28.19,27.09,7058,20310866.00,4.06,2.44,0.66,3.82
2022-05-19,27.24,27.69,28.21,27.00,5432,15557812.00,4.36,-0.14,-0.04,2.94
2022-05-20,27.95,27.70,28.27,27.65,4302,12427977.00,2.24,0.04,0.01,2.33
2022-05-23,27.70,28.05,28.65,27.70,4342,12610645.00,3.43,1.26,0.35,2.35
2022-05-24,28.05,26.39,28.55,26.35,7425,20970031.00,7.84,-5.92,-1.66,4.02
2022-05-25,26.95,27.16,27.26,26.53,4954,13642628.00,2.77,2.92,0.77,2.68
2022-05-26,27.20,26.90,27.48,26.30,4571,12509632.00,4.34,-0.96,-0.26,2.47
2022-05-27,26.90,26.68,27.40,26.55,4430,12179582.00,3.16,-0.82,-0.22,2.40
2022-05-30,26.97,26.73,26.99,26.35,2917,7917648.00,2.40,0.19,0.05,1.58
2022-05-31,26.67,28.15,29.28,26.13,14479,40933577.00,11.78,5.31,1.42,7.84
2022-06-01,28.10,28.04,28.65,27.71,9120,26044390.00,3.34,-0.39,-0.11,4.94
2022-06-02,28.04,28.64,28.67,27.66,9905,28540606.00,3.60,2.14,0.60,5.36
2022-06-06,28.95,29.41,29.85,28.70,8959,26830165.00,4.02,2.69,0.77,4.85
2022-06-07,29.41,28.96,29.61,28.73,4428,13072715.00,2.99,-1.53,-0.45,2.40
2022-06-08,28.96,28.69,29.11,28.08,5668,16477490.00,3.56,-0.93,-0.27,3.07
2022-06-09,29.04,27.84,29.06,27.83,5639,16128140.00,4.29,-2.96,-0.85,3.05
2022-06-10,28.38,28.57,29.00,27.92,5121,14864961.00,3.88,2.62,0.73,2.77
2022-06-13,28.50,29.45,29.46,28.32,6856,20315463.00,3.99,3.08,0.88,3.71
2022-06-14,29.40,29.20,29.40,28.09,7019,20495280.00,4.45,-0.85,-0.25,3.80
2022-06-15,29.46,29.28,29.74,29.05,6691,20007723.00,2.36,0.27,0.08,3.62
2022-06-16,29.45,29.70,29.89,29.00,5925,17775330.00,3.04,1.43,0.42,3.21
2022-06-17,29.55,29.40,29.98,28.91,5208,15580209.00,3.60,-1.01,-0.30,2.82
2022-06-20,29.47,29.61,29.82,29.30,5588,16792190.00,1.77,0.71,0.21,3.03
2022-06-21,29.61,30.17,30.98,29.25,11444,35338695.00,5.84,1.89,0.56,6.20
2022-06-22,30.05,30.00,30.99,29.75,10050,31064166.00,4.11,-0.56,-0.17,5.44
2022-06-23,29.80,30.67,30.85,29.69,7526,23301201.00,3.87,2.23,0.67,4.07
2022-06-24,30.44,31.21,31.49,30.35,7359,23263457.00,3.72,1.76,0.54,3.98
2022-06-27,31.46,30.77,31.46,30.54,8521,26671227.00,2.95,-1.41,-0.44,4.61
2022-06-28,30.71,31.16,31.26,30.42,6517,20519623.00,2.73,1.27,0.39,3.53
2022-06-29,31.15,30.12,31.33,30.11,6514,20220089.00,3.92,-3.34,-1.04,3.53
2022-06-30,30.12,29.75,30.54,29.55,5957,18096065.00,3.29,-1.23,-0.37,3.22
2022-07-01,29.75,29.27,30.00,29.16,4549,13648907.00,2.82,-1.61,-0.48,2.46
2022-07-04,30.02,29.01,30.02,28.70,4902,14417866.00,4.51,-0.89,-0.26,2.65
2022-07-05,29.01,28.34,29.29,27.90,6697,19389042.00,4.79,-2.31,-0.67,3.63
2022-07-06,28.34,27.98,28.62,27.72,4376,12511812.00,3.18,-1.27,-0.36,2.37
2022-07-07,27.98,27.79,28.17,27.65,3798,10788107.00,1.86,-0.68,-0.19,2.06
2022-07-08,28.08,27.81,28.52,27.66,5447,15596123.00,3.09,0.07,0.02,2.95
2022-07-11,28.11,27.45,28.15,27.13,4400,12285535.00,3.67,-1.29,-0.36,2.38
2022-07-12,27.48,26.66,27.75,26.66,3734,10246167.00,3.97,-2.88,-0.79,2.02
2022-07-13,26.80,27.19,27.34,26.69,2774,7652456.00,2.44,1.99,0.53,1.50
2022-07-14,27.37,28.13,28.23,27.17,5804,16402910.00,3.90,3.46,0.94,3.14
2022-07-15,27.75,27.88,29.10,27.75,8405,24178359.00,4.80,-0.89,-0.25,4.55
2022-07-18,28.33,28.22,28.50,27.71,5576,15957995.00,2.83,1.22,0.34,3.02
2022-07-19,28.37,28.44,28.58,27.99,3704,10687247.00,2.09,0.78,0.22,2.01
2022-07-20,28.44,28.75,28.88,28.30,5021,14626124.00,2.04,1.09,0.31,2.72
2022-07-21,28.92,29.38,30.27,28.92,9343,27878053.00,4.70,2.19,0.63,5.06
2022-07-22,28.52,28.81,29.50,28.52,5972,17632759.00,3.34,-1.94,-0.57,3.23
2022-07-25,28.26,28.50,29.22,28.26,4023,11732805.00,3.33,-1.08,-0.31,2.18
2022-07-26,28.80,28.19,28.80,27.58,4446,12691929.00,4.28,-1.09,-0.31,2.41
2022-07-27,28.21,29.04,29.06,28.09,5533,16216523.00,3.44,3.02,0.85,3.00
2022-07-28,29.15,29.28,29.43,29.03,4310,12819043.00,1.38,0.83,0.24,2.33
2022-07-29,29.02,29.09,29.47,28.78,4090,12077795.00,2.36,-0.65,-0.19,2.21
2022-08-01,29.00,29.29,29.47,28.76,4586,13633240.00,2.44,0.69,0.20,2.48
2022-08-02,29.29,27.63,29.38,27.30,6908,19575569.00,7.10,-5.67,-1.66,3.74
2022-08-03,27.61,27.54,28.67,27.41,4925,14140867.00,4.56,-0.33,-0.09,2.67
2022-08-04,27.82,27.93,28.14,27.52,2368,6701024.00,2.25,1.42,0.39,1.28
2022-08-05,27.95,28.28,28.33,27.84,3845,10998641.00,1.75,1.25,0.35,2.08
2022-08-08,28.50,28.95,28.95,28.00,3757,10965138.00,3.36,2.37,0.67,2.03
2022-08-09,28.95,29.32,29.41,28.69,4760,14109323.00,2.49,1.28,0.37,2.58
2022-08-10,29.24,29.75,30.06,29.16,7438,22496038.00,3.07,1.47,0.43,4.03
2022-08-11,29.50,29.63,29.93,29.50,5217,15781068.00,1.45,-0.40,-0.12,2.82
2022-08-12,29.64,29.09,30.30,29.00,5808,17432767.00,4.39,-1.82,-0.54,3.14
2022-08-15,28.98,29.21,29.60,28.65,3907,11538942.00,3.27,0.41,0.12,2.12
2022-08-16,29.22,29.79,29.88,29.00,5265,15876302.00,3.01,1.99,0.58,2.85
2022-08-17,30.00,31.93,32.44,29.63,27682,87978220.00,9.43,7.18,2.14,14.99
2022-08-18,31.81,33.70,34.35,31.04,44676,150670825.00,10.37,5.54,1.77,24.19
2022-08-19,33.66,32.27,33.66,31.82,24750,81671953.00,5.46,-4.24,-1.43,13.40
2022-08-22,32.40,32.05,32.49,30.73,14344,46025632.00,5.45,-0.68,-0.22,7.77
2022-08-23,31.91,31.46,32.18,31.10,11206,35795566.00,3.37,-1.84,-0.59,6.07
2022-08-24,31.78,33.45,33.69,31.21,32027,107223654.00,7.88,6.33,1.99,17.34
2022-08-25,33.27,30.62,33.27,30.50,22679,72890881.00,8.28,-8.46,-2.83,12.28
2022-08-26,30.45,29.24,31.05,29.15,14549,44397128.00,6.21,-4.51,-1.38,7.88
2022-08-29,29.03,30.08,30.86,28.52,9901,30114177.00,8.00,2.87,0.84,5.36
2022-08-30,30.47,31.30,32.50,30.18,20562,65827259.00,7.71,4.06,1.22,11.13
2022-08-31,31.50,29.97,31.88,29.85,12229,38069696.00,6.49,-4.25,-1.33,6.62
2022-09-01,29.96,30.15,30.77,29.22,12176,37106970.00,5.17,0.60,0.18,6.59
2022-09-02,30.15,31.01,31.46,29.35,12280,38000752.00,7.00,2.85,0.86,6.65
2022-09-05,31.35,31.70,32.10,30.85,15604,49931940.00,4.03,2.23,0.69,8.45
2022-09-06,31.29,31.01,31.49,30.17,12008,37489561.00,4.16,-2.18,-0.69,6.50
2022-09-07,31.10,32.78,33.18,30.40,26077,85209619.00,8.96,5.71,1.77,14.12
2022-09-08,32.49,32.51,32.94,31.80,16475,53924275.00,3.48,-0.82,-0.27,8.92
2022-09-09,32.50,34.76,35.68,32.38,43108,150957310.00,10.15,6.92,2.25,23.34
2022-09-13,34.50,37.83,39.50,33.89,50011,188815362.00,16.14,8.83,3.07,27.07
2022-09-14,36.83,36.22,37.37,35.32,36067,132180325.00,5.42,-4.26,-1.61,19.53
2022-09-15,35.71,33.96,35.95,33.21,29451,101843003.00,7.56,-6.24,-2.26,15.94
2022-09-16,33.45,34.39,35.07,32.58,23993,82870514.00,7.33,1.27,0.43,12.99
2022-09-19,34.07,31.00,34.26,31.00,22216,72762714.00,9.48,-9.86,-3.39,12.03
2022-09-20,31.33,33.08,33.49,31.12,23472,77962811.00,7.65,6.71,2.08,12.71
2022-09-21,33.18,32.33,33.30,31.63,16143,52926673.00,5.05,-2.27,-0.75,8.74
2022-09-22,32.30,33.94,34.84,32.04,26965,93305160.00,8.66,4.98,1.61,14.60
2022-09-23,33.60,34.90,35.36,33.34,31233,109581624.00,5.95,2.83,0.96,16.91
2022-09-26,34.42,35.95,35.99,33.80,31840,113494794.00,6.28,3.01,1.05,17.24
2022-09-27,35.49,35.68,35.92,34.58,22510,80689441.00,3.73,-0.75,-0.27,12.19
2022-09-28,35.70,33.40,35.70,32.53,20944,71997301.00,8.88,-6.39,-2.28,11.34
2022-09-29,33.06,33.46,33.89,32.24,13238,44712125.00,4.94,0.18,0.06,7.17
2022-09-30,32.60,31.10,33.36,30.91,14149,45679923.00,7.32,-7.05,-2.36,7.66
2022-10-10,32.00,28.02,32.03,27.65,17707,52876053.00,14.08,-9.90,-3.08,9.59
2022-10-11,27.50,27.08,28.65,26.86,10665,29755902.00,6.39,-3.35,-0.94,5.77
2022-10-12,27.16,26.75,27.25,25.08,17431,46155876.00,8.01,-1.22,-0.33,9.44
2022-10-13,26.22,27.50,28.32,26.20,14861,41748079.00,7.93,2.80,0.75,8.05
2022-10-14,27.53,27.70,27.98,27.10,11777,33116267.00,3.20,0.73,0.20,6.38
2022-10-17,27.95,28.30,28.96,27.66,12043,34451968.00,4.69,2.17,0.60,6.52
2022-10-18,28.52,29.42,29.81,27.70,20177,59769410.00,7.46,3.96,1.12,10.92
2022-10-19,28.78,28.24,29.28,28.20,12998,37823822.00,3.67,-4.01,-1.18,7.04
2022-10-20,28.20,27.60,28.48,27.30,10700,30205981.00,4.18,-2.27,-0.64,5.79
2022-10-21,27.64,27.19,28.17,27.00,8506,23786142.00,4.24,-1.49,-0.41,4.60
2022-10-24,27.15,26.92,27.90,26.73,8224,22918094.00,4.30,-0.99,-0.27,4.45
2022-10-25,27.18,26.40,27.18,25.81,8373,22489913.00,5.09,-1.93,-0.52,4.53
2022-10-26,26.33,27.77,27.80,26.33,11663,32435095.00,5.57,5.19,1.37,6.31
2022-10-27,27.55,27.03,28.28,27.00,10271,28738814.00,4.61,-2.66,-0.74,5.56
2022-10-28,27.03,25.53,27.08,25.40,8888,23721029.00,6.22,-5.55,-1.50,4.81
2022-10-31,25.20,26.12,26.56,25.20,6308,16791743.00,5.33,2.31,0.59,3.42
2022-11-01,26.29,26.67,26.87,26.07,4894,13208832.00,3.06,2.11,0.55,2.65
2022-11-02,27.26,26.88,27.29,26.70,7041,19391807.00,2.21,0.79,0.21,3.81
2022-11-03,26.70,27.40,27.44,26.69,6843,18957078.00,2.79,1.93,0.52,3.70
2022-11-04,27.40,27.76,27.90,27.30,6382,17996771.00,2.19,1.31,0.36,3.46
2022-11-07,27.62,27.95,28.40,27.62,7493,21353365.00,2.81,0.68,0.19,4.06
2022-11-08,27.65,27.84,27.99,27.31,6757,19050629.00,2.43,-0.39,-0.11,3.66
2022-11-09,27.87,27.58,28.07,27.44,5932,16777873.00,2.26,-0.93,-0.26,3.21
2022-11-10,27.36,27.26,28.03,27.19,7965,22466837.00,3.05,-1.16,-0.32,2.92
2022-11-11,27.95,27.75,28.16,27.61,8865,25151288.00,2.02,1.80,0.49,3.25
2022-11-14,27.84,27.60,28.20,27.40,6209,17585459.00,2.88,-0.54,-0.15,2.28
2022-11-15,27.90,28.70,28.70,27.57,11024,31764232.00,4.09,3.99,1.10,4.04
2022-11-16,28.49,28.17,28.70,28.04,8789,25317282.00,2.30,-1.85,-0.53,3.22
2022-11-17,28.06,28.23,28.32,27.53,5710,16265690.00,2.80,0.21,0.06,2.09
2022-11-18,28.23,27.60,28.66,27.55,6502,18479018.00,3.93,-2.23,-0.63,2.39
2022-11-21,27.83,27.99,28.05,27.36,5800,16363934.00,2.50,1.41,0.39,2.13
2022-11-22,27.99,27.70,28.34,27.55,6658,18963084.00,2.82,-1.04,-0.29,2.44
2022-11-23,27.51,27.03,27.70,26.40,7037,19286027.00,4.69,-2.42,-0.67,2.58
2022-11-24,27.03,27.32,27.68,27.03,4502,12521829.00,2.40,1.07,0.29,1.65
2022-11-25,27.56,26.64,27.65,26.60,4405,12081259.00,3.84,-2.49,-0.68,1.62
2022-11-28,26.46,26.23,26.63,26.07,4199,11268317.00,2.10,-1.54,-0.41,1.54
2022-11-29,26.29,26.65,26.76,26.29,4223,11427192.00,1.79,1.60,0.42,1.55
2022-11-30,26.65,26.42,26.81,26.38,3555,9626873.00,1.61,-0.86,-0.23,1.30
2022-12-01,27.07,26.61,27.07,26.50,4287,11665478.00,2.16,0.72,0.19,1.57
2022-12-02,26.61,26.95,26.99,26.45,4758,13016568.00,2.03,1.28,0.34,1.75
2022-12-05,27.13,27.05,27.22,26.70,4234,11638296.00,1.93,0.37,0.10,1.55
2022-12-06,27.02,26.76,27.10,26.60,6392,17443069.00,1.85,-1.07,-0.29,2.35
2022-12-07,26.72,26.40,26.85,26.30,5535,14998906.00,2.06,-1.35,-0.36,2.03
2022-12-08,26.58,26.60,26.67,26.20,4013,10812864.00,1.78,0.76,0.20,1.47
2022-12-09,26.64,26.30,26.70,26.20,4081,10988041.00,1.88,-1.13,-0.30,1.50
2022-12-12,26.29,26.23,26.29,25.77,4612,12239310.00,1.98,-0.27,-0.07,1.69
2022-12-13,26.28,25.71,26.43,25.66,5301,14003895.00,2.94,-1.98,-0.52,1.94
2022-12-14,25.72,25.82,26.04,25.62,3205,8435447.00,1.63,0.43,0.11,1.18
2022-12-15,25.99,26.31,26.38,25.70,3655,9738775.00,2.63,1.90,0.49,1.34
2022-12-16,26.29,25.78,26.31,25.70,3439,9060554.00,2.32,-2.01,-0.53,1.26
2022-12-19,26.31,25.20,26.31,25.13,4092,10644320.00,4.58,-2.25,-0.58,1.50
2022-12-20,25.16,25.53,25.75,25.16,3037,7880598.00,2.34,1.31,0.33,1.11
2022-12-21,25.65,24.90,25.65,24.68,3899,9956702.00,3.80,-2.47,-0.63,1.43
2022-12-22,25.16,24.44,25.23,24.37,3085,7774181.00,3.45,-1.85,-0.46,1.13
2022-12-23,24.40,24.24,24.89,24.06,2795,6966651.00,3.40,-0.82,-0.20,1.03
2022-12-26,24.78,25.42,25.48,24.17,5614,14367011.00,5.40,4.87,1.18,2.06
2022-12-27,25.56,25.21,25.70,24.96,4432,11387564.00,2.91,-0.83,-0.21,1.63
2022-12-28,25.20,24.74,25.20,24.62,2970,7520348.00,2.30,-1.86,-0.47,1.09
2022-12-29,25.10,24.38,25.10,24.38,2908,7301098.00,2.91,-1.46,-0.36,1.07
2022-12-30,24.47,24.59,24.77,24.43,2407,6045949.00,1.39,0.86,0.21,0.88