2024-01-02,1771.34,1783.02,1792.69,1771.34,649056,338426259.00,1.20,0.50,8.90,0.87
2024-01-03,1780.04,1774.83,1782.51,1760.37,504380,269793480.00,1.24,-0.46,-8.19,0.67
2024-01-04,1774.07,1770.52,1774.15,1761.07,502649,270789977.00,0.74,-0.24,-4.31,0.67
2024-01-05,1780.90,1746.08,1784.72,1740.96,629332,334451359.00,2.47,-1.38,-24.44,0.84
2024-01-08,1742.04,1712.28,1744.00,1710.88,495781,257525217.00,1.90,-1.94,-33.80,0.66
2024-01-09,1721.05,1723.90,1738.44,1711.79,437559,223272748.00,1.56,0.68,11.62,0.58
2024-01-10,1721.63,1728.04,1742.55,1699.57,594778,274588276.00,2.49,0.24,4.14,0.79
2024-01-11,1723.42,1739.57,1744.45,1717.35,568343,284249064.00,1.57,0.67,11.53,0.76
2024-01-12,1736.60,1733.16,1754.48,1732.63,497656,258784963.00,1.26,-0.37,-6.41,0.66
2024-01-15,1730.25,1728.53,1740.41,1715.06,489104,242733240.00,1.46,-0.27,-4.63,0.65
2024-01-16,1754.88,1750.42,1762.58,1733.36,946587,454297825.00,1.69,1.27,21.89,1.26
2024-01-17,1744.59,1691.37,1744.59,1691.37,1569719,714251400.00,3.04,-3.37,-59.05,2.09
2024-01-18,1690.35,1680.67,1690.35,1636.84,1509425,695422254.00,3.16,-0.63,-10.70,2.01
2024-01-19,1685.90,1673.39,1707.75,1672.91,1042551,491436645.00,2.07,-0.43,-7.28,1.39
2024-01-22,1674.23,1578.14,1674.23,1566.38,1196721,542527149.00,6.45,-5.69,-95.25,1.60
2024-01-23,1571.60,1581.56,1587.67,1533.30,986846,440692401.00,3.45,0.22,3.42,1.32
2024-01-24,1592.54,1609.31,1615.36,1548.60,1031218,460459863.00,4.22,1.75,27.75,1.38
2024-01-25,1617.80,1669.48,1669.81,1608.35,1212123,539825848.00,3.82,3.74,60.17,1.62
2024-01-26,1666.82,1670.98,1695.49,1662.08,1033945,471227931.00,2.00,0.09,1.50,1.38
2024-01-29,1673.85,1656.74,1678.30,1635.90,1059435,504182627.00,2.54,-0.85,-14.24,1.41
2024-01-30,1671.58,1589.71,1685.36,1586.08,1307415,649396731.00,5.99,-4.05,-67.03,1.74
2024-01-31,1590.97,1540.27,1615.91,1538.98,1266295,585169236.00,4.84,-3.11,-49.44,1.69
2024-02-01,1534.62,1510.79,1535.92,1484.31,1392981,662675016.00,3.35,-1.91,-29.48,1.86
2024-02-02,1507.77,1430.46,1522.12,1387.37,1374368,603763471.00,8.92,-5.32,-80.33,1.83
2024-02-05,1403.06,1304.42,1403.06,1297.63,1286856,476316533.00,7.37,-8.81,-126.04,1.72
2024-02-06,1242.39,1278.10,1326.90,1204.80,1586968,608277438.00,9.36,-2.02,-26.32,2.12
2024-02-07,1281.55,1229.33,1281.55,1222.59,1824580,724972428.00,4.61,-3.82,-48.77,2.43
2024-02-08,1229.66,1319.22,1323.00,1215.96,1755552,704038413.00,8.71,7.31,89.89,2.34
2024-02-19,1339.10,1369.46,1374.99,1339.10,1322382,554867305.00,2.72,3.81,50.24,1.76
2024-02-20,1365.66,1420.99,1423.37,1349.42,1154558,506366243.00,5.40,3.76,51.53,1.54
2024-02-21,1411.91,1437.02,1478.18,1402.60,1355755,605172345.00,5.32,1.13,16.03,1.81
2024-02-22,1429.38,1463.77,1463.77,1428.11,884686,393827440.00,2.48,1.86,26.75,1.18
2024-02-23,1460.82,1502.89,1504.32,1460.82,1195490,551362833.00,2.97,2.67,39.12,1.60
2024-02-26,1507.18,1533.25,1558.51,1499.52,1212195,568326185.00,3.93,2.02,30.36,1.62
2024-02-27,1530.43,1569.45,1569.45,1523.59,964221,450965736.00,2.99,2.36,36.20,1.29
2024-02-28,1574.67,1461.00,1597.83,1459.80,1587202,726583881.00,8.79,-6.91,-108.45,2.12
2024-02-29,1445.02,1496.83,1496.83,1437.77,1048034,469424437.00,4.04,2.45,35.83,1.40
2024-03-01,1506.39,1499.96,1515.72,1480.32,867865,386230242.00,2.36,0.21,3.13,1.16
2024-03-04,1501.77,1485.15,1504.88,1459.36,745955,331610000.00,3.03,-0.99,-14.81,1.00
2024-03-05,1477.03,1449.65,1477.03,1447.22,815028,353394659.00,2.01,-2.39,-35.50,1.09
2024-03-06,1448.94,1473.62,1485.56,1448.94,712311,319327555.00,2.53,1.65,23.97,0.95
2024-03-07,1482.18,1475.05,1505.73,1474.30,797642,358194020.00,2.13,0.10,1.43,1.06
2024-03-08,1475.33,1469.83,1481.04,1455.23,519269,224731914.00,1.75,-0.35,-5.22,0.69
2024-03-11,1478.45,1512.41,1514.26,1478.45,626179,268060189.00,2.44,2.90,42.58,0.84
2024-03-12,1535.60,1574.16,1575.67,1535.60,853858,355379120.00,2.65,4.08,61.75,1.14
2024-03-13,1608.56,1601.90,1608.56,1575.72,983546,392245052.00,2.09,1.76,27.74,1.31
2024-03-14,1597.22,1594.00,1611.66,1572.29,1393116,767884736.00,2.46,-0.49,-7.90,1.86
2024-03-15,1580.72,1591.27,1591.27,1570.28,1070559,560885480.00,1.32,-0.17,-2.73,1.43
2024-03-18,1597.84,1613.72,1615.17,1597.20,1060013,561406213.00,1.13,1.41,22.45,1.41
2024-03-19,1612.57,1598.01,1618.42,1598.01,761321,392608125.00,1.26,-0.97,-15.71,1.02
2024-03-20,1597.38,1634.23,1635.32,1597.36,698085,354290623.00,2.38,2.27,36.22,0.93
2024-03-21,1642.05,1642.34,1648.70,1621.92,915732,561253055.00,1.64,0.50,8.11,1.22
2024-03-22,1641.84,1644.21,1653.85,1617.24,1087241,649506924.00,2.23,0.11,1.87,1.45
2024-03-25,1636.80,1598.39,1641.87,1598.39,917767,530105422.00,2.64,-2.79,-45.82,1.22
2024-03-26,1600.27,1624.25,1630.07,1592.05,886463,548952399.00,2.38,1.62,25.86,1.18
2024-03-27,1611.51,1564.96,1621.54,1564.96,804373,462140302.00,3.48,-3.65,-59.29,1.07
2024-03-28,1546.49,1581.69,1599.77,1546.49,750970,400730556.00,3.40,1.07,16.73,1.00
2024-03-29,1582.47,1598.31,1598.31,1579.36,583537,300135040.00,1.20,1.05,16.62,0.78
2024-04-01,1600.16,1639.82,1646.74,1600.16,892536,519553741.00,2.91,2.60,41.51,1.19
2024-04-02,1642.17,1667.79,1668.03,1639.20,1086479,638465985.00,1.76,1.71,27.97,1.45
2024-04-03,1662.93,1670.63,1675.29,1650.42,1052089,576027477.00,1.49,0.17,2.84,1.40
2024-04-08,1666.13,1629.58,1666.51,1629.58,882164,464748229.00,2.21,-2.46,-41.05,1.18
2024-04-09,1624.79,1678.47,1678.47,1624.79,664190,368759646.00,3.29,3.00,48.89,0.89
2024-04-10,1685.08,1657.07,1698.29,1641.64,1137389,803979318.00,3.38,-1.27,-21.40,1.52
2024-04-11,1632.56,1659.71,1682.56,1632.56,1040059,687188224.00,3.02,0.16,2.64,1.39
2024-04-12,1654.99,1615.98,1657.19,1611.89,925080,576228473.00,2.73,-2.63,-43.73,1.23
2024-04-15,1623.41,1572.94,1627.18,1550.64,1593472,748400039.00,4.74,-2.66,-43.04,2.13
2024-04-16,1550.23,1455.97,1550.23,1455.45,1456985,635648135.00,6.03,-7.44,-116.97,1.94
2024-04-17,1465.04,1535.66,1538.05,1465.04,1181365,515665773.00,5.01,5.47,79.69,1.58
2024-04-18,1540.06,1531.28,1552.04,1513.97,893906,430808636.00,2.48,-0.29,-4.38,1.19
2024-04-19,1529.71,1544.15,1548.41,1517.39,818970,417135053.00,2.03,0.84,12.87,1.09
2024-04-22,1536.98,1541.37,1551.07,1509.58,808366,397927797.00,2.69,-0.18,-2.78,1.08
2024-04-23,1539.51,1533.56,1547.66,1529.79,709855,349429560.00,1.16,-0.51,-7.81,0.95
2024-04-24,1537.06,1543.29,1543.54,1517.53,740552,344174496.00,1.70,0.63,9.73,0.99
2024-04-25,1541.23,1565.13,1575.44,1537.51,789871,403909904.00,2.46,1.42,21.84,1.05
2024-04-26,1557.57,1567.13,1568.83,1546.60,860869,410490711.00,1.42,0.13,2.00,1.15
2024-04-29,1557.56,1612.16,1612.33,1557.56,1053462,512629635.00,3.49,2.87,45.03,1.41
2024-04-30,1628.61,1637.50,1644.22,1626.32,1411042,707115226.00,1.11,1.57,25.34,1.88
2024-05-06,1655.34,1683.86,1685.74,1655.34,1439754,743909797.00,1.86,2.83,46.36,1.92
2024-05-07,1681.70,1686.08,1687.59,1666.01,1098699,589415303.00,1.28,0.13,2.22,1.47
2024-05-08,1686.82,1657.24,1686.82,1656.54,795657,416048019.00,1.80,-1.71,-28.84,1.06
2024-05-09,1666.85,1691.29,1697.46,1664.15,873492,479248025.00,2.01,2.05,34.05,1.17
2024-05-10,1695.40,1674.02,1695.40,1661.95,692469,374876398.00,1.98,-1.02,-17.27,0.92
2024-05-13,1658.60,1644.33,1659.08,1630.91,867044,442534294.00,1.68,-1.77,-29.69,1.16
2024-05-14,1644.51,1668.87,1674.91,1644.51,733750,362733804.00,1.85,1.49,24.54,0.98
2024-05-15,1669.69,1661.69,1682.20,1659.27,619194,318767608.00,1.37,-0.43,-7.18,0.83
2024-05-16,1660.57,1674.11,1686.97,1660.57,680836,337269790.00,1.59,0.75,12.42,0.91
2024-05-17,1678.12,1686.23,1687.90,1662.34,595249,299870632.00,1.53,0.72,12.12,0.79
2024-05-20,1687.33,1681.75,1699.77,1678.99,670172,347613613.00,1.23,-0.27,-4.48,0.89
2024-05-21,1679.20,1698.65,1706.98,1674.99,745559,417891895.00,1.90,1.00,16.90,0.99
2024-05-22,1702.36,1699.50,1719.83,1693.05,962012,659303539.00,1.58,0.05,0.85,1.28
2024-05-23,1691.85,1646.76,1691.85,1644.76,921474,535409060.00,2.77,-3.10,-52.74,1.23
2024-05-24,1648.78,1632.12,1658.56,1632.12,639349,362971205.00,1.61,-0.89,-14.64,0.85
2024-05-27,1638.30,1646.25,1648.21,1620.50,677363,386956532.00,1.70,0.87,14.13,0.90
2024-05-28,1641.66,1613.56,1641.66,1610.29,569651,316260677.00,1.91,-1.99,-32.69,0.76
2024-05-29,1613.61,1611.79,1625.15,1600.22,648420,359721573.00,1.55,-0.11,-1.77,0.87
2024-05-30,1613.14,1587.85,1613.14,1586.52,601750,319002105.00,1.65,-1.49,-23.94,0.80
2024-05-31,1591.77,1588.06,1596.10,1585.02,508506,256917423.00,0.70,0.01,0.21,0.68
2024-06-03,1588.85,1536.03,1588.85,1521.51,913317,423330601.00,4.24,-3.28,-52.03,1.22
2024-06-04,1504.14,1491.44,1504.14,1478.65,807610,364377504.00,1.66,-2.90,-44.59,1.08
2024-06-05,1510.34,1484.80,1510.34,1484.33,671951,311699029.00,1.74,-0.45,-6.64,0.90
2024-06-06,1507.81,1444.94,1509.65,1431.76,1302337,495661716.00,5.25,-2.68,-39.86,1.74
2024-06-07,1446.70,1473.58,1477.32,1446.70,963057,372384136.00,2.12,1.98,28.64,1.29
2024-06-11,1476.37,1479.80,1484.47,1451.33,1174209,496922437.00,2.25,0.42,6.22,1.57
2024-06-12,1475.20,1482.89,1489.95,1474.79,871318,366174704.00,1.02,0.21,3.09,1.16
2024-06-13,1485.69,1460.84,1485.69,1455.93,678925,273028077.00,2.01,-1.49,-22.05,0.91
2024-06-14,1460.55,1467.44,1469.87,1446.29,620237,258085136.00,1.61,0.45,6.60,0.83
2024-06-17,1461.11,1462.88,1473.31,1456.81,648702,285457095.00,1.12,-0.31,-4.56,0.87
2024-06-18,1466.31,1474.27,1474.27,1458.03,613931,249705860.00,1.11,0.78,11.39,0.82
2024-06-19,1479.30,1462.69,1480.31,1459.42,604204,248895926.00,1.42,-0.79,-11.58,0.81
2024-06-20,1460.67,1442.65,1473.54,1441.05,822896,286535757.00,2.22,-1.37,-20.04,1.10
2024-06-21,1419.46,1437.57,1450.39,1417.29,736251,228040605.00,2.29,-0.35,-5.08,0.98
2024-06-24,1424.08,1373.14,1424.08,1368.68,874140,308368182.00,3.85,-4.48,-64.43,1.17
2024-06-25,1371.73,1378.23,1394.93,1371.25,592344,220586974.00,1.72,0.37,5.09,0.79
2024-06-26,1376.89,1414.03,1414.03,1367.20,557020,212143912.00,3.40,2.60,35.80,0.74
2024-06-27,1410.02,1389.92,1421.61,1389.36,511988,205548513.00,2.28,-1.71,-24.11,0.68
2024-06-28,1389.56,1386.10,1408.15,1382.03,547732,220721394.00,1.88,-0.27,-3.82,0.73
2024-07-01,1385.78,1403.08,1407.86,1376.37,563107,232804753.00,2.27,1.23,16.98,0.75
2024-07-02,1403.77,1425.08,1433.73,1400.40,660719,279686130.00,2.38,1.57,22.00,0.88
2024-07-03,1421.72,1423.19,1437.49,1413.89,595609,267923704.00,1.66,-0.13,-1.89,0.79
2024-07-04,1415.58,1377.68,1417.31,1374.85,589812,250472492.00,2.98,-3.20,-45.51,0.79
2024-07-05,1371.60,1392.19,1394.37,1362.16,500366,206868390.00,2.34,1.05,14.51,0.67
2024-07-08,1386.49,1377.38,1403.84,1374.68,687428,332929803.00,2.09,-1.06,-14.81,0.92
2024-07-09,1379.31,1385.93,1394.67,1346.05,978985,496479170.00,3.53,0.62,8.55,1.31
2024-07-10,1381.43,1359.78,1382.62,1358.22,562173,285952837.00,1.76,-1.89,-26.15,0.75
2024-07-11,1387.00,1419.61,1424.37,1387.00,917056,450850986.00,2.75,4.40,59.83,1.22
2024-07-12,1419.43,1411.64,1435.87,1408.98,804886,360341735.00,1.89,-0.56,-7.97,1.07
2024-07-15,1421.64,1383.83,1421.64,1380.98,718349,313479411.00,2.88,-1.97,-27.81,0.96
2024-07-16,1381.24,1372.63,1388.16,1367.16,577492,254410635.00,1.52,-0.81,-11.20,0.77
2024-07-17,1374.69,1360.13,1377.13,1360.13,523144,228003716.00,1.24,-0.91,-12.50,0.70
2024-07-18,1353.43,1350.23,1353.43,1332.76,648769,263848507.00,1.52,-0.73,-9.90,0.87
2024-07-19,1345.63,1352.34,1357.21,1332.35,523495,214030353.00,1.84,0.16,2.11,0.70
2024-07-22,1352.38,1361.43,1365.44,1343.88,470212,187453158.00,1.59,0.67,9.09,0.63
2024-07-23,1365.49,1345.45,1382.90,1344.99,750092,255319444.00,2.78,-1.17,-15.98,1.00
2024-07-24,1335.12,1319.71,1343.46,1318.97,661455,237101413.00,1.82,-1.91,-25.74,0.88
2024-07-25,1319.69,1323.42,1337.37,1305.26,539124,204153970.00,2.43,0.28,3.71,0.72
2024-07-26,1323.73,1345.00,1345.00,1323.73,435011,167829459.00,1.61,1.63,21.58,0.58
2024-07-29,1352.88,1349.79,1353.86,1334.77,430723,166774490.00,1.42,0.36,4.79,0.57
2024-07-30,1351.01,1365.42,1365.42,1342.89,488599,184754010.00,1.67,1.16,15.63,0.65
2024-07-31,1365.30,1419.14,1419.14,1363.88,828495,344989618.00,4.05,3.93,53.72,1.11
2024-08-01,1416.51,1410.72,1423.97,1403.54,724013,312449080.00,1.44,-0.59,-8.42,0.97
2024-08-02,1404.83,1397.11,1413.91,1394.61,506122,210851085.00,1.37,-0.96,-13.61,0.68
2024-08-05,1384.39,1367.59,1413.94,1365.33,777889,284610148.00,3.48,-2.11,-29.52,1.04
2024-08-06,1373.53,1393.94,1395.03,1371.17,585257,221108252.00,1.74,1.93,26.35,0.78
2024-08-07,1393.72,1393.39,1396.94,1383.60,387930,154934879.00,0.96,-0.04,-0.55,0.52
2024-08-08,1388.54,1409.03,1411.42,1376.98,820672,258018168.00,2.47,1.12,15.64,1.10
2024-08-09,1409.02,1395.83,1413.47,1395.23,567249,189499690.00,1.29,-0.94,-13.20,0.76
2024-08-12,1389.67,1377.35,1395.19,1375.14,483226,180058219.00,1.44,-1.32,-18.48,0.64
2024-08-13,1374.54,1393.47,1393.47,1367.27,426057,163521255.00,1.90,1.17,16.12,0.57
2024-08-14,1394.09,1385.81,1394.09,1382.51,343876,142452520.00,0.83,-0.55,-7.66,0.46
2024-08-15,1379.93,1395.77,1400.04,1372.01,591856,228207206.00,2.02,0.72,9.96,0.79
2024-08-16,1400.30,1385.33,1402.30,1381.56,405296,158925089.00,1.49,-0.75,-10.44,0.54
2024-08-19,1378.76,1385.18,1393.23,1375.89,371332,152472876.00,1.25,-0.01,-0.15,0.50
2024-08-20,1385.51,1354.99,1385.51,1353.42,514728,215515343.00,2.32,-2.18,-30.19,0.69
2024-08-21,1353.87,1346.05,1356.76,1341.21,467863,194222317.00,1.15,-0.66,-8.94,0.62
2024-08-22,1346.49,1334.35,1353.21,1333.48,421523,175943863.00,1.47,-0.87,-11.70,0.56
2024-08-23,1332.89,1317.42,1336.41,1307.93,435501,173060220.00,2.13,-1.27,-16.93,0.58
2024-08-26,1319.83,1340.52,1342.61,1317.61,458081,187568990.00,1.90,1.75,23.10,0.61
2024-08-27,1339.84,1328.84,1344.70,1324.71,397470,164621168.00,1.49,-0.87,-11.68,0.53
2024-08-28,1322.35,1332.65,1346.61,1313.46,443682,178090472.00,2.49,0.29,3.81,0.59
2024-08-29,1327.35,1351.77,1352.57,1327.35,470172,185276598.00,1.89,1.43,19.12,0.63
2024-08-30,1348.60,1372.43,1391.69,1344.13,682674,282728171.00,3.52,1.53,20.66,0.91
2024-09-02,1368.25,1363.12,1380.01,1362.92,737874,304734755.00,1.25,-0.68,-9.31,0.98
2024-09-03,1360.26,1381.69,1383.96,1360.26,650067,287659378.00,1.74,1.36,18.57,0.87
2024-09-04,1376.74,1380.87,1391.65,1372.56,727877,329830732.00,1.38,-0.06,-0.82,0.97
2024-09-05,1379.56,1379.49,1386.98,1372.45,419885,183010271.00,1.05,-0.10,-1.38,0.56
2024-09-06,1378.72,1352.56,1379.45,1352.49,426677,183515893.00,1.95,-1.95,-26.93,0.57
2024-09-09,1345.21,1346.76,1357.07,1341.96,367737,149591267.00,1.12,-0.43,-5.80,0.49
2024-09-10,1347.98,1344.03,1351.12,1323.80,411731,165794578.00,2.03,-0.20,-2.73,0.55
2024-09-11,1340.43,1338.10,1349.70,1329.60,404996,158716213.00,1.50,-0.44,-5.93,0.54
2024-09-12,1338.61,1333.27,1348.35,1333.27,353068,144192138.00,1.13,-0.36,-4.83,0.47
2024-09-13,1334.38,1324.26,1346.45,1324.26,428860,160593052.00,1.66,-0.68,-9.01,0.57
2024-09-18,1321.76,1295.54,1321.76,1281.29,481997,165280211.00,3.06,-2.17,-28.72,0.64
2024-09-19,1302.16,1334.23,1338.25,1299.71,510007,191986780.00,2.97,2.99,38.69,0.68
2024-09-20,1336.28,1317.38,1336.28,1310.60,380903,145510245.00,1.92,-1.26,-16.85,0.51
2024-09-23,1316.85,1321.02,1328.12,1310.87,429411,168475783.00,1.31,0.28,3.64,0.57
2024-09-24,1322.33,1385.94,1386.64,1322.33,1035210,359211917.00,4.87,4.91,64.92,1.38
2024-09-25,1400.86,1401.35,1433.92,1400.86,1190455,408146367.00,2.39,1.11,15.41,1.59
2024-09-26,1405.75,1467.86,1467.86,1401.75,1163466,414661963.00,4.72,4.75,66.51,1.55
2024-09-27,1495.81,1509.19,1531.27,1474.66,1800955,644213486.00,3.86,2.82,41.33,2.40
2024-09-30,1550.48,1639.01,1648.53,1521.88,2697124,1138278871.00,8.39,8.60,129.82,3.60
2024-10-08,1797.43,1703.64,1797.43,1627.88,3080660,1446656163.00,10.34,3.94,64.63,4.11
2024-10-09,1672.76,1551.48,1672.76,1550.86,1944136,890345559.00,7.16,-8.93,-152.16,2.59
2024-10-10,1560.41,1564.35,1589.93,1531.67,1344699,596168047.00,3.76,0.83,12.87,1.79
2024-10-11,1572.58,1558.02,1592.77,1545.13,1827925,659632988.00,3.05,-0.40,-6.33,2.44
2024-10-14,1560.93,1574.97,1580.92,1544.02,1594963,577987836.00,2.37,1.09,16.95,2.13
2024-10-15,1570.95,1552.52,1592.92,1551.46,1536963,558445902.00,2.63,-1.43,-22.45,2.05
2024-10-16,1533.41,1556.99,1561.49,1533.41,1215222,435946291.00,1.81,0.29,4.47,1.62
2024-10-17,1560.18,1567.60,1592.12,1557.50,1174427,510645453.00,2.22,0.68,10.61,1.57
2024-10-18,1564.04,1597.19,1611.78,1558.32,1531127,753231773.00,3.41,1.89,29.59,2.04
2024-10-21,1601.67,1603.96,1622.57,1590.69,1361306,684212515.00,2.00,0.42,6.77,1.82
2024-10-22,1596.32,1649.13,1649.19,1596.32,1518583,686424948.00,3.30,2.82,45.17,2.03
2024-10-23,1647.39,1680.73,1697.72,1644.61,1534372,730549313.00,3.22,1.92,31.60,2.05
2024-10-24,1679.57,1684.69,1686.51,1662.47,1299848,757259914.00,1.43,0.24,3.96,1.73
2024-10-25,1685.88,1723.01,1745.62,1685.88,2468725,1217202601.00,3.55,2.27,38.32,3.29
2024-10-28,1722.40,1775.85,1776.31,1722.40,2313357,1115426867.00,3.13,3.07,52.84,3.09
2024-10-29,1779.73,1709.59,1779.73,1709.59,1832909,893752110.00,3.95,-3.73,-66.26,2.45
2024-10-30,1704.25,1726.00,1740.56,1704.25,1275394,695072273.00,2.12,0.96,16.41,1.70
2024-10-31,1727.47,1751.72,1764.27,1727.47,1946325,1007136435.00,2.13,1.49,25.72,2.60
2024-11-01,1757.98,1726.08,1785.70,1723.37,2360356,1226515500.00,3.56,-1.46,-25.64,3.15
2024-11-04,1723.94,1729.35,1737.06,1705.14,1633426,838397102.00,1.85,0.19,3.27,2.18
2024-11-05,1729.15,1756.53,1762.92,1729.15,1871838,900633474.00,1.95,1.57,27.18,2.50
2024-11-06,1754.48,1789.91,1804.77,1750.26,2013446,1064686998.00,3.10,1.90,33.38,2.69
2024-11-07,1785.51,1853.80,1854.77,1782.27,1850901,973372379.00,4.05,3.57,63.89,2.47
2024-11-08,1897.94,1881.03,1901.83,1869.83,3109633,1495087535.00,1.73,1.47,27.23,4.15
2024-11-11,1873.08,1924.41,1924.54,1873.08,1760936,999927868.00,2.74,2.31,43.38,2.35
2024-11-12,1939.68,1950.29,1982.75,1939.68,3484933,1735513838.00,2.24,1.34,25.88,4.65
2024-11-13,1938.79,1971.69,1975.64,1907.99,2883969,1678156521.00,3.47,1.10,21.40,3.85
2024-11-14,1960.70,1917.72,1962.70,1913.60,1930010,1215025635.00,2.49,-2.74,-53.97,2.58
2024-11-15,1909.13,1869.82,1924.05,1869.82,1908362,1095439012.00,2.83,-2.50,-47.90,2.55
2024-11-18,1874.58,1838.25,1887.09,1828.83,1680284,923284086.00,3.12,-1.69,-31.57,2.24
2024-11-19,1849.45,1879.13,1879.34,1827.01,1486854,875025569.00,2.85,2.22,40.88,1.98
2024-11-20,1882.44,1919.35,1934.46,1882.44,1519900,888172372.00,2.77,2.14,40.22,2.03
2024-11-21,1917.30,1924.83,1931.45,1897.09,1160976,716507670.00,1.79,0.29,5.48,1.55
2024-11-22,1928.49,1890.50,1949.38,1886.61,1743467,1099993179.00,3.26,-1.78,-34.33,2.33
2024-11-25,1870.20,1906.75,1908.09,1849.43,1384441,845912364.00,3.10,0.86,16.25,1.85
2024-11-26,1899.28,1872.53,1906.40,1864.10,1044253,590785577.00,2.22,-1.79,-34.22,1.39
2024-11-27,1891.99,1918.93,1918.93,1860.96,1008065,547955256.00,3.10,2.48,46.40,1.35
2024-11-28,1945.58,1956.56,1977.24,1945.58,1305897,863089768.00,1.65,1.96,37.63,1.74
2024-11-29,1961.47,2018.29,2024.35,1954.13,1881016,1345648012.00,3.59,3.16,61.73,2.51
2024-12-02,2001.61,2029.17,2031.44,1990.99,1903990,1358801675.00,2.00,0.54,10.88,2.54
2024-12-03,2019.91,2007.60,2027.66,1996.23,1663687,1105657974.00,1.55,-1.06,-21.57,2.22
2024-12-04,1995.93,1942.99,1995.93,1935.08,1451572,894374956.00,3.03,-3.22,-64.61,1.94
2024-12-05,1938.05,1935.72,1938.05,1909.86,1514277,981764845.00,1.45,-0.37,-7.27,2.02
2024-12-06,1931.53,1958.79,1958.79,1909.85,1632342,977425052.00,2.53,1.19,23.07,2.18
2024-12-09,1959.11,1941.25,1963.47,1919.22,1572177,946406952.00,2.26,-0.90,-17.54,2.10
2024-12-10,1987.80,1939.36,1987.80,1935.76,1961600,1129111524.00,2.68,-0.10,-1.89,2.62
2024-12-11,1931.91,2027.36,2027.86,1931.91,2395508,1305785613.00,4.95,4.54,88.00,3.20
2024-12-12,2052.15,2039.55,2052.15,2022.75,3290622,1760020229.00,1.45,0.60,12.19,4.39
2024-12-13,2045.46,2039.06,2078.50,2037.82,2498317,1431754247.00,1.99,-0.02,-0.49,3.33
2024-12-16,2066.13,2000.00,2072.14,1994.92,2974284,1867592632.00,3.79,-1.92,-39.06,3.97
2024-12-17,2003.24,1952.10,2010.44,1949.64,3011559,1832529931.00,3.04,-2.40,-47.90,4.02
2024-12-18,1931.59,1929.51,1957.40,1905.69,2174921,1295103902.00,2.65,-1.16,-22.59,2.90
2024-12-19,1907.58,1907.16,1920.80,1876.16,1716502,973511214.00,2.31,-1.16,-22.35,2.29
2024-12-20,1905.49,1903.61,1923.15,1897.05,1290897,748808366.00,1.37,-0.19,-3.55,1.72
2024-12-23,1902.00,1801.27,1902.00,1798.13,1749866,877749699.00,5.46,-5.38,-102.34,2.34
2024-12-24,1806.09,1810.32,1817.49,1778.32,1200256,605991838.00,2.17,0.50,9.05,1.60
2024-12-25,1806.90,1767.75,1806.90,1745.14,1171031,592085646.00,3.41,-2.35,-42.57,1.56
2024-12-26,1766.93,1806.98,1808.86,1766.93,985749,521879278.00,2.37,2.22,39.23,1.32
2024-12-27,1800.73,1829.90,1841.52,1798.27,1391080,797332002.00,2.39,1.27,22.92,1.86
2024-12-30,1822.87,1801.12,1822.87,1788.94,1084277,584414160.00,1.85,-1.57,-28.78,1.45
2024-12-31,1801.33,1771.13,1813.87,1767.14,1002482,514238953.00,2.59,-1.67,-29.99,1.34