2013-01-04,10.07,9.92,10.24,9.62,52193,60303441.00,6.16,-1.49,-0.15,1.89
2013-01-07,9.92,9.71,9.92,9.54,68078,77328292.00,3.83,-2.12,-0.21,2.46
2013-01-08,9.91,10.27,10.27,9.70,94550,109548751.00,5.87,5.77,0.56,3.42
2013-01-09,10.42,10.52,11.21,10.41,116255,144109117.00,7.79,2.43,0.25,4.21
2013-01-10,10.78,10.70,11.02,10.54,114140,142731299.00,4.56,1.71,0.18,4.13
2013-01-11,10.80,10.44,10.81,10.34,76983,94650564.00,4.39,-2.43,-0.26,2.79
2013-01-14,10.42,11.14,11.40,10.41,89223,113508996.00,9.48,6.70,0.70,3.23
2013-01-15,11.12,11.57,11.77,11.08,111168,146067375.00,6.19,3.86,0.43,4.02
2013-01-16,11.52,11.64,11.68,11.38,77967,103192354.00,2.59,0.61,0.07,2.82
2013-01-17,11.61,11.39,11.63,11.20,57892,75458923.00,3.69,-2.15,-0.25,2.09
2013-01-18,11.40,11.86,12.01,11.23,70738,94268878.00,6.85,4.13,0.47,2.56
2013-01-21,11.87,11.94,12.16,11.73,60870,83337790.00,3.63,0.67,0.08,2.20
2013-01-22,11.92,11.58,11.92,11.29,54100,71998506.00,5.28,-3.02,-0.36,1.96
2013-01-23,11.42,11.74,11.82,11.37,37056,49394395.00,3.89,1.38,0.16,1.34
2013-01-24,11.81,11.06,11.90,10.90,79661,104853346.00,8.52,-5.79,-0.68,2.88
2013-01-25,11.08,11.19,11.25,10.73,48186,60901083.00,4.70,1.18,0.13,1.74
2013-01-28,11.10,11.54,11.68,11.10,63360,83580878.00,5.18,3.13,0.35,2.29
2013-01-29,11.64,12.30,12.52,11.64,121129,166970550.00,7.63,6.59,0.76,4.38
2013-01-30,12.27,12.23,12.47,12.07,56301,78373721.00,3.25,-0.57,-0.07,2.04
2013-01-31,12.08,12.24,12.37,11.95,35578,49128073.00,3.43,0.08,0.01,1.29
2013-02-01,12.22,12.22,12.47,12.03,45259,63096441.00,3.59,-0.16,-0.02,1.64
2013-02-04,12.24,11.70,12.38,11.57,57157,77255172.00,6.63,-4.26,-0.52,2.07
2013-02-05,11.70,11.77,11.90,11.65,26606,35718536.00,2.14,0.60,0.07,0.96
2013-02-06,11.85,11.87,11.94,11.62,36855,49816647.00,2.72,0.85,0.10,1.33
2013-02-07,11.85,12.00,12.12,11.50,41098,55612997.00,5.22,1.10,0.13,1.49
2013-02-08,12.00,12.15,12.28,11.89,26910,37256329.00,3.25,1.25,0.15,0.97
2013-02-18,12.21,11.99,12.29,11.98,29487,40580600.00,2.55,-1.32,-0.16,1.07
2013-02-19,12.00,11.44,12.08,11.20,75030,98936473.00,7.34,-4.59,-0.55,2.71
2013-02-20,11.52,11.75,11.90,11.31,47102,62440872.00,5.16,2.71,0.31,1.70
2013-02-21,11.67,11.57,11.67,11.19,47936,62875451.00,4.09,-1.53,-0.18,1.73
2013-02-22,11.57,11.85,12.11,11.48,71042,96018131.00,5.45,2.42,0.28,2.57
2013-02-25,11.80,12.42,12.55,11.78,97575,135745296.00,6.50,4.81,0.57,3.53
2013-02-26,12.42,12.14,12.68,11.99,68265,96311772.00,5.56,-2.25,-0.28,2.47
2013-02-27,12.14,12.64,12.73,12.14,85127,121028877.00,4.86,4.12,0.50,3.08
2013-02-28,12.64,12.82,12.86,12.53,67737,97431208.00,2.61,1.42,0.18,2.45
2013-03-01,12.77,12.80,12.82,12.58,40067,57504407.00,1.87,-0.16,-0.02,1.45
2013-03-04,12.78,12.12,12.78,11.98,55648,77647088.00,6.25,-5.31,-0.68,2.01
2013-03-05,12.12,12.34,12.52,11.98,52091,72699501.00,4.46,1.82,0.22,1.88
2013-03-06,12.92,13.00,13.18,12.76,78080,114061782.00,3.40,5.35,0.66,2.82
2013-03-07,12.93,13.21,13.62,12.86,83903,125414713.00,5.85,1.62,0.21,3.04
2013-03-08,13.12,12.72,13.52,12.70,48019,71274153.00,6.21,-3.71,-0.49,1.74
2013-03-11,12.67,12.62,12.72,12.25,32009,45289581.00,3.69,-0.79,-0.10,1.16
2013-03-12,12.57,12.02,12.91,11.74,61542,84802894.00,9.27,-4.75,-0.60,2.23
2013-03-13,12.02,11.92,12.02,11.32,45912,61311383.00,5.82,-0.83,-0.10,1.66
2013-03-14,11.88,12.32,12.37,11.67,46090,63761645.00,5.87,3.36,0.40,1.67
2013-03-15,12.17,12.33,12.60,12.00,45937,64425095.00,4.87,0.08,0.01,1.66
2013-03-18,12.37,12.45,12.72,12.24,35633,50602366.00,3.89,0.97,0.12,1.29
2013-03-19,12.12,11.42,12.30,11.37,79818,106245947.00,7.47,-8.27,-1.03,2.89
2013-03-20,11.39,12.15,12.20,11.32,81375,108840686.00,7.71,6.39,0.73,2.94
2013-03-21,12.19,12.39,12.64,12.03,63116,88872412.00,5.02,1.98,0.24,2.28
2013-03-22,12.28,12.99,13.17,12.01,83365,119154165.00,9.36,4.84,0.60,3.02
2013-03-25,13.24,13.30,13.59,13.02,95678,144190070.00,4.39,2.39,0.31,3.46
2013-03-26,13.15,13.70,13.75,13.15,99946,151872299.00,4.51,3.01,0.40,3.62
2013-03-27,13.70,13.81,14.25,13.55,115332,179648804.00,5.11,0.80,0.11,4.17
2013-03-28,13.62,13.75,13.97,12.92,80390,123104714.00,7.60,-0.43,-0.06,2.91
2013-03-29,13.63,13.42,13.72,13.14,59291,89857120.00,4.22,-2.40,-0.33,2.14
2013-04-01,13.33,13.63,13.81,13.32,52334,80037137.00,3.65,1.56,0.21,1.89
2013-04-02,13.66,12.72,13.69,12.62,58661,87112613.00,7.85,-6.68,-0.91,2.12
2013-04-03,12.72,12.52,12.97,12.13,54259,76377171.00,6.60,-1.57,-0.20,1.96
2013-04-08,12.42,13.07,13.20,12.28,54808,79192085.00,7.35,4.39,0.55,1.98
2013-04-09,13.06,13.48,13.63,12.99,59269,89241007.00,4.90,3.14,0.41,2.14
2013-04-10,13.41,13.31,13.67,13.12,34327,51725567.00,4.08,-1.26,-0.17,1.24
2013-04-11,13.33,13.34,13.51,13.22,24076,36197183.00,2.18,0.23,0.03,0.87
2013-04-12,13.52,13.70,14.02,13.52,76602,118625298.00,3.75,2.70,0.36,2.77
2013-04-15,13.72,12.77,13.78,12.72,51371,76062744.00,7.74,-6.79,-0.93,1.86
2013-04-16,12.37,13.08,13.11,12.14,105749,148981824.00,7.60,2.43,0.31,3.83
2013-04-17,12.97,13.16,13.33,12.78,52328,77171116.00,4.20,0.61,0.08,1.89
2013-04-18,13.06,13.14,13.42,12.98,62140,92385375.00,3.34,-0.15,-0.02,2.25
2013-04-19,13.30,14.62,14.62,13.15,187467,294291520.00,11.19,11.26,1.48,6.78
2013-04-22,14.55,14.67,14.74,14.26,140469,227375704.00,3.28,0.34,0.05,5.08
2013-04-23,14.67,14.25,15.07,14.08,114952,186447123.00,6.75,-2.86,-0.42,4.16
2013-04-24,14.37,14.87,15.07,13.87,140756,228888611.00,8.42,4.35,0.62,5.09
2013-04-25,14.81,14.87,15.53,14.70,161434,270823216.00,5.58,0.00,0.00,5.84
2013-04-26,14.17,13.67,14.37,13.22,194717,298041712.00,7.73,-8.07,-1.20,7.04
2013-05-02,13.44,14.24,14.28,13.33,65406,102928716.00,6.95,4.17,0.57,2.37
2013-05-03,14.26,14.17,14.85,14.17,85799,138563984.00,4.78,-0.49,-0.07,3.10
2013-05-06,14.17,14.64,14.64,13.74,134862,212855747.00,6.35,3.32,0.47,4.88
2013-05-07,14.56,14.12,14.63,14.03,87806,140441720.00,4.10,-3.55,-0.52,3.18
2013-05-08,14.14,14.71,14.72,13.95,99350,159715232.00,5.45,4.18,0.59,3.59
2013-05-09,14.81,15.07,15.27,14.52,123662,205306291.00,5.10,2.45,0.36,4.47
2013-05-10,15.00,15.00,15.11,14.75,68050,113083009.00,2.39,-0.46,-0.07,2.46
2013-05-13,15.07,14.87,15.12,14.72,55581,91991484.00,2.67,-0.87,-0.13,2.01
2013-05-14,14.77,14.47,14.82,14.20,72907,117207686.00,4.17,-2.69,-0.40,2.64
2013-05-15,14.37,15.04,15.17,14.37,72190,119675483.00,5.53,3.94,0.57,2.61
2013-05-16,15.02,15.07,15.27,14.73,76375,127342243.00,3.59,0.20,0.03,2.76
2013-05-17,15.04,15.19,15.27,14.70,81919,136692730.00,3.78,0.80,0.12,2.96
2013-05-20,15.23,15.82,15.98,15.03,121766,211089133.00,6.25,4.15,0.63,4.41
2013-05-21,15.67,15.81,16.10,15.63,70024,122490897.00,2.97,-0.06,-0.01,2.53
2013-05-22,15.81,15.31,15.85,15.02,90142,153743357.00,5.25,-3.16,-0.50,3.26
2013-05-23,15.12,15.12,15.63,15.03,58258,98765120.00,3.92,-1.24,-0.19,2.11
2013-05-24,15.05,15.14,15.37,14.99,39490,66405659.00,2.51,0.13,0.02,1.43
2013-05-27,15.32,15.94,16.20,15.31,112789,197633235.00,5.88,5.28,0.80,4.08
2013-05-28,16.00,16.07,16.34,15.72,116882,207839272.00,3.89,0.82,0.13,4.23
2013-05-29,16.24,16.19,16.47,15.73,111184,197363166.00,4.60,0.75,0.12,4.02
2013-05-30,16.02,16.19,16.50,15.90,85407,152986054.00,3.71,0.00,0.00,3.09
2013-05-31,16.19,15.72,16.32,15.64,71427,126085928.00,4.20,-2.90,-0.47,2.58
2013-06-03,15.72,15.92,16.12,15.64,52070,91577519.00,3.05,1.27,0.20,1.88
2013-06-04,15.89,14.90,15.89,14.77,85944,145188691.00,7.04,-6.41,-1.02,3.11
2013-06-05,14.97,15.09,15.29,14.88,44987,75555496.00,2.75,1.28,0.19,1.63
2013-06-06,15.02,14.58,15.02,14.48,55646,91078595.00,3.58,-3.38,-0.51,2.01
2013-06-07,14.58,14.07,14.72,14.06,66528,105834090.00,4.53,-3.50,-0.51,2.41
2013-06-13,13.88,13.68,13.98,12.50,59477,89746111.00,10.52,-2.77,-0.39,2.15
2013-06-14,13.63,14.04,14.30,13.63,41496,64987016.00,4.90,2.63,0.36,1.50
2013-06-17,14.03,14.05,14.49,13.93,37923,60440603.00,3.99,0.07,0.01,1.37
2013-06-18,14.05,14.14,14.27,13.62,35621,55880284.00,4.63,0.64,0.09,1.29
2013-06-19,14.32,14.81,14.82,14.14,67059,108125802.00,4.81,4.74,0.67,2.43
2013-06-20,14.63,14.11,14.67,14.08,42292,67896329.00,3.98,-4.73,-0.70,1.53
2013-06-21,13.62,13.85,14.22,13.32,32607,50077977.00,6.38,-1.84,-0.26,1.18
2013-06-24,13.73,12.77,13.84,12.47,49913,73736532.00,9.89,-7.80,-1.08,1.81
2013-06-25,12.51,13.12,13.46,11.43,72154,101888397.00,15.90,2.74,0.35,2.61
2013-06-26,13.12,13.48,13.61,12.93,51958,78018992.00,5.18,2.74,0.36,1.88
2013-06-27,13.61,13.14,14.35,13.12,67262,103938439.00,9.12,-2.52,-0.34,2.43
2013-06-28,13.11,13.31,13.55,12.67,31298,46793066.00,6.70,1.29,0.17,1.13
2013-07-01,13.14,13.38,13.49,13.08,33120,49470098.00,3.08,0.53,0.07,1.20
2013-07-02,13.37,13.64,13.65,13.13,70618,106296542.00,3.89,1.94,0.26,2.55
2013-07-03,13.52,13.22,13.56,12.80,55505,82433912.00,5.57,-3.08,-0.42,2.01
2013-07-04,13.60,13.75,14.07,13.34,103023,158652203.00,5.52,4.01,0.53,3.73
2013-07-05,13.58,13.37,13.71,13.35,67862,102922845.00,2.62,-2.76,-0.38,2.46
2013-07-08,13.21,11.89,13.21,11.87,71070,99704717.00,10.02,-11.07,-1.48,2.57
2013-07-09,11.80,12.24,12.43,11.75,60313,83792905.00,5.72,2.94,0.35,2.18
2013-07-10,12.17,12.58,12.60,12.07,33746,47471891.00,4.33,2.78,0.34,1.22
2013-07-11,12.65,12.83,13.20,12.58,44308,64398561.00,4.93,1.99,0.25,1.60
2013-07-12,12.87,12.53,13.04,12.48,39039,56334584.00,4.36,-2.34,-0.30,1.41
2013-07-15,12.56,12.91,13.00,12.56,34121,49471194.00,3.51,3.03,0.38,1.23
2013-07-16,12.95,13.21,13.28,12.71,48770,71807789.00,4.42,2.32,0.30,1.76
2013-07-17,13.10,13.20,13.46,12.97,46461,69268447.00,3.71,-0.08,-0.01,1.68
2013-07-18,13.10,12.98,13.45,12.86,38484,56929792.00,4.47,-1.67,-0.22,1.39
2013-07-19,12.97,12.32,13.24,12.32,50139,72111670.00,7.09,-5.08,-0.66,1.81
2013-07-22,12.03,12.50,12.67,11.88,39493,55504636.00,6.41,1.46,0.18,1.43
2013-07-23,12.66,12.90,13.06,12.60,50099,72892401.00,3.68,3.20,0.40,1.81
2013-07-24,12.79,12.68,13.00,12.42,43666,62524725.00,4.50,-1.71,-0.22,1.58
2013-07-25,12.75,13.11,13.26,12.68,69762,102705827.00,4.57,3.39,0.43,2.52
2013-07-26,13.08,13.31,13.62,12.96,61382,92356588.00,5.03,1.53,0.20,2.22
2013-07-29,13.21,13.02,13.53,12.91,40379,60245191.00,4.66,-2.18,-0.29,1.46
2013-07-30,13.01,12.60,13.19,12.28,40079,57293475.00,6.99,-3.23,-0.42,1.45
2013-07-31,12.60,12.50,12.73,12.36,23453,33370563.00,2.94,-0.79,-0.10,0.85
2013-08-01,12.60,13.08,13.13,12.48,43938,63753042.00,5.20,4.64,0.58,1.59
2013-08-02,13.07,13.23,13.45,13.06,70267,105181328.00,2.98,1.15,0.15,2.54
2013-08-05,13.23,14.33,14.72,13.11,105556,164553047.00,12.17,8.31,1.10,3.82
2013-08-06,14.41,14.95,15.23,14.41,129158,214188478.00,5.72,4.33,0.62,4.67
2013-08-07,14.76,15.25,15.63,14.66,112494,190865756.00,6.49,2.01,0.30,4.07
2013-08-08,15.13,15.16,15.53,15.05,50262,85096598.00,3.15,-0.59,-0.09,1.82
2013-08-09,15.20,16.07,16.84,15.19,131345,234203170.00,10.88,6.00,0.91,4.75
2013-08-12,16.05,16.55,17.45,16.00,117903,218300025.00,9.02,2.99,0.48,4.27
2013-08-13,16.64,16.86,17.14,16.13,76872,141227477.00,6.10,1.87,0.31,2.78
2013-08-14,16.70,16.60,16.94,16.45,45304,82844453.00,2.91,-1.54,-0.26,1.64
2013-08-15,16.36,15.92,16.65,15.75,71348,125872617.00,5.42,-4.10,-0.68,2.58
2013-08-16,15.93,15.60,16.37,15.60,64429,114048144.00,4.84,-2.01,-0.32,2.33
2013-08-19,15.49,16.08,16.15,15.42,67115,116843680.00,4.68,3.08,0.48,2.43
2013-08-20,16.09,16.95,16.99,15.96,106604,194280041.00,6.41,5.41,0.87,3.86
2013-08-21,16.93,16.65,17.32,16.53,84503,156777728.00,4.66,-1.77,-0.30,3.06
2013-08-22,16.86,17.42,17.95,16.86,108334,206488114.00,6.55,4.62,0.77,3.92
2013-08-23,17.25,16.65,17.54,16.48,74226,137170148.00,6.08,-4.42,-0.77,2.69
2013-08-26,16.71,16.75,17.01,16.38,45881,84325307.00,3.78,0.60,0.10,1.66
2013-08-27,16.74,16.51,16.75,15.83,100706,179717489.00,5.49,-1.43,-0.24,3.64
2013-08-28,16.30,16.75,16.96,16.03,74324,136408187.00,5.63,1.45,0.24,2.69
2013-08-29,16.60,16.47,17.10,16.36,47536,86732773.00,4.42,-1.67,-0.28,1.72
2013-08-30,16.53,15.35,16.64,15.05,86018,148844688.00,9.65,-6.80,-1.12,3.11
2013-09-02,15.30,16.15,16.21,15.25,62126,108872002.00,6.25,5.21,0.80,2.25
2013-09-03,16.19,16.51,16.70,15.96,41445,75184412.00,4.58,2.23,0.36,1.50
2013-09-04,16.41,16.25,17.15,16.18,39867,72792228.00,5.88,-1.57,-0.26,1.44
2013-09-05,16.45,16.65,17.15,16.35,58718,108367371.00,4.92,2.46,0.40,2.12
2013-09-06,16.65,16.52,16.90,16.10,42566,76725059.00,4.80,-0.78,-0.13,1.54
2013-09-09,16.46,16.32,16.73,16.15,43163,77993510.00,3.51,-1.21,-0.20,1.56
2013-09-10,16.46,16.20,16.66,15.77,45700,81006817.00,5.45,-0.74,-0.12,1.65
2013-09-11,16.20,15.78,16.20,15.45,45040,77969137.00,4.63,-2.59,-0.42,1.63
2013-09-12,16.16,16.35,16.53,15.76,55207,98761645.00,4.88,3.61,0.57,2.00
2013-09-13,16.38,16.53,16.77,16.18,56445,103001231.00,3.61,1.10,0.18,2.04
2013-09-16,16.43,16.25,16.45,15.85,49624,88347456.00,3.63,-1.69,-0.28,1.80
2013-09-17,16.10,15.63,16.25,15.56,41692,72756824.00,4.25,-3.82,-0.62,1.51
2013-09-18,15.45,15.66,15.95,15.45,24327,42167758.00,3.20,0.19,0.03,0.88
2013-09-23,15.70,15.35,15.70,15.08,82354,139371350.00,3.96,-1.98,-0.31,2.98
2013-09-24,15.32,14.94,15.32,14.63,78534,129954370.00,4.50,-2.67,-0.41,2.84
2013-09-25,14.83,15.05,15.45,14.78,59413,99918601.00,4.48,0.74,0.11,2.15
2013-09-26,14.92,14.65,15.33,14.45,39142,65374810.00,5.85,-2.66,-0.40,1.42
2013-09-27,14.65,15.07,15.10,14.61,27151,45294867.00,3.34,2.87,0.42,0.98
2013-09-30,15.10,15.20,15.43,15.06,21632,36455169.00,2.46,0.86,0.13,0.78
2013-10-08,15.20,15.34,15.41,15.00,34072,57433129.00,2.70,0.92,0.14,1.23
2013-10-09,15.33,15.54,15.75,15.22,45018,77549193.00,3.46,1.30,0.20,1.63
2013-10-10,15.46,15.52,15.90,15.35,57151,98866784.00,3.54,-0.13,-0.02,2.07
2013-10-11,15.69,15.66,15.85,15.52,27788,48175860.00,2.13,0.90,0.14,1.01
2013-10-14,15.55,15.64,15.85,15.23,52352,89397339.00,3.96,-0.13,-0.02,1.89
2013-10-15,15.79,15.36,15.82,15.23,47189,80789094.00,3.77,-1.79,-0.28,1.71
2013-10-16,15.35,15.05,15.42,14.81,35839,59950901.00,3.97,-2.02,-0.31,1.30
2013-10-17,15.22,15.17,15.60,15.07,31411,53480433.00,3.52,0.80,0.12,1.14
2013-10-18,15.13,14.65,15.13,14.61,45926,75362246.00,3.43,-3.43,-0.52,1.66
2013-10-21,14.68,14.83,14.95,14.58,40309,65963774.00,2.53,1.23,0.18,1.46
2013-10-22,14.85,15.28,15.60,14.77,82508,139554001.00,5.60,3.03,0.45,2.95
2013-10-23,15.20,14.52,15.34,14.30,48914,79836467.00,6.81,-4.97,-0.76,1.75
2013-10-24,14.54,14.03,14.65,13.85,64720,102777353.00,5.51,-3.37,-0.49,2.31
2013-10-25,14.11,13.83,14.20,13.64,32215,50127221.00,3.99,-1.43,-0.20,1.15
2013-10-28,13.83,13.86,14.05,13.67,20876,32437510.00,2.75,0.22,0.03,0.75
2013-10-29,13.87,13.24,13.92,12.84,48167,71958547.00,7.79,-4.47,-0.62,1.72
2013-10-30,13.24,13.58,13.58,13.02,48977,73156104.00,4.23,2.57,0.34,1.75
2013-10-31,13.45,13.37,13.60,13.21,34984,52698224.00,2.87,-1.55,-0.21,1.25
2013-11-01,13.30,13.22,13.35,13.09,26530,39432795.00,1.94,-1.12,-0.15,0.95
2013-11-04,13.16,13.30,13.32,13.10,27852,41314817.00,1.66,0.61,0.08,0.99
2013-11-05,13.24,13.59,13.63,13.16,35731,54138220.00,3.53,2.18,0.29,1.28
2013-11-06,13.65,13.80,13.93,13.57,67340,103477549.00,2.65,1.55,0.21,2.41
2013-11-07,13.74,13.22,13.74,13.13,41774,62663477.00,4.42,-4.20,-0.58,1.49
2013-11-08,13.25,12.63,13.25,12.51,51660,74176186.00,5.60,-4.46,-0.59,1.85
2013-11-11,12.66,12.67,12.76,12.30,27568,39099032.00,3.64,0.32,0.04,0.98
2013-11-12,12.62,12.81,12.88,12.40,44244,63029644.00,3.79,1.10,0.14,1.58
2013-11-13,12.67,12.58,12.75,12.45,24297,34587868.00,2.34,-1.80,-0.23,0.87
2013-11-14,12.58,12.83,12.84,12.57,37348,53762448.00,2.15,1.99,0.25,1.33
2013-11-15,12.90,13.17,13.30,12.90,59480,88116991.00,3.12,2.65,0.34,2.12
2013-11-18,13.36,13.38,13.53,13.17,63043,94157573.00,2.73,1.59,0.21,2.25
2013-11-19,13.35,13.55,13.63,13.26,52701,79766373.00,2.77,1.27,0.17,1.88
2013-11-20,13.50,14.45,14.60,13.35,145623,229090150.00,9.23,6.64,0.90,5.20
2013-11-21,14.44,14.14,14.44,14.00,91781,145407873.00,3.04,-2.15,-0.31,3.28
2013-11-22,14.13,14.43,14.73,14.13,123978,200578377.00,4.24,2.05,0.29,4.43
2013-11-25,14.36,14.17,14.60,14.06,60038,96276556.00,3.74,-1.80,-0.26,2.14
2013-11-26,14.15,14.12,14.34,13.93,29198,46035009.00,2.89,-0.35,-0.05,1.04
2013-11-27,14.06,14.24,14.35,13.95,53418,84415052.00,2.83,0.85,0.12,1.91
2013-11-28,14.26,14.56,14.68,14.11,94786,152417476.00,4.00,2.25,0.32,3.39
2013-11-29,14.63,14.56,14.80,14.37,54361,88067344.00,2.95,0.00,0.00,1.94
2013-12-02,14.15,13.61,14.23,13.51,77795,120264472.00,4.95,-6.52,-0.95,2.78
2013-12-03,13.48,14.08,14.17,13.33,49545,76087197.00,6.17,3.45,0.47,1.77
2013-12-04,14.03,14.66,14.90,14.00,111332,181083614.00,6.39,4.12,0.58,3.98
2013-12-05,14.61,14.78,15.06,14.57,64587,106735882.00,3.34,0.82,0.12,2.31
2013-12-06,14.78,14.53,14.97,14.35,40856,66308499.00,4.19,-1.69,-0.25,1.46
2013-12-09,14.67,14.80,14.83,14.50,36959,60415712.00,2.27,1.86,0.27,1.32
2013-12-10,14.85,14.84,15.05,14.70,32547,53750253.00,2.36,0.27,0.04,1.16
2013-12-11,14.81,14.81,15.03,14.57,37163,61103066.00,3.10,-0.20,-0.03,1.33
2013-12-12,14.76,14.67,14.96,14.61,28637,47000865.00,2.36,-0.95,-0.14,1.02
2013-12-13,14.61,14.86,15.00,14.45,43269,71150665.00,3.75,1.30,0.19,1.55
2013-12-16,15.00,14.20,15.00,14.20,37525,60647516.00,5.38,-4.44,-0.66,1.34
2013-12-17,14.32,13.93,14.45,13.71,36515,57199392.00,5.21,-1.90,-0.27,1.30
2013-12-18,13.98,14.01,14.14,13.75,17049,26638484.00,2.80,0.57,0.08,0.61
2013-12-19,14.12,14.00,14.19,13.87,16514,25893629.00,2.28,-0.07,-0.01,0.59
2013-12-20,14.00,13.68,14.01,13.40,38547,58743308.00,4.36,-2.29,-0.32,1.38
2013-12-23,13.65,13.06,13.65,13.04,37243,55444759.00,4.46,-4.53,-0.62,1.33
2013-12-24,12.96,13.02,13.23,12.85,46811,68819113.00,2.91,-0.31,-0.04,1.67
2013-12-25,13.09,13.55,13.57,13.00,44557,66906160.00,4.38,4.07,0.53,1.59
2013-12-26,13.68,13.35,13.83,13.25,30424,46095657.00,4.28,-1.48,-0.20,1.09
2013-12-27,13.35,13.45,13.62,13.26,38437,58181828.00,2.70,0.75,0.10,1.37
2013-12-30,13.55,13.41,13.65,13.39,23070,34930307.00,1.93,-0.30,-0.04,0.82
2013-12-31,13.42,13.35,13.54,13.12,34283,51397243.00,3.13,-0.45,-0.06,1.22