2024-01-02,4.75,4.84,4.87,4.73,137549,66411813.00,2.95,2.11,0.10,0.54
2024-01-03,4.82,4.89,4.91,4.81,107666,52628537.00,2.07,1.03,0.05,0.42
2024-01-04,4.90,4.89,4.92,4.87,101433,49635830.00,1.02,0.00,0.00,0.39
2024-01-05,4.85,4.86,4.93,4.85,103664,50717911.00,1.64,-0.61,-0.03,0.40
2024-01-08,4.85,4.78,4.87,4.78,81315,39224881.00,1.85,-1.65,-0.08,0.32
2024-01-09,4.77,4.80,4.83,4.75,63489,30470679.00,1.67,0.42,0.02,0.25
2024-01-10,4.79,4.77,4.82,4.75,56072,26807823.00,1.46,-0.63,-0.03,0.22
2024-01-11,4.78,4.81,4.84,4.76,67065,32213093.00,1.68,0.84,0.04,0.26
2024-01-12,4.80,4.83,4.87,4.80,52210,25301601.00,1.46,0.42,0.02,0.20
2024-01-15,4.81,4.84,4.89,4.80,58489,28405679.00,1.86,0.21,0.01,0.23
2024-01-16,4.85,4.85,4.87,4.79,50284,24288877.00,1.65,0.21,0.01,0.20
2024-01-17,4.84,4.76,4.87,4.76,57434,27698995.00,2.27,-1.86,-0.09,0.22
2024-01-18,4.76,4.68,4.77,4.56,127395,59091763.00,4.41,-1.68,-0.08,0.50
2024-01-19,4.67,4.66,4.69,4.62,60666,28299107.00,1.50,-0.43,-0.02,0.24
2024-01-22,4.66,4.38,4.66,4.34,141805,63749919.00,6.87,-6.01,-0.28,0.55
2024-01-23,4.36,4.39,4.42,4.28,107317,46756873.00,3.20,0.23,0.01,0.42
2024-01-24,4.39,4.35,4.44,4.34,47168,20756619.00,2.28,-0.91,-0.04,0.18