2023-01-03,17.94,18.22,18.27,16.80,138613,245678751.00,8.18,1.33,0.24,1.57
2023-01-04,17.77,17.82,18.32,17.52,126176,229239837.00,4.39,-2.20,-0.40,1.43
2023-01-05,17.95,18.32,18.55,17.78,120200,221795126.00,4.32,2.81,0.50,1.36
2023-01-06,17.97,19.54,19.65,17.97,209227,405219763.00,9.17,6.66,1.22,2.37
2023-01-09,19.58,20.03,20.17,19.57,145161,293103214.00,3.07,2.51,0.49,1.64
2023-01-10,20.10,20.52,20.62,19.81,141033,289368567.00,4.04,2.45,0.49,1.60
2023-01-11,20.32,20.52,21.07,20.27,136538,286461381.00,3.90,0.00,0.00,1.55
2023-01-12,20.57,20.36,21.02,20.29,66774,139235387.00,3.56,-0.78,-0.16,0.76
2023-01-13,20.37,20.42,20.62,20.17,62776,129704179.00,2.21,0.29,0.06,0.71
2023-01-16,20.42,21.14,21.55,20.13,127325,270082779.00,6.95,3.53,0.72,1.44
2023-01-17,21.26,21.44,21.54,20.79,76506,164737791.00,3.55,1.42,0.30,0.87
2023-01-18,21.64,21.89,22.12,21.27,69861,153841972.00,3.96,2.10,0.45,0.79
2023-01-19,21.92,21.06,21.92,21.04,68142,146688722.00,4.02,-3.79,-0.83,0.77
2023-01-20,21.08,21.29,21.64,20.92,57555,123800294.00,3.42,1.09,0.23,0.65
2023-01-30,23.34,23.44,23.44,22.77,119619,282722728.00,3.15,10.10,2.15,1.35
2023-01-31,23.37,23.53,24.10,22.88,170071,405152231.00,5.20,0.38,0.09,1.93
2023-02-01,23.56,24.71,25.16,23.37,175585,433829393.00,7.61,5.01,1.18,1.99
2023-02-02,24.84,25.07,25.35,24.28,94151,236977424.00,4.33,1.46,0.36,1.07
2023-02-03,24.78,24.89,25.13,24.47,89512,223775940.00,2.63,-0.72,-0.18,1.01
2023-02-06,24.89,24.71,25.25,24.50,72987,182546202.00,3.01,-0.72,-0.18,0.83
2023-02-07,24.71,25.49,25.52,24.57,69927,177650469.00,3.84,3.16,0.78,0.79
2023-02-08,25.50,24.73,25.50,24.30,119102,296214548.00,4.71,-2.98,-0.76,1.35
2023-02-09,24.97,25.39,26.19,24.74,107636,277187071.00,5.86,2.67,0.66,1.22
2023-02-10,25.34,24.79,25.50,24.52,100125,250754859.00,3.86,-2.36,-0.60,1.13
2023-02-13,24.79,24.80,25.22,24.57,74670,187246535.00,2.62,0.04,0.01,0.85
2023-02-14,24.80,24.77,24.93,24.54,70612,176365143.00,1.57,-0.12,-0.03,0.80
2023-02-15,24.85,25.01,25.53,24.70,67309,170861674.00,3.35,0.97,0.24,0.76
2023-02-16,25.01,24.17,25.14,24.07,63226,156774795.00,4.28,-3.36,-0.84,0.72
2023-02-17,24.17,24.02,24.52,23.83,58527,142367724.00,2.85,-0.62,-0.15,0.66
2023-02-20,24.01,23.85,24.12,23.43,80243,192204587.00,2.87,-0.71,-0.17,0.91
2023-02-21,23.77,24.39,25.34,23.61,94236,232622200.00,7.25,2.26,0.54,1.07
2023-02-22,24.44,24.51,24.86,24.20,40843,101158643.00,2.71,0.49,0.12,0.46
2023-02-23,24.39,24.63,25.01,24.38,53134,132511584.00,2.57,0.49,0.12,0.60
2023-02-24,24.87,24.60,25.07,24.27,45689,113842607.00,3.25,-0.12,-0.03,0.52
2023-02-27,24.46,24.72,25.41,24.29,60082,150520902.00,4.55,0.49,0.12,0.68
2023-02-28,24.75,25.15,25.29,24.60,43871,110931961.00,2.79,1.74,0.43,0.50
2023-03-01,25.68,24.71,25.76,24.27,63473,157952925.00,5.92,-1.75,-0.44,0.72
2023-03-02,24.65,24.00,24.90,23.68,109621,265994443.00,4.94,-2.87,-0.71,1.24
2023-03-03,24.03,23.62,24.08,23.33,83076,197919836.00,3.13,-1.58,-0.38,0.94
2023-03-06,23.67,24.17,24.37,23.42,88821,214934157.00,4.02,2.33,0.55,1.01
2023-03-07,24.08,23.77,24.17,23.69,53067,127995012.00,1.99,-1.65,-0.40,0.60
2023-03-08,23.68,23.57,23.95,23.18,45333,107574644.00,3.24,-0.84,-0.20,0.51
2023-03-09,23.33,23.35,23.76,23.10,43264,102220860.00,2.80,-0.93,-0.22,0.49
2023-03-10,23.43,22.87,23.47,22.47,102108,234805030.00,4.28,-2.06,-0.48,1.16
2023-03-13,22.93,22.90,23.02,22.42,78740,180639709.00,2.62,0.13,0.03,0.89
2023-03-14,22.78,23.20,23.46,22.32,83413,193458729.00,4.98,1.31,0.30,0.94
2023-03-15,23.09,22.71,23.65,22.57,69432,161119038.00,4.66,-2.11,-0.49,0.79
2023-03-16,22.32,22.30,22.97,22.25,55187,125764928.00,3.17,-1.81,-0.41,0.62
2023-03-17,22.44,22.55,22.82,22.36,53669,122489907.00,2.06,1.12,0.25,0.61
2023-03-20,22.41,22.45,22.62,21.34,94606,210987225.00,5.68,-0.44,-0.10,1.07
2023-03-21,22.43,24.07,24.19,22.23,141216,336409308.00,8.73,7.22,1.62,1.60
2023-03-22,24.27,22.66,24.27,22.51,134288,313222226.00,7.31,-5.86,-1.41,1.52
2023-03-23,22.42,21.65,22.69,21.42,157563,347005718.00,5.60,-4.46,-1.01,1.78
2023-03-24,21.71,21.45,22.12,21.03,84432,184680307.00,5.03,-0.92,-0.20,0.96
2023-03-27,21.41,21.77,22.47,21.08,90349,199089660.00,6.48,1.49,0.32,1.02
2023-03-28,21.76,22.73,22.92,21.48,121179,273591292.00,6.61,4.41,0.96,1.37
2023-03-29,22.55,24.48,24.74,22.55,145466,355074770.00,9.63,7.70,1.75,1.65
2023-03-30,24.47,24.37,24.59,23.72,78196,190759620.00,3.55,-0.45,-0.11,0.89
2023-03-31,23.98,23.95,24.63,23.77,51191,124571349.00,3.53,-1.72,-0.42,0.58
2023-04-03,23.95,23.24,23.98,23.17,80935,190987175.00,3.38,-2.96,-0.71,0.92
2023-04-04,23.13,22.67,23.24,22.12,115291,262752220.00,4.82,-2.45,-0.57,1.31
2023-04-06,22.67,22.25,22.70,22.16,88173,199102185.00,2.38,-1.85,-0.42,1.00
2023-04-07,22.25,22.47,22.69,22.13,70243,158820729.00,2.52,0.99,0.22,0.80
2023-04-10,22.39,22.66,22.85,22.30,49014,111782751.00,2.45,0.85,0.19,0.55
2023-04-11,22.50,22.32,22.67,21.93,58628,131673229.00,3.27,-1.50,-0.34,0.66
2023-04-12,22.34,21.86,22.51,21.77,49757,110630342.00,3.32,-2.06,-0.46,0.56
2023-04-13,21.82,21.70,22.09,21.60,41306,90929722.00,2.24,-0.73,-0.16,0.47
2023-04-14,21.70,22.14,22.77,21.57,68298,153847073.00,5.53,2.03,0.44,0.77
2023-04-17,22.16,22.25,22.97,22.08,46980,106718156.00,4.02,0.50,0.11,0.53
2023-04-18,22.20,22.01,22.37,21.77,35713,79613694.00,2.70,-1.08,-0.24,0.40
2023-04-19,22.04,21.27,22.04,21.17,72049,156119572.00,3.95,-3.36,-0.74,0.82
2023-04-20,21.24,20.82,21.25,20.63,61275,129355132.00,2.91,-2.12,-0.45,0.69
2023-04-21,20.85,20.58,21.02,20.33,60064,125362290.00,3.31,-1.15,-0.24,0.68
2023-04-24,20.77,20.87,21.49,20.19,61124,128327889.00,6.32,1.41,0.29,0.69
2023-04-25,20.78,20.19,20.85,19.93,80277,164169813.00,4.41,-3.26,-0.68,0.91
2023-04-26,19.98,20.62,21.11,19.98,59912,125891946.00,5.60,2.13,0.43,0.68
2023-04-27,20.57,20.81,21.15,20.29,67878,142321806.00,4.17,0.92,0.19,0.77
2023-04-28,20.92,18.90,20.93,18.72,183198,359094056.00,10.62,-9.18,-1.91,2.07
2023-05-04,19.05,18.85,19.41,18.70,97880,188303956.00,3.76,-0.26,-0.05,1.11
2023-05-05,18.78,18.49,18.92,18.37,73890,138386469.00,2.92,-1.91,-0.36,0.84
2023-05-08,18.47,18.36,18.81,18.32,70404,131736918.00,2.65,-0.70,-0.13,0.80
2023-05-09,18.39,17.92,18.41,17.86,83826,153253171.00,3.00,-2.40,-0.44,0.95
2023-05-10,17.95,19.32,19.47,17.81,127916,243716108.00,9.26,7.81,1.40,1.45
2023-05-11,19.39,19.45,19.85,19.04,86852,171539153.00,4.19,0.67,0.13,0.98
2023-05-12,19.15,19.33,19.91,19.15,60095,118662455.00,3.91,-0.62,-0.12,0.68
2023-05-15,19.28,19.92,20.07,18.87,75836,150067314.00,6.21,3.05,0.59,0.86
2023-05-16,19.82,19.76,20.18,19.57,57964,115754126.00,3.06,-0.80,-0.16,0.66
2023-05-17,19.68,19.96,20.11,19.57,46377,93288540.00,2.73,1.01,0.20,0.53
2023-05-18,20.07,19.82,20.22,19.61,50584,101790095.00,3.06,-0.70,-0.14,0.57
2023-05-19,19.77,19.89,20.07,19.66,36944,73432359.00,2.07,0.35,0.07,0.42
2023-05-22,19.98,20.18,20.38,19.67,45816,92227093.00,3.57,1.46,0.29,0.52
2023-05-23,20.18,20.61,21.44,19.91,104354,216987447.00,7.58,2.13,0.43,1.18
2023-05-24,20.56,20.88,21.30,20.40,60706,127266686.00,4.37,1.31,0.27,0.69
2023-05-25,20.82,20.65,21.04,20.45,42166,87341312.00,2.83,-1.10,-0.23,0.48
2023-05-26,20.79,22.01,22.50,20.42,130821,284124466.00,10.07,6.59,1.36,1.48
2023-05-29,22.10,21.50,22.10,20.97,76989,164089542.00,5.13,-2.32,-0.51,0.87
2023-05-30,21.90,21.73,22.44,21.53,65721,143961687.00,4.23,1.07,0.23,0.74
2023-05-31,21.67,21.13,21.72,21.04,43824,93100522.00,3.13,-2.76,-0.60,0.50
2023-06-01,21.14,20.67,21.33,20.55,40847,85159048.00,3.69,-2.18,-0.46,0.46
2023-06-02,20.71,21.41,21.65,20.71,67421,144014833.00,4.55,3.58,0.74,0.76
2023-06-05,21.50,21.63,21.96,21.00,54526,117673682.00,4.48,1.03,0.22,0.62
2023-06-06,21.65,21.30,21.65,21.24,37566,80552103.00,1.90,-1.53,-0.33,0.43
2023-06-07,21.20,20.72,21.37,20.66,26448,55072120.00,3.33,-2.72,-0.58,0.30
2023-06-08,20.61,20.37,20.93,20.29,30189,61930762.00,3.09,-1.69,-0.35,0.34
2023-06-09,20.50,21.25,21.38,20.50,71243,149819182.00,4.32,4.32,0.88,0.81
2023-06-12,21.27,22.35,22.60,21.19,95672,212180685.00,6.64,5.18,1.10,1.08
2023-06-13,22.41,22.30,22.65,21.97,59060,131806256.00,3.04,-0.22,-0.05,0.67
2023-06-14,22.22,22.20,22.46,21.65,74293,164052785.00,3.63,-0.45,-0.10,0.84
2023-06-15,21.98,22.49,23.20,21.88,94277,215052812.00,5.95,1.31,0.29,1.07
2023-06-16,22.40,22.34,22.80,22.00,44308,99015097.00,3.56,-0.67,-0.15,0.50
2023-06-19,22.30,22.28,22.78,22.03,53096,118861024.00,3.36,-0.27,-0.06,0.60
2023-06-20,22.33,22.89,23.19,22.20,59836,137052144.00,4.44,2.74,0.61,0.68
2023-06-21,22.92,22.30,23.08,22.27,38644,87124718.00,3.54,-2.58,-0.59,0.44
2023-06-26,21.98,22.57,23.03,21.98,68892,156435113.00,4.71,1.21,0.27,0.78
2023-06-27,22.53,22.12,22.54,21.70,58501,128807477.00,3.72,-1.99,-0.45,0.65
2023-06-28,22.21,22.43,22.67,21.66,52701,116919718.00,4.57,1.40,0.31,0.59
2023-06-29,22.43,22.52,23.10,22.24,55817,126417117.00,3.83,0.40,0.09,0.62
2023-06-30,22.48,23.29,23.77,22.23,100833,234800241.00,6.84,3.42,0.77,1.13
2023-07-03,23.16,22.74,24.20,22.60,67145,155536593.00,6.87,-2.36,-0.55,0.75
2023-07-04,22.98,23.92,24.15,22.63,154645,367431549.00,6.68,5.19,1.18,1.73
2023-07-05,23.91,23.08,23.91,23.05,58125,135226530.00,3.60,-3.51,-0.84,0.65
2023-07-06,23.08,23.25,23.35,22.60,44999,103884575.00,3.25,0.74,0.17,0.50
2023-07-07,23.16,22.91,23.56,22.86,46347,106956323.00,3.01,-1.46,-0.34,0.52
2023-07-10,22.80,22.17,23.13,21.92,98408,218407129.00,5.28,-3.23,-0.74,1.10
2023-07-11,22.28,23.55,23.93,22.03,116274,269321063.00,8.57,6.22,1.38,1.30
2023-07-12,23.62,23.67,24.40,23.50,80749,193546662.00,3.82,0.51,0.12,0.90
2023-07-13,23.30,23.65,23.79,22.80,63714,148643096.00,4.18,-0.08,-0.02,0.71
2023-07-14,23.21,22.89,23.60,22.60,77964,179150623.00,4.23,-3.21,-0.76,0.87
2023-07-17,23.00,23.23,23.40,22.57,61766,142566123.00,3.63,1.49,0.34,0.69
2023-07-18,23.20,23.85,24.15,22.61,128914,302333393.00,6.63,2.67,0.62,1.44
2023-07-19,23.56,23.29,23.66,23.11,46315,107951080.00,2.31,-2.35,-0.56,0.52
2023-07-20,23.34,22.60,23.50,22.54,43780,100371129.00,4.12,-2.96,-0.69,0.49
2023-07-21,22.37,21.90,22.50,21.47,103538,226393137.00,4.56,-3.10,-0.70,1.16
2023-07-24,21.92,22.46,22.87,21.87,66060,148259737.00,4.57,2.56,0.56,0.74
2023-07-25,22.52,23.75,24.00,22.37,138072,321415183.00,7.26,5.74,1.29,1.54
2023-07-26,23.68,22.85,23.68,22.76,55165,126967824.00,3.87,-3.79,-0.90,0.62
2023-07-27,23.02,22.92,23.74,22.76,58232,134571577.00,4.29,0.31,0.07,0.65
2023-07-28,22.63,23.32,23.90,22.32,60761,141000846.00,6.89,1.75,0.40,0.68
2023-07-31,23.32,23.22,23.92,22.83,52044,121774132.00,4.67,-0.43,-0.10,0.58
2023-08-01,22.91,22.98,23.75,22.86,49555,115338349.00,3.83,-1.03,-0.24,0.55
2023-08-02,22.91,23.30,23.85,22.65,61603,143644076.00,5.22,1.39,0.32,0.69
2023-08-03,23.17,22.79,23.17,22.68,43470,99431510.00,2.10,-2.19,-0.51,0.49
2023-08-04,22.69,23.09,23.30,22.37,51794,118659034.00,4.08,1.32,0.30,0.58
2023-08-07,23.03,23.07,23.33,22.82,30326,70040692.00,2.21,-0.09,-0.02,0.34
2023-08-08,23.12,23.38,23.65,23.01,33503,78105204.00,2.77,1.34,0.31,0.37
2023-08-09,23.38,23.44,23.65,22.85,38146,88789582.00,3.42,0.26,0.06,0.43
2023-08-10,23.36,23.00,23.36,22.97,34784,80430165.00,1.66,-1.88,-0.44,0.39
2023-08-11,23.14,22.71,23.19,22.71,22297,51080386.00,2.09,-1.26,-0.29,0.25
2023-08-14,22.70,22.65,22.76,22.00,36653,82035633.00,3.35,-0.26,-0.06,0.41
2023-08-15,22.60,22.13,22.70,22.00,27718,61513004.00,3.09,-2.30,-0.52,0.31
2023-08-16,22.01,21.55,22.18,21.45,25208,54685395.00,3.30,-2.62,-0.58,0.28
2023-08-17,21.50,22.70,22.80,21.28,52120,116424979.00,7.05,5.34,1.15,0.58
2023-08-18,22.70,22.20,22.82,22.17,26785,60036481.00,2.86,-2.20,-0.50,0.30
2023-08-21,22.13,22.17,22.62,22.00,30595,68110163.00,2.79,-0.14,-0.03,0.34
2023-08-22,22.30,22.24,22.75,21.79,28093,62299034.00,4.33,0.32,0.07,0.31
2023-08-23,22.18,21.71,22.20,21.65,26460,57825743.00,2.47,-2.38,-0.53,0.30
2023-08-24,21.72,22.00,22.34,21.52,49391,108670802.00,3.78,1.34,0.29,0.55
2023-08-25,21.88,21.58,21.94,21.33,42545,91662784.00,2.77,-1.91,-0.42,0.47
2023-08-28,22.48,22.16,22.71,21.56,78293,172918798.00,5.33,2.69,0.58,0.87
2023-08-29,22.05,23.87,24.10,21.93,128446,300836710.00,9.79,7.72,1.71,1.43
2023-08-30,23.90,24.00,24.50,23.76,112031,270727931.00,3.10,0.54,0.13,1.25
2023-08-31,24.03,24.75,25.08,24.03,102976,254005865.00,4.38,3.13,0.75,1.15
2023-09-01,24.85,24.76,25.02,24.26,39682,97580144.00,3.07,0.04,0.01,0.44
2023-09-04,24.97,24.69,25.43,24.35,54217,133955587.00,4.36,-0.28,-0.07,0.61
2023-09-05,24.57,24.45,25.05,24.35,40281,99009132.00,2.84,-0.97,-0.24,0.45
2023-09-06,24.28,24.93,24.99,24.26,53521,132736707.00,2.99,1.96,0.48,0.60
2023-09-07,24.99,24.25,24.99,24.08,39931,97257960.00,3.65,-2.73,-0.68,0.45
2023-09-08,24.23,23.98,24.31,23.70,41705,100020806.00,2.52,-1.11,-0.27,0.47
2023-09-11,23.81,24.54,24.80,23.65,58308,142444876.00,4.80,2.34,0.56,0.65
2023-09-12,24.48,24.72,25.08,24.30,41155,101789850.00,3.18,0.73,0.18,0.46
2023-09-13,24.73,24.22,24.73,23.90,40468,97964657.00,3.36,-2.02,-0.50,0.45
2023-09-14,24.14,23.60,24.29,23.38,60740,143893656.00,3.76,-2.56,-0.62,0.68
2023-09-15,23.60,23.73,23.87,23.14,37542,88176054.00,3.09,0.55,0.13,0.42
2023-09-18,23.70,24.17,24.60,23.53,33739,81777197.00,4.51,1.85,0.44,0.38
2023-09-19,24.01,24.22,24.57,23.80,34487,83371475.00,3.19,0.21,0.05,0.38
2023-09-20,24.22,24.17,25.00,24.05,34148,83396894.00,3.92,-0.21,-0.05,0.38
2023-09-21,24.01,23.76,24.24,23.70,23419,55855498.00,2.23,-1.70,-0.41,0.26
2023-09-22,23.76,23.90,23.96,23.50,31786,75406602.00,1.94,0.59,0.14,0.35
2023-09-25,23.93,23.80,24.19,23.55,23799,56641002.00,2.68,-0.42,-0.10,0.27
2023-09-26,23.90,23.88,24.10,23.48,21342,50977865.00,2.61,0.34,0.08,0.24
2023-09-27,24.00,24.01,24.13,23.50,35345,84623104.00,2.64,0.54,0.13,0.39
2023-09-28,24.25,24.49,24.65,23.91,35913,87691677.00,3.08,2.00,0.48,0.40
2023-10-09,24.49,25.26,25.80,24.45,61013,153999218.00,5.51,3.14,0.77,0.68
2023-10-10,25.25,24.79,25.32,24.43,39130,96996640.00,3.52,-1.86,-0.47,0.44
2023-10-11,24.79,24.26,24.91,24.00,37305,90597887.00,3.67,-2.14,-0.53,0.42
2023-10-12,24.35,24.30,24.70,23.97,27830,67952917.00,3.01,0.16,0.04,0.31
2023-10-13,24.20,24.02,24.55,23.90,30806,74198167.00,2.67,-1.15,-0.28,0.34
2023-10-16,24.07,23.92,24.30,23.70,26282,62841199.00,2.50,-0.42,-0.10,0.29
2023-10-17,24.16,23.54,24.18,23.17,37014,87001166.00,4.22,-1.59,-0.38,0.41
2023-10-18,23.48,23.48,23.80,23.32,22909,53903410.00,2.04,-0.25,-0.06,0.26
2023-10-19,23.33,22.41,23.37,22.35,51923,117606590.00,4.34,-4.56,-1.07,0.58
2023-10-20,22.27,22.13,22.61,22.00,30009,66723243.00,2.72,-1.25,-0.28,0.33
2023-10-23,22.11,21.30,22.20,20.98,63138,135123067.00,5.51,-3.75,-0.83,0.70
2023-10-24,21.21,21.86,22.05,21.09,59431,128530027.00,4.51,2.63,0.56,0.66
2023-10-25,21.99,22.30,22.70,21.92,53001,118427741.00,3.57,2.01,0.44,0.59
2023-10-26,22.22,23.03,23.07,22.02,64818,147235613.00,4.71,3.27,0.73,0.72
2023-10-27,22.80,22.42,23.67,22.20,82726,187784837.00,6.38,-2.65,-0.61,0.92
2023-10-30,22.22,21.91,22.36,21.80,77127,169974627.00,2.50,-2.27,-0.51,0.86
2023-10-31,21.82,21.27,22.05,21.07,106545,227351536.00,4.47,-2.92,-0.64,1.19
2023-11-01,21.26,21.80,22.20,21.15,76203,165939313.00,4.94,2.49,0.53,0.85
2023-11-02,21.80,21.36,22.02,21.19,51326,110305853.00,3.81,-2.02,-0.44,0.57
2023-11-03,21.36,21.87,22.05,21.21,61408,133828941.00,3.93,2.39,0.51,0.69
2023-11-06,21.97,22.14,22.31,21.76,37318,82399040.00,2.51,1.23,0.27,0.42
2023-11-07,22.19,22.07,22.75,22.04,63693,142156434.00,3.21,-0.32,-0.07,0.71
2023-11-08,22.06,21.50,22.06,21.24,73079,156873324.00,3.72,-2.58,-0.57,0.82
2023-11-09,21.46,21.40,21.52,21.06,57609,122406505.00,2.14,-0.47,-0.10,0.64
2023-11-10,21.36,21.30,21.46,21.06,34716,73743792.00,1.87,-0.47,-0.10,0.39
2023-11-13,21.40,21.09,21.48,20.78,72838,152930489.00,3.29,-0.99,-0.21,0.81
2023-11-14,21.10,20.98,21.28,20.80,65318,137173756.00,2.28,-0.52,-0.11,0.73
2023-11-15,21.12,22.41,22.49,21.10,133500,292401746.00,6.63,6.82,1.43,1.49
2023-11-16,22.34,22.13,22.34,21.70,52006,114780088.00,2.86,-1.25,-0.28,0.58
2023-11-17,22.01,22.78,22.95,21.81,79157,178686770.00,5.15,2.94,0.65,0.88
2023-11-20,22.82,22.82,22.96,22.38,46720,105848626.00,2.55,0.18,0.04,0.52
2023-11-21,22.82,22.66,23.00,22.52,35852,81512036.00,2.10,-0.70,-0.16,0.40
2023-11-22,22.66,22.13,22.72,22.13,33379,74526678.00,2.60,-2.34,-0.53,0.37
2023-11-23,22.12,22.93,23.20,22.09,60427,138072163.00,5.02,3.62,0.80,0.67
2023-11-24,22.88,22.69,22.91,22.46,44126,99791600.00,1.96,-1.05,-0.24,0.49
2023-11-27,22.55,22.79,23.05,22.51,49316,112124237.00,2.38,0.44,0.10,0.55
2023-11-28,22.55,23.30,23.42,22.55,60995,141185462.00,3.82,2.24,0.51,0.68
2023-11-29,23.25,23.50,23.63,23.01,37927,88772554.00,2.66,0.86,0.20,0.42
2023-11-30,23.59,23.08,23.59,22.81,26520,61231372.00,3.32,-1.79,-0.42,0.30
2023-12-01,23.08,22.87,23.31,22.58,27590,62954668.00,3.16,-0.91,-0.21,0.31
2023-12-04,22.78,22.72,22.98,22.50,15751,35757700.00,2.10,-0.66,-0.15,0.18
2023-12-05,22.70,22.47,22.80,22.22,32246,72352584.00,2.55,-1.10,-0.25,0.36
2023-12-06,22.48,22.34,22.97,22.30,26139,58880857.00,2.98,-0.58,-0.13,0.29
2023-12-07,22.47,22.07,22.47,21.95,20505,45314567.00,2.33,-1.21,-0.27,0.23
2023-12-08,22.08,21.56,22.18,21.41,47284,102376048.00,3.49,-2.31,-0.51,0.53
2023-12-11,21.40,22.18,22.30,21.20,47613,104370966.00,5.10,2.88,0.62,0.53
2023-12-12,22.28,22.24,22.45,21.90,16417,36478576.00,2.48,0.27,0.06,0.18
2023-12-13,22.28,22.05,22.31,21.73,21330,47090141.00,2.61,-0.85,-0.19,0.24
2023-12-14,22.19,22.08,22.35,21.95,24033,53245255.00,1.81,0.14,0.03,0.27
2023-12-15,22.05,21.61,22.29,21.56,24941,54377172.00,3.31,-2.13,-0.47,0.28
2023-12-18,21.57,21.70,22.01,21.50,14702,31924372.00,2.36,0.42,0.09,0.16
2023-12-19,21.70,21.49,21.71,21.28,16867,36189355.00,1.98,-0.97,-0.21,0.19
2023-12-20,21.50,20.30,21.59,20.23,72484,149308983.00,6.33,-5.54,-1.19,0.81
2023-12-21,20.30,20.86,21.10,20.20,58670,121340392.00,4.43,2.76,0.56,0.65
2023-12-22,20.85,20.61,20.85,20.14,49230,100870655.00,3.40,-1.20,-0.25,0.55
2023-12-25,20.53,20.90,21.00,19.62,71329,145401555.00,6.70,1.41,0.29,0.79
2023-12-26,21.10,20.54,21.16,20.40,32144,66241460.00,3.64,-1.72,-0.36,0.36
2023-12-27,20.54,21.10,21.25,20.50,31118,65233799.00,3.65,2.73,0.56,0.35
2023-12-28,20.90,21.62,21.80,20.90,43890,94199994.00,4.27,2.46,0.52,0.49
2023-12-29,21.69,21.61,21.83,21.41,16632,35992584.00,1.94,-0.05,-0.01,0.19