2024-01-02,40.14,38.85,40.29,38.80,30864,121309971.00,3.72,-3.09,-1.24,0.67
2024-01-03,38.78,38.38,39.15,38.13,26062,100437878.00,2.63,-1.21,-0.47,0.56
2024-01-04,38.43,37.40,38.48,37.25,35415,133426110.00,3.20,-2.55,-0.98,0.76
2024-01-05,37.49,36.81,38.18,36.54,39215,145951269.00,4.39,-1.58,-0.59,0.85
2024-01-08,36.61,35.12,36.75,35.09,37404,133309568.00,4.51,-4.59,-1.69,0.81
2024-01-09,35.33,34.72,35.54,34.35,42115,146986145.00,3.39,-1.14,-0.40,0.91
2024-01-10,34.67,34.73,35.24,33.91,30374,105206337.00,3.83,0.03,0.01,0.66
2024-01-11,34.70,35.68,35.99,34.61,31861,113221254.00,3.97,2.74,0.95,0.69
2024-01-12,35.68,35.38,35.85,34.97,21062,74334825.00,2.47,-0.84,-0.30,0.45
2024-01-15,35.18,34.62,35.22,34.50,26967,93826684.00,2.04,-2.15,-0.76,0.58
2024-01-16,34.60,34.75,34.83,33.88,28420,97225465.00,2.74,0.38,0.13,0.61
2024-01-17,34.64,33.93,35.50,33.93,28932,100041560.00,4.52,-2.36,-0.82,0.62
2024-01-18,33.89,34.20,34.30,33.11,32630,109878218.00,3.51,0.80,0.27,0.70
2024-01-19,34.19,33.37,34.38,33.33,26508,89409592.00,3.07,-2.43,-0.83,0.57
2024-01-22,33.20,31.55,33.49,31.55,35112,114407304.00,5.81,-5.45,-1.82,0.76
2024-01-23,31.60,33.05,33.20,31.46,32423,105678598.00,5.52,4.75,1.50,0.70
2024-01-24,33.28,33.52,33.56,32.01,28723,94219850.00,4.69,1.42,0.47,0.62