MjAwNS0wMS0wNCwxLjM3LDEuNDEsMS40MSwxLjM3LDMzNzAsMTI2NTA2Ny4wMCwyLjgyLC0wLjcwLC0wLjAxLDAuMTc=
2005-01-05,1.40,1.44,1.47,1.39,4018,1538959.00,5.67,2.13,0.03,0.21
2005-01-06,1.43,1.47,1.47,1.43,5064,1956873.00,2.78,2.08,0.03,0.26
2005-01-07,1.47,1.52,1.57,1.45,23032,9306518.00,8.16,3.40,0.05,1.18
2005-01-10,1.52,1.53,1.54,1.49,7864,3151663.00,3.29,0.66,0.01,0.40
2005-01-11,1.53,1.53,1.55,1.51,4982,2001410.00,2.61,0.00,0.00,0.26
2005-01-12,1.53,1.52,1.53,1.48,8348,3313595.00,3.27,-0.65,-0.01,0.43
2005-01-13,1.51,1.53,1.53,1.48,4518,1801521.00,3.29,0.66,0.01,0.23
2005-01-14,1.53,1.50,1.54,1.49,5538,2210682.00,3.27,-1.96,-0.03,0.28
2005-01-17,1.47,1.44,1.47,1.42,5518,2125611.00,3.33,-4.00,-0.06,0.28
2005-01-18,1.46,1.49,1.49,1.43,4750,1837143.00,4.17,3.47,0.05,0.24
2005-01-19,1.49,1.50,1.52,1.47,5003,1979125.00,3.36,0.67,0.01,0.26
2005-01-20,1.48,1.46,1.49,1.44,3291,1282568.00,3.33,-2.67,-0.04,0.17
2005-01-21,1.44,1.53,1.54,1.43,12249,4856996.00,7.53,4.79,0.07,0.63
2005-01-24,1.55,1.56,1.59,1.55,17526,7183389.00,2.61,1.96,0.03,0.90
2005-01-25,1.56,1.55,1.57,1.52,8770,3562413.00,3.21,-0.64,-0.01,0.45
2005-01-26,1.55,1.55,1.57,1.53,6134,2486208.00,2.58,0.00,0.00,0.31
2005-01-27,1.53,1.58,1.60,1.53,23084,9496022.00,4.52,1.94,0.03,1.19
2005-01-28,1.57,1.48,1.58,1.46,13317,5329077.00,7.59,-6.33,-0.10,0.68
2005-01-31,1.48,1.42,1.51,1.38,8535,3281271.00,8.78,-4.05,-0.06,0.44
2005-02-01,1.43,1.43,1.46,1.40,6529,2499061.00,4.23,0.70,0.01,0.34
2005-02-02,1.46,1.54,1.55,1.43,14455,5718272.00,8.39,7.69,0.11,0.74
2005-02-03,1.57,1.57,1.60,1.50,33139,13599521.00,6.49,1.95,0.03,1.70
2005-02-04,1.56,1.62,1.64,1.55,30893,12936893.00,5.73,3.18,0.05,1.59
2005-02-16,1.62,1.62,1.68,1.61,15269,6441870.00,4.32,0.00,0.00,0.78
2005-02-17,1.61,1.65,1.66,1.60,15368,6503643.00,3.70,1.85,0.03,0.79
2005-02-18,1.64,1.62,1.65,1.61,13002,5472934.00,2.42,-1.82,-0.03,0.67
2005-02-21,1.64,1.67,1.70,1.62,28170,12111650.00,4.94,3.09,0.05,1.45
2005-02-22,1.68,1.69,1.72,1.66,27962,12186156.00,3.59,1.20,0.02,1.44
2005-02-23,1.69,1.68,1.70,1.65,20236,8727031.00,2.96,-0.59,-0.01,1.04
2005-02-24,1.67,1.69,1.69,1.64,19265,8269529.00,2.98,0.60,0.01,0.99
2005-02-25,1.70,1.66,1.71,1.65,16788,7274700.00,3.55,-1.78,-0.03,0.86
2005-02-28,1.65,1.62,1.65,1.61,13557,5717122.00,2.41,-2.41,-0.04,0.70
2005-03-01,1.62,1.64,1.64,1.60,7925,3336495.00,2.47,1.23,0.02,0.41
2005-03-02,1.64,1.63,1.65,1.60,15037,6309740.00,3.05,-0.61,-0.01,0.77
2005-03-03,1.62,1.73,1.74,1.62,43582,18993427.00,7.36,6.13,0.10,2.24
2005-03-04,1.72,1.69,1.72,1.68,16631,7233530.00,2.31,-2.31,-0.04,0.85
2005-03-07,1.69,1.66,1.71,1.63,11659,5003444.00,4.73,-1.78,-0.03,0.60
2005-03-08,1.70,1.71,1.71,1.65,13413,5798835.00,3.61,3.01,0.05,0.69
2005-03-09,1.71,1.67,1.72,1.67,12712,5506093.00,2.92,-2.34,-0.04,0.65
2005-03-10,1.67,1.58,1.68,1.58,16802,7081279.00,5.99,-5.39,-0.09,0.86
2005-03-11,1.59,1.57,1.61,1.57,11033,4562703.00,2.53,-0.63,-0.01,0.57
2005-03-14,1.57,1.53,1.58,1.51,15219,6156662.00,4.46,-2.55,-0.04,0.78
2005-03-15,1.62,1.54,1.62,1.52,7166,2920186.00,6.54,0.65,0.01,0.37
2005-03-16,1.53,1.53,1.55,1.52,4623,1861175.00,1.95,-0.65,-0.01,0.24
2005-03-17,1.53,1.45,1.53,1.45,10646,4164817.00,5.23,-5.23,-0.08,0.55
2005-03-18,1.45,1.41,1.45,1.40,9497,3612621.00,3.45,-2.76,-0.04,0.49
2005-03-21,1.42,1.43,1.44,1.40,3781,1439798.00,2.84,1.42,0.02,0.19
2005-03-22,1.42,1.29,1.44,1.26,11803,4303200.00,12.59,-9.79,-0.14,0.61
2005-03-23,1.27,1.30,1.34,1.27,7819,2785670.00,5.43,0.78,0.01,0.40
2005-03-24,1.28,1.33,1.35,1.28,4271,1537477.00,5.38,2.31,0.03,0.22
2005-03-25,1.34,1.33,1.34,1.31,3430,1241825.00,2.26,0.00,0.00,0.18
2005-03-28,1.31,1.28,1.32,1.26,6798,2388402.00,4.51,-3.76,-0.05,0.35
2005-03-29,1.28,1.27,1.30,1.27,4108,1453715.00,2.34,-0.78,-0.01,0.21
2005-03-30,1.27,1.28,1.34,1.24,8677,3086423.00,7.87,0.79,0.01,0.45
2005-03-31,1.30,1.23,1.30,1.18,5980,2038187.00,9.38,-3.91,-0.05,0.31
2005-04-01,1.23,1.29,1.31,1.18,10750,3699704.00,10.57,4.88,0.06,0.55
2005-04-04,1.26,1.25,1.27,1.21,6432,2222491.00,4.65,-3.10,-0.04,0.33
2005-04-05,1.24,1.25,1.32,1.23,6419,2243208.00,7.20,0.00,0.00,0.33
2005-04-06,1.24,1.26,1.28,1.22,5456,1891683.00,4.80,0.80,0.01,0.28
2005-04-07,1.26,1.29,1.32,1.26,12369,4400227.00,4.76,2.38,0.03,0.64
2005-04-08,1.27,1.32,1.33,1.27,7681,2745122.00,4.65,2.33,0.03,0.39
2005-04-11,1.34,1.31,1.34,1.29,10317,3691362.00,3.79,-0.76,-0.01,0.53
2005-04-12,1.31,1.23,1.31,1.22,11211,3878383.00,6.87,-6.11,-0.08,0.58
2005-04-13,1.27,1.28,1.29,1.23,15574,5433246.00,4.88,4.07,0.05,0.80
2005-04-14,1.27,1.22,1.29,1.21,9735,3361387.00,6.25,-4.69,-0.06,0.50
2005-04-15,1.21,1.15,1.21,1.14,12538,4123937.00,5.74,-5.74,-0.07,0.64
2005-04-18,1.14,1.13,1.15,1.11,6231,1997781.00,3.48,-1.74,-0.02,0.32
2005-04-19,1.12,1.14,1.15,1.12,5100,1647051.00,2.65,0.88,0.01,0.26
2005-04-20,1.14,1.11,1.14,1.10,4488,1429426.00,3.51,-2.63,-0.03,0.23
2005-04-21,1.09,1.06,1.12,1.05,6729,2098698.00,6.31,-4.50,-0.05,0.35
2005-04-22,1.05,1.05,1.07,1.03,7464,2286091.00,3.77,-0.94,-0.01,0.38
2005-04-25,1.06,1.00,1.06,0.96,9438,2790285.00,9.52,-4.76,-0.05,0.48
2005-04-26,1.00,1.02,1.04,0.98,10579,3162016.00,6.00,2.00,0.02,0.54
2005-04-27,1.02,0.98,1.03,0.96,9334,2756673.00,6.86,-3.92,-0.04,0.48
2005-04-28,0.98,1.02,1.04,0.96,8600,2557470.00,8.16,4.08,0.04,0.44
2005-04-29,1.02,1.02,1.07,0.97,11664,3505789.00,9.80,0.00,0.00,0.60
2005-05-09,1.02,0.97,1.06,0.96,6108,1794543.00,9.80,-4.90,-0.05,0.31
2005-05-10,0.99,0.98,0.99,0.93,7752,2229606.00,6.19,1.03,0.01,0.40
2005-05-12,0.97,0.97,0.99,0.94,7146,2064829.00,5.10,-1.02,-0.01,0.37
2005-05-13,0.96,0.97,1.00,0.96,7518,2188904.00,4.12,0.00,0.00,0.39
2005-05-16,0.96,0.94,0.96,0.92,7944,2247295.00,4.12,-3.09,-0.03,0.41
2005-05-17,0.93,0.98,0.99,0.93,10526,3053734.00,6.38,4.26,0.04,0.54
2005-05-18,0.99,1.00,1.02,0.98,8758,2590204.00,4.08,2.04,0.02,0.45
2005-05-19,1.00,1.02,1.04,0.98,7164,2139000.00,6.00,2.00,0.02,0.37
2005-05-20,1.00,1.00,1.02,0.99,5422,1616229.00,2.94,-1.96,-0.02,0.28
2005-05-23,0.98,0.94,0.98,0.92,6751,1923723.00,6.00,-6.00,-0.06,0.35
2005-05-24,0.93,0.97,0.99,0.92,5582,1615188.00,7.45,3.19,0.03,0.29
2005-05-25,0.95,0.99,1.00,0.95,7635,2244450.00,5.15,2.06,0.02,0.39
2005-05-26,0.99,0.99,1.01,0.98,8116,2396463.00,3.03,0.00,0.00,0.42
2005-05-27,0.97,0.97,1.01,0.96,7559,2217190.00,5.05,-2.02,-0.02,0.39
2005-05-30,0.97,1.02,1.02,0.95,14579,4290573.00,7.22,5.15,0.05,0.75
2005-05-31,1.01,1.03,1.05,1.01,27973,8480078.00,3.92,0.98,0.01,1.44
2005-06-01,1.02,1.00,1.03,0.99,9923,2958511.00,3.88,-2.91,-0.03,0.51
2005-06-02,1.00,1.06,1.06,0.99,24048,7292827.00,7.00,6.00,0.06,1.23
2005-06-03,1.05,1.04,1.06,1.00,20520,6209155.00,5.66,-1.89,-0.02,1.05
2005-06-06,1.04,1.03,1.04,1.00,16979,5090277.00,3.85,-0.96,-0.01,0.87
2005-06-07,1.04,1.02,1.07,1.01,21633,6560615.00,5.83,-0.97,-0.01,1.11
2005-06-08,1.02,1.12,1.14,1.02,45043,14196708.00,11.76,9.80,0.10,2.31
2005-06-09,1.12,1.11,1.15,1.08,30805,9810231.00,6.25,-0.89,-0.01,1.58
2005-06-10,1.10,1.10,1.16,1.08,20030,6403931.00,7.21,-0.90,-0.01,1.03
2005-06-13,1.10,1.09,1.13,1.06,15341,4805294.00,6.36,-0.91,-0.01,0.79
2005-06-14,1.09,1.06,1.11,1.05,11296,3526616.00,5.50,-2.75,-0.03,0.58
2005-06-15,1.06,1.03,1.06,1.02,13072,3965501.00,3.77,-2.83,-0.03,0.67
2005-06-16,1.02,1.01,1.04,0.98,8680,2585673.00,5.83,-1.94,-0.02,0.45
2005-06-17,1.02,1.06,1.08,1.02,22170,6849314.00,5.94,4.95,0.05,1.14
2005-06-20,1.07,1.09,1.09,1.03,15321,4760836.00,5.66,2.83,0.03,0.79
2005-06-21,1.09,1.07,1.10,1.06,10138,3157031.00,3.67,-1.83,-0.02,0.52
2005-06-22,1.07,1.07,1.10,1.04,7024,2170400.00,5.61,0.00,0.00,0.36
2005-06-23,1.07,1.05,1.08,1.04,10464,3245854.00,3.74,-1.87,-0.02,0.54
2005-06-24,1.04,1.05,1.05,1.02,7580,2296266.00,2.86,0.00,0.00,0.39
2005-06-27,1.07,1.08,1.09,1.06,14277,4460502.00,2.86,2.86,0.03,0.73
2005-06-28,1.08,1.06,1.09,1.06,6681,2045492.00,2.78,-1.85,-0.02,0.34
2005-06-29,1.06,1.06,1.07,1.05,5539,1683037.00,1.89,0.00,0.00,0.28
2005-06-30,1.05,0.99,1.06,0.98,10299,3047429.00,7.55,-6.60,-0.07,0.53
2005-07-01,0.98,0.93,1.01,0.91,15518,4418259.00,10.10,-6.06,-0.06,0.80
2005-07-04,0.92,0.92,0.93,0.87,10634,2894969.00,6.45,-1.08,-0.01,0.55
2005-07-05,0.91,0.96,0.96,0.88,14163,3928022.00,8.70,4.35,0.04,0.73
2005-07-06,0.96,0.99,1.00,0.95,24612,7094404.00,5.21,3.13,0.03,1.26
2005-07-07,1.00,0.99,1.02,0.99,27047,7929572.00,3.03,0.00,0.00,1.39
2005-07-08,0.99,0.91,0.99,0.90,13679,3806574.00,9.09,-8.08,-0.08,0.70
2005-07-11,0.91,0.89,0.97,0.89,9658,2674070.00,8.79,-2.20,-0.02,0.50
2005-07-12,0.88,0.93,0.95,0.84,9795,2670738.00,12.36,4.49,0.04,0.50
2005-07-13,0.94,0.90,0.94,0.89,7287,1998339.00,5.38,-3.23,-0.03,0.37
2005-07-14,0.90,0.92,0.93,0.88,9266,2535634.00,5.56,2.22,0.02,0.48
2005-07-15,0.91,0.87,0.92,0.86,11518,3112183.00,6.52,-5.43,-0.05,0.59
2005-07-18,0.85,0.83,0.87,0.79,11561,2973247.00,9.20,-4.60,-0.04,0.59
2005-07-19,0.85,0.89,0.89,0.85,23185,6221485.00,4.82,7.23,0.06,1.19
2005-07-20,0.91,0.93,0.95,0.90,32618,9067166.00,5.62,4.49,0.04,1.67
2005-07-21,0.93,0.89,0.93,0.87,11252,3067577.00,6.45,-4.30,-0.04,0.58
2005-07-22,0.95,0.98,1.01,0.90,43897,12527798.00,12.36,10.11,0.09,2.25
2005-07-25,1.01,1.04,1.08,0.99,68446,20625464.00,9.18,6.12,0.06,3.51
2005-07-26,1.04,1.06,1.07,1.02,40915,12412752.00,4.81,1.92,0.02,2.10
2005-07-27,1.05,1.07,1.07,1.03,28981,8765444.00,3.77,0.94,0.01,1.49
2005-07-28,1.07,1.05,1.08,1.04,27879,8482373.00,3.74,-1.87,-0.02,1.43
2005-07-29,1.04,1.03,1.04,1.01,17601,5231494.00,2.86,-1.90,-0.02,0.90
2005-08-01,1.02,1.03,1.05,1.01,10272,3071364.00,3.88,0.00,0.00,0.53
2005-08-02,1.04,1.10,1.10,1.02,37785,11596064.00,7.77,6.80,0.07,1.94
2005-08-03,1.10,1.09,1.12,1.07,43674,13676732.00,4.55,-0.91,-0.01,2.24
2005-08-04,1.08,1.07,1.08,1.05,19173,5865186.00,2.75,-1.83,-0.02,0.98
2005-08-05,1.07,1.10,1.10,1.06,28062,8698257.00,3.74,2.80,0.03,1.44
2005-08-08,1.11,1.13,1.15,1.09,39151,12380491.00,5.45,2.73,0.03,2.01
2005-08-09,1.14,1.14,1.14,1.10,28171,8949957.00,3.54,0.88,0.01,1.45
2005-08-10,1.15,1.16,1.18,1.12,48410,15622703.00,5.26,1.75,0.02,2.49
2005-08-11,1.16,1.15,1.17,1.12,34414,11046411.00,4.31,-0.86,-0.01,1.77
2005-08-12,1.15,1.07,1.17,1.07,44034,13946089.00,8.70,-6.96,-0.08,2.26
2005-08-15,1.06,1.09,1.10,1.05,20556,6348378.00,4.67,1.87,0.02,1.06
2005-08-16,1.09,1.06,1.11,1.03,42872,13088544.00,7.34,-2.75,-0.03,2.20
2005-08-17,1.05,1.09,1.10,1.03,33177,10162825.00,6.60,2.83,0.03,1.70
2005-08-18,1.09,1.07,1.15,1.05,53380,16916744.00,9.17,-1.83,-0.02,2.74
2005-08-19,1.07,1.13,1.13,1.06,36990,11505339.00,6.54,5.61,0.06,1.90
2005-08-22,1.18,1.19,1.22,1.17,146367,48594944.00,4.42,5.31,0.06,7.52
2005-08-23,1.18,1.12,1.18,1.10,45031,14389386.00,6.72,-5.88,-0.07,2.31
2005-08-24,1.13,1.12,1.13,1.10,22556,7126050.00,2.68,0.00,0.00,1.16
2005-08-25,1.13,1.13,1.13,1.10,17919,5631560.00,2.68,0.89,0.01,0.92
2005-08-26,1.13,1.11,1.13,1.10,19981,6290076.00,2.65,-1.77,-0.02,1.03
2005-08-29,1.11,1.13,1.16,1.10,23877,7596462.00,5.41,1.80,0.02,1.23
2005-08-30,1.11,1.11,1.13,1.10,10253,3235633.00,2.65,-1.77,-0.02,0.53
2005-08-31,1.10,1.13,1.14,1.08,20976,6599148.00,5.41,1.80,0.02,1.08
2005-09-01,1.13,1.17,1.20,1.12,52079,16974540.00,7.08,3.54,0.04,2.67
2005-09-02,1.19,1.21,1.25,1.18,75557,25458397.00,5.98,3.42,0.04,3.88
2005-09-05,1.23,1.22,1.24,1.19,30413,10192427.00,4.13,0.83,0.01,1.56
2005-09-06,1.22,1.20,1.31,1.20,69830,23965573.00,9.02,-1.64,-0.02,3.59
2005-09-07,1.20,1.28,1.31,1.20,73501,25384517.00,9.17,6.67,0.08,3.77
2005-09-08,1.30,1.27,1.33,1.25,53071,18621197.00,6.25,-0.78,-0.01,2.73
2005-09-09,1.27,1.23,1.29,1.23,22922,7834289.00,4.72,-3.15,-0.04,1.18
2005-09-12,1.23,1.27,1.27,1.21,22044,7482956.00,4.88,3.25,0.04,1.13
2005-09-13,1.26,1.28,1.29,1.25,24152,8372197.00,3.15,0.79,0.01,1.24
2005-09-14,1.30,1.30,1.32,1.26,47343,16586184.00,4.69,1.56,0.02,2.43
2005-09-15,1.30,1.29,1.30,1.27,29630,10375510.00,2.31,-0.77,-0.01,1.52
2005-09-16,1.30,1.29,1.33,1.27,68733,24249843.00,4.65,0.00,0.00,3.53
2005-09-19,1.29,1.31,1.32,1.27,52698,18639638.00,3.88,1.55,0.02,2.71
2005-09-20,1.31,1.26,1.31,1.24,38100,13196991.00,5.34,-3.82,-0.05,1.96
2005-09-21,1.27,1.23,1.27,1.21,28498,9679499.00,4.76,-2.38,-0.03,1.46
2005-09-22,1.24,1.15,1.24,1.13,26298,8597508.00,8.94,-6.50,-0.08,1.35
2005-09-23,1.15,1.15,1.18,1.15,23941,7795470.00,2.61,0.00,0.00,1.23
2005-09-26,1.16,1.16,1.16,1.13,12004,3861704.00,2.61,0.87,0.01,0.62
2005-09-27,1.17,1.15,1.17,1.14,18409,5940769.00,2.59,-0.86,-0.01,0.95
2005-09-28,1.16,1.16,1.17,1.15,47972,15596811.00,1.74,0.87,0.01,2.46
2005-09-29,1.16,1.17,1.18,1.12,26913,8704260.00,5.17,0.86,0.01,1.38
2005-09-30,1.16,1.14,1.17,1.13,12705,4083884.00,3.42,-2.56,-0.03,0.65
2005-10-10,1.14,1.16,1.17,1.08,24423,7779394.00,7.89,1.75,0.02,1.25
2005-10-11,1.15,1.17,1.17,1.12,9983,3225774.00,4.31,0.86,0.01,0.51
2005-10-12,1.17,1.16,1.17,1.13,20022,6460617.00,3.42,-0.85,-0.01,1.03
2005-10-13,1.15,1.13,1.16,1.13,10123,3245951.00,2.59,-2.59,-0.03,0.52
2005-10-14,1.13,1.11,1.14,1.10,13359,4227900.00,3.54,-1.77,-0.02,0.69
2005-10-17,1.11,1.12,1.13,1.10,9636,3033562.00,2.70,0.90,0.01,0.49
2005-10-18,1.12,1.13,1.13,1.10,9329,2947947.00,2.68,0.89,0.01,0.48
2005-10-19,1.14,1.11,1.14,1.10,9204,2919193.00,3.54,-1.77,-0.02,0.47
2005-10-20,1.11,1.06,1.11,1.04,15228,4686026.00,6.31,-4.50,-0.05,0.78
2005-10-21,1.07,1.08,1.10,1.06,12479,3850892.00,3.77,1.89,0.02,0.64
2005-10-24,1.08,1.11,1.11,1.06,10817,3358588.00,4.63,2.78,0.03,0.56
2005-10-25,1.11,1.06,1.12,1.06,13481,4196536.00,5.41,-4.50,-0.05,0.69
2005-10-26,1.06,1.03,1.08,1.01,12278,3697115.00,6.60,-2.83,-0.03,0.63
2005-10-27,1.02,0.99,1.04,0.97,12928,3771815.00,6.80,-3.88,-0.04,0.66
2005-10-28,1.00,0.94,1.01,0.93,10596,3017918.00,8.08,-5.05,-0.05,0.54
2005-10-31,0.95,0.96,0.97,0.94,7982,2260794.00,3.19,2.13,0.02,0.41
2005-11-01,0.95,0.95,0.97,0.92,8004,2249455.00,5.21,-1.04,-0.01,0.41
2005-11-02,0.96,0.99,0.99,0.95,14372,4140997.00,4.21,4.21,0.04,0.74
2005-11-03,0.99,0.97,1.00,0.95,7810,2242550.00,5.05,-2.02,-0.02,0.40
2005-11-04,0.95,0.98,0.98,0.95,5342,1522859.00,3.09,1.03,0.01,0.27
2005-11-07,0.98,0.98,0.99,0.96,5699,1632395.00,3.06,0.00,0.00,0.29
2005-11-08,0.98,1.02,1.02,0.97,14835,4352683.00,5.10,4.08,0.04,0.76
2005-11-09,1.02,1.03,1.06,1.00,22594,6737018.00,5.88,0.98,0.01,1.16
2005-11-10,1.01,0.99,1.03,0.98,7931,2316563.00,4.85,-3.88,-0.04,0.41
2005-11-11,0.98,0.98,1.00,0.97,9166,2658190.00,3.03,-1.01,-0.01,0.47
2005-11-14,0.98,1.01,1.01,0.98,6842,2001724.00,3.06,3.06,0.03,0.35
2005-11-15,1.02,1.02,1.04,1.00,16812,5007616.00,3.96,0.99,0.01,0.86
2005-11-16,0.99,1.02,1.02,0.97,7156,2085485.00,4.90,0.00,0.00,0.37
2005-11-17,1.02,1.00,1.02,0.99,7576,2228663.00,2.94,-1.96,-0.02,0.39
2005-11-18,0.99,1.03,1.04,0.99,14232,4241095.00,5.00,3.00,0.03,0.73
2005-11-21,1.03,1.04,1.06,1.03,9584,2882023.00,2.91,0.97,0.01,0.49
2005-11-22,1.04,1.01,1.05,1.01,11869,3525851.00,3.85,-2.88,-0.03,0.61
2005-11-23,1.01,1.04,1.05,1.00,8190,2440265.00,4.95,2.97,0.03,0.42
2005-11-24,1.04,1.04,1.06,1.03,9367,2822023.00,2.88,0.00,0.00,0.48
2005-11-25,1.03,1.07,1.08,1.01,20425,6163963.00,6.73,2.88,0.03,1.05
2005-11-28,1.05,1.08,1.10,1.05,23111,7121603.00,4.67,0.93,0.01,1.19
2005-11-29,1.09,1.09,1.12,1.07,38119,11930689.00,4.63,0.93,0.01,1.96
2005-11-30,1.09,1.16,1.17,1.08,57573,18511009.00,8.26,6.42,0.07,2.96
2005-12-01,1.15,1.17,1.19,1.14,37964,12429450.00,4.31,0.86,0.01,1.95
2005-12-02,1.16,1.16,1.18,1.15,23874,7759617.00,2.56,-0.85,-0.01,1.23
2005-12-05,1.15,1.11,1.15,1.10,20662,6558835.00,4.31,-4.31,-0.05,1.06
2005-12-06,1.10,1.19,1.19,1.10,20890,6755517.00,8.11,7.21,0.08,1.07
2005-12-07,1.17,1.20,1.22,1.16,21115,6988783.00,5.04,0.84,0.01,1.08
2005-12-08,1.18,1.17,1.20,1.16,16228,5328235.00,3.33,-2.50,-0.03,0.83
2005-12-09,1.17,1.20,1.22,1.17,26984,8994408.00,4.27,2.56,0.03,1.39
2005-12-12,1.20,1.18,1.22,1.18,8240,2724178.00,3.33,-1.67,-0.02,0.42
2005-12-13,1.18,1.18,1.18,1.14,10572,3431257.00,3.39,0.00,0.00,0.54
2005-12-14,1.20,1.18,1.20,1.15,9405,3082694.00,4.24,0.00,0.00,0.48
2005-12-15,1.17,1.20,1.21,1.17,21527,7143342.00,3.39,1.69,0.02,1.11
2005-12-16,1.20,1.24,1.26,1.17,25763,8704326.00,7.50,3.33,0.04,1.32
2005-12-19,1.23,1.26,1.29,1.22,28299,9801590.00,5.65,1.61,0.02,1.45
2005-12-20,1.27,1.26,1.28,1.24,11972,4116961.00,3.17,0.00,0.00,0.61
2005-12-21,1.25,1.22,1.28,1.22,10109,3457682.00,4.76,-3.17,-0.04,0.52
2005-12-22,1.22,1.29,1.32,1.22,39483,13839163.00,8.20,5.74,0.07,2.03
2005-12-23,1.29,1.30,1.32,1.28,21451,7556246.00,3.10,0.78,0.01,1.10
2005-12-26,1.30,1.29,1.32,1.28,23133,8176975.00,3.08,-0.77,-0.01,1.19
2005-12-27,1.29,1.29,1.30,1.25,19131,6637746.00,3.88,0.00,0.00,0.98
2005-12-28,1.27,1.31,1.31,1.27,10383,3648343.00,3.10,1.55,0.02,0.53
2005-12-29,1.30,1.36,1.37,1.29,31861,11477075.00,6.11,3.82,0.05,1.64
2005-12-30,1.36,1.31,1.37,1.30,18285,6589343.00,5.15,-3.68,-0.05,0.94