2023-01-03,2.25,2.30,2.30,2.25,224677,51236196.00,2.21,1.77,0.04,2.03
2023-01-04,2.29,2.37,2.40,2.28,350622,82768357.00,5.22,3.04,0.07,3.17
2023-01-05,2.38,2.31,2.40,2.29,314858,73122488.00,4.64,-2.53,-0.06,2.85
2023-01-06,2.34,2.25,2.35,2.24,304481,69415037.00,4.76,-2.60,-0.06,2.75
2023-01-09,2.25,2.25,2.27,2.23,193060,43418475.00,1.78,0.00,0.00,1.75
2023-01-10,2.25,2.23,2.25,2.20,253780,56390505.00,2.22,-0.89,-0.02,2.30
2023-01-11,2.23,2.22,2.27,2.22,217390,48700738.00,2.24,-0.45,-0.01,1.97
2023-01-12,2.21,2.17,2.22,2.16,243568,53112126.00,2.70,-2.25,-0.05,2.20
2023-01-13,2.19,2.18,2.20,2.16,153864,33545971.00,1.84,0.46,0.01,1.39
2023-01-16,2.19,2.21,2.22,2.16,173472,38000854.00,2.75,1.38,0.03,1.57
2023-01-17,2.21,2.20,2.22,2.19,127524,28087464.00,1.36,-0.45,-0.01,1.15
2023-01-18,2.21,2.23,2.25,2.20,168686,37650172.00,2.27,1.36,0.03,1.53
2023-01-19,2.22,2.23,2.24,2.20,173098,38453729.00,1.79,0.00,0.00,1.57
2023-01-20,2.24,2.32,2.36,2.23,325047,74805063.00,5.83,4.04,0.09,2.94
2023-01-30,2.31,2.34,2.35,2.31,296702,69225324.00,1.72,0.86,0.02,2.68
2023-01-31,2.31,2.32,2.33,2.21,335391,76531566.00,5.13,-0.85,-0.02,3.03
2023-02-01,2.33,2.32,2.34,2.26,306797,70215492.00,3.45,0.00,0.00,2.77
2023-02-02,2.31,2.30,2.32,2.27,217412,49806491.00,2.16,-0.86,-0.02,1.97
2023-02-03,2.31,2.28,2.31,2.26,198627,45269686.00,2.17,-0.87,-0.02,1.80
2023-02-06,2.27,2.26,2.30,2.25,153327,34804005.00,2.19,-0.88,-0.02,1.39
2023-02-07,2.26,2.31,2.32,2.25,250804,57649924.00,3.10,2.21,0.05,2.27
2023-02-08,2.31,2.30,2.34,2.29,189739,43845228.00,2.16,-0.43,-0.01,1.72
2023-02-09,2.30,2.30,2.30,2.27,154352,35257571.00,1.30,0.00,0.00,1.40
2023-02-10,2.30,2.31,2.33,2.29,179326,41405572.00,1.74,0.43,0.01,1.62
2023-02-13,2.31,2.34,2.36,2.31,241087,56395740.00,2.16,1.30,0.03,2.18
2023-02-14,2.36,2.32,2.36,2.31,167742,39157481.00,2.14,-0.85,-0.02,1.52
2023-02-15,2.32,2.29,2.32,2.28,154806,35512639.00,1.72,-1.29,-0.03,1.40
2023-02-16,2.30,2.24,2.32,2.22,197336,45030290.00,4.37,-2.18,-0.05,1.78
2023-02-17,2.24,2.24,2.28,2.23,146107,32870132.00,2.23,0.00,0.00,1.32
2023-02-20,2.25,2.25,2.26,2.22,161336,36125114.00,1.79,0.45,0.01,1.46
2023-02-21,2.28,2.27,2.31,2.25,214786,48982855.00,2.67,0.89,0.02,1.94
2023-02-22,2.27,2.26,2.28,2.24,123637,27945484.00,1.76,-0.44,-0.01,1.12
2023-02-23,2.27,2.25,2.29,2.24,203544,46019280.00,2.21,-0.44,-0.01,1.84
2023-02-24,2.26,2.22,2.26,2.21,172181,38280963.00,2.22,-1.33,-0.03,1.56
2023-02-27,2.23,2.19,2.24,2.18,139580,30886919.00,2.70,-1.35,-0.03,1.26
2023-02-28,2.20,2.22,2.23,2.18,182368,40112097.00,2.28,1.37,0.03,1.65
2023-03-01,2.22,2.23,2.24,2.21,169831,37724506.00,1.35,0.45,0.01,1.54
2023-03-02,2.24,2.21,2.24,2.20,160512,35626733.00,1.79,-0.90,-0.02,1.45
2023-03-03,2.21,2.21,2.22,2.19,135571,29860462.00,1.36,0.00,0.00,1.23
2023-03-06,2.22,2.17,2.23,2.15,297088,64778282.00,3.62,-1.81,-0.04,2.69
2023-03-07,2.17,2.11,2.17,2.11,215885,46264094.00,2.76,-2.76,-0.06,1.95
2023-03-08,2.11,2.15,2.15,2.10,158401,33726487.00,2.37,1.90,0.04,1.43
2023-03-09,2.16,2.13,2.16,2.11,98272,20937776.00,2.33,-0.93,-0.02,0.89
2023-03-10,2.13,2.10,2.13,2.09,125070,26326138.00,1.88,-1.41,-0.03,1.13
2023-03-13,2.09,2.08,2.12,2.06,134592,28039564.00,2.86,-0.95,-0.02,1.22
2023-03-14,2.07,2.05,2.08,2.02,153369,31424570.00,2.88,-1.44,-0.03,1.39
2023-03-15,2.05,2.07,2.08,2.05,93736,19340721.00,1.46,0.98,0.02,0.85
2023-03-16,2.06,2.03,2.06,2.02,113742,23180598.00,1.93,-1.93,-0.04,1.03
2023-03-17,2.04,2.03,2.05,2.03,110324,22480715.00,0.99,0.00,0.00,1.00
2023-03-20,2.04,2.01,2.04,2.00,153395,31001391.00,1.97,-0.99,-0.02,1.39
2023-03-21,2.00,2.02,2.02,1.99,114603,23025725.00,1.49,0.50,0.01,1.04
2023-03-22,2.03,2.03,2.05,2.01,149100,30256747.00,1.98,0.50,0.01,1.35
2023-03-23,2.02,2.01,2.03,2.00,130629,26250562.00,1.48,-0.99,-0.02,1.18
2023-03-24,2.01,2.06,2.07,1.99,283747,57680813.00,3.98,2.49,0.05,2.57
2023-03-27,2.06,2.01,2.06,1.99,270445,54374577.00,3.40,-2.43,-0.05,2.45
2023-03-28,2.02,1.97,2.02,1.97,162915,32412976.00,2.49,-1.99,-0.04,1.47
2023-03-29,1.97,1.97,1.98,1.94,161535,31664042.00,2.03,0.00,0.00,1.46
2023-03-30,1.96,1.93,1.96,1.93,148580,28790472.00,1.52,-2.03,-0.04,1.34
2023-03-31,1.93,1.95,1.96,1.93,98988,19245883.00,1.55,1.04,0.02,0.90
2023-04-03,1.96,1.98,1.98,1.93,157812,30975059.00,2.56,1.54,0.03,1.43
2023-04-04,1.98,1.94,1.98,1.93,160637,31295804.00,2.53,-2.02,-0.04,1.45
2023-04-06,1.93,1.91,1.94,1.90,114521,21933713.00,2.06,-1.55,-0.03,1.04
2023-04-07,1.90,1.98,1.98,1.90,236125,46254515.00,4.19,3.66,0.07,2.14
2023-04-10,1.98,1.93,1.98,1.92,193619,37576771.00,3.03,-2.53,-0.05,1.75
2023-04-11,1.93,1.96,1.97,1.90,182184,35409843.00,3.63,1.55,0.03,1.65
2023-04-12,1.97,1.97,1.99,1.94,230830,45318587.00,2.55,0.51,0.01,2.09
2023-04-13,1.98,1.97,1.99,1.96,185585,36678625.00,1.52,0.00,0.00,1.68
2023-04-14,1.98,1.96,1.99,1.96,131993,25989852.00,1.52,-0.51,-0.01,1.19
2023-04-17,1.96,1.95,1.97,1.94,126282,24656396.00,1.53,-0.51,-0.01,1.14
2023-04-18,1.95,1.94,1.96,1.93,102086,19847279.00,1.54,-0.51,-0.01,0.92
2023-04-19,1.95,1.91,1.95,1.91,115159,22146824.00,2.06,-1.55,-0.03,1.04
2023-04-20,1.91,1.91,1.93,1.90,133842,25533853.00,1.57,0.00,0.00,1.21
2023-04-21,1.91,1.88,1.94,1.88,169972,32322779.00,3.14,-1.57,-0.03,1.54
2023-04-24,1.88,1.83,1.88,1.77,254939,46212129.00,5.85,-2.66,-0.05,2.31
2023-04-25,1.83,1.80,1.86,1.77,171334,31019875.00,4.92,-1.64,-0.03,1.55
2023-04-26,1.79,1.82,1.84,1.78,125091,22744339.00,3.33,1.11,0.02,1.13
2023-04-27,1.82,1.81,1.84,1.80,120792,21981169.00,2.20,-0.55,-0.01,1.09
2023-04-28,1.81,1.87,1.88,1.80,175661,32573008.00,4.42,3.31,0.06,1.59
2023-05-04,1.87,1.91,1.95,1.86,267220,51456348.00,4.81,2.14,0.04,2.42
2023-05-05,1.92,1.97,1.98,1.91,282896,55113825.00,3.66,3.14,0.06,2.56
2023-05-08,1.96,1.97,1.98,1.92,214940,41751759.00,3.05,0.00,0.00,1.94
2023-05-09,1.96,1.96,2.00,1.95,224249,44351302.00,2.54,-0.51,-0.01,2.03
2023-05-10,1.96,1.94,1.98,1.92,147094,28668321.00,3.06,-1.02,-0.02,1.33
2023-05-11,1.94,1.97,1.98,1.92,155218,30519484.00,3.09,1.55,0.03,1.40
2023-05-12,1.97,1.96,1.99,1.95,132088,26026740.00,2.03,-0.51,-0.01,1.19
2023-05-15,1.97,1.94,1.98,1.91,144123,27837901.00,3.57,-1.02,-0.02,1.30
2023-05-16,1.94,1.93,1.97,1.93,113769,22142912.00,2.06,-0.52,-0.01,1.03
2023-05-17,1.94,1.94,1.96,1.92,79775,15486937.00,2.07,0.52,0.01,0.72
2023-05-18,1.95,1.92,1.96,1.91,110553,21332826.00,2.58,-1.03,-0.02,1.00
2023-05-19,1.91,1.89,1.92,1.88,112887,21389020.00,2.08,-1.56,-0.03,1.02
2023-05-22,1.89,1.85,1.89,1.84,144140,26699770.00,2.65,-2.12,-0.04,1.30
2023-05-23,1.85,1.83,1.87,1.83,96367,17815903.00,2.16,-1.08,-0.02,0.87
2023-05-24,1.83,1.80,1.83,1.79,138140,24992855.00,2.19,-1.64,-0.03,1.25
2023-05-25,1.80,1.81,1.81,1.78,105263,18879672.00,1.67,0.56,0.01,0.95
2023-05-26,1.81,1.81,1.81,1.77,107120,19146428.00,2.21,0.00,0.00,0.97
2023-05-29,1.80,1.63,1.80,1.63,462645,78212465.00,9.39,-9.94,-0.18,4.18
2023-05-30,1.51,1.68,1.69,1.51,404467,66179124.00,11.04,3.07,0.05,3.66
2023-05-31,1.68,1.72,1.78,1.66,393122,68487821.00,7.14,2.38,0.04,3.56
2023-06-01,1.73,1.67,1.73,1.65,202883,34030750.00,4.65,-2.91,-0.05,1.83
2023-06-02,1.66,1.73,1.76,1.66,236636,40865607.00,5.99,3.59,0.06,2.14
2023-06-05,1.73,1.76,1.77,1.72,160970,28076596.00,2.89,1.73,0.03,1.46
2023-06-06,1.76,1.75,1.79,1.74,172426,30403248.00,2.84,-0.57,-0.01,1.56
2023-06-07,1.76,1.82,1.84,1.74,263392,47547108.00,5.71,4.00,0.07,2.38
2023-06-08,1.82,1.84,1.87,1.80,211701,38903864.00,3.85,1.10,0.02,1.91
2023-06-09,1.84,1.80,1.84,1.79,180315,32643570.00,2.72,-2.17,-0.04,1.63
2023-06-12,1.79,1.82,1.83,1.77,176566,31821797.00,3.33,1.11,0.02,1.60
2023-06-13,1.81,1.80,1.86,1.79,133585,24251236.00,3.85,-1.10,-0.02,1.21
2023-06-14,1.78,1.81,1.83,1.78,139987,25314494.00,2.78,0.56,0.01,1.27
2023-06-15,1.81,1.99,1.99,1.79,384079,74235907.00,11.05,9.94,0.18,3.47
2023-06-16,1.99,1.94,2.10,1.91,947063,187174584.00,9.55,-2.51,-0.05,8.57
2023-06-19,1.95,1.88,1.96,1.84,597437,112112887.00,6.19,-3.09,-0.06,5.40
2023-06-20,1.87,1.75,1.87,1.75,524158,93467546.00,6.38,-6.91,-0.13,4.74
2023-06-21,1.76,1.75,1.90,1.74,473536,84777388.00,9.14,0.00,0.00,4.28
2023-06-26,1.73,1.69,1.75,1.69,322342,55108894.00,3.43,-3.43,-0.06,2.92
2023-06-27,1.70,1.79,1.79,1.68,408357,71301837.00,6.51,5.92,0.10,3.69
2023-06-28,1.79,1.76,1.80,1.73,216582,38166172.00,3.91,-1.68,-0.03,1.96
2023-06-29,1.79,1.72,1.79,1.71,211250,36555075.00,4.55,-2.27,-0.04,1.91
2023-06-30,1.72,1.76,1.79,1.71,259747,45909422.00,4.65,2.33,0.04,2.35
2023-07-03,1.76,1.79,1.82,1.76,197322,35407137.00,3.41,1.70,0.03,1.78
2023-07-04,1.80,1.79,1.80,1.76,152329,27138936.00,2.23,0.00,0.00,1.38
2023-07-05,1.79,1.77,1.81,1.76,160741,28686618.00,2.79,-1.12,-0.02,1.45
2023-07-06,1.78,1.83,1.84,1.74,361690,64967240.00,5.65,3.39,0.06,3.27
2023-07-07,1.80,1.84,1.91,1.79,399836,74093079.00,6.56,0.55,0.01,3.62
2023-07-10,1.83,1.84,1.87,1.81,260814,47899712.00,3.26,0.00,0.00,2.36
2023-07-11,1.87,1.85,1.90,1.84,261749,48925751.00,3.26,0.54,0.01,2.37
2023-07-12,1.83,1.80,1.85,1.79,211625,38493391.00,3.24,-2.70,-0.05,1.91
2023-07-13,1.81,1.81,1.83,1.78,141645,25572918.00,2.78,0.56,0.01,1.28
2023-07-14,1.80,1.83,1.85,1.79,172526,31406848.00,3.31,1.10,0.02,1.56
2023-07-17,1.81,1.82,1.83,1.78,153636,27760850.00,2.73,-0.55,-0.01,1.39
2023-07-18,1.82,1.85,1.86,1.80,148416,27226316.00,3.30,1.65,0.03,1.34
2023-07-19,1.84,1.88,1.88,1.83,173998,32443321.00,2.70,1.62,0.03,1.57
2023-07-20,1.88,1.90,1.92,1.85,292364,55463458.00,3.72,1.06,0.02,2.64
2023-07-21,1.89,2.09,2.09,1.87,767272,155513493.00,11.58,10.00,0.19,6.94
2023-07-24,2.30,2.13,2.30,2.08,2052080,450997895.00,10.53,1.91,0.04,18.56
2023-07-25,2.10,2.34,2.34,2.08,2044041,464021893.00,12.21,9.86,0.21,18.49
2023-07-26,2.26,2.57,2.57,2.25,2297866,565004737.00,13.68,9.83,0.23,20.78
2023-07-27,2.40,2.31,2.51,2.31,2050123,488995194.00,7.78,-10.12,-0.26,18.54
2023-07-28,2.24,2.28,2.38,2.21,1535715,350766540.00,7.36,-1.30,-0.03,13.89
2023-07-31,2.28,2.51,2.51,2.28,823237,202086498.00,10.09,10.09,0.23,7.45
2023-08-01,2.55,2.56,2.75,2.48,2554182,660617462.00,10.76,1.99,0.05,23.10
2023-08-02,2.51,2.53,2.63,2.44,1477527,377731474.00,7.42,-1.17,-0.03,13.36
2023-08-03,2.53,2.65,2.68,2.44,1851502,477666038.00,9.49,4.74,0.12,16.75
2023-08-04,2.72,2.60,2.80,2.52,1544095,401771209.00,10.57,-1.89,-0.05,13.96
2023-08-07,2.50,2.43,2.51,2.34,1305570,312770740.00,6.54,-6.54,-0.17,11.81
2023-08-08,2.41,2.35,2.46,2.33,909107,215953002.00,5.35,-3.29,-0.08,8.22
2023-08-09,2.37,2.59,2.59,2.33,1953524,496232193.00,11.06,10.21,0.24,17.67
2023-08-10,2.60,2.60,2.65,2.45,1907177,487740435.00,7.72,0.39,0.01,17.25
2023-08-11,2.86,2.86,2.86,2.74,2772824,785143403.00,4.62,10.00,0.26,25.08
2023-08-14,2.60,2.57,2.69,2.57,2159244,559670334.00,4.20,-10.14,-0.29,19.53
2023-08-15,2.49,2.56,2.62,2.45,1565954,394869185.00,6.61,-0.39,-0.01,14.16
2023-08-16,2.56,2.82,2.82,2.49,1925968,519123411.00,12.89,10.16,0.26,17.42
2023-08-17,2.87,3.02,3.10,2.87,3286026,994828550.00,8.16,7.09,0.20,29.72
2023-08-18,2.97,3.11,3.32,2.95,3277212,1049654275.00,12.25,2.98,0.09,29.64
2023-08-21,2.81,2.97,3.12,2.81,2356811,701144253.00,9.97,-4.50,-0.14,21.32
2023-08-22,2.85,3.27,3.27,2.85,1730019,549577106.00,14.14,10.10,0.30,15.65
2023-08-23,3.38,3.09,3.38,3.01,2514629,792549945.00,11.31,-5.50,-0.18,22.74
2023-08-24,3.03,3.04,3.13,2.87,1982791,594119431.00,8.41,-1.62,-0.05,17.93
2023-08-25,2.96,3.16,3.31,2.95,2585643,802523526.00,11.84,3.95,0.12,23.38
2023-08-28,3.48,3.48,3.48,3.21,3274679,1117935384.00,8.54,10.13,0.32,29.62
2023-08-29,3.37,3.80,3.83,3.30,3297368,1167362733.00,15.23,9.20,0.32,29.82
2023-08-30,3.70,3.62,3.86,3.58,2517335,931993392.00,7.37,-4.74,-0.18,22.77
2023-08-31,3.63,3.49,3.80,3.34,1832604,655812936.00,12.71,-3.59,-0.13,16.57
2023-09-01,3.58,3.45,3.66,3.33,1603933,557218751.00,9.46,-1.15,-0.04,14.51
2023-09-04,3.46,3.18,3.51,3.12,1894815,621744382.00,11.30,-7.83,-0.27,17.14
2023-09-05,3.16,2.93,3.16,2.90,1503476,445876476.00,8.18,-7.86,-0.25,13.60
2023-09-06,2.96,3.07,3.10,2.86,1686932,505080601.00,8.19,4.78,0.14,15.26
2023-09-07,2.97,3.07,3.28,2.95,1458399,453259047.00,10.75,0.00,0.00,13.19
2023-09-08,2.98,2.80,3.01,2.77,1388343,394827085.00,7.82,-8.79,-0.27,12.56
2023-09-11,2.83,2.71,2.84,2.67,937536,253775415.00,6.07,-3.21,-0.09,8.48
2023-09-12,2.71,2.70,2.72,2.66,781576,210102739.00,2.21,-0.37,-0.01,7.07
2023-09-13,2.68,2.70,2.75,2.67,741441,200802750.00,2.96,0.00,0.00,6.71
2023-09-14,2.69,2.66,2.70,2.63,679741,180565865.00,2.59,-1.48,-0.04,6.15
2023-09-15,2.68,2.64,2.72,2.63,539501,143856136.00,3.38,-0.75,-0.02,4.88
2023-09-18,2.63,2.68,2.72,2.59,780004,206345397.00,4.92,1.52,0.04,7.05
2023-09-19,2.65,2.60,2.71,2.60,544565,143799835.00,4.10,-2.99,-0.08,4.93
2023-09-20,2.59,2.62,2.66,2.58,497582,130751732.00,3.08,0.77,0.02,4.50
2023-09-21,2.61,2.59,2.68,2.58,472783,124038352.00,3.82,-1.15,-0.03,4.28
2023-09-22,2.58,2.66,2.67,2.57,763117,201462623.00,3.86,2.70,0.07,6.90
2023-09-25,2.65,2.52,2.66,2.50,823346,209028050.00,6.02,-5.26,-0.14,7.45
2023-09-26,2.50,2.48,2.54,2.48,463056,115711576.00,2.38,-1.59,-0.04,4.19
2023-09-27,2.49,2.43,2.52,2.42,531238,130757161.00,4.03,-2.02,-0.05,4.80
2023-09-28,2.43,2.44,2.48,2.41,431623,105513189.00,2.88,0.41,0.01,3.90
2023-10-09,2.46,2.36,2.48,2.35,476106,113484166.00,5.33,-3.28,-0.08,4.31
2023-10-10,2.37,2.34,2.40,2.33,357704,84546008.00,2.97,-0.85,-0.02,3.24
2023-10-11,2.36,2.31,2.38,2.29,418555,97343970.00,3.85,-1.28,-0.03,3.79
2023-10-12,2.32,2.35,2.37,2.30,440778,103253938.00,3.03,1.73,0.04,3.99
2023-10-13,2.34,2.33,2.37,2.32,294585,69080131.00,2.13,-0.85,-0.02,2.66
2023-10-16,2.33,2.31,2.36,2.29,288576,66936281.00,3.00,-0.86,-0.02,2.61
2023-10-17,2.32,2.30,2.33,2.26,332033,75921388.00,3.03,-0.43,-0.01,3.00
2023-10-18,2.28,2.26,2.29,2.26,284745,64660257.00,1.30,-1.74,-0.04,2.58
2023-10-19,2.27,2.31,2.34,2.23,274519,63255683.00,4.87,2.21,0.05,2.48