MjAxNS0wMS0wNSw3LjM4LDcuMzgsNy41Miw3LjEzLDI2NjQ1NiwxOTY0OTAyNzQuMDAsNS4xNiwtMi4zOCwtMC4xOCwyLjUx
2015-01-06,7.33,7.52,7.72,7.22,227189,171819330.00,6.78,1.90,0.14,2.14
2015-01-07,7.51,7.44,7.60,7.34,150471,113409112.00,3.46,-1.06,-0.08,1.42
2015-01-08,7.42,7.20,7.42,7.19,170541,125541774.00,3.09,-3.23,-0.24,1.61
2015-01-09,7.19,7.16,7.35,7.14,121864,89130145.00,2.92,-0.56,-0.04,1.15
2015-01-12,7.17,6.88,7.17,6.83,162145,114111113.00,4.75,-3.91,-0.28,1.53
2015-01-13,6.87,6.91,6.96,6.80,101250,70458551.00,2.33,0.44,0.03,0.95
2015-01-14,6.92,6.85,7.01,6.83,72765,50884777.00,2.60,-0.87,-0.06,0.69
2015-01-15,6.84,7.09,7.13,6.82,123608,87579032.00,4.53,3.50,0.24,1.16
2015-01-16,7.03,7.16,7.41,7.03,157273,114794292.00,5.36,0.99,0.07,1.48
2015-01-19,6.94,6.66,7.00,6.48,191096,131580141.00,7.26,-6.98,-0.50,1.80
2015-01-20,6.66,6.87,6.91,6.66,115989,80137084.00,3.75,3.15,0.21,1.09
2015-01-21,6.96,7.06,7.11,6.94,152920,108736367.00,2.47,2.77,0.19,1.44
2015-01-22,7.12,7.23,7.23,7.06,156145,112735066.00,2.41,2.41,0.17,1.47
2015-01-23,7.26,7.07,7.32,7.05,127391,91702411.00,3.73,-2.21,-0.16,1.20
2015-01-26,7.08,7.21,7.22,7.08,109843,79543516.00,1.98,1.98,0.14,1.03
2015-01-27,7.23,7.39,7.40,7.18,228521,168503846.00,3.05,2.50,0.18,2.15
2015-01-28,7.33,7.27,7.40,7.24,140610,103583987.00,2.17,-1.62,-0.12,1.32
2015-01-29,7.29,7.20,7.32,7.20,107447,78803886.00,1.65,-0.96,-0.07,1.01
2015-01-30,7.20,7.01,7.30,7.00,111655,80036897.00,4.17,-2.64,-0.19,1.05
2015-02-02,6.89,6.86,6.96,6.80,81264,56470955.00,2.28,-2.14,-0.15,0.77
2015-02-03,6.83,7.00,7.01,6.83,73545,51571436.00,2.62,2.04,0.14,0.69
2015-02-04,7.01,7.14,7.17,6.93,117711,83860531.00,3.43,2.00,0.14,1.11
2015-02-05,7.21,6.94,7.24,6.93,91180,65052570.00,4.34,-2.80,-0.20,0.86
2015-02-06,6.96,6.84,7.01,6.80,77309,53620811.00,3.03,-1.44,-0.10,0.73
2015-02-09,6.81,6.86,6.91,6.80,41576,28810608.00,1.61,0.29,0.02,0.39
2015-02-10,6.87,7.09,7.12,6.86,91693,65062185.00,3.79,3.35,0.23,0.86
2015-02-11,7.11,7.11,7.22,7.05,90595,65331573.00,2.40,0.28,0.02,0.85
2015-02-12,7.12,7.20,7.29,7.08,132943,96899730.00,2.95,1.27,0.09,1.25
2015-02-13,7.19,7.21,7.27,7.17,109998,80226360.00,1.39,0.14,0.01,1.04
2015-02-16,7.21,7.23,7.27,7.17,88016,64241212.00,1.39,0.28,0.02,0.83
2015-02-17,7.25,7.24,7.33,7.23,88832,65200689.00,1.38,0.14,0.01,0.84
2015-02-25,7.26,7.23,7.28,7.13,79429,57870169.00,2.07,-0.14,-0.01,0.75
2015-02-26,7.17,7.40,7.41,7.14,187960,138829305.00,3.73,2.35,0.17,1.77
2015-02-27,7.50,7.39,7.51,7.36,147421,110266114.00,2.03,-0.14,-0.01,1.39
2015-03-02,7.43,7.43,7.44,7.28,180761,134530870.00,2.17,0.54,0.04,1.70
2015-03-03,7.40,7.54,7.61,7.31,271111,204095250.00,4.04,1.48,0.11,2.55
2015-03-04,7.55,8.06,8.21,7.55,458370,363632064.00,8.75,6.90,0.52,4.32
2015-03-05,8.09,7.93,8.09,7.78,268221,213750774.00,3.85,-1.61,-0.13,2.53
2015-03-31,8.73,8.73,8.73,8.73,18201,16017020.00,0.00,10.09,0.80,0.17
2015-04-01,9.61,9.61,9.61,9.11,808258,768399424.00,5.73,10.08,0.88,7.62
2015-04-02,10.11,10.58,10.58,9.86,561083,585557392.00,7.49,10.09,0.97,5.29
2015-04-03,11.13,11.65,11.65,10.79,683978,787322048.00,8.13,10.11,1.07,6.44
2015-04-07,12.34,11.97,12.82,10.93,1481325,1831310640.00,16.22,2.75,0.32,13.96
2015-04-08,11.98,11.42,11.99,11.05,806396,928822912.00,7.85,-4.59,-0.55,7.60
2015-04-09,11.29,10.89,11.30,10.60,608114,666436880.00,6.13,-4.64,-0.53,5.73
2015-04-10,10.81,11.36,11.42,10.65,613025,689017008.00,7.07,4.32,0.47,5.78
2015-04-13,11.23,11.38,11.62,11.05,573307,654601056.00,5.02,0.18,0.02,5.40
2015-04-14,11.29,11.15,11.42,11.04,396611,446709792.00,3.34,-2.02,-0.23,3.74
2015-04-15,11.04,10.88,11.32,10.64,372565,411162176.00,6.10,-2.42,-0.27,3.51
2015-04-16,10.61,10.76,10.91,10.44,316338,340562384.00,4.32,-1.10,-0.12,2.98
2015-04-17,10.80,11.08,11.47,10.80,489489,550739360.00,6.23,2.97,0.32,4.61
2015-04-20,10.93,10.43,11.05,10.35,514210,553208736.00,6.32,-5.87,-0.65,4.85
2015-04-21,10.38,10.73,10.73,10.33,259085,275912640.00,3.84,2.88,0.30,2.44
2015-04-22,10.72,10.98,11.12,10.66,356830,393885664.00,4.29,2.33,0.25,3.36
2015-04-23,11.22,11.59,11.90,11.21,765693,888062208.00,6.28,5.56,0.61,7.21
2015-04-24,11.41,11.20,11.42,11.03,397054,448931520.00,3.36,-3.36,-0.39,3.74
2015-04-27,11.24,11.12,11.41,11.03,346107,388295456.00,3.39,-0.71,-0.08,3.26
2015-04-28,11.12,10.58,11.31,10.43,359292,391250480.00,7.91,-4.86,-0.54,3.39
2015-04-29,10.43,10.75,10.84,10.34,185551,199048078.00,4.73,1.61,0.17,1.75
2015-04-30,10.82,10.64,10.88,10.63,202759,218483799.00,2.33,-1.02,-0.11,1.91
2015-05-04,10.57,10.76,10.89,10.43,211066,226431410.00,4.32,1.13,0.12,1.99
2015-05-05,10.82,11.08,11.23,10.65,473354,524011584.00,5.39,2.97,0.32,4.46
2015-05-06,11.23,10.69,11.58,10.63,477541,538334752.00,8.57,-3.52,-0.39,4.50
2015-05-07,10.43,9.61,10.45,9.61,419333,417950080.00,7.86,-10.10,-1.08,3.95
2015-05-08,9.62,9.91,9.96,9.62,221739,218468147.00,3.54,3.12,0.30,2.09
2015-05-11,10.00,10.32,10.37,10.00,244547,250723041.00,3.73,4.14,0.41,2.30
2015-05-12,10.41,10.40,10.49,10.16,277985,288727088.00,3.20,0.78,0.08,2.62
2015-05-13,10.58,11.28,11.43,10.43,688119,772680288.00,9.62,8.46,0.88,6.48
2015-05-14,11.23,11.36,11.53,10.94,563555,637746768.00,5.23,0.71,0.08,5.31
2015-05-15,11.33,11.11,11.33,10.95,321842,360418336.00,3.35,-2.20,-0.25,3.03
2015-05-18,10.99,11.53,11.60,10.83,526596,605398208.00,6.93,3.78,0.42,4.96
2015-05-19,11.62,11.73,11.90,11.41,513553,599694944.00,4.25,1.73,0.20,4.84
2015-05-20,11.76,11.54,12.38,11.47,662061,798294672.00,7.76,-1.62,-0.19,6.24
2015-05-21,11.49,11.90,11.91,11.35,495166,576732432.00,4.85,3.12,0.36,4.67
2015-05-22,11.94,12.00,12.27,11.66,567613,682305392.00,5.13,0.84,0.10,5.35
2015-05-25,12.00,12.48,12.58,11.85,687423,852304480.00,6.08,4.00,0.48,6.48
2015-05-26,12.53,13.17,13.42,12.23,787590,1016128880.00,9.54,5.53,0.69,7.42
2015-05-27,13.14,12.94,13.32,12.73,582421,759540960.00,4.48,-1.75,-0.23,5.49
2015-05-28,12.95,11.71,13.58,11.64,729297,939804352.00,14.99,-9.51,-1.23,6.87
2015-05-29,11.63,11.41,11.93,10.81,517833,596020848.00,9.56,-2.56,-0.30,4.88
2015-06-01,11.45,12.08,12.11,11.45,465864,555389216.00,5.78,5.87,0.67,4.39
2015-06-02,12.11,12.76,12.77,12.09,499894,625354624.00,5.63,5.63,0.68,4.71
2015-06-03,12.83,13.42,13.74,12.83,748538,1002979408.00,7.13,5.17,0.66,7.05
2015-06-04,13.43,14.77,14.77,12.11,907648,1226117024.00,19.82,10.06,1.35,8.55
2015-06-05,14.96,15.63,15.88,14.59,1088701,1678937936.00,8.73,5.82,0.86,10.26
2015-06-08,15.51,14.71,15.51,14.61,757004,1133339136.00,5.76,-5.89,-0.92,7.13
2015-06-09,14.48,14.12,14.70,13.93,486346,695990704.00,5.23,-4.01,-0.59,4.58
2015-06-10,13.94,14.53,14.93,13.73,523670,764267440.00,8.50,2.90,0.41,4.93
2015-06-11,14.61,14.52,14.70,14.16,378432,547338464.00,3.72,-0.07,-0.01,3.57
2015-06-12,14.52,14.74,14.89,14.52,487667,720038496.00,2.55,1.52,0.22,4.59
2015-06-15,14.68,14.91,15.41,14.61,629343,954239536.00,5.43,1.15,0.17,5.93
2015-06-16,14.93,14.72,15.41,14.53,583910,877283776.00,5.90,-1.27,-0.19,5.50
2015-06-17,14.72,14.85,14.93,13.58,563714,813514000.00,9.17,0.88,0.13,5.31
2015-06-18,14.88,13.90,14.88,13.88,436407,631306288.00,6.73,-6.40,-0.95,4.11
2015-06-19,13.42,12.51,13.61,12.51,366338,475746928.00,7.91,-10.00,-1.39,3.45
2015-06-23,12.40,12.20,12.70,11.25,396494,475078288.00,11.59,-2.48,-0.31,3.74
2015-06-24,12.45,12.62,12.78,12.20,345627,434613280.00,4.75,3.44,0.42,3.26
2015-06-25,12.62,12.24,13.05,11.71,359452,456393072.00,10.62,-3.01,-0.38,3.39
2015-06-26,11.75,11.01,12.03,11.01,313445,357417488.00,8.33,-10.05,-1.23,2.95
2015-06-29,11.43,9.90,11.44,9.90,390845,408208400.00,13.99,-10.08,-1.11,3.68
2015-06-30,9.50,10.60,10.64,8.91,480569,467798240.00,17.47,7.07,0.70,4.48
2015-07-01,10.35,9.58,10.83,9.54,419622,433054288.00,12.17,-9.62,-1.02,3.91
2015-07-02,9.48,8.62,9.73,8.62,356189,323524192.00,11.59,-10.02,-0.96,3.32
2015-07-03,8.25,7.75,8.77,7.75,378777,306029296.00,11.83,-10.09,-0.87,3.53
2015-07-06,8.50,7.52,8.50,6.97,422845,326967696.00,19.74,-2.97,-0.23,3.94
2015-07-07,7.15,6.76,7.44,6.76,306259,212539475.00,9.04,-10.11,-0.76,2.85
2015-07-08,6.08,7.08,7.43,6.08,817506,554151888.00,19.97,4.73,0.32,7.62
2015-07-09,7.08,7.79,7.79,7.08,372139,283554672.00,10.03,10.03,0.71,3.47
2015-07-10,8.03,8.57,8.57,8.00,375165,319586928.00,7.32,10.01,0.78,3.50
2015-07-13,8.98,9.43,9.43,8.81,462789,426040432.00,7.23,10.04,0.86,4.31
2015-07-14,9.43,9.03,9.95,8.85,628960,591645968.00,11.66,-4.24,-0.40,5.86
2015-07-15,8.72,8.12,8.94,8.12,350381,296310624.00,9.08,-10.08,-0.91,3.27
2015-07-16,8.12,8.31,8.64,7.41,335781,278390128.00,15.15,2.34,0.19,3.13
2015-07-17,8.43,8.94,9.05,8.33,293444,257574811.00,8.66,7.58,0.63,2.73
2015-07-20,8.95,8.99,9.25,8.80,328946,298807136.00,5.03,0.56,0.05,3.07
2015-07-21,8.91,9.10,9.24,8.66,319493,291593520.00,6.45,1.22,0.11,2.98
2015-07-22,8.99,9.18,9.24,8.86,307515,281188496.00,4.18,0.88,0.08,2.87
2015-07-23,9.22,9.41,9.45,9.06,361037,336876368.00,4.25,2.51,0.23,3.36
2015-07-24,9.41,9.01,9.55,8.94,391736,366598832.00,6.48,-4.25,-0.40,3.65
2015-07-27,8.65,8.10,8.95,8.10,298655,257122731.00,9.43,-10.10,-0.91,2.78
2015-07-28,7.88,8.13,8.20,7.30,371191,291287152.00,11.11,0.37,0.03,3.46
2015-07-29,8.35,8.57,8.61,7.96,214874,177726423.00,8.00,5.41,0.44,2.00
2015-07-30,8.40,8.29,8.90,8.25,266537,230771102.00,7.58,-3.27,-0.28,2.48
2015-07-31,8.14,8.45,8.55,8.12,192917,162664573.00,5.19,1.93,0.16,1.80
2015-08-03,8.34,8.73,8.75,8.07,189704,158972184.00,8.05,3.31,0.28,1.77
2015-08-04,8.74,9.22,9.24,8.69,265346,239111681.00,6.30,5.61,0.49,2.47
2015-08-05,9.15,8.86,9.29,8.81,243321,221885870.00,5.21,-3.90,-0.36,2.27
2015-08-06,8.68,8.60,8.89,8.50,159407,139413117.00,4.40,-2.93,-0.26,1.49
2015-08-07,8.70,8.87,8.90,8.63,165670,146711133.00,3.14,3.14,0.27,1.54
2015-08-10,8.92,9.26,9.34,8.85,301823,277140704.00,5.52,4.40,0.39,2.81
2015-08-11,9.26,9.23,9.46,9.08,342663,319008784.00,4.10,-0.32,-0.03,3.19
2015-08-12,9.11,9.34,9.70,9.07,398507,379952912.00,6.83,1.19,0.11,3.71
2015-08-13,9.25,9.56,9.57,9.20,262237,248090039.00,3.96,2.36,0.22,2.44
2015-08-14,9.67,10.13,10.51,9.65,627991,633695696.00,9.00,5.96,0.57,5.85
2015-08-17,9.95,10.76,10.93,9.88,506777,532550336.00,10.37,6.22,0.63,4.72
2015-08-18,10.76,9.68,10.80,9.68,434380,439855040.00,10.41,-10.04,-1.08,4.05
2015-08-19,8.96,9.68,9.90,8.71,394610,362101264.00,12.29,0.00,0.00,3.68
2015-08-20,9.50,9.15,9.90,9.15,288036,274316352.00,7.75,-5.48,-0.53,2.68
2015-08-21,8.95,8.28,8.95,8.26,271482,235174305.00,7.54,-9.51,-0.87,2.53
2015-08-24,7.85,7.45,8.05,7.45,173684,132255621.00,7.25,-10.02,-0.83,1.62
2015-08-25,6.76,6.70,7.06,6.70,157200,107581959.00,4.83,-10.07,-0.75,1.47
2015-08-26,6.84,6.48,7.04,6.18,242903,164685074.00,12.84,-3.28,-0.22,2.26
2015-08-27,6.67,6.84,6.85,6.45,175896,118237706.00,6.17,5.56,0.36,1.64
2015-08-28,6.98,7.39,7.40,6.91,217800,156167584.00,7.16,8.04,0.55,2.03
2015-08-31,7.30,7.01,7.34,6.98,157567,113026856.00,4.87,-5.14,-0.38,1.47
2015-09-01,6.93,6.30,6.97,6.30,178830,117797166.00,9.56,-10.13,-0.71,1.67
2015-09-02,6.05,6.09,6.56,5.91,125526,79174431.00,10.32,-3.33,-0.21,1.17
2015-09-07,6.25,6.29,6.51,6.18,106892,68728798.00,5.42,3.28,0.20,1.00
2015-09-08,6.30,6.62,6.64,6.23,97065,62913835.00,6.52,5.25,0.33,0.90
2015-09-09,6.50,6.94,6.94,6.49,178332,122093840.00,6.80,4.83,0.32,1.66
2015-09-10,6.83,6.70,6.92,6.66,124647,85311126.00,3.75,-3.46,-0.24,1.16
2015-09-11,6.70,6.72,6.83,6.60,94740,64135035.00,3.43,0.30,0.02,0.88
2015-09-14,6.72,6.05,6.84,6.04,159842,102832676.00,11.90,-9.97,-0.67,1.49
2015-09-15,5.95,5.75,6.18,5.68,142074,85221855.00,8.26,-4.96,-0.30,1.32
2015-09-16,5.79,6.33,6.33,5.79,144975,88217676.00,9.39,10.09,0.58,1.35
2015-09-17,6.33,6.97,6.97,6.15,308842,209931738.00,12.95,10.11,0.64,2.88
2015-09-18,7.36,7.26,7.62,6.96,566202,414293664.00,9.47,4.16,0.29,5.28
2015-09-21,7.04,7.27,7.38,6.93,385644,276503536.00,6.20,0.14,0.01,3.59
2015-09-22,7.19,7.13,7.31,7.07,290134,210004178.00,3.30,-1.93,-0.14,2.70
2015-09-23,6.95,6.82,7.08,6.79,203850,142349522.00,4.07,-4.35,-0.31,1.90
2015-09-24,6.86,7.17,7.25,6.83,211155,149192411.00,6.16,5.13,0.35,1.97
2015-09-25,7.10,6.62,7.10,6.53,219730,150199295.00,7.95,-7.67,-0.55,2.05
2015-09-28,6.61,6.71,6.77,6.47,87469,58684199.00,4.53,1.36,0.09,0.82
2015-09-29,6.55,6.50,6.65,6.45,86545,57030473.00,2.98,-3.13,-0.21,0.81
2015-09-30,6.55,6.59,6.71,6.53,87760,58502699.00,2.77,1.38,0.09,0.82
2015-10-08,6.89,6.86,6.98,6.71,130411,90121587.00,4.10,4.10,0.27,1.22
2015-10-09,6.86,7.00,7.05,6.85,154100,108248933.00,2.92,2.04,0.14,1.44
2015-10-12,7.04,7.31,7.38,7.02,232472,169504474.00,5.14,4.43,0.31,2.17
2015-10-13,7.27,7.36,7.50,7.20,208419,153930745.00,4.10,0.68,0.05,1.94
2015-10-14,7.36,7.59,7.78,7.34,356406,270712864.00,5.98,3.13,0.23,3.32
2015-10-15,7.45,7.70,7.70,7.37,298591,227035342.00,4.35,1.45,0.11,2.78
2015-10-16,7.72,7.66,7.74,7.45,278957,213981898.00,3.77,-0.52,-0.04,2.60
2015-10-19,7.68,7.56,7.77,7.45,255386,196187049.00,4.18,-1.31,-0.10,2.38
2015-10-20,7.51,7.91,7.94,7.46,285880,221292110.00,6.35,4.63,0.35,2.66
2015-10-21,7.83,7.11,7.94,7.11,303407,230795940.00,10.49,-10.11,-0.80,2.83
2015-10-22,7.11,7.32,7.36,6.96,187124,135645615.00,5.63,2.95,0.21,1.74
2015-10-23,7.34,7.52,7.59,7.24,188803,141027566.00,4.78,2.73,0.20,1.76
2015-10-26,7.68,7.65,7.72,7.53,179678,137923820.00,2.53,1.73,0.13,1.67
2015-10-27,7.64,7.65,7.69,7.26,178314,134480342.00,5.62,0.00,0.00,1.66
2015-10-28,7.50,7.64,7.90,7.50,221079,172465033.00,5.23,-0.13,-0.01,2.06
2015-10-29,7.75,7.67,7.78,7.53,149122,115118954.00,3.27,0.39,0.03,1.39
2015-10-30,7.69,7.62,7.74,7.52,138993,106895763.00,2.87,-0.65,-0.05,1.30
2015-11-02,7.50,7.39,7.68,7.35,131949,99958392.00,4.33,-3.02,-0.23,1.23
2015-11-03,7.39,7.32,7.48,7.25,95859,70944574.00,3.11,-0.95,-0.07,0.89
2015-11-04,7.32,7.71,7.73,7.32,166321,126719981.00,5.60,5.33,0.39,1.55
2015-11-05,7.74,7.84,8.04,7.65,276797,218433202.00,5.06,1.69,0.13,2.58
2015-11-06,7.81,7.96,8.00,7.77,204845,163120468.00,2.93,1.53,0.12,1.91
2015-11-09,7.88,8.04,8.13,7.83,234918,188950909.00,3.77,1.01,0.08,2.19
2015-11-10,7.96,8.29,8.35,7.94,330425,270202368.00,5.10,3.11,0.25,3.08
2015-11-11,8.22,8.24,8.40,8.08,234696,193635901.00,3.86,-0.60,-0.05,2.19
2015-11-12,8.24,8.13,8.30,7.96,233568,190917544.00,4.13,-1.33,-0.11,2.18
2015-11-13,8.04,7.96,8.17,7.93,209030,169304830.00,2.95,-2.09,-0.17,1.95
2015-11-16,7.83,8.33,8.35,7.76,262926,214556040.00,7.41,4.65,0.37,2.45
2015-11-17,8.41,8.17,8.55,8.14,352643,296065424.00,4.92,-1.92,-0.16,3.29
2015-11-18,8.17,7.95,8.21,7.91,186286,151080314.00,3.67,-2.69,-0.22,1.74
2015-11-19,7.97,8.17,8.17,7.94,141813,114758109.00,2.89,2.77,0.22,1.32
2015-11-20,8.19,8.30,8.44,8.16,235637,197007628.00,3.43,1.59,0.13,2.20
2015-11-23,8.25,8.20,8.43,8.16,202142,168195412.00,3.25,-1.20,-0.10,1.88
2015-11-24,8.18,8.23,8.29,8.04,132448,108697372.00,3.05,0.37,0.03,1.23
2015-11-25,8.22,8.52,8.56,8.16,304752,257535818.00,4.86,3.52,0.29,2.84
2015-11-26,8.50,8.40,8.89,8.37,361716,313308672.00,6.10,-1.41,-0.12,3.37
2015-11-27,8.31,7.67,8.38,7.62,288342,233884288.00,9.05,-8.69,-0.73,2.69
2015-11-30,7.69,7.85,7.89,7.27,183885,141038563.00,8.08,2.35,0.18,1.71
2015-12-01,7.78,7.83,7.89,7.66,118184,92670004.00,2.93,-0.25,-0.02,1.10
2015-12-02,7.83,7.84,7.87,7.62,106877,83541909.00,3.19,0.13,0.01,1.00
2015-12-03,7.91,8.01,8.07,7.88,122172,98343363.00,2.42,2.17,0.17,1.14
2015-12-04,7.96,7.92,8.05,7.86,116631,93371051.00,2.37,-1.12,-0.09,1.09
2015-12-07,7.94,8.02,8.04,7.92,92357,74173556.00,1.52,1.26,0.10,0.86
2015-12-08,8.03,7.73,8.03,7.72,93280,73428424.00,3.87,-3.62,-0.29,0.87
2015-12-09,7.69,7.65,7.75,7.55,100345,77096307.00,2.59,-1.03,-0.08,0.94
2015-12-10,7.67,7.61,7.74,7.58,81897,63267339.00,2.09,-0.52,-0.04,0.76
2015-12-11,7.61,7.34,7.61,7.34,98551,73920068.00,3.55,-3.55,-0.27,0.92
2015-12-14,7.34,7.56,7.57,7.23,92362,68985544.00,4.63,3.00,0.22,0.86
2015-12-15,7.55,7.70,7.73,7.54,91684,70651894.00,2.51,1.85,0.14,0.85
2015-12-16,7.70,7.72,7.80,7.64,74606,57923366.00,2.08,0.26,0.02,0.70
2015-12-17,7.76,7.87,7.89,7.75,102623,80990907.00,1.81,1.94,0.15,0.96
2015-12-18,7.86,7.86,7.94,7.80,88503,70022303.00,1.78,-0.13,-0.01,0.82
2015-12-21,7.87,7.98,7.99,7.87,117156,93675472.00,1.53,1.53,0.12,1.09
2015-12-22,7.99,8.08,8.12,7.90,152576,123139592.00,2.76,1.25,0.10,1.42
2015-12-23,8.04,7.85,8.12,7.83,143948,115771748.00,3.59,-2.85,-0.23,1.34
2015-12-24,7.80,7.83,7.87,7.65,86527,67594502.00,2.80,-0.25,-0.02,0.81
2015-12-25,7.83,7.95,7.96,7.79,90806,72004724.00,2.17,1.53,0.12,0.85
2015-12-28,7.94,7.96,8.19,7.94,213313,172881690.00,3.14,0.13,0.01,1.99
2015-12-29,7.96,8.35,8.38,7.95,277895,229022519.00,5.40,4.90,0.39,2.59
2015-12-30,8.33,8.23,8.33,8.15,188062,155720544.00,2.16,-1.44,-0.12,1.75
2015-12-31,8.23,8.28,8.41,8.18,192051,160385927.00,2.79,0.61,0.05,1.79