2014-01-02,812.85,812.85,812.85,812.85,102707,125576090.00,0.00,1.32,10.56,0.20
2014-01-03,809.43,809.43,809.43,809.43,166144,195273179.00,0.00,-0.42,-3.42,0.32
2014-01-06,784.46,784.46,784.46,784.46,163331,174700157.00,0.00,-3.08,-24.97,0.32
2014-01-07,790.39,790.39,790.39,790.39,118707,125458464.00,0.00,0.76,5.93,0.23
2014-01-08,798.06,798.06,798.06,798.06,125769,144550272.00,0.00,0.97,7.67,0.24
2014-01-09,777.00,777.00,777.00,777.00,136402,147935671.00,0.00,-2.64,-21.06,0.26
2014-01-10,759.92,759.92,759.92,759.92,98237,102272859.00,0.00,-2.20,-17.08,0.19
2014-01-13,760.94,760.94,760.94,760.94,67638,72268521.00,0.00,0.13,1.02,0.13
2014-01-14,780.26,780.26,780.26,780.26,75669,86287720.00,0.00,2.54,19.32,0.15
2014-01-15,787.17,787.17,787.17,787.17,100986,117094367.00,0.00,0.89,6.91,0.20
2014-01-16,791.43,791.43,791.43,791.43,96570,118329133.00,0.00,0.54,4.26,0.19
2014-01-17,787.47,787.47,787.47,787.47,91977,115721458.00,0.00,-0.50,-3.96,0.18
2014-01-20,780.98,780.98,780.98,780.98,90250,112413535.00,0.00,-0.82,-6.49,0.17
2014-01-21,800.63,800.63,800.63,800.63,135740,170651532.00,0.00,2.52,19.65,0.26
2014-01-22,816.65,816.65,816.65,816.65,172233,208992524.00,0.00,2.00,16.02,0.33
2014-01-23,820.01,820.01,820.01,820.01,157598,194265978.00,0.00,0.41,3.36,0.30
2014-01-24,820.55,820.55,820.55,820.55,304347,313671633.00,0.00,0.07,0.54,0.59
2014-01-27,821.91,821.91,821.91,821.91,176119,201521910.00,0.00,0.17,1.36,0.34
2014-01-28,821.02,821.02,821.02,821.02,114205,133060061.00,0.00,-0.11,-0.89,0.22
2014-01-29,834.98,834.98,834.98,834.98,134775,165067870.00,0.00,1.70,13.96,0.26
2014-01-30,831.06,831.06,831.06,831.06,128925,168492124.00,0.00,-0.47,-3.92,0.25
2014-02-07,851.29,851.29,851.29,851.29,182597,220049292.00,0.00,2.43,20.23,0.35
2014-02-10,862.21,862.21,862.21,862.21,332686,396644742.00,0.00,1.28,10.92,0.64
2014-02-11,850.02,850.02,850.02,850.02,259320,316274583.00,0.00,-1.41,-12.19,0.50
2014-02-12,870.89,870.89,870.89,870.89,285962,347137681.00,0.00,2.46,20.87,0.55
2014-02-13,843.92,843.92,843.92,843.92,256985,308274230.00,0.00,-3.10,-26.97,0.50
2014-02-14,874.98,874.98,874.98,874.98,341468,392328980.00,0.00,3.68,31.06,0.66
2014-02-17,885.11,885.11,885.11,885.11,300367,359861504.00,0.00,1.16,10.13,0.58
2014-02-18,889.33,889.33,889.33,889.33,383980,448874159.00,0.00,0.48,4.22,0.74
2014-02-19,888.51,888.51,888.51,888.51,323046,407946568.00,0.00,-0.09,-0.82,0.62
2014-02-20,875.12,875.12,875.12,875.12,267128,328411505.00,0.00,-1.51,-13.39,0.52
2014-02-21,864.28,864.28,864.28,864.28,178406,218048016.00,0.00,-1.24,-10.84,0.34
2014-02-24,865.11,865.11,865.11,865.11,188370,231894869.00,0.00,0.10,0.83,0.36
2014-02-25,817.12,817.12,817.12,817.12,262170,321929581.00,0.00,-5.55,-47.99,0.51
2014-02-26,811.05,811.05,811.05,811.05,178345,204788872.00,0.00,-0.74,-6.07,0.34
2014-02-27,795.58,795.58,795.58,795.58,160724,184869517.00,0.00,-1.91,-15.47,0.31
2014-02-28,809.70,809.70,809.70,809.70,135670,147696619.00,0.00,1.77,14.12,0.26
2014-03-03,825.58,825.58,825.58,825.58,132339,147058902.00,0.00,1.96,15.88,0.26
2014-03-04,821.04,821.04,821.04,821.04,149236,162068347.00,0.00,-0.55,-4.54,0.29
2014-03-05,820.09,820.09,820.09,820.09,129477,144836238.00,0.00,-0.12,-0.95,0.25
2014-03-06,823.21,823.21,823.21,823.21,155202,168797947.00,0.00,0.38,3.12,0.30
2014-03-07,813.35,813.35,813.35,813.35,118836,131049636.00,0.00,-1.20,-9.86,0.23
2014-03-10,782.95,782.95,782.95,782.95,115260,126735271.00,0.00,-3.74,-30.40,0.22
2014-03-11,785.34,785.34,785.34,785.34,76257,81711748.00,0.00,0.31,2.39,0.15
2014-03-12,782.42,782.42,782.42,782.42,81756,86622115.00,0.00,-0.37,-2.92,0.16
2014-03-13,796.14,796.14,796.14,796.14,76188,86667229.00,0.00,1.75,13.72,0.15
2014-03-14,801.48,801.48,801.48,801.48,102986,115468875.00,0.00,0.67,5.34,0.20
2014-03-17,817.09,817.09,817.09,817.09,107909,126684050.00,0.00,1.95,15.61,0.21
2014-03-18,814.76,814.76,814.76,814.76,102754,120209460.00,0.00,-0.29,-2.33,0.20
2014-03-19,822.01,822.01,822.01,822.01,197612,200577348.00,0.00,0.89,7.25,0.38
2014-03-20,804.27,804.27,804.27,804.27,165660,176143115.00,0.00,-2.16,-17.74,0.32
2014-03-21,825.83,825.83,825.83,825.83,211700,229870957.00,0.00,2.68,21.56,0.41
2014-03-24,836.23,836.23,836.23,836.23,258062,276801891.00,0.00,1.26,10.40,0.50
2014-03-25,836.49,836.49,836.49,836.49,162215,180021104.00,0.00,0.03,0.26,0.31
2014-03-26,837.92,837.92,837.92,837.92,180550,203502612.00,0.00,0.17,1.43,0.35
2014-03-27,821.42,821.42,821.42,821.42,228874,258943899.00,0.00,-1.97,-16.50,0.44
2014-03-28,804.03,804.03,804.03,804.03,148852,164637225.00,0.00,-2.12,-17.39,0.29
2014-03-31,803.48,803.48,803.48,803.48,93908,104309332.00,0.00,-0.07,-0.55,0.18
2014-04-01,820.37,820.37,820.37,820.37,106063,124195465.00,0.00,2.10,16.89,0.20
2014-04-02,814.50,814.50,814.50,814.50,100276,109462392.00,0.00,-0.72,-5.87,0.19
2014-04-03,823.29,823.29,823.29,823.29,151026,158384154.00,0.00,1.08,8.79,0.29
2014-04-04,833.01,833.01,833.01,833.01,130797,144255099.00,0.00,1.18,9.72,0.25
2014-04-08,846.85,846.85,846.85,846.85,149877,176952656.00,0.00,1.66,13.84,0.29
2014-04-09,845.64,845.64,845.64,845.64,120925,137391372.00,0.00,-0.14,-1.21,0.23
2014-04-10,847.70,847.70,847.70,847.70,187206,209787348.00,0.00,0.24,2.06,0.36
2014-04-11,854.53,854.53,854.53,854.53,194547,216462009.00,0.00,0.81,6.83,0.38
2014-04-14,857.69,857.69,857.69,857.69,142103,163027027.00,0.00,0.37,3.16,0.27
2014-04-15,845.56,845.56,845.56,845.56,131063,152984764.00,0.00,-1.41,-12.13,0.25
2014-04-16,854.12,854.12,854.12,854.12,238107,263696241.00,0.00,1.01,8.56,0.46
2014-04-17,853.69,853.69,853.69,853.69,155579,172433588.00,0.00,-0.05,-0.43,0.30
2014-04-18,856.01,856.01,856.01,856.01,101465,116734452.00,0.00,0.27,2.32,0.20
2014-04-21,837.32,837.32,837.32,837.32,158763,176205967.00,0.00,-2.18,-18.69,0.31
2014-04-22,825.65,825.65,825.65,825.65,170627,183532234.00,0.00,-1.39,-11.67,0.33
2014-04-23,815.81,815.81,815.81,815.81,92177,99517893.00,0.00,-1.19,-9.84,0.18
2014-04-24,808.62,808.62,808.62,808.62,85882,90846833.00,0.00,-0.88,-7.19,0.17
2014-04-25,794.27,794.27,794.27,794.27,98600,113165293.00,0.00,-1.77,-14.35,0.19
2014-04-28,769.61,769.61,769.61,769.61,116804,120226035.00,0.00,-3.10,-24.66,0.23
2014-04-29,780.07,780.07,780.07,780.07,67705,70918339.00,0.00,1.36,10.46,0.13
2014-04-30,780.58,780.58,780.58,780.58,56968,59887900.00,0.00,0.07,0.51,0.11
2014-05-05,789.82,789.82,789.82,789.82,63616,67751209.00,0.00,1.18,9.24,0.12
2014-05-06,798.86,798.86,798.86,798.86,90293,95352779.00,0.00,1.14,9.04,0.17
2014-05-07,782.45,782.45,782.45,782.45,68648,73965744.00,0.00,-2.05,-16.41,0.13
2014-05-08,783.02,783.02,783.02,783.02,54876,57276699.00,0.00,0.07,0.57,0.11
2014-05-09,777.65,777.65,777.65,777.65,66083,67791621.00,0.00,-0.69,-5.37,0.13
2014-05-12,806.27,806.27,806.27,806.27,167236,188655818.00,0.00,3.68,28.62,0.32
2014-05-13,805.85,805.85,805.85,805.85,119193,125112351.00,0.00,-0.05,-0.42,0.23
2014-05-14,810.04,810.04,810.04,810.04,133005,156880844.00,0.00,0.52,4.19,0.26
2014-05-15,794.55,794.55,794.55,794.55,99042,111615721.00,0.00,-1.91,-15.49,0.19
2014-05-16,793.16,793.16,793.16,793.16,70740,84590493.00,0.00,-0.17,-1.39,0.14
2014-05-19,798.60,798.60,798.60,798.60,69827,83798006.00,0.00,0.69,5.44,0.13
2014-05-20,802.15,802.15,802.15,802.15,79502,99257478.00,0.00,0.44,3.55,0.15
2014-05-21,800.83,800.83,800.83,800.83,102628,105890052.00,0.00,-0.16,-1.32,0.20
2014-05-22,798.26,798.26,798.26,798.26,189603,185926610.00,0.00,-0.32,-2.57,0.37
2014-05-23,803.88,803.88,803.88,803.88,92055,93267087.00,0.00,0.70,5.62,0.18
2014-05-26,806.75,806.75,806.75,806.75,94414,97030947.00,0.00,0.36,2.87,0.18
2014-05-27,803.88,803.88,803.88,803.88,89300,96629122.00,0.00,-0.36,-2.87,0.17
2014-05-28,812.45,812.45,812.45,812.45,87380,95290064.00,0.00,1.07,8.57,0.17
2014-05-29,813.21,813.21,813.21,813.21,123058,128054110.00,0.00,0.09,0.76,0.24
2014-05-30,817.61,817.61,817.61,817.61,83351,91427980.00,0.00,0.54,4.40,0.16
2014-06-03,808.49,808.49,808.49,808.49,68873,72805878.00,0.00,-1.12,-9.12,0.13
2014-06-04,807.31,807.31,807.31,807.31,89610,95829576.00,0.00,-0.15,-1.18,0.17
2014-06-05,814.93,814.93,814.93,814.93,77262,85546494.00,0.00,0.94,7.62,0.15
2014-06-06,812.49,812.49,812.49,812.49,82050,93904295.00,0.00,-0.30,-2.44,0.16
2014-06-09,807.58,807.58,807.58,807.58,91118,105292539.00,0.00,-0.60,-4.91,0.18
2014-06-10,815.65,815.65,815.65,815.65,84795,101213147.00,0.00,1.00,8.07,0.16
2014-06-11,815.52,815.52,815.52,815.52,120211,142474733.00,0.00,-0.02,-0.13,0.23
2014-06-12,809.80,809.80,809.80,809.80,75584,86434954.00,0.00,-0.70,-5.72,0.15
2014-06-13,820.48,820.48,820.48,820.48,111812,129971966.00,0.00,1.32,10.68,0.22
2014-06-16,875.08,875.08,875.08,875.08,728902,875283293.00,0.00,6.65,54.60,1.41
2014-06-17,855.26,855.26,855.26,855.26,406008,392155413.00,0.00,-2.26,-19.82,0.78
2014-06-18,852.45,852.45,852.45,852.45,271999,247802175.00,0.00,-0.33,-2.81,0.53
2014-06-19,825.66,825.66,825.66,825.66,229459,223622033.00,0.00,-3.14,-26.79,0.44
2014-06-20,833.50,833.50,833.50,833.50,122610,114028675.00,0.00,0.95,7.84,0.24
2014-06-23,834.29,834.29,834.29,834.29,159674,145499630.00,0.00,0.09,0.79,0.31
2014-06-24,836.11,836.11,836.11,836.11,139905,123764446.00,0.00,0.22,1.82,0.27
2014-06-25,823.86,823.86,823.86,823.86,146215,128412743.00,0.00,-1.47,-12.25,0.28
2014-06-26,841.18,841.18,841.18,841.18,223837,205891805.00,0.00,2.10,17.32,0.43
2014-06-27,850.15,850.15,850.15,850.15,268210,230367741.00,0.00,1.07,8.97,0.52
2014-06-30,858.93,858.93,858.93,858.93,234093,213897586.00,0.00,1.03,8.78,0.45
2014-07-01,861.20,861.20,861.20,861.20,225203,199659901.00,0.00,0.26,2.27,0.43
2014-07-02,856.82,856.82,856.82,856.82,190024,169194766.00,0.00,-0.51,-4.38,0.37
2014-07-03,860.93,860.93,860.93,860.93,210015,209043811.00,0.00,0.48,4.11,0.41
2014-07-04,857.19,857.19,857.19,857.19,154051,142688687.00,0.00,-0.43,-3.74,0.30
2014-07-07,849.92,849.92,849.92,849.92,228824,185997697.00,0.00,-0.85,-7.27,0.44
2014-07-08,850.21,850.21,850.21,850.21,281195,227527088.00,0.00,0.03,0.29,0.54
2014-07-09,837.26,837.26,837.26,837.26,261635,214171216.00,0.00,-1.52,-12.95,0.51
2014-07-10,834.10,834.10,834.10,834.10,179499,144127125.00,0.00,-0.38,-3.16,0.35
2014-07-11,841.00,841.00,841.00,841.00,183600,151464952.00,0.00,0.83,6.90,0.35
2014-07-14,854.47,854.47,854.47,854.47,246526,209690009.00,0.00,1.60,13.47,0.48
2014-07-15,840.22,840.22,840.22,840.22,299877,233539666.00,0.00,-1.67,-14.25,0.58
2014-07-16,835.86,835.86,835.86,835.86,199112,165731374.00,0.00,-0.52,-4.36,0.38
2014-07-17,830.46,830.46,830.46,830.46,149378,125763473.00,0.00,-0.65,-5.40,0.29
2014-07-18,830.58,830.58,830.58,830.58,107351,87911514.00,0.00,0.01,0.12,0.21
2014-07-21,825.51,825.51,825.51,825.51,104313,83266498.00,0.00,-0.61,-5.07,0.20
2014-07-22,836.75,836.75,836.75,836.75,164260,135607977.00,0.00,1.36,11.24,0.32
2014-07-23,824.71,824.71,824.71,824.71,166178,133649925.00,0.00,-1.44,-12.04,0.32
2014-07-24,821.45,821.45,821.45,821.45,147619,119922444.00,0.00,-0.40,-3.26,0.29
2014-07-25,826.25,826.25,826.25,826.25,129850,103541121.00,0.00,0.58,4.80,0.25
2014-07-28,838.02,838.02,838.02,838.02,220189,182319972.00,0.00,1.42,11.77,0.43
2014-07-29,843.80,843.80,843.80,843.80,236938,199241604.00,0.00,0.69,5.78,0.46
2014-07-30,845.51,845.51,845.51,845.51,219514,183670593.00,0.00,0.20,1.71,0.42
2014-07-31,851.99,851.99,851.99,851.99,238128,194599124.00,0.00,0.77,6.48,0.46
2014-08-01,844.05,844.05,844.05,844.05,301504,249862626.00,0.00,-0.93,-7.94,0.58
2014-08-04,858.09,858.09,858.09,858.09,346015,295446073.00,0.00,1.66,14.04,0.67
2014-08-05,865.37,865.37,865.37,865.37,347339,291168901.00,0.00,0.85,7.28,0.67
2014-08-06,876.52,876.52,876.52,876.52,326191,297533688.00,0.00,1.29,11.15,0.63
2014-08-07,865.54,865.54,865.54,865.54,320195,273971422.00,0.00,-1.25,-10.98,0.62
2014-08-08,871.62,871.62,871.62,871.62,196470,164100577.00,0.00,0.70,6.08,0.38
2014-08-11,889.75,889.75,889.75,889.75,397062,334386335.00,0.00,2.08,18.13,0.77
2014-08-12,893.26,893.26,893.26,893.26,323639,275227014.00,0.00,0.39,3.51,0.63
2014-08-13,895.62,895.62,895.62,895.62,396934,328422808.00,0.00,0.26,2.36,0.77
2014-08-14,894.91,894.91,894.91,894.91,394138,332581096.00,0.00,-0.08,-0.71,0.76
2014-08-15,912.96,912.96,912.96,912.96,395219,335880958.00,0.00,2.02,18.05,0.76
2014-08-18,920.34,920.34,920.34,920.34,346218,303686325.00,0.00,0.81,7.38,0.67
2014-08-19,923.91,923.91,923.91,923.91,363217,316526577.00,0.00,0.39,3.57,0.70
2014-08-20,923.71,923.71,923.71,923.71,294925,257428924.00,0.00,-0.02,-0.20,0.57
2014-08-21,913.64,913.64,913.64,913.64,305241,269331095.00,0.00,-1.09,-10.07,0.59
2014-08-22,916.91,916.91,916.91,916.91,244734,214153399.00,0.00,0.36,3.27,0.47
2014-08-25,922.57,922.57,922.57,922.57,417471,355015148.00,0.00,0.62,5.66,0.81
2014-08-26,905.37,905.37,905.37,905.37,373642,330457620.00,0.00,-1.86,-17.20,0.72
2014-08-27,923.92,923.92,923.92,923.92,342230,292356069.00,0.00,2.05,18.55,0.66
2014-08-28,940.11,940.11,940.11,940.11,701637,638341681.00,0.00,1.75,16.19,1.36
2014-08-29,927.62,927.62,927.62,927.62,385437,338178132.00,0.00,-1.33,-12.49,0.74
2014-09-01,938.12,938.12,938.12,938.12,311939,280764909.00,0.00,1.13,10.50,0.60
2014-09-02,945.96,945.96,945.96,945.96,409934,376224472.00,0.00,0.84,7.84,0.79
2014-09-03,949.06,949.06,949.06,949.06,454298,414831408.00,0.00,0.33,3.10,0.88
2014-09-04,949.99,949.99,949.99,949.99,395868,367185426.00,0.00,0.10,0.93,0.76
2014-09-05,952.67,952.67,952.67,952.67,393471,358523586.00,0.00,0.28,2.68,0.76
2014-09-09,958.90,958.90,958.90,958.90,399506,375145604.00,0.00,0.65,6.23,0.77
2014-09-10,961.89,961.89,961.89,961.89,362514,330504589.00,0.00,0.31,2.99,0.70
2014-09-11,961.47,961.47,961.47,961.47,545436,501631284.00,0.00,-0.04,-0.42,1.05
2014-09-12,979.65,979.65,979.65,979.65,473424,440304019.00,0.00,1.89,18.18,0.91
2014-09-15,992.38,992.38,992.38,992.38,482878,458408459.00,0.00,1.30,12.73,0.93
2014-09-16,946.14,946.14,946.14,946.14,566565,530291859.00,0.00,-4.66,-46.24,1.09
2014-09-17,965.54,965.54,965.54,965.54,494893,466264951.00,0.00,2.05,19.40,0.96
2014-09-18,963.03,963.03,963.03,963.03,309766,294732032.00,0.00,-0.26,-2.51,0.60
2014-09-19,968.78,968.78,968.78,968.78,318023,299284650.00,0.00,0.60,5.75,0.61
2014-09-22,952.27,952.27,952.27,952.27,345576,322971564.00,0.00,-1.70,-16.51,0.67
2014-09-23,964.35,964.35,964.35,964.35,290509,275967112.00,0.00,1.27,12.08,0.56
2014-09-24,975.33,975.33,975.33,975.33,369326,348926061.00,0.00,1.14,10.98,0.71
2014-09-25,971.60,971.60,971.60,971.60,375319,356426178.00,0.00,-0.38,-3.73,0.72
2014-09-26,977.58,977.58,977.58,977.58,257539,240980715.00,0.00,0.62,5.98,0.50
2014-09-29,994.00,994.00,994.00,994.00,371788,358040474.00,0.00,1.68,16.42,0.72
2014-09-30,1006.35,1006.35,1006.35,1006.35,393811,381179158.00,0.00,1.24,12.35,0.76
2014-10-08,1021.84,1021.84,1021.84,1021.84,390942,387673754.00,0.00,1.54,15.49,0.76
2014-10-09,1022.62,1022.62,1022.62,1022.62,476767,474655145.00,0.00,0.08,0.78,0.92
2014-10-10,1023.62,1023.62,1023.62,1023.62,424310,413652358.00,0.00,0.10,1.00,0.82
2014-10-13,1025.67,1025.67,1025.67,1025.67,365085,354162815.00,0.00,0.20,2.05,0.71
2014-10-14,1014.76,1014.76,1014.76,1014.76,396363,398452699.00,0.00,-1.06,-10.91,0.77
2014-10-15,1021.27,1021.27,1021.27,1021.27,350615,371360033.00,0.00,0.64,6.51,0.68
2014-10-16,1002.57,1002.57,1002.57,1002.57,360257,382953636.00,0.00,-1.83,-18.70,0.70
2014-10-17,975.46,975.46,975.46,975.46,415907,416781661.00,0.00,-2.70,-27.11,0.80
2014-10-20,991.12,991.12,991.12,991.12,260569,280362056.00,0.00,1.61,15.66,0.50
2014-10-21,984.72,984.72,984.72,984.72,315978,334763879.00,0.00,-0.65,-6.40,0.61
2014-10-22,960.29,960.29,960.29,960.29,233929,228298673.00,0.00,-2.48,-24.43,0.45
2014-10-23,944.81,944.81,944.81,944.81,238925,224723556.00,0.00,-1.61,-15.48,0.46
2014-10-24,944.12,944.12,944.12,944.12,237391,236227381.00,0.00,-0.07,-0.69,0.46
2014-10-27,950.87,950.87,950.87,950.87,263942,272721030.00,0.00,0.71,6.75,0.51
2014-10-28,975.85,975.85,975.85,975.85,398077,418270530.00,0.00,2.63,24.98,0.77
2014-10-29,995.44,995.44,995.44,995.44,502936,499710974.00,0.00,2.01,19.59,0.97
2014-10-30,995.65,995.65,995.65,995.65,382224,382600264.00,0.00,0.02,0.21,0.74
2014-10-31,992.96,992.96,992.96,992.96,308906,298846448.00,0.00,-0.27,-2.69,0.60
2014-11-03,994.09,1005.11,1009.08,993.67,342475,338418278.00,1.55,1.22,12.15,0.66
2014-11-04,1005.49,1016.97,1029.68,1001.26,482053,483539712.00,2.83,1.18,11.86,0.93
2014-11-05,1013.84,1007.90,1013.84,1001.57,244867,252219517.00,1.21,-0.89,-9.07,0.47
2014-11-06,1005.31,1017.49,1017.51,1003.34,392159,396944837.00,1.41,0.95,9.59,0.76
2014-11-07,1019.06,1011.76,1029.29,1007.00,454463,464445144.00,2.19,-0.56,-5.73,0.88
2014-11-10,1012.41,1019.86,1020.78,1006.23,361618,363879514.00,1.44,0.80,8.10,0.70
2014-11-11,1019.31,979.70,1023.69,971.73,492563,493963477.00,5.09,-3.94,-40.16,0.95
2014-11-12,974.52,988.91,989.46,969.83,185424,182756689.00,2.00,0.94,9.21,0.36
2014-11-13,988.49,984.05,988.98,970.29,314270,308099718.00,1.89,-0.49,-4.86,0.61
2014-11-14,979.74,977.84,980.27,966.88,221407,213591741.00,1.36,-0.63,-6.21,0.43
2014-11-17,975.12,997.85,1000.27,971.94,308172,301980100.00,2.90,2.05,20.01,0.60
2014-11-18,994.08,1002.02,1002.02,991.21,194156,193572530.00,1.08,0.42,4.17,0.37
2014-11-19,1006.30,1017.56,1017.56,1002.84,353826,357768175.00,1.47,1.55,15.54,0.68
2014-11-20,1012.95,1010.42,1016.40,1008.54,253839,256482252.00,0.77,-0.70,-7.14,0.49
2014-11-21,1009.58,1017.34,1019.91,1005.05,354423,357510695.00,1.47,0.68,6.92,0.68
2014-11-24,1023.67,1030.24,1032.78,1017.53,418987,438068216.00,1.50,1.27,12.90,0.81
2014-11-25,1027.45,1039.21,1040.20,1026.13,414657,430567430.00,1.37,0.87,8.97,0.80
2014-11-26,1043.76,1039.18,1051.14,1034.08,441986,469258741.00,1.64,0.00,-0.03,0.85
2014-11-27,1040.00,1030.44,1045.69,1024.77,343215,355396132.00,2.01,-0.84,-8.74,0.66
2014-11-28,1030.22,1029.58,1033.52,1019.06,290075,303654337.00,1.40,-0.08,-0.86,0.56
2014-12-01,1028.27,1032.99,1042.88,1025.35,376259,392506590.00,1.70,0.33,3.41,0.73
2014-12-02,1030.50,1047.30,1052.58,1030.11,340083,366909726.00,2.18,1.39,14.31,0.66
2014-12-03,1046.03,1050.23,1050.42,1030.91,378390,405392372.00,1.86,0.28,2.93,0.73
2014-12-04,1054.07,1053.59,1065.02,1051.41,367182,406450313.00,1.30,0.32,3.36,0.71
2014-12-05,1050.85,1004.65,1050.85,994.75,451401,469080666.00,5.32,-4.65,-48.94,0.87
2014-12-08,1001.96,1001.79,1007.89,994.64,262600,272420777.00,1.32,-0.28,-2.86,0.51
2014-12-09,1001.06,956.59,1001.06,954.12,385368,386093073.00,4.69,-4.51,-45.20,0.74
2014-12-10,958.26,985.56,986.75,950.98,264174,282579455.00,3.74,3.03,28.97,0.51
2014-12-11,982.90,1006.90,1006.90,977.38,255144,284975654.00,3.00,2.17,21.34,0.49
2014-12-12,1011.02,1015.33,1017.19,1006.91,257246,279654498.00,1.02,0.84,8.43,0.50
2014-12-15,1016.71,1036.75,1040.25,1016.64,314806,361726396.00,2.33,2.11,21.42,0.61
2014-12-16,1038.56,1032.63,1052.40,1032.17,285586,333257961.00,1.95,-0.40,-4.12,0.55
2014-12-17,1034.48,1030.94,1034.48,1013.08,347418,381067571.00,2.07,-0.16,-1.69,0.67
2014-12-18,1029.45,1026.43,1045.20,1022.22,359580,415119447.00,2.23,-0.44,-4.51,0.69
2014-12-19,1026.52,1003.83,1026.52,988.82,310900,333311426.00,3.67,-2.20,-22.60,0.60
2014-12-22,999.64,966.89,999.64,959.94,265421,275787572.00,3.95,-3.68,-36.94,0.51
2014-12-23,947.53,941.94,964.76,941.64,297025,275952194.00,2.39,-2.58,-24.95,0.57
2014-12-24,944.49,965.47,965.66,944.49,267126,246378459.00,2.25,2.50,23.53,0.52
2014-12-25,963.77,980.37,980.37,962.55,267173,276846760.00,1.85,1.54,14.90,0.52
2014-12-26,980.19,976.15,984.00,971.56,302913,311153561.00,1.27,-0.43,-4.22,0.59
2014-12-29,976.87,969.25,976.87,956.97,338163,331250126.00,2.04,-0.71,-6.90,0.65
2014-12-30,963.20,957.17,973.93,953.22,221592,226919661.00,2.14,-1.25,-12.08,0.43
2014-12-31,952.64,962.70,964.16,952.64,234103,248580306.00,1.20,0.58,5.53,0.45