MTk5OC0wMS0wNSw3LjA0LDcuMDMsNy4yMyw2LjkyLDUzMDQsOTUzMjc2NC4wMCw0LjQ5LDEuNzQsMC4xMiwxLjk4
1998-01-06,7.09,7.10,7.16,6.90,5700,10265978.00,3.70,1.00,0.07,2.13
1998-01-07,7.11,7.02,7.13,6.97,4273,7653262.00,2.25,-1.13,-0.08,1.59
1998-01-08,7.01,6.91,7.04,6.89,6404,11330495.00,2.14,-1.57,-0.11,2.39
1998-01-09,6.92,7.58,7.58,6.92,24893,47809688.00,9.55,9.70,0.67,9.28
1998-01-12,7.89,8.31,8.31,7.81,32834,69467896.00,6.60,9.63,0.73,12.25
1998-01-13,8.28,7.75,8.32,7.50,27726,55549500.00,9.87,-6.74,-0.56,10.34
1998-01-14,7.86,8.50,8.50,7.80,35732,77362976.00,9.03,9.68,0.75,13.33
1998-01-15,8.72,8.52,9.03,8.40,20953,46594716.00,7.41,0.24,0.02,7.81
1998-01-16,8.52,8.25,8.52,8.10,7575,16192009.00,4.93,-3.17,-0.27,2.83
1998-01-19,8.25,8.40,8.60,8.17,6538,14147338.00,5.21,1.82,0.15,2.44
1998-01-20,8.40,8.05,8.51,7.87,4438,9302905.00,7.62,-4.17,-0.35,1.66
1998-01-21,7.98,7.64,8.09,7.61,4878,9713617.00,5.96,-5.09,-0.41,1.82
1998-01-22,7.64,8.03,8.28,7.51,5455,11125332.00,10.08,5.10,0.39,2.03
1998-01-23,8.04,8.01,8.17,7.93,3001,6176766.50,2.99,-0.25,-0.02,1.12
1998-02-09,8.13,7.89,8.37,7.83,3700,7574030.50,6.74,-1.50,-0.12,1.38
1998-02-10,7.80,7.68,7.83,7.42,3856,7592574.00,5.20,-2.66,-0.21,1.44
1998-02-11,7.68,7.72,7.93,7.65,1921,3822573.50,3.65,0.52,0.04,0.72
1998-02-12,7.71,7.53,7.72,7.51,2663,5179706.00,2.72,-2.46,-0.19,0.99
1998-02-13,7.53,7.56,7.78,7.35,3526,6823722.50,5.71,0.40,0.03,1.32
1998-02-16,7.57,7.29,7.60,7.25,4190,7885199.00,4.63,-3.57,-0.27,1.56
1998-02-17,7.23,7.13,7.29,7.04,4923,8967212.00,3.43,-2.19,-0.16,1.84
1998-02-18,7.12,7.16,7.38,7.04,3502,6436640.00,4.77,0.42,0.03,1.31
1998-02-19,7.16,7.30,7.31,7.16,1733,3201298.00,2.09,1.96,0.14,0.65
1998-02-20,7.41,7.23,7.41,7.20,1921,3591586.50,2.88,-0.96,-0.07,0.72
1998-02-23,7.27,7.04,7.27,6.97,2844,5122955.50,4.15,-2.63,-0.19,1.06
1998-02-24,7.24,6.97,7.24,6.94,2205,3947034.25,4.26,-0.99,-0.07,0.82
1998-02-25,6.93,6.66,6.97,6.66,3220,5574898.50,4.45,-4.45,-0.31,1.20
1998-02-26,6.62,6.81,6.86,6.57,4089,7003900.50,4.35,2.25,0.15,1.53
1998-02-27,6.89,6.69,6.97,6.67,1998,3460947.50,4.41,-1.76,-0.12,0.75
1998-03-02,6.56,6.29,6.56,6.25,4337,7010442.50,4.63,-5.98,-0.40,1.62
1998-03-03,6.21,6.52,6.55,6.21,2306,3736026.50,5.41,3.66,0.23,0.86
1998-03-04,6.56,6.47,6.61,6.36,2548,4177215.25,3.83,-0.77,-0.05,0.95
1998-03-05,6.40,6.44,6.59,6.39,1787,2937696.75,3.09,-0.46,-0.03,0.67
1998-03-06,6.40,6.54,6.59,6.40,1551,2550852.75,2.95,1.55,0.10,0.58
1998-03-09,6.51,6.34,6.51,6.25,2104,3386854.75,3.98,-3.06,-0.20,0.78
1998-03-10,6.22,6.40,6.44,6.22,1166,1869416.38,3.47,0.95,0.06,0.43
1998-03-11,6.40,6.42,6.61,6.33,1872,3095530.00,4.38,0.31,0.02,0.70
1998-03-12,6.40,6.39,6.44,6.29,1066,1724977.50,2.34,-0.47,-0.03,0.40
1998-03-13,6.44,6.44,6.45,6.35,830,1351680.00,1.56,0.78,0.05,0.31
1998-03-16,6.50,6.63,6.65,6.40,1779,2953004.25,3.88,2.95,0.19,0.66
1998-03-17,6.63,6.70,6.71,6.52,2265,3810447.50,2.87,1.06,0.07,0.84
1998-03-18,6.66,6.55,6.66,6.48,1272,2137315.25,2.69,-2.24,-0.15,0.47
1998-03-19,6.48,6.39,6.48,6.37,1486,2422199.25,1.68,-2.44,-0.16,0.55
1998-03-20,6.35,6.29,6.35,6.25,2468,3948003.50,1.56,-1.56,-0.10,0.92
1998-03-23,6.26,6.13,6.27,6.11,3455,5409837.50,2.54,-2.54,-0.16,1.29
1998-03-24,6.14,6.38,6.39,6.14,1580,2486952.25,4.08,4.08,0.25,0.59
1998-03-25,6.44,6.22,6.51,6.19,2078,3332775.25,5.02,-2.51,-0.16,0.78
1998-03-26,6.25,6.26,6.33,6.13,1326,2111332.75,3.22,0.64,0.04,0.49
1998-03-27,6.25,6.29,6.33,6.13,3137,4960113.50,3.19,0.48,0.03,1.17
1998-03-30,6.26,6.66,6.70,6.14,8727,14179574.00,8.90,5.88,0.37,3.25
1998-03-31,6.62,7.05,7.12,6.62,11851,21021506.00,7.51,5.86,0.39,4.42
1998-04-01,7.73,7.53,7.73,7.26,17141,33148316.00,6.67,6.81,0.48,6.39
1998-04-02,7.53,7.31,7.61,7.30,12208,23062768.00,4.12,-2.92,-0.22,4.55
1998-04-03,7.31,7.28,7.40,7.19,5394,10072790.00,2.87,-0.41,-0.03,2.01
1998-04-06,7.29,7.25,7.36,7.14,5830,10755239.00,3.02,-0.41,-0.03,2.17
1998-04-07,7.25,7.35,7.57,7.19,5237,9968123.00,5.24,1.38,0.10,1.95
1998-04-08,7.36,7.31,7.48,7.27,3757,7039459.50,2.86,-0.54,-0.04,1.40
1998-04-09,7.31,7.21,7.42,7.19,5442,10102138.00,3.15,-1.37,-0.10,2.03
1998-04-10,7.21,7.40,7.42,7.21,4892,9192688.00,2.91,2.64,0.19,1.82
1998-04-13,7.48,7.64,7.75,7.44,11550,22506078.00,4.19,3.24,0.24,4.31
1998-04-14,7.65,7.41,7.66,7.40,5078,9701039.00,3.40,-3.01,-0.23,1.89
1998-04-15,7.37,7.35,7.45,7.23,4132,7786983.50,2.97,-0.81,-0.06,1.54
1998-04-16,7.37,7.32,7.42,7.31,3402,6425729.50,1.50,-0.41,-0.03,1.27
1998-04-17,7.38,7.21,7.38,7.19,3056,5664553.00,2.60,-1.50,-0.11,1.14
1998-04-20,7.20,7.23,7.34,7.08,2440,4514741.50,3.61,0.28,0.02,0.91
1998-04-21,7.25,7.34,7.42,7.19,1874,3522399.75,3.18,1.52,0.11,0.70
1998-04-22,7.33,7.45,7.53,7.33,3780,7223946.50,2.72,1.50,0.11,1.41
1998-04-23,7.46,7.45,7.60,7.44,3264,6295655.00,2.15,0.00,0.00,1.22
1998-04-24,7.42,7.50,7.83,7.33,6532,12667300.00,6.71,0.67,0.05,2.44
1998-04-27,7.53,8.02,8.05,7.53,14949,30109236.00,6.93,6.93,0.52,5.58
1998-04-28,8.17,8.04,8.28,7.95,10888,22652252.00,4.11,0.25,0.02,4.06
1998-04-29,8.02,7.98,8.21,7.95,5936,12233066.00,3.23,-0.75,-0.06,2.21
1998-04-30,8.02,8.01,8.06,7.95,5455,11196147.00,1.38,0.38,0.03,2.03
1998-05-04,8.24,8.27,8.28,8.09,10951,23126110.00,2.37,3.25,0.26,4.08
1998-05-05,8.36,8.55,8.55,8.17,11574,25069586.00,4.59,3.39,0.28,4.32
1998-05-06,8.59,8.64,8.81,8.40,23334,52044400.00,4.80,1.05,0.09,8.70
1998-05-07,8.66,8.49,8.66,8.36,16792,36763128.00,3.47,-1.74,-0.15,6.26
1998-05-08,8.44,8.42,8.45,8.18,11190,23922620.00,3.18,-0.82,-0.07,4.17
1998-05-11,8.42,8.07,8.47,7.98,9257,19331910.00,5.82,-4.16,-0.35,3.45
1998-05-12,8.04,8.03,8.12,7.80,7875,16171305.00,3.97,-0.50,-0.04,2.94
1998-05-13,7.95,8.10,8.25,7.95,4386,9149216.00,3.74,0.87,0.07,1.64
1998-05-14,8.13,8.25,8.32,8.03,4742,9955692.00,3.58,1.85,0.15,1.77
1998-05-18,8.36,8.09,8.36,8.06,3619,7595393.50,3.64,-1.94,-0.16,1.35
1998-05-19,8.09,8.02,8.09,7.96,2583,5316970.00,1.61,-0.87,-0.07,0.96
1998-05-20,8.04,8.06,8.25,7.98,2405,5019310.50,3.37,0.50,0.04,0.90
1998-05-21,8.02,8.07,8.10,7.98,3329,6852487.00,1.49,0.12,0.01,1.24
1998-05-22,8.06,8.09,8.28,8.06,2241,4703478.00,2.73,0.25,0.02,0.84
1998-05-25,8.13,8.04,8.13,7.91,10144,20877242.00,2.72,-0.62,-0.05,3.78
1998-05-26,8.06,8.16,8.21,7.95,6588,13669330.00,3.23,1.49,0.12,2.46
1998-05-27,8.10,8.45,8.51,8.10,6669,14342029.00,5.02,3.55,0.29,2.49
1998-05-28,8.47,8.46,8.74,8.44,6498,14313947.00,3.55,0.12,0.01,2.42
1998-05-29,8.40,8.54,8.63,8.28,8730,19217274.00,4.14,0.95,0.08,3.26
1998-06-01,8.55,8.46,8.60,8.40,4989,10944259.00,2.34,-0.94,-0.08,1.86
1998-06-02,8.49,8.55,8.71,8.47,5600,12402988.00,2.84,1.06,0.09,2.09
1998-06-03,8.55,8.62,8.69,8.51,5253,11670111.00,2.11,0.82,0.07,1.96
1998-06-04,8.62,8.52,8.66,8.45,4717,10366434.00,2.44,-1.16,-0.10,1.76
1998-06-05,8.53,8.45,8.69,8.32,4528,9912180.00,4.34,-0.82,-0.07,1.69
1998-06-08,8.55,8.92,9.00,8.40,11007,25042670.00,7.10,5.56,0.47,4.11
1998-06-09,8.96,8.92,9.30,8.81,13326,31109146.00,5.49,0.00,0.00,4.97
1998-06-10,8.92,9.04,9.17,8.92,5618,13114942.00,2.80,1.35,0.12,2.10
1998-06-11,9.04,8.86,9.25,8.80,5109,11899556.00,4.98,-1.99,-0.18,1.91
1998-06-12,9.05,8.94,9.19,8.87,4053,9402206.00,3.61,0.90,0.08,1.51
1998-06-15,8.97,8.71,9.07,8.59,3279,7460344.50,5.37,-2.57,-0.23,1.22
1998-06-16,8.67,8.43,8.67,8.33,4431,9634056.00,3.90,-3.21,-0.28,1.65
1998-06-17,8.44,8.48,8.54,8.43,1823,3979704.50,1.30,0.59,0.05,0.68
1998-06-18,8.49,8.51,8.77,8.48,1798,3984837.25,3.42,0.35,0.03,0.67
1998-06-19,8.51,8.63,8.70,8.51,2057,4559768.50,2.23,1.41,0.12,0.77
1998-06-22,8.66,8.82,8.87,8.64,2815,6320914.50,2.67,2.20,0.19,1.05
1998-06-23,8.81,8.90,9.04,8.81,2617,6022837.00,2.61,0.91,0.08,0.98
1998-06-24,8.92,8.80,8.99,8.71,2481,5646636.00,3.15,-1.12,-0.10,0.93
1998-06-25,8.72,8.59,8.87,8.55,1860,4151326.50,3.64,-2.39,-0.21,0.69
1998-06-26,8.59,8.49,8.59,8.36,3529,7707295.00,2.68,-1.16,-0.10,1.32
1998-06-29,8.55,8.19,8.55,8.18,2131,4533920.00,4.36,-3.53,-0.30,0.79
1998-06-30,8.13,7.99,8.17,7.91,2237,4613338.00,3.17,-2.44,-0.20,0.83
1998-07-01,8.17,7.84,8.17,7.81,2357,4806193.00,4.51,-1.88,-0.15,0.88
1998-07-02,7.76,7.98,7.98,7.61,2155,4303914.00,4.72,1.79,0.14,0.80
1998-07-03,8.02,7.90,8.03,7.89,1581,3232578.25,1.75,-1.00,-0.08,0.59
1998-07-06,7.90,7.56,7.94,7.53,1765,3488187.25,5.19,-4.30,-0.34,0.66
1998-07-07,7.41,7.71,7.71,7.34,1294,2480198.50,4.89,1.98,0.15,0.48
1998-07-08,7.78,7.72,7.78,7.65,1057,2091025.75,1.69,0.13,0.01,0.39
1998-07-09,7.76,7.79,7.83,7.72,1282,2560155.00,1.42,0.91,0.07,0.48
1998-07-10,7.81,8.09,8.14,7.80,2214,4585061.50,4.36,3.85,0.30,0.83
1998-07-13,8.10,7.99,8.10,7.95,1274,2632036.00,1.85,-1.24,-0.10,0.48
1998-07-14,7.98,7.74,8.09,7.73,2508,5097686.00,4.51,-3.13,-0.25,0.94
1998-07-15,7.80,7.72,7.80,7.60,2438,4787463.00,2.58,-0.26,-0.02,0.91
1998-07-16,7.72,7.63,7.72,7.60,1245,2437940.50,1.55,-1.17,-0.09,0.46
1998-07-17,7.78,7.65,7.78,7.63,1542,3030314.00,1.97,0.26,0.02,0.58
1998-07-20,7.42,7.83,7.90,7.42,1873,3722753.50,6.27,2.35,0.18,0.70
1998-07-21,7.87,8.15,8.24,7.78,7818,16245808.00,5.87,4.09,0.32,2.92
1998-07-22,8.02,8.15,8.24,8.02,6867,14413054.00,2.70,0.00,0.00,2.56
1998-07-23,8.10,8.50,8.51,8.10,13622,29334266.00,5.03,4.29,0.35,5.08
1998-07-24,8.43,8.37,8.55,8.36,4619,10049681.00,2.24,-1.53,-0.13,1.72
1998-07-27,8.40,8.62,8.66,8.40,9494,20784590.00,3.11,2.99,0.25,3.54
1998-07-28,8.62,8.58,8.66,8.52,3153,6942959.00,1.62,-0.46,-0.04,1.18
1998-07-29,8.54,8.35,8.55,8.35,5701,12406267.00,2.33,-2.68,-0.23,2.13
1998-07-30,8.34,8.43,8.49,8.24,5049,10927231.00,2.99,0.96,0.08,1.88
1998-07-31,8.36,8.69,8.75,8.36,13347,29731918.00,4.63,3.08,0.26,4.98
1998-08-03,8.68,8.71,8.92,8.60,12263,27867318.00,3.68,0.23,0.02,4.57
1998-08-04,8.64,8.55,8.75,8.40,6845,15088269.00,4.02,-1.84,-0.16,2.55
1998-08-05,8.55,8.65,8.66,8.22,6759,14916475.00,5.15,1.17,0.10,2.52
1998-08-06,8.64,8.53,8.74,8.38,5455,12020347.00,4.16,-1.39,-0.12,2.03
1998-08-07,8.62,8.60,8.74,8.48,10846,24099622.00,3.05,0.82,0.07,4.05
1998-08-10,8.59,8.45,8.64,8.32,5659,12308974.00,3.72,-1.74,-0.15,2.11
1998-08-11,8.47,8.46,8.65,8.36,9206,20033918.00,3.43,0.12,0.01,3.43
1998-08-12,8.43,8.45,8.53,7.81,5509,11690648.00,8.51,-0.12,-0.01,2.05
1998-08-13,8.44,8.44,8.54,8.32,7530,16362516.00,2.60,-0.12,-0.01,2.81
1998-08-14,8.44,8.06,8.51,8.02,3023,6394157.00,5.81,-4.50,-0.38,1.13
1998-08-17,7.98,7.51,7.98,7.31,3903,7553416.00,8.31,-6.82,-0.55,1.46
1998-08-18,7.42,7.40,7.72,7.37,3209,6213327.50,4.66,-1.46,-0.11,1.20
1998-08-19,7.42,7.89,7.91,7.42,6144,12181071.00,6.62,6.62,0.49,2.29
1998-08-20,7.91,8.17,8.17,7.76,8020,16531527.00,5.20,3.55,0.28,2.99
1998-08-21,8.17,7.92,8.23,7.90,9857,20226252.00,4.04,-3.06,-0.25,3.68
1998-08-24,8.02,8.08,8.17,7.87,8836,18216018.00,3.79,2.02,0.16,3.30
1998-08-25,8.06,8.15,8.17,7.96,6655,13755730.00,2.60,0.87,0.07,2.48
1998-08-26,8.21,8.34,8.36,8.13,12162,25893482.00,2.82,2.33,0.19,4.54
1998-08-27,8.32,8.28,8.38,8.13,8236,17482790.00,3.00,-0.72,-0.06,3.07
1998-08-28,8.28,8.14,8.35,7.98,8171,17283578.00,4.47,-1.69,-0.14,3.05
1998-08-31,8.17,8.15,8.25,7.77,8868,18101738.00,5.90,0.12,0.01,3.31
1998-09-01,8.16,8.03,8.16,7.87,5805,11898002.00,3.56,-1.47,-0.12,2.17
1998-09-02,7.95,7.95,8.04,7.83,5981,12177779.00,2.62,-1.00,-0.08,2.23
1998-09-03,7.95,8.01,8.02,7.91,3149,6433196.00,1.38,0.75,0.06,1.17
1998-09-04,7.98,8.13,8.13,7.98,5575,11553118.00,1.87,1.50,0.12,2.08
1998-09-07,8.13,8.31,8.35,8.13,9400,19932036.00,2.71,2.21,0.18,3.51
1998-09-09,8.32,8.34,8.46,8.25,8759,18830442.00,2.53,0.36,0.03,3.27
1998-09-10,8.37,8.53,8.62,8.28,16729,36320624.00,4.08,2.28,0.19,6.24
1998-09-11,8.59,8.84,8.88,8.49,19694,44114088.00,4.57,3.63,0.31,7.35
1998-09-14,8.85,8.77,9.07,8.70,17284,39755384.00,4.19,-0.79,-0.07,6.45
1998-09-15,8.77,8.74,8.85,8.55,8279,18640692.00,3.42,-0.34,-0.03,3.09
1998-09-16,8.69,8.91,8.96,8.69,13635,31110224.00,3.09,1.95,0.17,5.09
1998-09-17,9.15,8.82,9.15,8.62,8645,19808164.00,5.95,-1.01,-0.09,3.22
1998-09-18,8.74,8.64,8.87,8.55,12504,27917244.00,3.63,-2.04,-0.18,4.66
1998-09-21,8.58,8.66,8.74,8.55,10253,22775064.00,2.20,0.23,0.02,3.82
1998-09-22,8.72,8.59,8.84,8.51,12131,27066036.00,3.81,-0.81,-0.07,4.52
1998-09-23,8.63,8.79,8.86,8.57,18338,25791388.00,3.38,2.33,0.20,4.27
1998-09-24,8.82,8.61,8.83,8.40,6364,8807890.00,4.89,-2.05,-0.18,1.48
1998-09-25,8.66,8.54,8.66,8.10,28096,37594864.00,6.50,-0.81,-0.07,6.55
1998-09-28,8.10,8.26,8.54,8.10,9913,13169370.00,5.15,-3.28,-0.28,2.31
1998-09-29,8.20,8.17,8.37,8.05,9956,13112919.00,3.87,-1.09,-0.09,2.32
1998-09-30,8.19,8.32,8.34,8.08,39410,51629140.00,3.18,1.84,0.15,9.19
1998-10-05,8.27,8.15,8.28,8.08,18321,23860132.00,2.40,-2.04,-0.17,4.27
1998-10-06,8.10,8.15,8.22,8.04,3581,4678734.50,2.21,0.00,0.00,0.83
1998-10-07,8.09,8.08,8.22,8.04,3544,4601310.50,2.21,-0.86,-0.07,0.83
1998-10-08,8.10,8.11,8.20,8.04,4512,5854178.50,1.98,0.37,0.03,1.05
1998-10-09,8.10,7.90,8.10,7.87,7884,10037883.00,2.84,-2.59,-0.21,1.84
1998-10-12,7.80,7.66,7.90,7.66,7722,9592489.00,3.04,-3.04,-0.24,1.80
1998-10-13,7.68,7.80,7.96,7.68,5976,7540676.50,3.66,1.83,0.14,1.39
1998-10-14,7.98,8.30,8.49,7.98,18827,25148702.00,6.54,6.41,0.50,4.39
1998-10-15,8.28,8.24,8.40,8.19,5841,7756461.00,2.53,-0.72,-0.06,1.36
1998-10-16,8.33,8.28,8.40,8.25,5788,7715894.00,1.82,0.49,0.04,1.35
1998-10-19,8.11,8.19,8.34,8.10,6312,8299348.50,2.90,-1.09,-0.09,1.47
1998-10-20,8.17,8.07,8.28,8.04,4203,5519040.50,2.93,-1.47,-0.12,0.98
1998-10-21,8.04,7.80,8.05,7.80,5175,6543772.00,3.10,-3.35,-0.27,1.21
1998-10-22,7.78,8.05,8.22,7.72,5252,6698683.50,6.41,3.21,0.25,1.22
1998-10-23,8.05,7.92,8.06,7.86,4379,5588702.50,2.48,-1.61,-0.13,1.02
1998-10-26,7.68,7.84,8.04,7.67,3825,4786986.00,4.67,-1.01,-0.08,0.89
1998-10-27,7.86,7.84,7.96,7.72,3443,4315332.50,3.06,0.00,0.00,0.80
1998-10-28,7.83,7.89,7.96,7.72,5072,6360735.50,3.06,0.64,0.05,1.18
1998-10-29,7.92,8.18,8.31,7.84,12958,16984442.00,5.96,3.68,0.29,3.02
1998-10-30,8.20,8.11,8.27,8.10,6996,9164638.00,2.08,-0.86,-0.07,1.63
1998-11-02,8.13,8.04,8.16,7.98,6620,8551819.00,2.22,-0.86,-0.07,1.54
1998-11-03,8.04,8.29,8.40,8.04,10771,14398614.00,4.48,3.11,0.25,2.51
1998-11-04,8.33,8.34,8.55,8.28,11034,14940956.00,3.26,0.60,0.05,2.57
1998-11-05,8.40,8.43,8.46,8.31,6425,8658676.00,1.80,1.08,0.09,1.50
1998-11-06,8.52,8.51,8.70,8.46,12729,17555424.00,2.85,0.95,0.08,2.97
1998-11-09,8.52,8.66,8.79,8.46,10223,14218202.00,3.88,1.76,0.15,2.38
1998-11-10,8.70,8.52,8.73,8.46,6704,9207107.00,3.12,-1.62,-0.14,1.56
1998-11-11,8.52,8.42,8.52,8.37,6521,8816176.00,1.76,-1.17,-0.10,1.52
1998-11-12,8.40,8.39,8.46,8.31,6618,8910245.00,1.78,-0.36,-0.03,1.54
1998-11-13,8.37,8.40,8.42,8.30,3571,4791389.00,1.43,0.12,0.01,0.83
1998-11-16,8.74,8.51,8.74,8.42,5353,7327832.50,3.81,1.31,0.11,1.25
1998-11-17,7.71,8.65,8.81,7.71,13880,19303312.00,12.93,1.65,0.14,3.24
1998-11-18,8.76,8.49,8.76,8.46,4965,6865715.50,3.47,-1.85,-0.16,1.16
1998-11-19,8.49,8.31,8.49,8.30,5103,6859111.50,2.24,-2.12,-0.18,1.19
1998-11-20,8.28,8.27,8.41,8.25,3647,4865163.00,1.93,-0.48,-0.04,0.85
1998-11-23,8.28,8.21,8.40,8.20,3098,4097837.50,2.42,-0.73,-0.06,0.72
1998-11-24,8.16,8.24,8.28,8.16,2343,3097349.50,1.46,0.37,0.03,0.55
1998-11-25,8.22,8.07,8.25,8.04,3735,4880758.00,2.55,-2.06,-0.17,0.87
1998-11-26,8.04,7.98,8.16,7.95,4188,5392943.50,2.60,-1.12,-0.09,0.98
1998-11-27,7.98,7.81,8.07,7.78,5252,6628307.00,3.63,-2.13,-0.17,1.22
1998-11-30,7.80,7.98,7.98,7.80,2541,3213426.50,2.30,2.18,0.17,0.59
1998-12-01,7.99,7.84,8.02,7.78,2817,3560033.00,3.01,-1.75,-0.14,0.66
1998-12-02,7.82,7.90,7.92,7.80,2316,2915954.75,1.53,0.77,0.06,0.54
1998-12-03,7.92,7.83,7.92,7.83,2003,2524480.00,1.14,-0.89,-0.07,0.47
1998-12-04,7.92,7.78,8.02,7.74,2694,3386491.50,3.58,-0.64,-0.05,0.63
1998-12-07,7.95,7.68,7.98,7.62,3379,4198476.50,4.63,-1.29,-0.10,0.79
1998-12-08,7.62,7.68,7.75,7.62,2019,2484314.75,1.69,0.00,0.00,0.47
1998-12-09,7.68,7.74,7.74,7.65,1511,1859931.75,1.17,0.78,0.06,0.35
1998-12-10,7.60,7.48,7.65,7.47,2704,3278138.00,2.33,-3.36,-0.26,0.63
1998-12-11,7.44,7.39,7.47,7.18,3658,4269943.00,3.88,-1.20,-0.09,0.85
1998-12-14,7.42,7.24,7.42,7.22,2528,2938257.00,2.71,-2.03,-0.15,0.59
1998-12-15,7.19,7.17,7.19,7.03,2821,3209028.25,2.21,-0.97,-0.07,0.66
1998-12-16,7.19,7.12,7.21,7.07,1666,1900157.38,1.95,-0.70,-0.05,0.39
1998-12-17,7.01,7.01,7.15,7.01,1404,1585649.38,1.97,-1.54,-0.11,0.33
1998-12-18,7.02,7.07,7.16,7.01,1449,1637217.75,2.14,0.86,0.06,0.34
1998-12-21,7.19,7.24,7.41,7.10,2838,3313171.00,4.38,2.40,0.17,0.66
1998-12-22,7.42,7.36,7.42,7.20,2641,3078363.00,3.04,1.66,0.12,0.62
1998-12-23,7.37,7.14,7.37,7.11,4172,4783263.50,3.53,-2.99,-0.22,0.97
1998-12-24,7.12,7.07,7.16,7.05,5125,5805682.00,1.54,-0.98,-0.07,1.19
1998-12-25,7.14,7.21,7.39,7.14,1992,2300409.25,3.54,1.98,0.14,0.39
1998-12-28,7.32,7.11,7.36,6.84,14919,16600430.00,7.21,-1.39,-0.10,2.93
1998-12-29,7.07,7.00,7.09,6.97,1119,1252421.25,1.69,-1.55,-0.11,0.22
1998-12-30,7.02,7.02,7.06,6.89,1610,1784789.00,2.43,0.29,0.02,0.32
1998-12-31,6.97,7.02,7.14,6.89,2275,2534201.25,3.56,0.00,0.00,0.45