MjAxNC0wMS0wMiw0LjU1LDQuNTYsNC42MCw0LjUzLDIwOTk2LDI4MTg3NzAxLjAwLDEuNTQsMC4wMCwwLjAwLDAuOTk=
2014-01-03,4.55,4.58,4.64,4.47,32092,43023224.00,3.73,0.44,0.02,1.52
2014-01-06,4.55,4.46,4.60,4.46,18040,23985223.00,3.06,-2.62,-0.12,0.85
2014-01-07,4.45,4.50,4.58,4.39,17120,22695623.00,4.26,0.90,0.04,0.81
2014-01-08,4.49,4.52,4.64,4.49,17939,23996478.00,3.33,0.44,0.02,0.85
2014-01-09,4.52,4.51,4.61,4.47,15276,20379553.00,3.10,-0.22,-0.01,0.72
2014-01-10,4.52,4.44,4.52,4.24,28645,36915831.00,6.21,-1.55,-0.07,1.36
2014-01-13,4.44,4.36,4.47,4.32,10266,13224712.00,3.38,-1.80,-0.08,0.49
2014-01-14,4.36,4.41,4.43,4.32,8579,11001206.00,2.52,1.15,0.05,0.41
2014-01-15,4.41,4.53,4.57,4.41,25812,34294059.00,3.63,2.72,0.12,1.22
2014-01-16,4.54,4.59,4.68,4.53,19082,25845866.00,3.31,1.32,0.06,0.90
2014-01-17,4.59,4.52,4.60,4.49,10162,13613973.00,2.40,-1.53,-0.07,0.48
2014-01-20,4.49,4.55,4.66,4.49,9945,13420478.00,3.76,0.66,0.03,0.47
2014-01-21,4.60,4.58,4.64,4.55,10830,14667648.00,1.98,0.66,0.03,0.51
2014-01-22,4.55,4.65,4.68,4.55,21538,29523881.00,2.84,1.53,0.07,1.02
2014-01-23,4.66,4.71,4.76,4.64,21063,29343974.00,2.58,1.29,0.06,1.00
2014-01-24,4.71,4.76,4.78,4.68,12986,18285876.00,2.12,1.06,0.05,0.61
2014-01-27,4.75,4.87,4.87,4.71,17370,24706243.00,3.36,2.31,0.11,0.82
2014-01-28,4.87,4.78,4.92,4.72,16007,22806305.00,4.11,-1.85,-0.09,0.76
2014-01-29,4.78,4.98,4.98,4.69,23411,33817131.00,6.07,4.18,0.20,1.11
2014-01-30,5.04,5.21,5.27,4.93,28295,43815026.00,6.83,4.62,0.23,1.34
2014-02-07,5.20,5.33,5.39,5.15,20605,32996682.00,4.61,2.30,0.12,0.98
2014-02-10,5.33,5.29,5.61,5.21,64447,103502214.00,7.50,-0.75,-0.04,3.05
2014-02-11,5.27,5.20,5.33,5.20,46988,74709412.00,2.46,-1.70,-0.09,2.23
2014-02-12,5.19,5.19,5.26,5.16,18059,28401142.00,1.92,-0.19,-0.01,0.86
2014-02-13,5.20,5.06,5.23,5.04,14478,22500847.00,3.66,-2.50,-0.13,0.69
2014-02-14,5.06,5.26,5.26,5.02,17593,27460926.00,4.74,3.95,0.20,0.83
2014-02-17,5.28,5.32,5.37,5.22,37597,60255069.00,2.85,1.14,0.06,1.78
2014-02-18,5.31,5.39,5.41,5.27,19157,30981068.00,2.63,1.32,0.07,0.91
2014-02-19,5.39,5.58,5.63,5.35,33724,57181755.00,5.19,3.53,0.19,1.60
2014-02-20,5.59,5.53,5.62,5.49,18235,30903423.00,2.33,-0.90,-0.05,0.86
2014-02-21,5.51,5.45,5.51,5.32,13555,22221963.00,3.44,-1.45,-0.08,0.64
2014-02-24,5.41,5.45,5.53,5.37,15111,25001553.00,2.94,0.00,0.00,0.72
2014-02-25,5.52,5.25,5.52,5.01,20650,33298351.00,9.36,-3.67,-0.20,0.98
2014-02-26,5.16,5.27,5.32,5.08,12512,19689712.00,4.57,0.38,0.02,0.59
2014-02-27,5.27,5.18,5.27,5.18,13970,21999544.00,1.71,-1.71,-0.09,0.66
2014-02-28,5.16,5.38,5.40,5.09,8539,13605783.00,5.98,3.86,0.20,0.40
2014-03-03,5.40,5.58,5.61,5.40,17326,29261587.00,3.90,3.72,0.20,0.82
2014-03-04,5.55,5.62,5.62,5.44,12481,21130317.00,3.23,0.72,0.04,0.59
2014-03-05,5.58,5.58,5.64,5.49,9652,16405266.00,2.67,-0.71,-0.04,0.46
2014-03-06,5.52,5.52,5.58,5.38,7613,12692575.00,3.58,-1.08,-0.06,0.36
2014-03-07,5.52,5.51,5.66,5.48,9934,16870378.00,3.26,-0.18,-0.01,0.47
2014-03-10,5.50,5.28,5.50,5.26,11744,19109405.00,4.36,-4.17,-0.23,0.56
2014-03-11,5.28,5.00,5.28,4.83,17748,26935523.00,8.52,-5.30,-0.28,0.84
2014-03-12,4.98,5.09,5.11,4.90,9543,14404884.00,4.20,1.80,0.09,0.45
2014-03-13,5.07,5.10,5.21,5.05,5604,8591346.00,3.14,0.20,0.01,0.27
2014-03-14,5.02,5.12,5.15,5.02,5919,9013942.00,2.55,0.39,0.02,0.28
2014-03-17,5.18,5.13,5.18,5.07,9193,14197502.00,2.15,0.20,0.01,0.44
2014-03-18,5.13,5.46,5.57,5.08,23748,37985656.00,9.55,6.43,0.33,1.12
2014-03-19,5.42,5.38,5.58,5.32,14157,23346393.00,4.76,-1.47,-0.08,0.67
2014-03-20,5.47,5.25,5.49,5.24,8727,14235105.00,4.65,-2.42,-0.13,0.41
2014-03-21,5.18,5.29,5.29,5.10,6915,10816505.00,3.62,0.76,0.04,0.33
2014-03-24,5.30,5.18,5.38,5.17,11208,17762632.00,3.97,-2.08,-0.11,0.53
2014-03-25,5.23,5.06,5.23,4.98,16140,24454093.00,4.83,-2.32,-0.12,0.76
2014-03-26,5.11,5.08,5.11,5.01,7645,11582476.00,1.98,0.40,0.02,0.36
2014-03-27,5.08,4.99,5.08,4.90,12238,18309566.00,3.54,-1.77,-0.09,0.58
2014-03-28,4.94,4.95,4.95,4.61,13848,19863021.00,6.81,-0.80,-0.04,0.66
2014-03-31,4.95,4.83,4.97,4.75,7308,10460604.00,4.44,-2.42,-0.12,0.35
2014-04-01,4.73,4.94,4.94,4.73,10777,15813939.00,4.35,2.28,0.11,0.51
2014-04-02,4.95,5.11,5.14,4.94,12517,19030161.00,4.05,3.44,0.17,0.59
2014-04-03,5.11,5.10,5.32,5.07,11098,17403971.00,4.89,-0.20,-0.01,0.53
2014-04-04,5.10,5.11,5.15,5.07,6550,10021133.00,1.57,0.20,0.01,0.31
2014-04-08,5.07,5.10,5.16,5.07,7858,12076522.00,1.76,-0.20,-0.01,0.37
2014-04-09,5.09,5.08,5.12,5.03,8259,12569493.00,1.76,-0.39,-0.02,0.39
2014-04-10,5.06,5.08,5.12,5.05,6840,10440227.00,1.38,0.00,0.00,0.32
2014-04-11,5.03,5.07,5.09,4.95,5491,8234682.00,2.76,-0.20,-0.01,0.26
2014-04-14,5.08,5.15,5.17,5.03,7009,10707865.00,2.76,1.58,0.08,0.33
2014-04-15,5.16,5.10,5.18,5.06,4477,6855424.00,2.33,-0.97,-0.05,0.21
2014-04-16,5.09,5.03,5.10,4.95,13902,20890525.00,2.94,-1.37,-0.07,0.66
2014-04-17,4.99,5.06,5.08,4.87,16018,23685374.00,4.17,0.60,0.03,0.76
2014-04-18,5.01,4.98,5.01,4.90,8331,12312408.00,2.17,-1.58,-0.08,0.39
2014-04-21,4.91,4.88,4.97,4.88,6039,8864167.00,1.81,-2.01,-0.10,0.29
2014-04-22,4.84,4.85,4.90,4.72,8045,11426477.00,3.69,-0.61,-0.03,0.38
2014-04-23,4.76,4.82,4.86,4.76,3161,4520899.00,2.06,-0.62,-0.03,0.15
2014-04-24,4.89,4.72,4.89,4.72,8377,11818797.00,3.53,-2.07,-0.10,0.40
2014-04-25,4.70,4.56,4.72,4.53,7066,9615410.00,4.03,-3.39,-0.16,0.33
2014-04-28,4.55,4.57,4.70,4.55,9020,12230368.00,3.29,0.22,0.01,0.43
2014-04-29,4.57,4.61,4.64,4.53,3411,4589853.00,2.41,0.88,0.04,0.16
2014-04-30,4.61,4.84,4.87,4.56,9703,13570184.00,6.72,4.99,0.23,0.46
2014-05-05,4.87,4.89,4.92,4.79,12144,17480214.00,2.69,1.03,0.05,0.58
2014-05-06,4.88,4.91,4.91,4.82,4809,6984852.00,1.84,0.41,0.02,0.23
2014-05-07,4.91,4.78,4.91,4.62,7493,10672901.00,5.91,-2.65,-0.13,0.35
2014-05-08,4.72,4.68,4.78,4.66,4859,6801977.00,2.51,-2.09,-0.10,0.23
2014-05-09,4.67,4.69,4.70,4.55,19235,26080161.00,3.21,0.21,0.01,0.91
2014-05-12,4.70,4.75,4.78,4.55,9735,13672496.00,4.90,1.28,0.06,0.46
2014-05-13,4.75,4.87,4.96,4.75,14151,20441104.00,4.42,2.53,0.12,0.67
2014-05-14,4.84,4.88,4.95,4.81,8147,11935270.00,2.87,0.21,0.01,0.39
2014-05-15,4.84,4.86,5.00,4.84,9070,13379991.00,3.28,-0.41,-0.02,0.43
2014-05-16,4.82,4.74,4.96,4.71,7682,10901343.00,5.14,-2.47,-0.12,0.36
2014-05-19,4.76,4.72,4.76,4.58,4664,6459718.00,3.80,-0.42,-0.02,0.22
2014-05-20,4.71,4.67,4.77,4.67,4160,5816290.00,2.12,-1.06,-0.05,0.20
2014-05-21,4.66,4.74,4.75,4.62,4827,6724125.00,2.78,1.50,0.07,0.23
2014-05-22,4.71,4.76,4.85,4.71,5651,8052160.00,2.95,0.42,0.02,0.27
2014-05-23,4.76,4.90,4.92,4.75,6372,9184658.00,3.57,2.94,0.14,0.30
2014-05-26,4.92,4.91,4.96,4.89,4587,6737651.00,1.43,0.20,0.01,0.22
2014-05-27,4.90,4.86,4.95,4.85,3610,5269495.00,2.04,-1.02,-0.05,0.17
2014-05-28,4.91,4.84,4.91,4.81,5195,7514168.00,2.06,-0.41,-0.02,0.25
2014-05-29,4.86,4.75,4.86,4.74,5398,7677158.00,2.48,-1.86,-0.09,0.26
2014-05-30,4.75,4.82,4.86,4.73,3709,5296156.00,2.74,1.47,0.07,0.18
2014-06-03,4.81,4.83,4.84,4.77,4867,6981339.00,1.45,0.21,0.01,0.23
2014-06-04,4.78,4.81,4.81,4.73,2813,3988464.00,1.66,-0.41,-0.02,0.13
2014-06-05,4.80,4.80,4.83,4.74,3765,5370075.00,1.87,-0.21,-0.01,0.18
2014-06-06,4.83,4.76,4.83,4.74,3224,4565419.00,1.88,-0.83,-0.04,0.15
2014-06-09,4.76,4.72,4.76,4.72,3830,5375107.00,0.84,-0.84,-0.04,0.18
2014-06-10,4.72,4.81,4.81,4.70,4663,6561895.00,2.33,1.91,0.09,0.22
2014-06-11,4.80,4.80,4.80,4.75,3465,4910949.00,1.04,-0.21,-0.01,0.16
2014-06-12,4.80,4.81,4.83,4.75,5346,7614291.00,1.67,0.21,0.01,0.25
2014-06-13,4.79,4.81,4.83,4.76,5353,6338650.00,1.46,0.00,0.00,0.21
2014-06-16,4.81,4.85,4.89,4.80,8135,9763036.00,1.87,0.83,0.04,0.32
2014-06-17,4.86,4.87,4.92,4.85,8986,10816919.00,1.44,0.41,0.02,0.35
2014-06-18,4.89,4.76,4.91,4.73,9676,11389353.00,3.70,-2.26,-0.11,0.38
2014-06-19,4.78,4.59,4.78,4.57,9182,10486246.00,4.41,-3.57,-0.17,0.36
2014-06-20,4.59,4.60,4.62,4.55,4174,4679057.00,1.53,0.22,0.01,0.16
2014-06-23,4.67,4.61,4.67,4.56,6019,6767075.00,2.39,0.22,0.01,0.24
2014-06-24,4.61,4.72,4.72,4.58,8070,9122245.00,3.04,2.39,0.11,0.32
2014-06-25,4.71,4.82,4.83,4.66,10610,12356023.00,3.60,2.12,0.10,0.42
2014-06-26,4.77,4.82,4.86,4.77,11733,13951346.00,1.87,0.00,0.00,0.46
2014-06-27,4.79,4.85,4.85,4.79,7868,9351499.00,1.24,0.62,0.03,0.31
2014-06-30,4.85,4.93,4.94,4.79,26786,32320798.00,3.09,1.65,0.08,1.06
2014-07-01,4.91,4.83,4.94,4.79,17216,20563550.00,3.04,-2.03,-0.10,0.68
2014-07-02,4.84,4.84,4.92,4.80,20599,24762022.00,2.48,0.21,0.01,0.81
2014-07-03,4.83,4.83,4.87,4.80,13133,15604549.00,1.45,-0.21,-0.01,0.52
2014-07-04,4.84,5.10,5.16,4.81,39181,48289887.00,7.25,5.59,0.27,1.55
2014-07-07,5.08,5.26,5.32,5.04,51532,67351945.00,5.49,3.14,0.16,2.03
2014-07-08,5.24,5.34,5.42,5.24,44134,59251356.00,3.42,1.52,0.08,1.74
2014-07-09,5.34,5.55,5.67,5.28,71765,99684343.00,7.30,3.93,0.21,2.83
2014-07-10,5.48,5.55,5.59,5.43,35689,49333546.00,2.88,0.00,0.00,1.41
2014-07-11,5.51,5.46,5.56,5.44,26169,36185061.00,2.16,-1.62,-0.09,1.03
2014-07-14,5.46,5.38,5.52,5.31,34495,46723106.00,3.85,-1.47,-0.08,1.36
2014-07-15,5.37,5.41,5.44,5.29,25658,34572724.00,2.79,0.56,0.03,1.01
2014-07-16,5.37,5.22,5.38,5.13,21986,28791786.00,4.62,-3.51,-0.19,0.87
2014-07-17,5.17,5.19,5.25,5.13,12388,16068348.00,2.30,-0.57,-0.03,0.49
2014-07-18,5.16,5.20,5.26,5.16,11605,15110371.00,1.93,0.19,0.01,0.46
2014-07-21,5.17,5.32,5.41,5.17,26668,35248138.00,4.62,2.31,0.12,1.05
2014-07-22,5.33,5.24,5.37,5.16,39083,51491755.00,3.95,-1.50,-0.08,1.54
2014-07-23,5.24,5.42,5.52,5.24,48853,66363339.00,5.34,3.44,0.18,1.93
2014-07-24,5.38,5.34,5.48,5.22,41267,55214447.00,4.80,-1.48,-0.08,1.63
2014-07-25,5.28,5.33,5.44,5.24,25585,34372432.00,3.75,-0.19,-0.01,1.01
2014-07-28,5.35,5.37,5.42,5.28,28793,38632708.00,2.63,0.75,0.04,1.14
2014-07-29,5.49,5.44,5.50,5.37,48610,66298094.00,2.42,1.30,0.07,1.92
2014-07-30,5.41,5.85,5.87,5.39,114002,162956068.00,8.82,7.54,0.41,4.50
2014-07-31,5.79,5.75,5.79,5.63,68344,99279905.00,2.74,-1.71,-0.10,2.70
2014-08-01,5.68,5.77,6.06,5.66,75843,112389106.00,6.96,0.35,0.02,2.99
2014-08-29,5.95,5.99,6.27,5.90,133671,211558852.00,6.41,3.81,0.22,5.28
2014-09-01,5.94,6.51,6.51,5.86,168225,266739984.00,10.85,8.68,0.52,6.64
2014-09-02,6.77,7.09,7.09,6.77,205548,377086352.00,4.92,8.91,0.58,8.11
2014-09-03,7.42,7.25,7.42,6.97,322065,605837552.00,6.35,2.26,0.16,12.71
2014-09-04,7.10,7.11,7.27,7.04,195174,364067424.00,3.17,-1.93,-0.14,7.70
2014-09-05,7.02,6.93,7.05,6.81,160336,288018608.00,3.38,-2.53,-0.18,6.33
2014-09-09,6.93,6.96,6.96,6.79,88850,159294756.00,2.45,0.43,0.03,3.51
2014-09-10,6.91,6.93,7.06,6.80,88370,159533860.00,3.74,-0.43,-0.03,3.49
2014-09-11,6.86,6.91,6.95,6.77,94474,168677250.00,2.60,-0.29,-0.02,3.73
2014-09-12,6.88,6.91,6.96,6.83,74581,134012359.00,1.88,0.00,0.00,2.94
2014-09-15,6.85,6.88,6.91,6.74,79682,141419262.00,2.46,-0.43,-0.03,3.14
2014-09-16,6.88,6.43,6.89,6.43,110141,188932033.00,6.69,-6.54,-0.45,4.35
2014-09-17,6.41,6.36,6.49,6.26,63896,104260627.00,3.58,-1.09,-0.07,2.52
2014-09-18,6.36,6.44,6.52,6.30,58162,96244129.00,3.46,1.26,0.08,2.30
2014-09-19,6.45,6.50,6.61,6.43,55957,94329559.00,2.80,0.93,0.06,2.21
2014-09-22,6.45,6.21,6.45,6.19,69314,111579991.00,4.00,-4.46,-0.29,2.74
2014-09-23,6.22,6.40,6.42,6.22,70927,115956795.00,3.22,3.06,0.19,2.80
2014-09-24,6.40,6.57,6.64,6.30,83612,140785796.00,5.31,2.66,0.17,3.30
2014-09-25,6.56,6.57,6.72,6.45,86902,148392578.00,4.11,0.00,0.00,3.43
2014-09-26,6.56,6.50,6.61,6.46,38110,64067861.00,2.28,-1.07,-0.07,1.50
2014-09-29,6.54,6.50,6.58,6.43,44274,74230858.00,2.31,0.00,0.00,1.75
2014-09-30,6.50,6.44,6.53,6.43,33053,55028564.00,1.54,-0.92,-0.06,1.30
2014-10-08,6.43,6.61,6.61,6.43,61375,103734794.00,2.80,2.64,0.17,2.42
2014-10-09,6.61,6.53,6.61,6.47,44173,74549233.00,2.12,-1.21,-0.08,1.74
2014-10-10,6.51,6.47,6.54,6.41,35430,59189182.00,1.99,-0.92,-0.06,1.40
2014-10-13,6.43,6.39,6.43,6.33,29868,49064067.00,1.55,-1.24,-0.08,1.18
2014-10-14,6.59,6.96,6.96,6.59,110283,196358271.00,5.79,8.92,0.57,4.35
2014-10-15,7.02,6.98,7.13,6.87,195805,356352400.00,3.74,0.29,0.02,7.73
2014-10-16,6.91,6.78,6.97,6.78,92423,165153192.00,2.72,-2.87,-0.20,3.65
2014-10-17,6.67,6.54,6.78,6.37,77295,130884727.00,6.05,-3.54,-0.24,3.05
2014-10-20,6.52,6.65,6.66,6.43,40166,68442143.00,3.52,1.68,0.11,1.59
2014-10-21,6.58,6.55,6.64,6.44,39609,66830177.00,3.01,-1.50,-0.10,1.56
2014-10-22,6.50,6.53,6.63,6.44,35880,60664250.00,2.90,-0.31,-0.02,1.42
2014-10-23,6.46,6.74,6.84,6.42,90509,156335788.00,6.43,3.22,0.21,3.57
2014-10-24,6.73,6.59,6.73,6.54,60346,103391596.00,2.82,-2.23,-0.15,2.38
2014-10-27,6.55,6.67,6.70,6.43,44120,75307139.00,4.10,1.21,0.08,1.74
2014-10-28,6.71,6.93,6.97,6.69,102867,184167975.00,4.20,3.90,0.26,4.06
2014-10-29,6.89,7.09,7.13,6.85,142756,261682085.00,4.04,2.31,0.16,5.63
2014-10-30,7.08,6.91,7.08,6.85,79725,144091019.00,3.24,-2.54,-0.18,3.15
2014-10-31,6.93,6.93,7.03,6.81,75242,135937986.00,3.18,0.29,0.02,2.97
2014-11-03,6.93,7.01,7.07,6.84,61593,112195518.00,3.32,1.15,0.08,2.43
2014-11-04,7.64,7.64,7.64,7.45,138293,276702208.00,2.71,8.99,0.63,5.46
2014-11-05,7.94,8.32,8.32,7.70,252254,538536960.00,8.12,8.90,0.68,9.95
2014-11-06,8.28,8.21,8.31,7.96,165906,357820608.00,4.21,-1.32,-0.11,6.55
2014-11-07,8.13,7.76,8.20,7.69,164540,345162192.00,6.21,-5.48,-0.45,6.49
2014-11-10,7.77,7.94,8.09,7.57,140164,293411072.00,6.70,2.32,0.18,5.53
2014-11-11,7.88,7.31,7.88,7.22,132500,259421805.00,8.31,-7.93,-0.63,5.23
2014-11-12,7.31,7.37,7.42,7.12,89766,171225551.00,4.10,0.82,0.06,3.54
2014-11-13,7.32,7.11,7.34,7.02,74626,139538766.00,4.34,-3.53,-0.26,2.94
2014-11-14,7.06,7.14,7.30,7.05,57046,107145760.00,3.52,0.42,0.03,2.25
2014-11-17,7.15,7.33,7.44,7.02,80920,155246849.00,5.88,2.66,0.19,3.19
2014-11-18,7.33,7.32,7.51,7.26,47456,91731787.00,3.41,-0.14,-0.01,1.87
2014-11-19,7.30,7.22,7.30,7.09,52303,98307750.00,2.87,-1.37,-0.10,2.06
2014-11-20,7.18,7.26,7.36,7.10,41895,79863161.00,3.60,0.55,0.04,1.65
2014-11-21,7.26,7.26,7.33,7.18,34955,66306219.00,2.07,0.00,0.00,1.38
2014-11-24,7.36,7.49,7.56,7.20,90008,175828929.00,4.96,3.17,0.23,3.55
2014-11-25,7.47,7.71,7.76,7.42,80890,162658034.00,4.54,2.94,0.22,3.19
2014-11-26,7.72,7.62,7.90,7.49,67364,136448597.00,5.32,-1.17,-0.09,2.66
2014-11-27,7.63,7.50,7.66,7.43,67911,134218577.00,3.02,-1.57,-0.12,2.68
2014-11-28,7.50,7.43,7.50,7.26,77861,149912025.00,3.20,-0.93,-0.07,3.07
2014-12-01,7.38,7.16,7.41,7.15,62309,118106716.00,3.50,-3.63,-0.27,2.46
2014-12-02,7.12,7.19,7.29,7.10,49653,93484282.00,2.65,0.42,0.03,1.96
2014-12-03,7.20,7.25,7.25,7.04,83888,156454569.00,2.92,0.83,0.06,3.31
2014-12-04,7.21,7.23,7.30,7.19,74512,141029532.00,1.52,-0.28,-0.02,2.94
2014-12-05,7.23,7.61,7.70,7.05,182896,357236976.00,8.99,5.26,0.38,7.22
2014-12-08,7.60,8.30,8.30,7.42,246292,521031120.00,11.56,9.07,0.69,9.72
2014-12-09,8.20,7.55,8.20,7.55,160283,334002624.00,7.83,-9.04,-0.75,6.33
2014-12-10,7.35,7.62,7.66,6.87,104646,201305400.00,10.46,0.93,0.07,4.13
2014-12-11,7.43,7.46,7.62,7.32,64746,127143562.00,3.94,-2.10,-0.16,2.56
2014-12-12,7.42,7.59,7.65,7.38,63934,126849367.00,3.62,1.74,0.13,2.52
2014-12-15,7.41,7.73,7.87,7.29,94057,189648121.00,7.64,1.84,0.14,3.71
2014-12-16,7.88,7.82,8.25,7.75,129023,269825568.00,6.47,1.16,0.09,5.09
2014-12-17,7.76,7.56,7.76,7.48,71265,142538669.00,3.58,-3.32,-0.26,2.81
2014-12-18,7.53,7.61,7.76,7.43,65840,132793372.00,4.37,0.66,0.05,2.60
2014-12-19,7.62,7.41,7.64,7.17,82812,160521165.00,6.18,-2.63,-0.20,3.27
2014-12-22,7.44,6.93,7.77,6.93,77903,149409282.00,11.34,-6.48,-0.48,3.07
2014-12-23,6.81,6.58,6.95,6.56,64209,112826128.00,5.63,-5.05,-0.35,2.53
2014-12-24,6.60,6.70,6.72,6.60,30741,53006736.00,1.82,1.82,0.12,1.21
2014-12-25,6.74,7.03,7.04,6.72,47037,84346943.00,4.78,4.93,0.33,1.86
2014-12-26,7.29,7.15,7.43,7.09,85880,162835863.00,4.84,1.71,0.12,3.39
2014-12-29,7.05,7.12,7.29,6.91,56199,104854320.00,5.31,-0.42,-0.03,2.22
2014-12-30,7.02,6.90,7.20,6.88,46947,85902948.00,4.49,-3.09,-0.22,1.85
2014-12-31,7.00,6.96,7.12,6.88,35186,63890830.00,3.48,0.87,0.06,1.39