2024-01-02,3.86,3.86,3.89,3.85,95564,36962447.00,1.03,-0.26,-0.01,0.26
2024-01-03,3.87,3.90,3.92,3.85,95562,37180719.00,1.81,1.04,0.04,0.26
2024-01-04,3.91,3.87,3.91,3.84,73689,28499144.00,1.79,-0.77,-0.03,0.20
2024-01-05,3.88,3.85,3.90,3.83,95998,37165272.00,1.81,-0.52,-0.02,0.27
2024-01-08,3.85,3.77,3.85,3.76,99933,37940474.00,2.34,-2.08,-0.08,0.28
2024-01-09,3.76,3.80,3.82,3.73,97633,36914048.00,2.39,0.80,0.03,0.27
2024-01-10,3.80,3.80,3.82,3.75,83419,31643752.00,1.84,0.00,0.00,0.23
2024-01-11,3.80,3.85,3.85,3.79,74078,28307725.00,1.58,1.32,0.05,0.21
2024-01-12,3.84,3.84,3.90,3.83,93570,36178917.00,1.82,-0.26,-0.01,0.26
2024-01-15,3.83,3.89,3.91,3.81,104163,40357633.00,2.60,1.30,0.05,0.29
2024-01-16,3.89,3.86,3.90,3.81,104431,40313486.00,2.31,-0.77,-0.03,0.29
2024-01-17,3.85,3.76,3.86,3.76,97002,36884487.00,2.59,-2.59,-0.10,0.27
2024-01-18,3.75,3.66,3.76,3.52,224010,81028964.00,6.38,-2.66,-0.10,0.62
2024-01-19,3.64,3.61,3.66,3.59,132001,47872560.00,1.91,-1.37,-0.05,0.37
2024-01-22,3.63,3.43,3.63,3.41,152701,53866509.00,6.09,-4.99,-0.18,0.42
2024-01-23,3.44,3.42,3.46,3.37,121706,41587918.00,2.62,-0.29,-0.01,0.34
2024-01-24,3.44,3.48,3.55,3.43,107241,37506473.00,3.51,1.75,0.06,0.30