2017-01-03,5.38,5.43,5.45,5.35,66146,36505318.00,1.87,1.31,0.07,0.49
2017-01-04,5.43,5.50,5.51,5.40,77865,43313226.00,2.03,1.29,0.07,0.58
2017-01-05,5.50,5.46,5.54,5.43,60277,33619572.00,2.00,-0.73,-0.04,0.45
2017-01-06,5.47,5.40,5.47,5.37,60800,33496255.00,1.83,-1.10,-0.06,0.45
2017-01-09,5.38,5.42,5.45,5.35,71024,39041220.00,1.85,0.37,0.02,0.53
2017-01-10,5.42,5.36,5.43,5.35,68050,37370108.00,1.48,-1.11,-0.06,0.51
2017-01-11,5.37,5.38,5.41,5.34,64650,35443433.00,1.31,0.37,0.02,0.48
2017-01-12,5.36,5.33,5.38,5.29,47745,25992979.00,1.67,-0.93,-0.05,0.36
2017-01-13,5.32,5.11,5.35,5.08,112503,59854675.00,5.07,-4.13,-0.22,0.84
2017-01-16,5.11,4.86,5.13,4.65,148802,74681360.00,9.39,-4.89,-0.25,1.11
2017-01-17,4.81,4.96,5.01,4.80,97436,48723698.00,4.32,2.06,0.10,0.73
2017-01-18,4.96,4.96,5.01,4.93,52255,26513662.00,1.61,0.00,0.00,0.39
2017-01-19,4.95,4.91,4.96,4.89,35860,18013148.00,1.41,-1.01,-0.05,0.27
2017-01-20,4.90,5.02,5.05,4.89,69601,35459771.00,3.26,2.24,0.11,0.52
2017-01-23,4.96,5.06,5.09,4.94,93070,47866917.00,2.99,0.80,0.04,0.69
2017-01-24,5.06,5.00,5.06,4.96,55171,28127296.00,1.98,-1.19,-0.06,0.41
2017-01-25,4.98,5.02,5.05,4.95,65398,33360357.00,2.00,0.40,0.02,0.49
2017-01-26,5.02,5.09,5.13,4.97,90268,46657088.00,3.19,1.39,0.07,0.67
2017-02-03,5.08,5.05,5.12,4.99,70004,35987902.00,2.55,-0.79,-0.04,0.52
2017-02-06,5.05,5.09,5.10,5.03,89434,46163555.00,1.39,0.79,0.04,0.67
2017-02-07,5.07,5.07,5.10,5.00,88692,45739253.00,1.96,-0.39,-0.02,0.66
2017-02-08,5.07,5.11,5.12,5.03,76517,39638026.00,1.78,0.79,0.04,0.57
2017-02-09,5.10,5.16,5.20,5.08,88062,46357876.00,2.35,0.98,0.05,0.66
2017-02-10,5.16,5.22,5.26,5.16,96428,51261250.00,1.94,1.16,0.06,0.72
2017-02-13,5.23,5.20,5.28,5.18,89230,47692808.00,1.92,-0.38,-0.02,0.67
2017-02-14,5.21,5.22,5.25,5.18,86775,46130694.00,1.35,0.38,0.02,0.65
2017-02-15,5.22,5.13,5.23,5.09,124800,65559309.00,2.68,-1.72,-0.09,0.93
2017-02-16,5.12,5.18,5.19,5.10,111194,58378590.00,1.75,0.97,0.05,0.83
2017-02-17,5.19,5.12,5.21,5.09,63938,33525077.00,2.32,-1.16,-0.06,0.48
2017-02-20,5.12,5.17,5.17,5.09,66501,34836973.00,1.56,0.98,0.05,0.50
2017-02-21,5.16,5.23,5.26,5.14,97971,52078170.00,2.32,1.16,0.06,0.73
2017-02-22,5.24,5.28,5.30,5.21,94166,50437341.00,1.72,0.96,0.05,0.70
2017-02-23,5.28,5.27,5.28,5.23,62966,33714077.00,0.95,-0.19,-0.01,0.47
2017-02-24,5.26,5.29,5.29,5.22,67014,35920977.00,1.33,0.38,0.02,0.50
2017-02-27,5.25,5.29,5.36,5.24,108945,59014292.00,2.27,0.00,0.00,0.81
2017-02-28,5.29,5.31,5.35,5.25,52785,28507298.00,1.89,0.38,0.02,0.39
2017-03-01,5.30,5.26,5.30,5.24,71366,38284574.00,1.13,-0.94,-0.05,0.53
2017-03-02,5.27,5.19,5.27,5.15,102658,54459660.00,2.28,-1.33,-0.07,0.77
2017-03-03,5.17,5.16,5.20,5.13,54475,28641501.00,1.35,-0.58,-0.03,0.41
2017-03-06,5.16,5.24,5.24,5.14,66697,35419734.00,1.94,1.55,0.08,0.50
2017-03-07,5.25,5.28,5.30,5.22,87794,47233494.00,1.53,0.76,0.04,0.66
2017-03-08,5.28,5.28,5.34,5.24,65037,35113542.00,1.89,0.00,0.00,0.49
2017-03-09,5.25,5.23,5.28,5.18,55901,29800499.00,1.89,-0.95,-0.05,0.42
2017-03-10,5.23,5.23,5.28,5.21,43858,23428952.00,1.34,0.00,0.00,0.33
2017-03-13,5.27,5.36,5.48,5.21,234593,128614960.00,5.16,2.49,0.13,1.75
2017-03-14,5.31,5.36,5.37,5.28,143654,77752002.00,1.68,0.00,0.00,1.07
2017-03-15,5.34,5.35,5.35,5.27,97208,52649173.00,1.49,-0.19,-0.01,0.73
2017-03-16,5.33,5.38,5.41,5.33,129925,71013097.00,1.50,0.56,0.03,0.97
2017-03-17,5.38,5.30,5.38,5.28,139506,75610858.00,1.86,-1.49,-0.08,1.04
2017-03-20,5.25,5.14,5.27,5.09,186047,98027987.00,3.40,-3.02,-0.16,1.39
2017-03-21,5.14,5.13,5.16,5.08,93635,48893114.00,1.56,-0.19,-0.01,0.70
2017-03-22,5.11,5.06,5.11,5.04,82320,42592422.00,1.36,-1.36,-0.07,0.61
2017-03-23,5.07,4.99,5.10,4.93,138741,70812385.00,3.36,-1.38,-0.07,1.04
2017-03-24,4.99,5.06,5.06,4.94,104495,53340057.00,2.40,1.40,0.07,0.78
2017-03-27,5.10,4.99,5.11,4.98,81117,41658520.00,2.57,-1.38,-0.07,0.61
2017-03-28,5.00,4.97,5.00,4.94,73782,37370343.00,1.20,-0.40,-0.02,0.55
2017-03-29,4.97,4.94,4.99,4.93,77769,39318820.00,1.21,-0.60,-0.03,0.58
2017-03-30,4.95,4.80,4.96,4.76,100085,49409903.00,4.05,-2.83,-0.14,0.75
2017-03-31,4.81,4.81,4.83,4.77,62989,30907610.00,1.25,0.21,0.01,0.47
2017-04-05,4.85,4.97,4.98,4.84,89425,44865970.00,2.91,3.33,0.16,0.67
2017-04-06,4.97,4.96,5.00,4.92,72650,36787294.00,1.61,-0.20,-0.01,0.54
2017-04-07,4.96,4.96,4.98,4.92,61559,31112362.00,1.21,0.00,0.00,0.46
2017-04-10,4.95,5.00,5.04,4.92,96156,48866896.00,2.42,0.81,0.04,0.72
2017-04-11,5.00,5.00,5.02,4.87,128086,64590991.00,3.00,0.00,0.00,0.96
2017-04-12,4.99,4.95,5.00,4.91,140706,71104981.00,1.80,-1.00,-0.05,1.05
2017-04-13,4.96,5.04,5.09,4.92,194429,99106523.00,3.43,1.82,0.09,1.45
2017-04-14,5.00,4.95,5.03,4.94,91483,46518874.00,1.79,-1.79,-0.09,0.68
2017-04-17,4.93,4.88,4.96,4.84,86658,43297052.00,2.42,-1.41,-0.07,0.65
2017-04-18,4.88,4.79,4.91,4.76,115431,56912845.00,3.07,-1.84,-0.09,0.86
2017-04-19,4.79,4.67,4.79,4.64,81369,39063858.00,3.13,-2.51,-0.12,0.61
2017-04-20,4.68,4.64,4.71,4.53,98548,46692978.00,3.85,-0.64,-0.03,0.74
2017-04-21,4.67,4.63,4.72,4.61,70890,33825421.00,2.37,-0.22,-0.01,0.53
2017-04-24,4.62,4.60,4.71,4.52,101008,47771649.00,4.10,-0.65,-0.03,0.75
2017-04-25,4.61,4.50,4.64,4.45,70725,32919123.00,4.13,-2.17,-0.10,0.53
2017-04-26,4.51,4.32,4.54,4.30,140459,62820621.00,5.33,-4.00,-0.18,1.05
2017-04-27,4.32,4.37,4.37,4.19,102150,44588426.00,4.17,1.16,0.05,0.76
2017-04-28,4.33,4.35,4.37,4.30,55979,24857704.00,1.60,-0.46,-0.02,0.42
2017-05-02,4.35,4.31,4.43,4.29,84446,37558133.00,3.22,-0.92,-0.04,0.63
2017-05-03,4.31,4.33,4.35,4.29,65286,28843477.00,1.39,0.46,0.02,0.49
2017-05-04,4.34,4.34,4.37,4.29,47654,21162865.00,1.85,0.23,0.01,0.36
2017-05-05,4.34,4.24,4.34,4.23,60652,26507156.00,2.53,-2.30,-0.10,0.45
2017-05-08,4.24,4.20,4.26,4.18,51833,22407015.00,1.89,-0.94,-0.04,0.39
2017-05-09,4.20,4.17,4.20,4.07,80227,34016192.00,3.10,-0.71,-0.03,0.60
2017-05-10,4.17,4.04,4.20,4.03,57137,24129570.00,4.08,-3.12,-0.13,0.43
2017-05-11,4.04,3.90,4.04,3.81,125902,50297083.00,5.69,-3.47,-0.14,0.94
2017-05-12,3.88,3.88,3.90,3.78,128451,50505910.00,3.08,-0.51,-0.02,0.96
2017-05-15,3.87,3.91,3.94,3.84,71098,28355860.00,2.58,0.77,0.03,0.53
2017-05-16,3.89,3.99,4.00,3.84,95141,38281516.00,4.09,2.05,0.08,0.71
2017-05-17,3.99,4.02,4.09,3.97,87396,36154017.00,3.01,0.75,0.03,0.65
2017-05-18,3.99,3.99,4.06,3.96,40255,16558289.00,2.49,-0.75,-0.03,0.30
2017-05-19,3.97,3.96,4.01,3.94,49181,19992276.00,1.75,-0.75,-0.03,0.37
2017-05-22,3.97,3.80,3.98,3.78,97599,38616641.00,5.05,-4.04,-0.16,0.73
2017-05-23,3.81,3.69,3.83,3.67,74829,28788737.00,4.21,-2.89,-0.11,0.56
2017-05-24,3.70,3.73,3.74,3.57,53245,20091628.00,4.61,1.08,0.04,0.40
2017-05-25,3.75,3.84,3.88,3.72,94575,36962335.00,4.29,2.95,0.11,0.71
2017-05-26,3.82,3.84,3.87,3.81,45699,18004746.00,1.56,0.00,0.00,0.34
2017-05-31,3.89,3.86,3.95,3.85,74565,29935546.00,2.60,0.52,0.02,0.56
2017-06-01,3.85,3.69,3.85,3.69,78556,30532572.00,4.15,-4.40,-0.17,0.59
2017-06-02,3.71,3.80,3.82,3.71,104846,40582688.00,2.98,2.98,0.11,0.78
2017-06-05,3.80,3.82,3.84,3.79,63745,24936970.00,1.32,0.53,0.02,0.48
2017-06-06,3.82,3.82,3.86,3.77,49864,19511333.00,2.36,0.00,0.00,0.37
2017-06-07,3.82,3.93,3.97,3.80,113668,45394756.00,4.45,2.88,0.11,0.85
2017-06-08,3.91,3.90,3.95,3.89,49223,19752964.00,1.53,-0.76,-0.03,0.37
2017-06-09,3.92,3.87,3.92,3.79,81283,32166607.00,3.33,-0.77,-0.03,0.61
2017-06-12,3.87,3.82,3.87,3.80,55072,21666977.00,1.81,-1.29,-0.05,0.41
2017-06-13,3.83,3.86,3.88,3.78,49927,19708362.00,2.62,1.05,0.04,0.37
2017-06-14,3.86,3.85,3.87,3.84,31900,12600806.00,0.78,-0.26,-0.01,0.24
2017-06-15,3.83,3.90,3.92,3.83,56984,22688676.00,2.34,1.30,0.05,0.43
2017-06-16,3.90,3.88,3.91,3.86,56240,22364119.00,1.28,-0.51,-0.02,0.42
2017-06-19,3.88,3.91,3.92,3.85,71312,28393881.00,1.80,0.77,0.03,0.53
2017-06-20,3.91,3.91,3.96,3.89,99414,39928997.00,1.79,0.00,0.00,0.74
2017-06-21,3.91,3.86,3.92,3.83,76050,30150350.00,2.30,-1.28,-0.05,0.57
2017-06-22,3.87,3.82,3.89,3.81,108269,42818880.00,2.07,-1.04,-0.04,0.81
2017-06-23,3.82,3.82,3.85,3.76,73477,28678680.00,2.36,0.00,0.00,0.55
2017-06-26,3.82,3.87,3.88,3.79,63145,24910087.00,2.36,1.31,0.05,0.47
2017-06-27,3.86,3.88,3.89,3.85,54924,21814580.00,1.03,0.26,0.01,0.41
2017-06-28,3.90,3.86,3.92,3.86,79414,31652698.00,1.55,-0.52,-0.02,0.59
2017-06-29,3.87,3.88,3.92,3.86,41806,16669999.00,1.55,0.52,0.02,0.31
2017-06-30,3.89,3.89,3.90,3.86,31548,12553545.00,1.03,0.26,0.01,0.24
2017-07-03,3.90,3.90,3.91,3.87,68260,27287759.00,1.03,0.26,0.01,0.51
2017-07-04,3.91,3.91,3.92,3.87,61193,24459106.00,1.28,0.26,0.01,0.46
2017-07-05,3.89,3.95,3.96,3.89,82894,33417107.00,1.79,1.02,0.04,0.62
2017-07-06,3.96,4.00,4.06,3.92,110538,45064792.00,3.54,1.27,0.05,0.82
2017-07-07,3.99,4.00,4.01,3.96,51651,21091708.00,1.25,0.00,0.00,0.39
2017-07-10,4.01,4.00,4.06,3.98,96840,39924863.00,2.00,0.00,0.00,0.72
2017-07-11,4.00,4.01,4.07,3.98,97111,40102401.00,2.25,0.25,0.01,0.72
2017-07-12,4.02,3.99,4.03,3.90,127977,52028904.00,3.24,-0.50,-0.02,0.95
2017-07-13,3.99,4.04,4.07,3.98,121357,50182476.00,2.26,1.25,0.05,0.91
2017-07-14,4.05,4.07,4.07,4.01,90660,37577282.00,1.49,0.74,0.03,0.68
2017-07-17,4.07,3.92,4.08,3.90,123486,50138373.00,4.42,-3.69,-0.15,0.92
2017-07-18,3.89,3.98,4.00,3.87,74955,30303133.00,3.32,1.53,0.06,0.56
2017-07-19,3.98,4.07,4.10,3.94,138002,56970159.00,4.02,2.26,0.09,1.03
2017-07-20,4.10,4.15,4.22,4.04,212881,89913034.00,4.42,1.97,0.08,1.59
2017-07-21,4.15,4.10,4.16,4.08,88133,37155740.00,1.93,-1.20,-0.05,0.66
2017-07-24,4.10,4.14,4.18,4.08,88744,37561745.00,2.44,0.98,0.04,0.66
2017-07-25,4.14,4.26,4.33,4.12,240324,104510506.00,5.07,2.90,0.12,1.79
2017-07-26,4.26,4.25,4.30,4.17,126861,54804224.00,3.05,-0.23,-0.01,0.95
2017-07-27,4.25,4.25,4.31,4.20,88852,38787582.00,2.59,0.00,0.00,0.66
2017-07-28,4.27,4.25,4.28,4.16,114997,49762861.00,2.82,0.00,0.00,0.86
2017-07-31,4.26,4.23,4.27,4.18,80470,34815261.00,2.12,-0.47,-0.02,0.60
2017-08-01,4.23,4.17,4.23,4.16,76920,32969075.00,1.65,-1.42,-0.06,0.57
2017-08-02,4.19,4.15,4.19,4.12,57196,24297711.00,1.68,-0.48,-0.02,0.43
2017-08-03,4.13,4.17,4.18,4.13,44906,19103916.00,1.20,0.48,0.02,0.34
2017-08-04,4.16,4.15,4.18,4.14,33522,14277807.00,0.96,-0.48,-0.02,0.25
2017-08-07,4.14,4.20,4.22,4.14,90491,38731822.00,1.93,1.20,0.05,0.68
2017-08-08,4.20,4.23,4.30,4.20,100497,43773530.00,2.38,0.71,0.03,0.75
2017-08-09,4.22,4.25,4.26,4.19,56805,24571186.00,1.65,0.47,0.02,0.42
2017-08-10,4.26,4.16,4.26,4.12,55409,23731950.00,3.29,-2.12,-0.09,0.41
2017-08-11,4.13,4.13,4.15,4.02,74458,31255641.00,3.13,-0.72,-0.03,0.56
2017-08-14,4.13,4.26,4.27,4.10,89858,38868654.00,4.12,3.15,0.13,0.67
2017-08-15,4.26,4.26,4.30,4.21,39392,17118693.00,2.11,0.00,0.00,0.29
2017-08-16,4.26,4.32,4.35,4.24,91469,40383300.00,2.58,1.41,0.06,0.68
2017-08-17,4.32,4.44,4.44,4.29,108173,48818428.00,3.47,2.78,0.12,0.81
2017-08-18,4.41,4.41,4.56,4.36,119689,54470596.00,4.50,-0.68,-0.03,0.89
2017-08-21,4.41,4.46,4.48,4.40,82722,37513465.00,1.81,1.13,0.05,0.62
2017-08-22,4.47,4.60,4.67,4.47,196624,92453594.00,4.48,3.14,0.14,1.47
2017-08-23,4.60,4.71,4.79,4.57,223924,107877633.00,4.78,2.39,0.11,1.67
2017-08-24,4.69,4.62,4.71,4.59,112214,53002443.00,2.55,-1.91,-0.09,0.84
2017-08-25,4.61,4.58,4.61,4.52,128065,59674088.00,1.95,-0.87,-0.04,0.96
2017-08-28,4.58,4.62,4.64,4.56,76285,35838474.00,1.75,0.87,0.04,0.57
2017-08-29,4.63,4.58,4.77,4.52,119285,56202401.00,5.41,-0.87,-0.04,0.89
2017-08-30,4.58,4.56,4.65,4.50,82634,38444132.00,3.28,-0.44,-0.02,0.62
2017-08-31,4.58,4.58,4.62,4.54,59334,27782971.00,1.75,0.44,0.02,0.44
2017-09-01,4.59,4.62,4.65,4.55,92943,43706278.00,2.18,0.87,0.04,0.69
2017-09-04,4.61,4.58,4.68,4.51,129850,60563135.00,3.68,-0.87,-0.04,0.97
2017-09-05,4.57,4.50,4.57,4.46,106858,49201462.00,2.40,-1.75,-0.08,0.80
2017-09-06,4.50,4.50,4.52,4.46,48264,22195773.00,1.33,0.00,0.00,0.36
2017-09-07,4.51,4.49,4.54,4.46,67175,30869403.00,1.78,-0.22,-0.01,0.50
2017-09-08,4.49,4.48,4.52,4.47,44167,20267261.00,1.11,-0.22,-0.01,0.33
2017-09-11,4.49,4.53,4.55,4.44,75648,34592929.00,2.46,1.12,0.05,0.56
2017-09-12,4.53,4.58,4.62,4.49,148315,69015448.00,2.87,1.10,0.05,1.11
2017-09-13,4.57,4.76,4.79,4.56,222847,107612738.00,5.02,3.93,0.18,1.66
2017-09-14,4.78,4.75,4.78,4.70,84173,40643353.00,1.68,-0.21,-0.01,0.63
2017-09-15,4.76,4.71,4.76,4.65,122492,58770636.00,2.32,-0.84,-0.04,0.91
2017-09-18,4.67,4.63,4.78,4.60,115689,55001498.00,3.82,-1.70,-0.08,0.86
2017-09-19,4.63,4.62,4.72,4.58,115584,54943193.00,3.02,-0.22,-0.01,0.86
2017-09-20,4.61,4.62,4.66,4.56,93045,43724010.00,2.16,0.00,0.00,0.69
2017-09-21,4.64,4.57,4.68,4.54,109336,51291603.00,3.03,-1.08,-0.05,0.82
2017-09-22,4.57,4.50,4.57,4.45,89593,41196739.00,2.63,-1.53,-0.07,0.67
2017-09-25,4.50,4.32,4.50,4.30,98160,43858189.00,4.44,-4.00,-0.18,0.73
2017-09-26,4.32,4.37,4.45,4.26,79936,35661541.00,4.40,1.16,0.05,0.60
2017-09-27,4.36,4.36,4.41,4.31,42575,18933776.00,2.29,-0.23,-0.01,0.32
2017-09-28,4.34,4.26,4.38,4.25,62574,27493034.00,2.98,-2.29,-0.10,0.47
2017-09-29,4.33,4.27,4.33,4.26,39551,17319527.00,1.64,0.23,0.01,0.30
2017-10-09,4.35,4.30,4.36,4.03,63092,27762829.00,7.73,0.70,0.03,0.47
2017-10-10,4.30,4.29,4.33,4.25,54573,23964728.00,1.86,-0.23,-0.01,0.41
2017-10-11,4.28,4.30,4.32,4.26,63368,27803538.00,1.40,0.23,0.01,0.47
2017-10-12,4.30,4.25,4.32,4.21,45646,19946705.00,2.56,-1.16,-0.05,0.34
2017-10-13,4.26,4.24,4.26,4.22,39928,17306889.00,0.94,-0.24,-0.01,0.30
2017-10-16,4.25,4.11,4.26,4.10,68257,29075569.00,3.77,-3.07,-0.13,0.51
2017-10-17,4.13,4.06,4.13,4.03,80925,33652302.00,2.43,-1.22,-0.05,0.60
2017-10-18,4.10,4.07,4.10,4.00,49158,20417367.00,2.46,0.25,0.01,0.37
2017-10-19,4.04,4.02,4.17,4.01,47118,19567117.00,3.93,-1.23,-0.05,0.35
2017-10-20,4.05,4.06,4.06,4.00,24264,10029986.00,1.49,1.00,0.04,0.18
2017-10-23,4.04,4.07,4.08,4.04,30681,12798548.00,0.99,0.25,0.01,0.23
2017-10-24,4.08,4.10,4.14,4.05,55781,23481326.00,2.21,0.74,0.03,0.42
2017-10-25,4.09,4.10,4.11,4.07,25340,10612999.00,0.98,0.00,0.00,0.19
2017-10-26,4.10,4.07,4.10,4.04,40290,16782651.00,1.46,-0.73,-0.03,0.30
2017-10-27,4.07,4.06,4.13,4.04,71862,30040628.00,2.21,-0.25,-0.01,0.54
2017-10-30,4.06,3.96,4.08,3.93,55511,22603851.00,3.69,-2.46,-0.10,0.41
2017-10-31,3.94,4.04,4.09,3.91,71723,29568746.00,4.55,2.02,0.08,0.54
2017-11-01,4.04,4.03,4.14,4.00,58106,24140731.00,3.47,-0.25,-0.01,0.43
2017-11-02,4.05,3.98,4.05,3.90,83969,34007084.00,3.72,-1.24,-0.05,0.63
2017-11-03,3.98,3.95,3.98,3.89,47783,19189299.00,2.26,-0.75,-0.03,0.36
2017-11-06,3.95,3.94,3.96,3.90,24412,9834024.00,1.52,-0.25,-0.01,0.18
2017-11-07,3.92,4.05,4.07,3.92,78661,32309037.00,3.81,2.79,0.11,0.59
2017-11-08,4.05,4.06,4.09,4.01,45061,18683912.00,1.98,0.25,0.01,0.34
2017-11-09,4.06,4.03,4.11,3.99,63049,26061821.00,2.96,-0.74,-0.03,0.47
2017-11-10,4.03,4.01,4.03,3.95,43118,17599142.00,1.99,-0.50,-0.02,0.32
2017-11-13,4.00,3.96,4.00,3.95,23688,9642188.00,1.25,-1.25,-0.05,0.18
2017-11-14,3.98,3.94,3.98,3.92,39678,16011658.00,1.52,-0.51,-0.02,0.30
2017-11-15,3.94,3.91,4.00,3.90,31265,12618379.00,2.54,-0.76,-0.03,0.23
2017-11-16,3.93,3.90,3.94,3.89,36446,14629690.00,1.28,-0.26,-0.01,0.27
2017-11-17,3.91,3.76,3.91,3.74,71018,27761747.00,4.36,-3.59,-0.14,0.53
2017-11-20,3.76,3.72,3.77,3.57,85060,31924331.00,5.32,-1.06,-0.04,0.63
2017-11-21,3.71,3.71,3.73,3.66,45644,17301374.00,1.88,-0.27,-0.01,0.34
2017-11-22,3.71,3.65,3.71,3.64,40241,15142497.00,1.89,-1.62,-0.06,0.30
2017-11-23,3.66,3.64,3.67,3.62,55537,20845843.00,1.37,-0.27,-0.01,0.41
2017-11-24,3.62,3.67,3.68,3.56,19813,7437377.00,3.30,0.82,0.03,0.15
2017-11-27,3.66,3.65,3.68,3.60,27617,10347438.00,2.18,-0.54,-0.02,0.21
2017-11-28,3.64,3.71,3.72,3.60,39775,14931855.00,3.29,1.64,0.06,0.30
2017-11-29,3.70,3.73,3.80,3.66,45200,17274430.00,3.77,0.54,0.02,0.34
2017-11-30,3.73,3.71,3.73,3.70,23663,9025992.00,0.80,-0.54,-0.02,0.18
2017-12-01,3.73,3.71,3.73,3.67,22655,8616406.00,1.62,0.00,0.00,0.17
2017-12-04,3.71,3.68,3.72,3.68,23249,8835088.00,1.08,-0.81,-0.03,0.17
2017-12-05,3.68,3.62,3.72,3.55,45736,17086779.00,4.62,-1.63,-0.06,0.34
2017-12-06,3.60,3.63,3.63,3.51,41935,15410609.00,3.31,0.28,0.01,0.31
2017-12-07,3.62,3.58,3.64,3.55,38631,14278229.00,2.48,-1.38,-0.05,0.29
2017-12-08,3.56,3.60,3.62,3.56,24279,8978524.00,1.68,0.56,0.02,0.18
2017-12-11,3.60,3.63,3.63,3.59,25092,9316117.00,1.11,0.83,0.03,0.19
2017-12-12,3.63,3.59,3.63,3.57,33429,12350115.00,1.65,-1.10,-0.04,0.25
2017-12-13,3.59,3.59,3.60,3.57,21130,7792840.00,0.84,0.00,0.00,0.16
2017-12-14,3.58,3.56,3.59,3.53,27628,10119420.00,1.67,-0.84,-0.03,0.21
2017-12-15,3.55,3.61,3.62,3.53,48208,17804269.00,2.53,1.40,0.05,0.36
2017-12-18,3.61,3.58,3.62,3.56,19061,7033970.00,1.66,-0.83,-0.03,0.14
2017-12-19,3.59,3.57,3.62,3.55,39603,14581506.00,1.96,-0.28,-0.01,0.30
2017-12-20,3.57,3.54,3.58,3.53,23004,8421353.00,1.40,-0.84,-0.03,0.17
2017-12-21,3.53,3.52,3.54,3.41,44323,15920541.00,3.67,-0.56,-0.02,0.33
2017-12-22,3.51,3.50,3.52,3.48,19211,6899303.00,1.14,-0.57,-0.02,0.14
2017-12-25,3.47,3.50,3.53,3.44,40287,14433684.00,2.57,0.00,0.00,0.30
2017-12-26,3.49,3.49,3.50,3.46,19110,6839391.00,1.14,-0.29,-0.01,0.14
2017-12-27,3.49,3.44,3.50,3.40,48004,17010748.00,2.87,-1.43,-0.05,0.36
2017-12-28,3.44,3.41,3.45,3.40,42565,14986305.00,1.45,-0.87,-0.03,0.32
2017-12-29,3.41,3.46,3.46,3.40,41682,14725957.00,1.76,1.47,0.05,0.31