1998-01-05,3.38,3.48,3.57,3.30,7238,6819250.50,8.18,5.45,0.18,2.00
1998-01-06,3.49,3.44,3.49,3.33,4949,4589974.50,4.60,-1.15,-0.04,1.37
1998-01-07,3.45,3.62,3.70,3.33,10021,9568662.00,10.76,5.23,0.18,2.77
1998-01-08,3.64,3.62,3.84,3.51,10080,9939299.00,9.12,0.00,0.00,2.78
1998-01-09,3.54,3.47,3.66,3.42,5413,5176626.00,6.63,-4.14,-0.15,1.49
1998-01-12,3.41,3.43,3.59,3.34,5085,4804353.50,7.20,-1.15,-0.04,1.40
1998-01-13,3.35,3.14,3.36,2.92,9196,8029872.50,12.83,-8.45,-0.29,2.54
1998-01-14,3.12,3.39,3.44,3.12,7600,6955344.00,10.19,7.96,0.25,2.10
1998-01-15,3.73,3.52,3.73,3.38,8145,7762409.50,10.32,3.83,0.13,2.25
1998-01-16,3.57,3.49,3.61,3.42,5288,5054699.50,5.40,-0.85,-0.03,1.46
1998-01-19,3.59,3.49,3.59,3.44,4576,4368621.00,4.30,0.00,0.00,1.26
1998-01-20,3.46,3.49,3.57,3.43,3413,3229061.75,4.01,0.00,0.00,0.94
1998-01-21,3.49,3.32,3.52,3.28,2648,2492340.00,6.88,-4.87,-0.17,0.73
1998-01-22,3.31,3.27,3.33,3.17,3667,3317059.25,4.82,-1.51,-0.05,1.01
1998-01-23,3.28,3.31,3.38,3.22,2279,2080741.38,4.89,1.22,0.04,0.63
1998-02-09,3.49,3.80,3.80,3.32,12686,12552770.00,14.50,14.80,0.49,3.50
1998-02-10,4.01,4.30,4.34,3.91,69988,76138136.00,11.32,13.16,0.50,19.32
1998-02-11,4.45,4.43,4.71,4.31,57907,65857776.00,9.30,3.02,0.13,15.98
1998-02-12,4.45,4.83,5.00,4.45,41928,50073592.00,12.42,9.03,0.40,11.57
1998-02-13,4.88,4.62,4.93,4.56,26563,30979618.00,7.66,-4.35,-0.21,7.33
1998-02-16,4.50,4.39,4.60,4.35,14559,16462897.00,5.41,-4.98,-0.23,4.02
1998-02-17,4.36,4.56,4.77,4.32,13064,15076245.00,10.25,3.87,0.17,3.61
1998-02-18,4.62,4.38,4.64,4.32,11417,12774906.00,7.02,-3.95,-0.18,3.15
1998-02-19,4.37,4.25,4.44,4.13,9589,10425130.00,7.08,-2.97,-0.13,2.65
1998-02-20,4.23,4.06,4.24,4.02,9600,10183230.00,5.18,-4.47,-0.19,2.65
1998-02-23,4.01,4.03,4.13,3.80,12014,12337435.00,8.13,-0.74,-0.03,3.32
1998-02-24,4.01,3.96,4.17,3.92,6690,7067436.00,6.20,-1.74,-0.07,1.85
1998-02-25,3.85,3.88,4.05,3.81,5583,5772912.00,6.06,-2.02,-0.08,1.54
1998-02-26,3.86,4.26,4.29,3.84,11279,12034484.00,11.60,9.79,0.38,3.11
1998-02-27,4.03,4.07,4.35,4.03,6755,7278222.00,7.51,-4.46,-0.19,1.86
1998-03-02,3.91,3.79,4.02,3.75,8101,8263765.50,6.63,-6.88,-0.28,2.24
1998-03-03,3.78,3.80,3.92,3.75,4528,4572643.50,4.49,0.26,0.01,1.25
1998-03-04,3.81,3.89,3.92,3.76,3579,3637037.50,4.21,2.37,0.09,0.99
1998-03-05,3.83,3.78,3.91,3.76,4001,4042457.50,3.86,-2.83,-0.11,1.10
1998-03-06,3.77,3.86,3.89,3.76,3066,3109603.50,3.44,2.12,0.08,0.85
1998-03-09,3.92,3.99,4.07,3.88,5112,5336918.00,4.92,3.37,0.13,1.41
1998-03-10,3.94,3.89,4.01,3.80,3549,3645105.00,5.26,-2.51,-0.10,0.98
1998-03-11,3.86,3.80,3.97,3.76,7296,7369337.00,5.40,-2.31,-0.09,2.01
1998-03-12,3.77,3.54,3.77,3.50,7174,6951680.00,7.11,-6.84,-0.26,1.98
1998-03-13,3.54,3.59,3.62,3.42,4705,4466818.00,5.65,1.41,0.05,1.30
1998-03-16,3.60,3.70,3.75,3.31,6549,6363479.00,12.26,3.06,0.11,1.81
1998-03-17,3.71,3.69,3.78,3.60,3618,3573191.00,4.86,-0.27,-0.01,1.00
1998-03-18,3.70,3.64,3.86,3.60,3347,3329268.25,7.05,-1.36,-0.05,0.92
1998-03-19,3.53,3.56,3.70,3.53,2099,2041219.50,4.67,-2.20,-0.08,0.58
1998-03-20,3.63,3.50,3.65,3.44,2840,2717481.00,5.90,-1.69,-0.06,0.78
1998-03-23,3.49,3.41,3.49,3.34,3319,3103131.75,4.29,-2.57,-0.09,0.92
1998-03-24,3.42,3.54,3.59,3.42,2996,2862064.50,4.99,3.81,0.13,0.83
1998-03-25,3.60,3.82,3.96,3.51,12254,12381979.00,12.71,7.91,0.28,3.38
1998-03-26,3.81,3.76,3.92,3.70,3912,3935477.75,5.76,-1.57,-0.06,1.08
1998-03-27,3.71,4.01,4.13,3.69,11071,11408699.00,11.70,6.65,0.25,3.06
1998-03-30,4.04,4.03,4.13,3.86,8889,9324245.00,6.73,0.50,0.02,2.45
1998-03-31,3.96,3.87,4.03,3.81,5281,5445245.00,5.46,-3.97,-0.16,1.46
1998-04-01,3.86,3.90,3.95,3.76,5969,6084732.00,4.91,0.78,0.03,1.65
1998-04-02,3.91,3.97,4.40,3.91,12598,13577747.00,12.56,1.79,0.07,3.48
1998-04-03,3.97,4.14,4.24,3.86,11339,12025776.00,9.57,4.28,0.17,3.13
1998-04-06,4.39,4.51,4.69,4.27,24902,28307744.00,10.14,8.94,0.37,6.87
1998-04-07,4.51,4.43,4.59,4.27,9240,10327958.00,7.10,-1.77,-0.08,2.55
1998-04-08,4.40,4.74,4.92,4.30,31328,37042764.00,14.00,7.00,0.31,8.65
1998-04-09,4.77,4.36,4.86,4.29,19286,22074592.00,12.03,-8.02,-0.38,5.32
1998-04-10,4.29,4.20,4.32,4.08,12270,13247474.00,5.50,-3.67,-0.16,3.39
1998-04-13,4.08,4.06,4.28,3.92,9016,9476018.00,8.57,-3.33,-0.14,2.49
1998-04-14,4.05,4.17,4.21,4.03,5698,6067334.50,4.43,2.71,0.11,1.57
1998-04-15,4.13,4.29,4.45,4.13,9083,10014266.00,7.67,2.88,0.12,2.51
1998-04-16,4.29,4.43,4.55,4.13,17087,19143092.00,9.79,3.26,0.14,4.72
1998-04-17,4.44,4.32,4.45,4.19,6869,7521788.50,5.87,-2.48,-0.11,1.90
1998-04-20,4.35,4.17,4.35,4.08,5013,5393389.00,6.25,-3.47,-0.15,1.38
1998-04-21,3.94,3.81,4.01,3.76,18880,19132522.00,6.00,-8.63,-0.36,5.21
1998-04-22,3.76,4.13,4.15,3.62,23516,24246858.00,13.91,8.40,0.32,6.49
1998-04-23,4.34,4.12,4.35,3.96,10408,11122852.00,9.44,-0.24,-0.01,2.87
1998-04-24,4.08,3.92,4.13,3.92,7637,8010698.00,5.10,-4.85,-0.20,2.11
1998-04-27,3.81,3.73,3.92,3.71,7336,7420652.50,5.36,-4.85,-0.19,2.02
1998-04-28,3.70,3.89,4.03,3.70,7512,7692803.50,8.85,4.29,0.16,2.07
1998-04-29,3.95,4.18,4.28,3.81,16652,17577602.00,12.08,7.46,0.29,4.60
1998-04-30,4.19,4.34,4.45,4.08,27047,29773460.00,8.85,3.83,0.16,7.47
1998-05-04,4.48,4.93,4.93,4.46,82162,99343248.00,10.83,13.59,0.59,22.68
1998-05-05,5.09,4.98,5.17,4.83,49211,60755280.00,6.90,1.01,0.05,13.58
1998-05-06,4.93,5.63,5.63,4.66,44449,54995792.00,19.48,13.05,0.65,12.27
1998-05-07,5.79,5.37,6.32,5.31,70008,98061480.00,17.94,-4.62,-0.26,19.32
1998-05-08,5.36,5.86,6.05,5.20,50801,68731992.00,15.83,9.12,0.49,14.02
1998-05-11,5.89,5.52,6.11,5.42,40440,55231692.00,11.77,-5.80,-0.34,11.16
1998-05-12,5.41,5.35,5.68,5.28,23361,30667484.00,7.25,-3.08,-0.17,6.45
1998-05-13,5.28,5.36,5.60,5.25,24367,31894740.00,6.54,0.19,0.01,6.73
1998-05-14,5.31,5.50,5.76,5.31,24483,32678448.00,8.40,2.61,0.14,6.76
1998-05-15,5.63,5.25,5.63,5.14,17300,22423124.00,8.91,-4.55,-0.25,4.77
1998-05-18,5.20,5.47,5.54,5.09,15765,20465732.00,8.57,4.19,0.22,4.35
1998-05-19,5.47,5.95,6.16,5.40,55007,77250464.00,13.89,8.78,0.48,15.18
1998-05-20,5.96,6.47,6.58,5.85,59796,87634152.00,12.27,8.74,0.52,16.50
1998-05-21,6.47,6.95,7.10,6.38,63284,100161512.00,11.13,7.42,0.48,17.47
1998-05-22,7.17,7.11,7.18,6.76,35759,57585720.00,6.04,2.30,0.16,9.87
1998-05-25,7.22,7.98,7.98,7.21,32039,55282600.00,10.83,12.24,0.87,8.84
1998-05-26,8.03,7.97,8.18,7.66,22077,39223695.00,6.52,-0.13,-0.01,6.09
1998-05-27,7.87,7.55,8.13,7.40,33209,57587384.00,9.16,-5.27,-0.42,9.17
1998-05-28,7.47,7.90,7.91,7.31,23997,41499768.00,7.95,4.64,0.35,6.62
1998-05-29,7.91,7.49,8.08,7.34,18996,33217934.00,9.37,-5.19,-0.41,5.24
1998-06-01,7.50,7.32,7.79,7.23,21186,36100836.00,7.48,-2.27,-0.17,5.85
1998-06-02,7.34,7.65,7.78,7.34,20132,34608872.00,6.01,4.51,0.33,5.56
1998-06-03,7.76,8.05,8.28,7.66,26453,47808828.00,8.10,5.23,0.40,7.30
1998-06-04,8.24,8.25,8.97,8.16,34509,65183396.00,10.06,2.48,0.20,9.52
1998-06-05,8.19,7.75,8.23,7.50,29187,51205116.00,8.85,-6.06,-0.50,8.06
1998-06-08,7.92,7.56,7.92,7.50,10223,17658154.00,5.42,-2.45,-0.19,2.82
1998-06-09,7.54,7.08,7.73,6.86,15288,25336726.00,11.51,-6.35,-0.48,4.22
1998-06-10,6.96,7.50,7.58,6.94,11907,19871974.00,9.04,5.93,0.42,3.29
1998-06-11,7.48,7.57,7.74,7.39,11945,20586140.00,4.67,0.93,0.07,3.30
1998-06-12,7.80,8.46,8.47,7.80,33061,60306532.00,8.85,11.76,0.89,9.12
1998-06-15,8.55,8.06,8.68,7.92,20949,38561136.00,8.98,-4.73,-0.40,5.78
1998-06-16,7.98,8.58,8.68,7.98,29796,55551468.00,8.68,6.45,0.52,8.22
1998-06-17,8.46,8.23,8.77,8.17,21128,39966992.00,6.99,-4.08,-0.35,5.83
1998-06-18,8.25,8.23,8.41,8.03,10102,18492024.00,4.62,0.00,0.00,2.79
1998-06-19,8.25,8.59,8.68,8.11,23004,43344156.00,6.93,4.37,0.36,6.35
1998-06-22,8.66,7.90,8.67,7.87,42984,77954512.00,9.31,-8.03,-0.69,11.86
1998-06-23,8.03,8.05,8.29,7.90,19256,34815812.00,4.94,1.90,0.15,5.31
1998-06-24,8.14,7.74,8.16,7.66,19839,34745028.00,6.21,-3.85,-0.31,5.48
1998-06-25,7.75,7.38,7.92,7.15,23948,40383832.00,9.95,-4.65,-0.36,6.61
1998-06-29,7.25,6.58,7.25,6.50,16676,26107342.00,10.16,-10.84,-0.80,4.60
1998-06-30,6.47,6.72,6.85,6.22,12962,19761678.00,9.57,2.13,0.14,3.58
1998-07-01,6.83,6.34,6.96,6.32,8963,13646447.00,9.52,-5.65,-0.38,2.47
1998-07-02,6.32,6.11,6.43,5.95,9518,13792742.00,7.57,-3.63,-0.23,2.63
1998-07-03,6.12,6.34,6.57,6.05,7879,11699382.00,8.51,3.76,0.23,2.17
1998-07-06,6.38,6.02,6.42,5.97,4640,6638302.00,7.10,-5.05,-0.32,1.28
1998-07-07,5.95,5.89,6.00,5.64,7252,10017444.00,5.98,-2.16,-0.13,2.00
1998-07-08,5.89,6.02,6.14,5.79,5040,7133908.50,5.94,2.21,0.13,1.39
1998-07-09,6.08,5.94,6.16,5.86,4004,5653573.50,4.98,-1.33,-0.08,1.11
1998-07-10,5.96,6.55,6.57,5.87,12100,17981994.00,11.78,10.27,0.61,3.34
1998-07-13,6.54,6.46,6.69,6.27,8528,12855989.00,6.41,-1.37,-0.09,2.35
1998-07-14,6.43,6.03,6.43,6.01,6720,9759986.00,6.50,-6.66,-0.43,1.85
1998-07-15,5.90,5.96,6.15,5.79,4650,6567496.00,5.97,-1.16,-0.07,1.28
1998-07-16,6.00,6.17,6.35,5.95,4823,6974476.50,6.71,3.52,0.21,1.33
1998-07-17,6.17,5.94,6.26,5.92,3349,4765660.00,5.51,-3.73,-0.23,0.92
1998-07-20,5.80,5.87,6.05,5.73,4857,6725683.00,5.39,-1.18,-0.07,1.34
1998-07-21,5.89,6.11,6.21,5.84,4086,5829714.00,6.30,4.09,0.24,1.13
1998-07-22,6.10,5.80,6.10,5.76,4369,6079552.50,5.56,-5.07,-0.31,1.21
1998-07-23,5.79,5.87,5.97,5.73,4592,6376188.50,4.14,1.21,0.07,1.27
1998-07-24,5.87,6.42,6.51,5.87,24344,36175400.00,10.90,9.37,0.55,6.72
1998-07-27,6.48,6.37,6.56,6.19,9717,14480807.00,5.76,-0.78,-0.05,2.68
1998-07-28,6.36,6.21,6.48,6.16,4225,6209793.00,5.02,-2.51,-0.16,1.17
1998-07-29,5.96,6.03,6.22,5.96,4217,6032274.50,4.19,-2.90,-0.18,1.16
1998-07-30,5.95,6.04,6.32,5.95,4358,6260202.50,6.14,0.17,0.01,1.20
1998-07-31,6.43,6.15,6.43,5.95,4995,7152929.00,7.95,1.82,0.11,1.38
1998-08-03,6.16,5.92,6.16,5.84,5101,7173907.50,5.20,-3.74,-0.23,1.41
1998-08-04,5.84,5.99,6.03,5.79,3816,5321702.00,4.05,1.18,0.07,1.05
1998-08-05,6.00,5.95,6.05,5.88,2178,3070900.75,2.84,-0.67,-0.04,0.60
1998-08-06,6.00,6.02,6.30,5.89,6629,9606053.00,6.89,1.18,0.07,1.83
1998-08-07,5.91,5.79,6.07,5.73,4163,5826697.50,5.65,-3.82,-0.23,1.15
1998-08-10,5.79,5.40,5.79,5.30,6634,8805934.00,8.46,-6.74,-0.39,1.83
1998-08-11,5.35,5.15,5.57,5.15,4410,5727928.00,7.78,-4.63,-0.25,1.22
1998-08-12,5.14,5.02,5.31,4.75,7006,8590830.00,10.87,-2.52,-0.13,1.93
1998-08-13,5.20,5.18,5.36,4.83,7160,9086110.00,10.56,3.19,0.16,1.98
1998-08-14,4.98,4.84,5.17,4.83,4026,4949045.00,6.56,-6.56,-0.34,1.11
1998-08-17,4.80,4.20,4.80,4.20,5743,6368772.50,12.40,-13.22,-0.64,1.59
1998-08-18,3.81,3.99,4.36,3.81,6688,7184003.00,13.10,-5.00,-0.21,1.85
1998-08-19,3.99,4.29,4.37,3.99,5415,5884853.00,9.52,7.52,0.30,1.49
1998-08-20,4.45,4.88,4.88,4.20,5310,6258026.00,15.85,13.75,0.59,1.47
1998-08-21,5.20,5.21,5.46,5.04,27597,34988212.00,8.61,6.76,0.33,7.62
1998-08-24,5.15,5.07,5.28,4.93,8437,10539688.00,6.72,-2.69,-0.14,2.33
1998-08-25,4.99,5.18,5.19,4.93,4826,6052998.00,5.13,2.17,0.11,1.33
1998-08-26,5.10,5.10,5.31,5.09,5288,6698502.50,4.25,-1.54,-0.08,1.46
1998-08-27,4.96,4.88,5.04,4.85,3512,4281678.50,3.73,-4.31,-0.22,0.97
1998-08-28,4.74,4.66,4.88,4.58,2737,3222165.50,6.15,-4.51,-0.22,0.76
1998-08-31,4.42,4.95,5.10,4.22,5083,5849035.00,18.88,6.22,0.29,1.40
1998-09-01,4.90,4.81,4.92,4.66,3527,4214954.00,5.25,-2.83,-0.14,0.97
1998-09-02,4.73,4.82,4.96,4.69,2779,3339355.75,5.61,0.21,0.01,0.77
1998-09-03,4.70,4.92,5.06,4.70,2437,2973676.25,7.47,2.07,0.10,0.67
1998-09-04,5.09,5.11,5.22,4.90,5513,6891395.00,6.50,3.86,0.19,1.52
1998-09-07,5.17,5.20,5.29,5.11,3829,4841564.00,3.52,1.76,0.09,1.06
1998-09-08,5.11,4.98,5.27,4.96,3804,4768156.50,5.96,-4.23,-0.22,1.05
1998-09-09,4.86,5.35,5.37,4.86,10662,13500195.00,10.24,7.43,0.37,2.94
1998-09-10,5.35,5.48,5.59,5.33,13939,18404180.00,4.86,2.43,0.13,3.85
1998-09-11,5.57,5.88,6.02,5.57,29150,40397316.00,8.21,7.30,0.40,8.05
1998-09-14,5.94,6.49,6.62,5.94,36355,53206140.00,11.56,10.37,0.61,10.03
1998-09-15,6.48,6.18,6.50,6.11,17110,25224240.00,6.01,-4.78,-0.31,4.72
1998-09-16,6.13,6.45,6.48,6.07,13652,19993100.00,6.63,4.37,0.27,3.77
1998-09-17,6.50,6.15,6.58,6.04,12998,19186700.00,8.37,-4.65,-0.30,3.59
1998-09-18,6.05,5.75,6.10,5.69,10977,15408347.00,6.67,-6.50,-0.40,3.03
1998-09-21,5.64,6.06,6.11,5.53,14511,20036208.00,10.09,5.39,0.31,4.01
1998-09-22,6.07,5.88,6.12,5.81,6042,8454411.00,5.12,-2.97,-0.18,1.67
1998-09-23,5.86,5.86,6.12,5.85,4789,6725901.50,4.59,-0.34,-0.02,1.32
1998-09-24,5.89,5.64,5.92,5.60,5497,7499005.00,5.46,-3.75,-0.22,1.52
1998-09-25,5.60,5.83,5.83,5.55,4091,5569830.50,4.96,3.37,0.19,1.13
1998-09-28,5.86,5.74,5.94,5.67,2673,3699660.75,4.63,-1.54,-0.09,0.74
1998-09-29,5.78,5.67,5.85,5.65,2946,4020743.00,3.48,-1.22,-0.07,0.81
1998-09-30,5.73,5.91,6.02,5.73,9297,13041639.00,5.11,4.23,0.24,2.57
1998-10-05,6.02,6.07,6.18,5.96,8281,11852975.00,3.72,2.71,0.16,2.29
1998-10-06,6.02,5.86,6.11,5.83,4233,5941105.00,4.61,-3.46,-0.21,1.17
1998-10-07,5.81,5.75,5.86,5.70,2721,3731702.25,2.73,-1.88,-0.11,0.75
1998-10-08,5.91,5.95,6.02,5.81,3268,4557143.00,3.65,3.48,0.20,0.90
1998-10-09,5.99,5.77,5.99,5.75,3659,5056070.00,4.03,-3.03,-0.18,1.01
1998-10-12,5.81,5.75,5.86,5.69,3934,5370747.50,2.95,-0.35,-0.02,1.09
1998-10-13,5.78,5.98,6.07,5.78,7395,10404424.00,5.04,4.00,0.23,2.04
1998-10-14,5.81,5.89,6.12,5.81,3081,4322840.50,5.18,-1.51,-0.09,0.85
1998-10-15,5.91,6.28,6.29,5.91,19413,28138598.00,6.45,6.62,0.39,5.36
1998-10-16,6.29,6.13,6.29,6.08,10000,14505795.00,3.34,-2.39,-0.15,2.76
1998-10-19,6.18,6.43,6.58,6.18,19247,28878084.00,6.53,4.89,0.30,5.31
1998-10-20,6.44,6.29,6.51,6.24,6650,9849936.00,4.20,-2.18,-0.14,1.84
1998-10-21,6.33,5.90,6.34,5.86,11453,16352460.00,7.63,-6.20,-0.39,3.16
1998-10-22,5.86,5.90,5.99,5.73,8803,12238027.00,4.41,0.00,0.00,2.43
1998-10-23,5.94,5.83,6.07,5.78,5047,7062279.50,4.92,-1.19,-0.07,1.39
1998-10-26,5.78,5.61,5.78,5.48,10036,13381782.00,5.15,-3.77,-0.22,2.77
1998-10-27,5.54,5.65,5.70,5.50,6270,8376398.00,3.57,0.71,0.04,1.73
1998-10-28,5.59,5.81,5.89,5.58,3807,5192127.00,5.49,2.83,0.16,1.05
1998-10-29,5.84,5.67,5.84,5.65,4048,5510790.00,3.27,-2.41,-0.14,1.12
1998-10-30,5.64,5.72,5.89,5.59,7202,9940797.00,5.29,0.88,0.05,1.99
1998-11-02,5.70,5.96,5.97,5.62,11019,15218652.00,6.12,4.20,0.24,3.04
1998-11-03,6.02,5.95,6.20,5.91,8973,12807900.00,4.87,-0.17,-0.01,2.48
1998-11-04,5.96,5.82,6.00,5.81,3970,5512665.50,3.19,-2.18,-0.13,1.10
1998-11-05,5.81,5.86,5.98,5.70,5709,7879174.50,4.81,0.69,0.04,1.58
1998-11-06,5.91,6.00,6.28,5.91,15832,22772680.00,6.31,2.39,0.14,4.37
1998-11-09,5.97,6.00,6.13,5.91,6827,9652819.00,3.67,0.00,0.00,1.88
1998-11-10,6.00,6.10,6.13,5.86,8893,12636713.00,4.50,1.67,0.10,2.45
1998-11-11,6.11,6.32,6.37,6.10,21814,32071402.00,4.43,3.61,0.22,6.02
1998-11-12,6.32,6.13,6.40,6.07,9908,14484146.00,5.22,-3.01,-0.19,2.73
1998-11-13,6.15,6.03,6.15,5.91,6750,9555853.00,3.92,-1.63,-0.10,1.86
1998-11-16,6.06,6.39,6.44,6.03,20281,29989164.00,6.80,5.97,0.36,5.60
1998-11-17,6.42,6.28,6.56,6.22,8092,11948935.00,5.32,-1.72,-0.11,2.23
1998-11-18,6.28,6.11,6.35,6.07,5329,7717494.50,4.46,-2.71,-0.17,1.47
1998-11-19,6.09,6.01,6.25,5.98,4778,6866277.50,4.42,-1.64,-0.10,1.32
1998-11-20,5.96,5.99,6.12,5.94,4858,6880792.00,3.00,-0.33,-0.02,1.34
1998-11-23,6.02,5.84,6.07,5.81,4323,6030588.50,4.34,-2.50,-0.15,1.19
1998-11-24,5.79,5.83,5.96,5.79,3184,4413175.00,2.91,-0.17,-0.01,0.88
1998-11-25,5.89,5.76,5.89,5.75,2784,3835626.50,2.40,-1.20,-0.07,0.77
1998-11-26,5.82,5.65,5.86,5.59,3476,4741074.00,4.69,-1.91,-0.11,0.96
1998-11-27,5.65,5.67,5.76,5.59,3103,4207094.00,3.01,0.35,0.02,0.86
1998-11-30,5.65,5.83,5.88,5.65,2876,3960122.00,4.06,2.82,0.16,0.79
1998-12-01,5.86,5.66,5.86,5.65,1976,2689061.25,3.60,-2.92,-0.17,0.55
1998-12-02,5.65,5.70,5.73,5.49,2569,3446464.00,4.24,0.71,0.04,0.71
1998-12-03,5.70,5.55,5.75,5.54,1272,1712429.38,3.68,-2.63,-0.15,0.35
1998-12-04,5.51,5.58,5.65,5.51,1748,2331322.75,2.52,0.54,0.03,0.48
1998-12-07,5.68,5.29,5.75,5.17,2138,2845944.75,10.39,-5.20,-0.29,0.59
1998-12-08,5.30,5.17,5.41,5.05,7897,9950561.00,6.81,-2.27,-0.12,2.18
1998-12-09,5.17,5.03,5.21,5.01,3440,4278231.50,3.87,-2.71,-0.14,0.95
1998-12-10,5.05,4.85,5.17,4.80,5278,6392385.00,7.36,-3.58,-0.18,1.46
1998-12-11,4.85,4.96,5.01,4.76,2763,3328546.25,5.15,2.27,0.11,0.76
1998-12-14,5.01,4.73,5.02,4.72,2468,2937792.00,6.05,-4.64,-0.23,0.68
1998-12-15,4.69,4.79,4.80,4.43,3743,4311289.50,7.82,1.27,0.06,1.03
1998-12-16,4.79,4.68,4.79,4.60,1757,2063820.38,3.97,-2.30,-0.11,0.48
1998-12-17,4.66,4.61,4.66,4.51,2477,2847460.50,3.21,-1.50,-0.07,0.68
1998-12-18,4.47,4.57,4.74,4.47,1398,1612755.88,5.86,-0.87,-0.04,0.39
1998-12-21,4.48,4.64,4.74,4.45,1861,2149014.00,6.35,1.53,0.07,0.51
1998-12-22,4.80,4.95,4.97,4.63,4807,5814626.00,7.33,6.68,0.31,1.33
1998-12-23,4.90,4.74,5.01,4.73,3395,4069182.00,5.66,-4.24,-0.21,0.94
1998-12-24,4.77,4.76,4.84,4.69,1350,1599800.38,3.16,0.42,0.02,0.37
1998-12-25,4.78,4.77,4.95,4.76,1907,2303448.00,3.99,0.21,0.01,0.53
1998-12-28,4.79,4.59,4.94,4.47,1901,2221464.00,9.85,-3.77,-0.18,0.52
1998-12-29,4.53,4.54,4.69,4.51,2996,3438513.25,3.92,-1.09,-0.05,0.83
1998-12-30,4.55,4.74,4.79,4.50,3150,3662248.50,6.39,4.41,0.20,0.87
1998-12-31,4.79,4.66,4.87,4.66,1334,1571746.88,4.43,-1.69,-0.08,0.37