2025-01-02,22.35,21.36,22.51,21.12,240075,524211560.00,6.08,-6.56,-1.50,5.53
2025-01-03,21.39,19.78,21.60,19.73,201848,414149691.00,8.75,-7.40,-1.58,4.65
2025-01-06,19.76,19.75,20.13,19.40,106477,211654728.00,3.69,-0.15,-0.03,2.45
2025-01-07,19.89,20.28,20.29,19.80,123701,249356798.00,2.48,2.68,0.53,2.85
2025-01-08,20.23,19.81,20.23,19.10,163694,322970091.00,5.57,-2.32,-0.47,3.77
2025-01-09,19.59,19.91,20.14,19.51,130287,261493532.00,3.18,0.50,0.10,3.00
2025-01-10,19.79,19.22,20.27,19.22,135029,267871256.00,5.27,-3.47,-0.69,3.11
2025-01-13,18.83,19.01,19.16,18.50,85505,162335918.00,3.43,-1.09,-0.21,1.97
2025-01-14,19.13,20.06,20.07,18.97,157337,311150335.00,5.79,5.52,1.05,3.63
2025-01-15,20.08,19.82,20.27,19.79,103676,207870050.00,2.39,-1.20,-0.24,2.39
2025-01-16,19.94,20.17,20.28,19.76,130036,262168270.00,2.62,1.77,0.35,3.00
2025-01-17,20.07,20.11,20.34,19.86,112718,227407723.00,2.38,-0.30,-0.06,2.60
2025-01-20,20.24,20.48,20.74,20.15,124518,256090426.00,2.93,1.84,0.37,2.87
2025-01-21,20.69,20.49,20.69,20.22,104255,214011664.00,2.29,0.05,0.01,2.40
2025-01-22,20.39,20.80,21.23,20.33,177418,371040409.00,4.39,1.51,0.31,4.09
2025-01-23,21.01,21.12,21.67,20.94,209930,450229828.00,3.51,1.54,0.32,4.84
2025-01-24,21.49,21.53,21.54,21.13,143982,309057647.00,1.94,1.94,0.41,3.32
2025-01-27,21.34,20.43,21.40,20.41,142258,297544179.00,4.60,-5.11,-1.10,3.28
2025-02-05,20.84,21.13,21.38,20.66,144156,304543688.00,3.52,3.43,0.70,3.32
2025-02-06,21.37,22.03,22.06,21.19,204419,447111788.00,4.12,4.26,0.90,4.71
2025-02-07,22.34,22.69,23.22,22.09,324472,738608609.00,5.13,3.00,0.66,7.48
2025-02-10,23.39,24.97,24.97,23.29,334245,825684816.00,7.40,10.05,2.28,7.70
2025-02-11,25.21,24.06,25.21,23.92,631279,1560274336.00,5.17,-3.64,-0.91,14.55
2025-02-12,23.89,24.31,24.69,23.87,380904,933065945.00,3.41,1.04,0.25,8.78
2025-02-13,24.64,24.21,24.75,23.91,381039,931645548.00,3.46,-0.41,-0.10,8.78
2025-02-14,24.13,23.95,24.24,23.49,316533,760115856.00,3.10,-1.07,-0.26,7.29
2025-02-17,24.87,24.25,25.17,24.00,323083,794938038.00,4.89,1.25,0.30,7.44
2025-02-18,24.00,23.43,24.39,23.35,255721,611499187.00,4.29,-3.38,-0.82,5.89
2025-02-19,23.43,24.20,24.40,23.42,252593,608103938.00,4.18,3.29,0.77,5.82
2025-02-20,24.73,24.98,26.27,24.70,529526,1344911126.00,6.49,3.22,0.78,12.20
2025-02-21,25.89,26.68,27.01,25.08,743345,1942554379.00,7.73,6.81,1.70,17.13
2025-02-24,26.75,26.20,26.78,25.84,497516,1308836157.00,3.52,-1.80,-0.48,11.46
2025-02-25,25.50,26.77,27.69,25.01,695995,1859720551.00,10.23,2.18,0.57,16.04
2025-02-26,26.77,28.16,28.89,26.39,699310,1928173500.00,9.34,5.19,1.39,16.11
2025-02-27,28.20,27.23,28.26,26.38,524174,1432551455.00,6.68,-3.30,-0.93,12.08
2025-02-28,27.14,25.18,27.14,25.14,387018,1004955571.00,7.34,-7.53,-2.05,8.92
2025-03-03,25.89,25.87,26.43,25.32,307820,802162944.00,4.41,2.74,0.69,7.09
2025-03-04,25.39,26.18,26.43,25.37,243619,638281552.00,4.10,1.20,0.31,5.61
2025-03-05,27.19,26.49,27.49,25.68,444419,1190948823.00,6.91,1.18,0.31,10.24
2025-03-06,26.89,29.15,29.15,26.69,843785,2369995470.00,9.29,10.04,2.66,19.44
2025-03-07,30.19,28.57,30.19,28.14,971481,2860710573.00,7.03,-1.99,-0.58,22.39
2025-03-10,27.69,27.58,28.24,27.18,472303,1308561036.00,3.71,-3.47,-0.99,10.88
2025-03-11,27.89,28.79,29.09,27.77,537271,1530662381.00,4.79,4.39,1.21,12.38
2025-03-12,29.32,30.02,31.62,28.49,750561,2240127614.00,10.87,4.27,1.23,17.29
2025-03-13,29.89,31.40,31.40,29.27,820675,2510225271.00,7.10,4.60,1.38,18.91
2025-03-14,29.97,30.08,30.54,28.27,669430,2000451529.00,7.23,-4.20,-1.32,15.43
2025-03-17,28.89,30.81,31.87,28.89,615758,1869131180.00,9.91,2.43,0.73,14.19
2025-03-18,30.79,30.09,32.69,29.39,629024,1935856764.00,10.71,-2.34,-0.72,14.49
2025-03-19,29.89,28.80,30.19,28.79,460064,1350311861.00,4.65,-4.29,-1.29,10.60
2025-03-20,28.34,28.37,29.58,28.01,417101,1204384921.00,5.45,-1.49,-0.43,9.61
2025-03-21,28.09,26.80,28.09,26.80,366128,1000345658.00,4.55,-5.53,-1.57,8.44
2025-03-24,26.79,26.06,26.87,25.39,297371,776091406.00,5.52,-2.76,-0.74,6.85
2025-03-25,26.06,25.05,26.14,24.96,202586,517746269.00,4.53,-3.88,-1.01,4.67
2025-03-26,25.08,24.83,25.45,24.69,202327,509222778.00,3.03,-0.88,-0.22,4.66
2025-03-27,24.92,24.79,25.12,24.55,214248,533628726.00,2.30,-0.16,-0.04,4.94
2025-03-28,24.68,24.74,25.25,24.68,173058,433585028.00,2.30,-0.20,-0.05,3.99
2025-03-31,24.51,25.39,25.57,23.85,261036,645464935.00,6.95,2.63,0.65,6.01
2025-04-01,25.40,25.11,25.44,25.00,177645,449277539.00,1.73,-1.10,-0.28,4.09
2025-04-02,24.89,25.80,26.12,24.82,305458,790774981.00,5.18,2.75,0.69,7.03
2025-04-03,25.42,26.31,26.34,25.21,282277,731604920.00,4.38,1.98,0.51,6.50
2025-04-07,24.69,23.67,25.19,23.67,177023,428039555.00,5.78,-10.03,-2.64,4.08
2025-04-08,22.84,21.81,23.79,21.29,339606,758626903.00,10.56,-7.86,-1.86,7.82
2025-04-09,20.97,22.22,22.66,19.74,311205,669036148.00,13.39,1.88,0.41,7.17
2025-04-10,22.79,22.69,23.39,22.67,256792,592784485.00,3.24,2.12,0.47,5.91
2025-04-11,22.48,23.39,23.88,22.36,244244,569173018.00,6.70,3.09,0.70,5.62
2025-04-14,23.89,23.55,24.57,23.50,211757,508483703.00,4.57,0.68,0.16,4.88
2025-04-15,23.64,23.16,23.83,22.91,129462,301658081.00,3.91,-1.66,-0.39,2.98
2025-04-16,23.01,22.54,23.09,22.24,124980,283847104.00,3.67,-2.68,-0.62,2.88
2025-04-17,22.48,22.31,22.99,22.30,117701,267603604.00,3.06,-1.02,-0.23,2.71
2025-04-18,22.39,22.99,23.34,22.15,196172,450075020.00,5.33,3.05,0.68,4.52
2025-04-21,23.40,23.41,23.61,23.02,182224,425873829.00,2.57,1.83,0.42,4.20
2025-04-22,23.89,23.30,24.22,23.27,222414,527648485.00,4.06,-0.47,-0.11,5.12
2025-04-23,23.31,23.71,23.86,23.25,209666,497185489.00,2.62,1.76,0.41,4.83
2025-04-24,23.60,22.84,23.60,22.67,171649,397418338.00,3.92,-3.67,-0.87,3.95
2025-04-25,22.49,22.72,23.02,22.49,148046,338969487.00,2.32,-0.53,-0.12,3.41
2025-04-28,22.67,22.52,23.09,22.52,122568,279912338.00,2.51,-0.88,-0.20,2.82
2025-04-29,22.19,22.25,22.81,21.97,161006,363132173.00,3.73,-1.20,-0.27,3.71
2025-04-30,22.26,22.99,23.69,21.99,231358,531994232.00,7.64,3.33,0.74,5.33
2025-05-06,23.42,23.96,23.96,23.25,253561,602431421.00,3.09,4.22,0.97,5.84
2025-05-07,24.13,23.55,24.27,23.27,254591,604429762.00,4.17,-1.71,-0.41,5.86
2025-05-08,23.38,24.03,24.07,23.30,203115,486657355.00,3.27,2.04,0.48,4.68
2025-05-09,23.89,23.15,23.89,23.04,197356,462288722.00,3.54,-3.66,-0.88,4.54
2025-05-12,23.44,23.55,23.57,23.22,140063,329554307.00,1.51,1.73,0.40,3.23
2025-05-13,23.73,24.40,24.57,23.54,375163,907203532.00,4.37,3.61,0.85,8.64
2025-05-14,24.39,24.18,24.41,23.96,232163,563679611.00,1.84,-0.90,-0.22,5.35
2025-05-15,24.09,23.25,24.15,23.19,184199,434501917.00,3.97,-3.85,-0.93,4.24
2025-05-16,23.05,23.09,23.37,22.89,96105,223986905.00,2.06,-0.69,-0.16,2.21
2025-05-19,23.09,23.14,23.21,22.60,90140,207429270.00,2.64,0.22,0.05,2.08
2025-05-20,22.99,23.15,23.45,22.86,89478,208604307.00,2.55,0.04,0.01,2.06
2025-05-21,23.08,22.59,23.10,22.57,126059,288005485.00,2.29,-2.42,-0.56,2.90
2025-05-22,22.50,22.29,22.68,22.25,81714,184174842.00,1.90,-1.33,-0.30,1.88
2025-05-23,22.30,21.78,22.43,21.77,99354,220917006.00,2.96,-2.29,-0.51,2.29
2025-05-26,21.78,22.15,22.22,21.78,75523,167127642.00,2.02,1.70,0.37,1.74
2025-05-27,22.19,21.42,22.19,21.30,141108,305972900.00,4.02,-3.30,-0.73,3.25
2025-05-28,21.53,21.19,21.58,21.13,77921,167012062.00,2.10,-1.07,-0.23,1.79
2025-05-29,21.14,21.72,21.89,21.14,107053,231832268.00,3.54,2.50,0.53,2.47
2025-05-30,21.59,21.28,21.59,21.21,75246,161145580.00,1.75,-2.03,-0.44,1.73
2025-06-03,21.31,21.55,22.04,21.30,86949,189215161.00,3.48,1.27,0.27,2.00
2025-06-04,21.72,21.77,21.94,21.59,92274,202173216.00,1.62,1.02,0.22,2.12
2025-06-05,21.84,22.17,22.27,21.55,132987,294120043.00,3.31,1.84,0.40,3.06
2025-06-06,22.14,22.18,22.36,21.99,100750,224285787.00,1.67,0.05,0.01,2.32
2025-06-09,22.33,22.21,22.45,22.08,100592,224869100.00,1.67,0.14,0.03,2.32
2025-06-10,22.35,21.82,22.35,21.50,112510,247129409.00,3.83,-1.76,-0.39,2.59
2025-06-11,21.64,21.71,21.94,21.64,86107,188396708.00,1.37,-0.50,-0.11,1.98
2025-06-12,21.59,21.56,21.93,21.40,76705,167353425.00,2.44,-0.69,-0.15,1.77
2025-06-13,21.42,20.92,21.53,20.89,120991,256727830.00,2.97,-2.97,-0.64,2.79
2025-06-16,20.76,21.14,21.26,20.71,65101,138313161.00,2.63,1.05,0.22,1.50
2025-06-17,21.18,20.95,21.18,20.82,65440,137688847.00,1.70,-0.90,-0.19,1.51
2025-06-18,20.89,20.86,20.96,20.64,65765,137596339.00,1.53,-0.43,-0.09,1.51
2025-06-19,20.90,20.43,21.05,20.39,85913,178762508.00,3.16,-2.06,-0.43,1.98
2025-06-20,20.40,20.12,20.61,20.06,78153,158948257.00,2.69,-1.52,-0.31,1.80
2025-06-23,19.91,20.28,20.31,19.89,59467,120675317.00,2.09,0.80,0.16,1.37
2025-06-24,20.38,20.88,21.20,20.37,104418,216901627.00,4.09,2.96,0.60,2.40
2025-06-25,20.84,21.20,21.25,20.80,118815,250472371.00,2.16,1.53,0.32,2.74
2025-06-26,21.33,21.19,21.53,21.11,116207,247508567.00,1.98,-0.05,-0.01,2.68
2025-06-27,21.19,21.32,21.49,21.03,106562,227330297.00,2.17,0.61,0.13,2.45
2025-06-30,21.30,21.47,21.55,21.24,89800,192475932.00,1.45,0.70,0.15,2.07
2025-07-01,21.40,21.41,21.46,21.12,85506,182237652.00,1.58,-0.28,-0.06,1.97
2025-07-02,21.39,20.98,21.39,20.88,82545,173689930.00,2.38,-2.01,-0.43,1.90
2025-07-03,20.88,21.20,21.27,20.88,72759,153688075.00,1.86,1.05,0.22,1.68
2025-07-04,21.20,21.07,21.46,21.03,88657,188393749.00,2.03,-0.61,-0.13,2.04
2025-07-07,21.00,20.83,21.04,20.81,60016,125265082.00,1.09,-1.14,-0.24,1.38
2025-07-08,20.83,21.43,21.45,20.76,107992,228789479.00,3.31,2.88,0.60,2.49
2025-07-09,21.45,22.48,23.00,21.45,387050,863059928.00,7.23,4.90,1.05,8.91
2025-07-10,22.20,22.31,22.49,22.07,174001,386910135.00,1.87,-0.76,-0.17,4.01
2025-07-11,22.27,22.70,22.88,21.93,210489,472915788.00,4.26,1.75,0.39,4.85
2025-07-14,22.61,22.47,22.70,22.41,116356,262034379.00,1.28,-1.01,-0.23,2.68
2025-07-15,22.24,22.83,23.10,21.89,270868,610323563.00,5.38,1.60,0.36,6.24
2025-07-16,22.83,22.79,23.28,22.37,198104,453235402.00,3.99,-0.18,-0.04,4.56
2025-07-17,22.56,22.81,22.91,22.51,149008,338544070.00,1.76,0.09,0.02,3.43
2025-07-18,23.26,22.86,23.44,22.85,247851,574122731.00,2.59,0.22,0.05,5.71
2025-07-21,22.65,22.57,22.86,22.52,151216,341901523.00,1.49,-1.27,-0.29,3.48
2025-07-22,22.50,22.27,22.57,22.16,138867,309601557.00,1.82,-1.33,-0.30,3.20
2025-07-23,22.34,22.12,22.40,22.05,103780,230866165.00,1.57,-0.67,-0.15,2.39
2025-07-24,22.23,22.35,22.38,22.15,89728,200166266.00,1.04,1.04,0.23,2.07
2025-07-25,22.43,22.75,22.95,22.40,157586,356879429.00,2.46,1.79,0.40,3.63
2025-07-28,22.88,22.57,22.90,22.45,125743,284632933.00,1.98,-0.79,-0.18,2.90
2025-07-29,22.47,22.66,22.66,22.18,115709,258803099.00,2.13,0.40,0.09,2.66
2025-07-30,22.40,22.00,22.40,21.89,127269,281912014.00,2.25,-2.91,-0.66,2.93
2025-07-31,21.90,21.78,22.24,21.70,91638,201886825.00,2.45,-1.00,-0.22,2.11
2025-08-01,22.06,21.87,22.06,21.58,87893,191758751.00,2.20,0.41,0.09,2.02
2025-08-04,21.70,21.90,21.90,21.61,50688,110560339.00,1.33,0.14,0.03,1.17
2025-08-05,22.02,21.86,22.02,21.75,73845,161250913.00,1.23,-0.18,-0.04,1.70
2025-08-06,21.85,22.15,22.19,21.70,100649,221871097.00,2.24,1.33,0.29,2.32
2025-08-07,22.06,21.93,22.24,21.92,83935,184941514.00,1.44,-0.99,-0.22,1.93
2025-08-08,21.85,21.52,21.92,21.50,100024,216137872.00,1.92,-1.87,-0.41,2.30
2025-08-11,21.47,22.04,22.10,21.47,110101,241182218.00,2.93,2.42,0.52,2.54
2025-08-12,22.04,21.93,22.09,21.81,80599,176699239.00,1.27,-0.50,-0.11,1.86
2025-08-13,21.94,22.10,22.22,21.84,119402,263480893.00,1.73,0.78,0.17,2.75
2025-08-14,22.15,21.77,22.27,21.75,119839,263260136.00,2.35,-1.49,-0.33,2.76
2025-08-15,21.63,22.03,22.07,21.60,104648,229447533.00,2.16,1.19,0.26,2.41
2025-08-18,22.05,22.76,22.80,22.05,266145,601084252.00,3.40,3.31,0.73,6.13
2025-08-19,22.87,22.73,22.98,22.44,187196,425519202.00,2.37,-0.13,-0.03,4.31
2025-08-20,22.51,23.05,23.05,22.51,203948,466151909.00,2.38,1.41,0.32,4.70
2025-08-21,23.11,22.95,23.32,22.79,187470,431050251.00,2.30,-0.43,-0.10,4.32
2025-08-22,22.95,23.30,23.47,22.81,216157,502796467.00,2.88,1.53,0.35,4.98
2025-08-25,23.81,23.42,23.94,23.21,270419,637017466.00,3.13,0.52,0.12,6.23
2025-08-26,23.21,23.55,23.87,23.18,209111,493058030.00,2.95,0.56,0.13,4.82
2025-08-27,23.55,23.71,24.54,23.54,433796,1043097326.00,4.25,0.68,0.16,9.99
2025-08-28,23.85,24.21,24.33,23.32,336250,804687296.00,4.26,2.11,0.50,7.74
2025-08-29,24.33,23.84,24.50,23.63,228212,545511886.00,3.59,-1.53,-0.37,5.26
2025-09-01,23.90,23.94,24.45,23.90,220712,531651570.00,2.31,0.42,0.10,5.08
2025-09-02,23.98,23.01,23.99,22.90,219790,510264946.00,4.55,-3.88,-0.93,5.06
2025-09-03,23.01,22.27,23.23,22.18,133776,303405218.00,4.56,-3.22,-0.74,3.08
2025-09-04,22.42,22.06,22.87,21.70,154422,344325951.00,5.25,-0.94,-0.21,3.56
2025-09-05,22.10,22.53,22.58,21.76,119835,266165710.00,3.72,2.13,0.47,2.76
2025-09-08,22.53,22.38,22.54,22.12,114947,256409296.00,1.86,-0.67,-0.15,2.65
2025-09-09,22.39,21.87,22.39,21.85,112340,247608546.00,2.41,-2.28,-0.51,2.59
2025-09-10,21.98,22.94,23.49,21.92,274844,629739876.00,7.18,4.89,1.07,6.33
2025-09-11,22.70,23.73,23.77,22.51,295115,686908620.00,5.49,3.44,0.79,6.80
2025-09-12,23.56,23.71,23.96,23.43,228498,541585782.00,2.23,-0.08,-0.02,5.26
2025-09-15,23.64,23.33,23.69,23.21,151589,354465080.00,2.02,-1.60,-0.38,3.49
2025-09-16,23.25,23.51,23.72,23.16,142480,335285084.00,2.40,0.77,0.18,3.28
2025-09-17,23.55,23.43,23.76,23.25,123552,289513291.00,2.17,-0.34,-0.08,2.85
2025-09-18,23.43,25.74,25.77,23.32,398991,987947495.00,10.46,9.86,2.31,9.19