MjAyMi0wMS0wNCw2LjI1LDYuMzUsNi4zNyw2LjIzLDExMTA5NywxMDQ5OTY3ODIuMDAsMi4yNCwxLjc2LDAuMTEsMC45MA==
2022-01-05,6.32,6.34,6.40,6.30,72377,68672272.00,1.57,-0.16,-0.01,0.59
2022-01-06,6.33,6.34,6.39,6.31,58268,55286413.00,1.26,0.00,0.00,0.47
2022-01-07,6.36,6.43,6.53,6.34,124043,119535038.00,3.00,1.42,0.09,1.00
2022-01-10,6.47,6.45,6.52,6.39,85597,82331347.00,2.02,0.31,0.02,0.69
2022-01-11,6.46,6.54,6.59,6.43,134875,131275284.00,2.48,1.40,0.09,1.09
2022-01-12,6.52,6.47,6.54,6.39,87513,84282362.00,2.29,-1.07,-0.07,0.71
2022-01-13,6.45,6.48,6.56,6.44,106343,103437089.00,1.85,0.15,0.01,0.86
2022-01-14,6.54,6.47,6.56,6.41,103114,99578222.00,2.31,-0.15,-0.01,0.83
2022-01-17,6.57,6.73,6.90,6.55,333408,335240704.00,5.41,4.02,0.26,2.70
2022-01-18,6.69,6.54,6.76,6.48,208596,204513503.00,4.16,-2.82,-0.19,1.69
2022-01-19,6.50,6.54,6.61,6.49,93865,91910048.00,1.83,0.00,0.00,0.76
2022-01-20,6.55,6.54,6.61,6.49,94731,92632038.00,1.83,0.00,0.00,0.77
2022-01-21,6.50,6.46,6.54,6.37,96546,92727415.00,2.60,-1.22,-0.08,0.78
2022-01-24,6.42,6.50,6.54,6.36,91645,88514148.00,2.79,0.62,0.04,0.74
2022-01-25,6.49,6.28,6.54,6.28,114522,110030757.00,4.00,-3.38,-0.22,0.93
2022-01-26,6.31,6.30,6.36,6.21,74615,70314193.00,2.39,0.32,0.02,0.60
2022-01-27,6.26,6.20,6.31,6.18,75329,70377701.00,2.06,-1.59,-0.10,0.61
2022-01-28,6.26,6.11,6.26,6.01,90205,83312765.00,4.03,-1.45,-0.09,0.73
2022-02-07,6.16,6.24,6.28,6.16,87711,81870156.00,1.96,2.13,0.13,0.71
2022-02-08,6.25,6.49,6.49,6.22,116267,111130757.00,4.33,4.01,0.25,0.94
2022-02-09,6.46,6.48,6.54,6.46,68685,66626854.00,1.23,-0.15,-0.01,0.56
2022-02-10,6.48,6.56,6.56,6.46,61354,59804515.00,1.54,1.23,0.08,0.50
2022-02-11,6.57,6.56,6.62,6.54,101265,99396885.00,1.22,0.00,0.00,0.82
2022-02-14,6.54,6.46,6.60,6.44,83157,80526853.00,2.44,-1.52,-0.10,0.67
2022-02-15,6.49,6.39,6.50,6.36,57278,54908696.00,2.17,-1.08,-0.07,0.46
2022-02-16,6.43,6.42,6.47,6.40,44150,42396056.00,1.10,0.47,0.03,0.36
2022-02-17,6.42,6.37,6.45,6.36,63101,60225467.00,1.40,-0.78,-0.05,0.51
2022-02-18,6.32,6.49,6.50,6.32,94781,91031747.00,2.83,1.88,0.12,0.77
2022-02-21,6.51,6.49,6.54,6.41,86174,83115372.00,2.00,0.00,0.00,0.70
2022-02-22,6.44,6.49,6.61,6.43,109986,106900645.00,2.77,0.00,0.00,0.89
2022-02-23,6.51,6.49,6.57,6.47,71268,69090214.00,1.54,0.00,0.00,0.58
2022-02-24,6.51,6.37,6.59,6.31,122822,118252004.00,4.31,-1.85,-0.12,0.99
2022-02-25,6.42,6.40,6.55,6.39,105385,101717635.00,2.51,0.47,0.03,0.85
2022-02-28,6.43,6.35,6.44,6.30,64097,60743407.00,2.19,-0.78,-0.05,0.52
2022-03-01,6.38,6.44,6.47,6.35,92361,88533023.00,1.89,1.42,0.09,0.75
2022-03-02,6.44,6.46,6.51,6.39,56092,54106333.00,1.86,0.31,0.02,0.45
2022-03-03,6.48,6.54,6.56,6.48,94761,92285385.00,1.24,1.24,0.08,0.77
2022-03-04,6.58,6.49,6.58,6.44,88970,86110671.00,2.14,-0.76,-0.05,0.72
2022-03-07,6.45,6.45,6.55,6.42,78852,76420466.00,2.00,-0.62,-0.04,0.64
2022-03-08,6.44,6.19,6.48,6.19,113407,107060685.00,4.50,-4.03,-0.26,0.92
2022-03-09,6.21,5.97,6.24,5.80,140485,126710450.00,7.11,-3.55,-0.22,1.14
2022-03-10,6.05,6.10,6.14,6.01,93212,85024576.00,2.18,2.18,0.13,0.75
2022-03-11,6.08,6.16,6.18,5.94,106433,96410270.00,3.93,0.98,0.06,0.86
2022-03-14,6.16,6.23,6.46,6.13,162649,154081108.00,5.36,1.14,0.07,1.32
2022-03-15,6.21,5.79,6.22,5.77,175030,156796091.00,7.22,-7.06,-0.44,1.42
2022-03-16,5.89,5.94,5.96,5.66,115794,101580891.00,5.18,2.59,0.15,0.94
2022-03-17,6.03,6.01,6.12,5.99,107690,97629752.00,2.19,1.18,0.07,0.87
2022-03-18,5.98,6.28,6.28,5.98,163322,150214178.00,4.99,4.49,0.27,1.32
2022-03-21,6.31,6.31,6.39,6.25,150633,141979855.00,2.23,0.48,0.03,1.22
2022-03-22,6.33,6.49,6.52,6.29,211482,203396762.00,3.65,2.85,0.18,1.71
2022-03-23,6.45,6.56,6.59,6.43,155555,150903046.00,2.47,1.08,0.07,1.26
2022-03-24,6.54,6.49,6.65,6.49,193455,189674111.00,2.44,-1.07,-0.07,1.57
2022-03-25,6.50,6.52,6.61,6.42,164865,160476455.00,2.93,0.46,0.03,1.33
2022-03-28,6.49,6.67,6.72,6.47,187032,184944313.00,3.83,2.30,0.15,1.51
2022-03-29,6.66,6.59,6.72,6.56,125004,123476337.00,2.40,-1.20,-0.08,1.01
2022-03-30,6.63,6.83,6.96,6.60,297082,300392624.00,5.46,3.64,0.24,2.40
2022-03-31,6.78,6.88,7.01,6.77,292801,300031552.00,3.51,0.73,0.05,2.37
2022-04-01,6.86,7.06,7.09,6.79,323898,334698736.00,4.36,2.62,0.18,2.62
2022-04-06,7.18,7.31,7.36,7.04,341876,365410816.00,4.53,3.54,0.25,2.77
2022-04-07,7.20,6.91,7.21,6.91,338026,353874368.00,4.10,-5.47,-0.40,2.73
2022-04-08,6.86,7.07,7.09,6.79,304737,315617104.00,4.34,2.32,0.16,2.47
2022-04-11,7.11,6.84,7.14,6.81,282475,293388192.00,4.67,-3.25,-0.23,2.29
2022-04-12,6.88,6.82,6.96,6.74,201822,205928313.00,3.22,-0.29,-0.02,1.63
2022-04-13,6.81,6.73,6.86,6.64,178974,179601606.00,3.23,-1.32,-0.09,1.45
2022-04-14,6.77,6.87,6.94,6.74,182709,186328932.00,2.97,2.08,0.14,1.48
2022-04-15,6.85,6.82,6.96,6.76,192509,196597626.00,2.91,-0.73,-0.05,1.56
2022-04-18,6.74,6.81,6.99,6.69,169831,173058804.00,4.40,-0.15,-0.01,1.37
2022-04-19,6.86,7.01,7.02,6.71,188118,193141220.00,4.55,2.94,0.20,1.52
2022-04-20,7.42,7.47,7.72,7.30,543169,600911936.00,5.99,6.56,0.46,4.39
2022-04-21,7.43,6.89,7.49,6.84,505692,535410848.00,8.70,-7.76,-0.58,4.09
2022-04-22,6.96,7.24,7.31,6.95,356717,380439616.00,5.22,5.08,0.35,2.89
2022-04-25,7.11,6.71,7.21,6.68,382556,391768544.00,7.32,-7.32,-0.53,3.10
2022-04-26,6.83,6.68,6.99,6.68,297050,300788400.00,4.62,-0.45,-0.03,2.40
2022-04-27,6.57,6.81,6.83,6.41,277710,274103856.00,6.29,1.95,0.13,2.25
2022-04-28,6.75,7.01,7.04,6.70,300480,310446560.00,4.99,2.94,0.20,2.43
2022-04-29,7.00,7.30,7.32,6.96,379908,407018576.00,5.14,4.14,0.29,3.07
2022-05-05,7.38,7.27,7.38,7.16,273655,294767840.00,3.01,-0.41,-0.03,2.21
2022-05-06,7.11,6.99,7.15,6.92,244107,255461347.00,3.16,-3.85,-0.28,1.98
2022-05-09,6.94,7.24,7.25,6.94,214535,227293601.00,4.43,3.58,0.25,1.74
2022-05-10,7.15,7.26,7.27,7.04,222232,236412706.00,3.18,0.28,0.02,1.80
2022-05-11,7.26,7.19,7.36,7.17,239607,258542252.00,2.62,-0.96,-0.07,1.94
2022-05-12,7.15,7.12,7.23,6.99,153743,162227910.00,3.34,-0.97,-0.07,1.24
2022-05-13,7.16,7.61,7.68,7.11,456974,503149376.00,8.01,6.88,0.49,3.70
2022-05-16,7.77,7.50,7.79,7.44,325644,363032704.00,4.60,-1.45,-0.11,2.63
2022-05-17,7.50,7.52,7.58,7.36,202505,223638801.00,2.93,0.27,0.02,1.64
2022-05-18,7.52,7.36,7.52,7.31,192014,210425307.00,2.79,-2.13,-0.16,1.55
2022-05-19,7.29,7.36,7.45,7.25,178409,194066673.00,2.72,0.00,0.00,1.44
2022-05-20,7.29,7.44,7.66,7.28,199626,219798041.00,5.16,1.09,0.08,1.62
2022-05-23,7.40,7.48,7.49,7.34,169493,185669607.00,2.02,0.54,0.04,1.37
2022-05-24,7.43,7.18,7.45,7.18,165621,179393418.00,3.61,-4.01,-0.30,1.34
2022-05-25,7.20,7.26,7.27,7.18,89190,95654652.00,1.25,1.11,0.08,0.72
2022-05-26,7.28,7.31,7.37,7.24,121097,131297470.00,1.79,0.69,0.05,0.98
2022-05-27,7.34,7.29,7.36,7.29,106991,116065133.00,0.96,-0.27,-0.02,0.87
2022-05-30,7.29,7.31,7.37,7.24,104192,112771534.00,1.78,0.27,0.02,0.84
2022-05-31,7.31,7.32,7.33,7.24,102777,111157441.00,1.23,0.14,0.01,0.83
2022-06-01,7.32,7.37,7.43,7.29,132335,144489039.00,1.91,0.68,0.05,1.07
2022-06-02,7.32,7.31,7.34,7.26,91545,99066456.00,1.09,-0.81,-0.06,0.74
2022-06-06,7.29,7.31,7.33,7.17,144237,155212446.00,2.19,0.00,0.00,1.17
2022-06-07,7.29,7.34,7.39,7.29,115369,125445385.00,1.37,0.41,0.03,0.93
2022-06-08,7.35,7.26,7.38,7.21,124149,134017796.00,2.32,-1.09,-0.08,1.00
2022-06-09,7.25,7.31,7.33,7.24,89910,97213744.00,1.24,0.69,0.05,0.73
2022-06-10,7.27,7.32,7.34,7.22,122773,132292919.00,1.64,0.14,0.01,0.99
2022-06-13,7.25,7.16,7.29,7.10,135899,145066149.00,2.60,-2.19,-0.16,1.10
2022-06-14,7.10,7.30,7.30,7.06,131051,139500072.00,3.35,1.96,0.14,1.06
2022-06-15,7.32,7.44,7.54,7.30,245300,270530784.00,3.29,1.92,0.14,1.98
2022-06-16,7.44,7.33,7.49,7.32,124910,136760747.00,2.28,-1.48,-0.11,1.01
2022-06-17,7.34,7.33,7.36,7.22,91940,99590090.00,1.91,0.00,0.00,0.74
2022-06-20,7.31,7.39,7.42,7.28,99363,108520717.00,1.91,0.82,0.06,0.80
2022-06-21,7.40,7.36,7.48,7.30,110852,121610320.00,2.44,-0.41,-0.03,0.90
2022-06-22,7.37,7.25,7.39,7.24,88253,95659933.00,2.04,-1.49,-0.11,0.71
2022-06-23,7.25,7.36,7.36,7.20,87449,94557935.00,2.21,1.52,0.11,0.71
2022-06-24,7.37,7.36,7.39,7.33,70452,76769260.00,0.82,0.00,0.00,0.57
2022-06-27,7.36,7.37,7.44,7.36,106303,116548339.00,1.09,0.14,0.01,0.86
2022-06-28,7.37,7.49,7.49,7.36,126462,139235733.00,1.76,1.63,0.12,1.02
2022-06-29,7.46,7.44,7.58,7.44,186366,207616350.00,1.87,-0.67,-0.05,1.51
2022-06-30,7.47,7.43,7.49,7.39,142156,156456302.00,1.34,-0.13,-0.01,1.15
2022-07-01,7.44,7.45,7.50,7.40,93471,103150581.00,1.35,0.27,0.02,0.76
2022-07-04,7.40,7.24,7.42,7.14,236544,253920857.00,3.76,-2.82,-0.21,1.91
2022-07-05,7.24,7.25,7.30,7.19,132152,141981256.00,1.52,0.14,0.01,1.07
2022-07-06,7.23,7.06,7.26,6.98,190875,200428112.00,3.86,-2.62,-0.19,1.54
2022-07-07,7.07,7.09,7.11,7.01,66639,69911526.00,1.42,0.42,0.03,0.54
2022-07-08,7.10,7.16,7.16,7.08,75301,79617201.00,1.13,0.99,0.07,0.61
2022-07-11,7.19,7.13,7.20,7.09,119293,126433554.00,1.54,-0.42,-0.03,0.97
2022-07-12,7.14,7.19,7.24,7.09,94296,100445722.00,2.10,0.84,0.06,0.76
2022-07-13,7.21,7.20,7.24,7.19,95239,101830865.00,0.70,0.14,0.01,0.77
2022-07-14,7.20,7.01,7.20,6.99,162495,169800118.00,2.92,-2.64,-0.19,1.31
2022-07-15,7.02,6.88,7.10,6.88,129274,90464969.00,3.14,-1.85,-0.13,0.75
2022-07-18,6.88,6.89,6.95,6.77,148359,101781775.00,2.62,0.15,0.01,0.86
2022-07-19,6.89,6.89,6.90,6.81,123120,84359198.00,1.31,0.00,0.00,0.71
2022-07-20,6.88,6.83,6.90,6.82,93275,63930309.00,1.16,-0.87,-0.06,0.54
2022-07-21,6.80,6.71,6.85,6.71,105467,71232807.00,2.05,-1.76,-0.12,0.61
2022-07-22,6.69,6.60,6.73,6.52,135136,89398867.00,3.13,-1.64,-0.11,0.78
2022-07-25,6.58,6.56,6.68,6.53,90739,59909637.00,2.27,-0.61,-0.04,0.52
2022-07-26,6.56,6.69,6.74,6.56,112691,75154606.00,2.74,1.98,0.13,0.65
2022-07-27,6.68,6.63,6.68,6.59,92623,61354136.00,1.35,-0.90,-0.06,0.54
2022-07-28,6.64,6.67,6.72,6.63,96628,64498580.00,1.36,0.60,0.04,0.56
2022-07-29,6.69,6.61,6.69,6.61,74584,49558624.00,1.20,-0.90,-0.06,0.43
2022-08-01,6.65,6.76,6.77,6.62,134866,90596454.00,2.27,2.27,0.15,0.78
2022-08-02,6.73,6.60,6.73,6.52,155137,102482470.00,3.11,-2.37,-0.16,0.90
2022-08-03,6.62,6.53,6.71,6.51,101513,67393411.00,3.03,-1.06,-0.07,0.59
2022-08-04,6.55,6.59,6.60,6.50,81206,53219525.00,1.53,0.92,0.06,0.47
2022-08-05,6.62,6.61,6.67,6.54,72739,47934283.00,1.97,0.30,0.02,0.42
2022-08-08,6.62,6.66,6.71,6.58,70104,46710551.00,1.97,0.76,0.05,0.41
2022-08-09,6.69,6.68,6.73,6.62,69840,46597120.00,1.65,0.30,0.02,0.40
2022-08-10,6.66,6.66,6.68,6.61,53404,35505998.00,1.05,-0.30,-0.02,0.31
2022-08-11,6.67,6.76,6.76,6.67,96616,65072155.00,1.35,1.50,0.10,0.56
2022-08-12,6.73,6.80,6.81,6.73,85502,57991374.00,1.18,0.59,0.04,0.49
2022-08-15,6.80,6.81,6.84,6.77,89901,61260249.00,1.03,0.15,0.01,0.52
2022-08-16,6.78,6.89,6.89,6.78,93021,63904310.00,1.62,1.17,0.08,0.54
2022-08-17,6.91,6.97,6.97,6.86,86705,60062017.00,1.60,1.16,0.08,0.50
2022-08-18,6.91,6.81,6.91,6.79,151713,103583151.00,1.72,-2.30,-0.16,0.88
2022-08-19,6.81,6.81,6.89,6.80,94761,64751201.00,1.32,0.00,0.00,0.55
2022-08-22,6.80,6.89,6.92,6.77,116741,80071796.00,2.20,1.17,0.08,0.67
2022-08-23,6.88,6.90,6.90,6.83,68728,47187663.00,1.02,0.15,0.01,0.40
2022-08-24,6.88,6.78,6.90,6.77,84043,57291061.00,1.88,-1.74,-0.12,0.49
2022-08-25,6.82,6.86,6.87,6.76,83177,56682845.00,1.62,1.18,0.08,0.48
2022-08-26,6.85,6.84,6.89,6.81,58238,39908571.00,1.17,-0.29,-0.02,0.34
2022-08-29,6.78,6.88,6.89,6.73,98232,67116233.00,2.34,0.58,0.04,0.57
2022-08-30,6.86,6.93,6.95,6.86,85863,59360247.00,1.31,0.73,0.05,0.50
2022-08-31,6.89,6.89,6.95,6.86,102028,70529488.00,1.30,-0.58,-0.04,0.59
2022-09-01,6.91,7.04,7.12,6.90,187405,131996900.00,3.19,2.18,0.15,1.08
2022-09-02,7.04,7.00,7.09,6.94,108125,75747007.00,2.13,-0.57,-0.04,0.62
2022-09-05,6.98,7.08,7.11,6.96,124683,87866340.00,2.14,1.14,0.08,0.72
2022-09-06,7.09,7.18,7.20,7.08,186925,133991011.00,1.69,1.41,0.10,1.08
2022-09-07,7.18,7.24,7.26,7.10,138213,99480334.00,2.23,0.84,0.06,0.80
2022-09-08,7.24,7.26,7.32,7.17,124489,90091987.00,2.07,0.28,0.02,0.72
2022-09-09,7.25,7.35,7.37,7.21,179806,132010881.00,2.20,1.24,0.09,1.04
2022-09-13,7.38,7.38,7.55,7.32,280023,208161281.00,3.13,0.41,0.03,1.62
2022-09-14,7.32,7.49,7.56,7.29,285830,213647323.00,3.66,1.49,0.11,1.65
2022-09-15,7.51,7.56,7.65,7.47,311452,235538730.00,2.40,0.93,0.07,1.80
2022-09-16,7.53,7.34,7.65,7.34,332111,248695379.00,4.10,-2.91,-0.22,1.92
2022-09-19,7.35,7.45,7.55,7.28,289639,215449257.00,3.68,1.50,0.11,1.67
2022-09-20,7.46,7.29,7.53,7.26,222929,163880056.00,3.62,-2.15,-0.16,1.29
2022-09-21,7.31,7.44,7.48,7.24,208559,153927440.00,3.29,2.06,0.15,1.21
2022-09-22,7.41,7.31,7.45,7.25,155662,113840047.00,2.69,-1.75,-0.13,0.90
2022-09-23,7.31,7.27,7.46,7.24,123635,90693725.00,3.01,-0.55,-0.04,0.71
2022-09-26,7.22,7.07,7.27,7.06,195737,139855390.00,2.89,-2.75,-0.20,1.13
2022-09-27,7.15,7.20,7.22,7.00,126954,90534681.00,3.11,1.84,0.13,0.73
2022-09-28,7.15,7.04,7.20,7.02,100096,70805394.00,2.50,-2.22,-0.16,0.58
2022-09-29,7.08,6.90,7.12,6.86,149865,104198775.00,3.69,-1.99,-0.14,0.87
2022-09-30,6.93,6.91,7.00,6.88,84514,58627107.00,1.74,0.14,0.01,0.49
2022-10-10,6.91,6.81,7.06,6.78,163544,112623672.00,4.05,-1.45,-0.10,0.95
2022-10-11,6.81,6.83,6.88,6.72,87675,59753767.00,2.35,0.29,0.02,0.51
2022-10-12,6.82,6.90,6.91,6.71,131242,89388156.00,2.93,1.02,0.07,0.76
2022-10-13,6.89,6.77,6.90,6.74,117147,79452750.00,2.32,-1.88,-0.13,0.68
2022-10-14,6.81,6.85,6.88,6.78,119923,82074814.00,1.48,1.18,0.08,0.69
2022-10-17,6.79,6.85,6.90,6.75,107294,73334207.00,2.19,0.00,0.00,0.62
2022-10-18,6.88,6.83,6.97,6.81,132965,91341554.00,2.34,-0.29,-0.02,0.77
2022-10-19,6.83,6.74,6.86,6.74,108931,73767884.00,1.76,-1.32,-0.09,0.63
2022-10-20,6.74,6.66,6.76,6.64,103353,69026484.00,1.78,-1.19,-0.08,0.60
2022-10-21,6.70,6.68,6.77,6.67,88571,59480240.00,1.50,0.30,0.02,0.51
2022-10-24,6.65,6.47,6.75,6.43,162828,106913051.00,4.79,-3.14,-0.21,0.94
2022-10-25,6.45,6.39,6.52,6.33,109532,69997760.00,2.94,-1.24,-0.08,0.63
2022-10-26,6.36,6.35,6.47,6.33,100611,64319767.00,2.19,-0.63,-0.04,0.58
2022-10-27,6.34,6.41,6.45,6.30,95516,61202056.00,2.36,0.94,0.06,0.55
2022-10-28,6.40,6.28,6.41,6.28,99673,63182165.00,2.03,-2.03,-0.13,0.58
2022-10-31,6.28,6.21,6.35,6.15,115048,71558274.00,3.18,-1.11,-0.07,0.66
2022-11-01,6.24,6.30,6.32,6.21,117180,73389077.00,1.77,1.45,0.09,0.68
2022-11-02,6.30,6.34,6.36,6.27,106578,67471936.00,1.43,0.63,0.04,0.62
2022-11-03,6.29,6.29,6.33,6.24,80660,50708201.00,1.42,-0.79,-0.05,0.47
2022-11-04,6.31,6.40,6.43,6.28,106148,67608179.00,2.38,1.75,0.11,0.61
2022-11-07,6.39,6.43,6.44,6.34,114887,73511636.00,1.56,0.47,0.03,0.66
2022-11-08,6.43,6.40,6.45,6.36,81929,52409391.00,1.40,-0.47,-0.03,0.47
2022-11-09,6.38,6.42,6.51,6.38,127098,82167451.00,2.03,0.31,0.02,0.73
2022-11-10,6.40,6.47,6.48,6.32,93103,59882393.00,2.49,0.78,0.05,0.54
2022-11-11,6.53,6.73,6.87,6.53,304018,203776267.00,5.26,4.02,0.26,1.76
2022-11-14,6.85,6.78,6.94,6.76,247006,168776678.00,2.67,0.74,0.05,1.43
2022-11-15,6.79,6.88,6.94,6.74,185231,127429059.00,2.95,1.47,0.10,1.07
2022-11-16,6.88,6.87,6.90,6.84,119444,82071982.00,0.87,-0.15,-0.01,0.69
2022-11-17,6.85,6.88,6.90,6.79,121443,83134367.00,1.60,0.15,0.01,0.70
2022-11-18,6.87,6.83,6.90,6.79,114052,78081029.00,1.60,-0.73,-0.05,0.66
2022-11-21,6.84,6.84,6.88,6.71,112071,76188607.00,2.49,0.15,0.01,0.65
2022-11-22,6.88,6.91,6.95,6.82,124152,85560032.00,1.90,1.02,0.07,0.72
2022-11-23,6.87,6.90,6.96,6.86,99088,68446431.00,1.45,-0.14,-0.01,0.57
2022-11-24,6.97,7.01,7.04,6.93,164563,115178662.00,1.59,1.59,0.11,0.95
2022-11-25,7.01,7.15,7.21,7.01,200389,143146715.00,2.85,2.00,0.14,1.16
2022-11-28,7.10,7.17,7.20,7.00,183906,131008187.00,2.80,0.28,0.02,1.06
2022-11-29,7.35,7.45,7.54,7.22,417499,308841058.00,4.46,3.91,0.28,2.41
2022-11-30,7.41,7.35,7.57,7.33,391096,290831056.00,3.22,-1.34,-0.10,2.26
2022-12-01,7.34,7.21,7.41,7.19,271516,197837871.00,2.99,-1.90,-0.14,1.57
2022-12-02,7.23,7.14,7.23,7.09,161239,115064581.00,1.94,-0.97,-0.07,0.93
2022-12-05,7.18,7.25,7.30,7.17,168095,121921607.00,1.82,1.54,0.11,0.97
2022-12-06,7.26,7.24,7.31,7.20,162340,117746750.00,1.52,-0.14,-0.01,0.94
2022-12-07,7.22,7.23,7.29,7.12,154592,111371610.00,2.35,-0.14,-0.01,0.89
2022-12-08,7.21,7.26,7.30,7.19,148826,107989940.00,1.52,0.41,0.03,0.86
2022-12-09,7.29,7.06,7.36,7.06,238370,172000565.00,4.13,-2.75,-0.20,1.38
2022-12-12,7.16,7.09,7.26,7.08,219534,157186975.00,2.55,0.42,0.03,1.27
2022-12-13,7.10,7.15,7.18,7.03,140963,100282521.00,2.12,0.85,0.06,0.81
2022-12-14,7.12,7.08,7.18,7.05,111199,78928472.00,1.82,-0.98,-0.07,0.64
2022-12-15,7.06,7.05,7.12,7.03,78997,55774004.00,1.27,-0.42,-0.03,0.46
2022-12-16,7.07,7.08,7.15,7.02,96943,68687958.00,1.84,0.43,0.03,0.56
2022-12-19,7.08,6.96,7.13,6.89,123867,86533248.00,3.39,-1.69,-0.12,0.72
2022-12-20,6.90,6.86,6.97,6.83,101445,70021840.00,2.01,-1.44,-0.10,0.59
2022-12-21,6.88,6.81,6.91,6.78,72722,49773928.00,1.90,-0.73,-0.05,0.42
2022-12-22,6.87,6.76,6.94,6.72,95933,65713799.00,3.23,-0.73,-0.05,0.55
2022-12-23,6.70,6.73,6.85,6.69,58591,39582688.00,2.37,-0.44,-0.03,0.34
2022-12-26,6.73,6.64,6.74,6.60,90042,60018441.00,2.08,-1.34,-0.09,0.52
2022-12-27,6.68,6.75,6.77,6.66,82670,55643104.00,1.66,1.66,0.11,0.48
2022-12-28,6.75,6.68,6.76,6.57,88965,59287094.00,2.81,-1.04,-0.07,0.51
2022-12-29,6.67,6.57,6.72,6.56,69000,45613540.00,2.40,-1.65,-0.11,0.40
2022-12-30,6.62,6.61,6.63,6.57,57595,38054932.00,0.91,0.61,0.04,0.33