2004-01-02,1.69,1.72,1.74,1.69,2956,1106173.00,2.94,1.18,0.02,0.24
2004-01-05,1.72,1.67,1.72,1.64,6071,2232068.00,4.65,-2.91,-0.05,0.50
2004-01-06,1.68,1.63,1.68,1.61,8532,3078576.00,4.19,-2.40,-0.04,0.70
2004-01-07,1.64,1.71,1.72,1.63,7180,2633280.00,5.52,4.91,0.08,0.59
2004-01-08,1.70,1.74,1.74,1.67,7540,2805708.00,4.09,1.75,0.03,0.62
2004-01-09,1.74,1.72,1.76,1.70,8170,3062847.00,3.45,-1.15,-0.02,0.67
2004-01-12,1.70,1.72,1.73,1.68,5534,2061407.00,2.91,0.00,0.00,0.45
2004-01-13,1.73,1.79,1.83,1.72,9857,3787685.00,6.40,4.07,0.07,0.81
2004-01-14,1.79,1.85,1.87,1.77,12235,4791505.00,5.59,3.35,0.06,1.01
2004-01-15,1.85,1.80,1.86,1.79,6850,2662110.00,3.78,-2.70,-0.05,0.56
2004-01-16,1.80,1.78,1.80,1.75,6603,2522826.00,2.78,-1.11,-0.02,0.54
2004-01-29,1.78,1.91,1.92,1.78,11939,4731447.00,7.87,7.30,0.13,0.98
2004-01-30,1.93,1.93,1.98,1.88,19292,7856203.00,5.24,1.05,0.02,1.59
2004-02-02,1.94,1.98,2.09,1.93,20651,8522795.00,8.29,2.59,0.05,1.70
2004-02-03,1.99,2.05,2.05,1.97,14895,6261293.00,4.04,3.54,0.07,1.22
2004-02-04,2.05,2.09,2.09,2.01,15900,6738794.00,3.90,1.95,0.04,1.31
2004-02-05,2.08,2.22,2.22,2.07,29194,12867497.00,7.18,6.22,0.13,2.40
2004-02-06,2.22,2.12,2.24,2.10,23362,10366299.00,6.31,-4.50,-0.10,1.92
2004-02-09,2.11,2.15,2.16,2.07,13457,5888942.00,4.25,1.42,0.03,1.11
2004-02-10,2.16,2.20,2.25,2.15,16955,7594187.00,4.65,2.33,0.05,1.39
2004-02-11,2.20,2.25,2.28,2.18,18648,8427253.00,4.55,2.27,0.05,1.53
2004-02-12,2.27,2.29,2.30,2.22,19722,9046729.00,3.56,1.78,0.04,1.62
2004-02-13,2.30,2.18,2.32,2.16,14218,6450818.00,6.99,-4.80,-0.11,1.17
2004-02-16,2.19,2.24,2.24,2.18,9557,4296925.00,2.75,2.75,0.06,0.79
2004-02-17,2.24,2.27,2.28,2.22,11997,5464769.00,2.68,1.34,0.03,0.99
2004-02-18,2.28,2.27,2.30,2.25,14261,6524331.00,2.20,0.00,0.00,1.17
2004-02-19,2.28,2.25,2.30,2.22,12740,5798911.00,3.52,-0.88,-0.02,1.05
2004-02-20,2.26,2.31,2.32,2.21,19038,8719929.00,4.89,2.67,0.06,1.56
2004-02-23,2.31,2.34,2.45,2.30,34949,16564044.00,6.49,1.30,0.03,2.87
2004-02-24,2.34,2.43,2.44,2.23,31258,14672685.00,8.97,3.85,0.09,2.57
2004-02-25,2.43,2.26,2.45,2.26,23613,11213365.00,7.82,-7.00,-0.17,1.94
2004-02-26,2.25,2.15,2.27,2.11,18167,8026617.00,7.08,-4.87,-0.11,1.49
2004-02-27,2.16,2.21,2.22,2.16,8834,3943939.00,2.79,2.79,0.06,0.73
2004-03-01,2.19,2.28,2.30,2.15,12148,5484569.00,6.79,3.17,0.07,1.00
2004-03-02,2.27,2.26,2.30,2.22,9731,4440703.00,3.51,-0.88,-0.02,0.80
2004-03-03,2.26,2.19,2.26,2.18,7242,3263856.00,3.54,-3.10,-0.07,0.60
2004-03-04,2.20,2.20,2.21,2.13,7406,3286400.00,3.65,0.46,0.01,0.61
2004-03-05,2.20,2.21,2.26,2.18,9198,4139104.00,3.64,0.45,0.01,0.76
2004-03-08,2.21,2.13,2.21,2.13,7229,3182457.00,3.62,-3.62,-0.08,0.59
2004-03-09,2.09,2.16,2.18,2.09,7885,3464971.00,4.23,1.41,0.03,0.65
2004-03-10,2.13,2.24,2.26,2.11,13146,5918014.00,6.94,3.70,0.08,1.08
2004-03-11,2.29,2.30,2.31,2.23,20395,9377598.00,3.57,2.68,0.06,1.68
2004-03-12,2.34,2.36,2.41,2.32,65899,31152389.00,3.91,2.61,0.06,5.42
2004-03-15,2.37,2.39,2.40,2.30,21770,10271778.00,4.24,1.27,0.03,1.79
2004-03-16,2.39,2.38,2.41,2.34,12166,5756771.00,2.93,-0.42,-0.01,1.00
2004-03-17,2.38,2.35,2.39,2.32,10113,4753534.00,2.94,-1.26,-0.03,0.83
2004-03-18,2.34,2.29,2.38,2.28,10155,4730521.00,4.26,-2.55,-0.06,0.83
2004-03-19,2.26,2.38,2.40,2.26,14581,6872151.00,6.11,3.93,0.09,1.20
2004-03-22,2.38,2.39,2.44,2.37,11662,5567541.00,2.94,0.42,0.01,0.96
2004-03-23,2.40,2.39,2.41,2.35,10598,5024501.00,2.51,0.00,0.00,0.87
2004-03-24,2.39,2.33,2.39,2.32,7922,3735855.00,2.93,-2.51,-0.06,0.65
2004-03-25,2.34,2.34,2.38,2.32,5229,2447861.00,2.58,0.43,0.01,0.43
2004-03-26,2.34,2.32,2.35,2.30,5177,2404492.00,2.14,-0.85,-0.02,0.43
2004-03-29,2.31,2.33,2.35,2.31,4329,2018735.00,1.72,0.43,0.01,0.36
2004-03-30,2.33,2.29,2.34,2.28,4685,2165565.00,2.58,-1.72,-0.04,0.38
2004-03-31,2.29,2.39,2.41,2.29,11270,5318493.00,5.24,4.37,0.10,0.93
2004-04-01,2.38,2.38,2.39,2.34,6146,2901023.00,2.09,-0.42,-0.01,0.51
2004-04-02,2.38,2.37,2.39,2.35,7754,3666683.00,1.68,-0.42,-0.01,0.64
2004-04-05,2.38,2.47,2.47,2.35,26413,12710029.00,5.06,4.22,0.10,2.17
2004-04-06,2.48,2.46,2.48,2.41,14576,7056606.00,2.83,-0.40,-0.01,1.20
2004-04-07,2.47,2.40,2.48,2.40,11364,5475816.00,3.25,-2.44,-0.06,0.93
2004-04-08,2.39,2.44,2.47,2.38,12301,5937491.00,3.75,1.67,0.04,1.01
2004-04-09,2.44,2.30,2.45,2.22,12273,5773150.00,9.43,-5.74,-0.14,1.01
2004-04-12,2.28,2.31,2.34,2.27,7950,3682120.00,3.04,0.43,0.01,0.65
2004-04-13,2.31,2.31,2.35,2.29,6059,2819274.00,2.60,0.00,0.00,0.50
2004-04-14,2.30,2.27,2.33,2.22,10417,4760791.00,4.76,-1.73,-0.04,0.86
2004-04-16,2.24,2.16,2.26,2.11,8726,3866185.00,6.61,-4.85,-0.11,0.72
2004-04-19,2.14,2.09,2.14,2.08,7679,3321502.00,2.78,-3.24,-0.07,0.63
2004-04-20,2.09,2.11,2.14,2.07,3859,1670985.00,3.35,0.96,0.02,0.32
2004-04-21,2.11,2.10,2.14,2.09,3916,1693866.00,2.37,-0.47,-0.01,0.32
2004-04-22,2.10,2.07,2.10,2.04,4915,2097044.00,2.86,-1.43,-0.03,0.40
2004-04-23,2.07,2.03,2.10,2.03,3874,1642980.00,3.38,-1.93,-0.04,0.32
2004-04-26,2.02,1.95,2.05,1.95,4314,1791942.00,4.93,-3.94,-0.08,0.35
2004-04-27,1.95,1.89,1.98,1.89,6188,2510484.00,4.62,-3.08,-0.06,0.51
2004-04-28,1.89,1.97,1.98,1.84,6909,2771688.00,7.41,4.23,0.08,0.57
2004-04-29,1.96,1.93,1.96,1.90,4075,1652152.00,3.05,-2.03,-0.04,0.33
2004-04-30,1.92,1.94,1.95,1.90,2836,1156837.00,2.59,0.52,0.01,0.23
2004-05-10,1.94,1.87,1.95,1.86,2821,1127886.00,4.64,-3.61,-0.07,0.23
2004-05-11,1.87,1.88,1.91,1.86,2321,926797.00,2.67,0.53,0.01,0.19
2004-05-12,1.88,1.97,1.97,1.88,3630,1478449.00,4.79,4.79,0.09,0.30
2004-05-13,1.97,2.04,2.07,1.94,20091,8426908.00,6.60,3.55,0.07,1.65
2004-05-14,2.03,2.05,2.05,1.94,14723,6133946.00,5.39,0.49,0.01,1.21
2004-05-17,2.05,2.03,2.06,1.99,3602,1515782.00,3.41,-0.98,-0.02,0.30
2004-05-18,2.03,2.08,2.08,1.98,8325,3510426.00,4.93,2.46,0.05,0.68
2004-05-19,2.08,2.06,2.14,2.05,16374,7077679.00,4.33,-0.96,-0.02,1.35
2004-05-20,2.05,2.01,2.07,1.97,15304,6423140.00,4.85,-2.43,-0.05,1.26
2004-05-21,2.02,2.07,2.13,1.99,13836,5922167.00,6.97,2.99,0.06,1.14
2004-05-24,2.07,2.05,2.07,2.04,2734,1161319.00,1.45,-0.97,-0.02,0.22
2004-05-25,2.03,1.92,2.03,1.92,3793,1566223.00,5.37,-6.34,-0.13,0.31
2004-05-26,1.92,1.93,1.96,1.89,3027,1223611.00,3.65,0.52,0.01,0.25
2004-05-27,1.93,1.97,1.99,1.89,3720,1523485.00,5.18,2.07,0.04,0.31
2004-05-28,1.98,1.93,1.98,1.92,2893,1182756.00,3.05,-2.03,-0.04,0.24
2004-05-31,1.92,1.97,1.98,1.91,2787,1135839.00,3.63,2.07,0.04,0.23
2004-06-01,2.01,2.01,2.02,1.97,5964,2480189.00,2.54,2.03,0.04,0.49
2004-06-02,2.03,1.99,2.03,1.97,3657,1522410.00,2.99,-1.00,-0.02,0.30
2004-06-03,1.97,1.93,1.98,1.93,3397,1389768.00,2.51,-3.02,-0.06,0.28
2004-06-04,1.93,1.94,1.97,1.92,2500,1017690.00,2.59,0.52,0.01,0.21
2004-06-07,1.95,1.91,1.95,1.89,3064,1233629.00,3.09,-1.55,-0.03,0.25
2004-06-08,1.91,1.86,1.91,1.86,3254,1295658.00,2.62,-2.62,-0.05,0.27
2004-06-09,1.86,1.78,1.88,1.78,4594,1784884.00,5.38,-4.30,-0.08,0.38
2004-06-10,1.82,1.80,1.88,1.78,2059,795471.00,5.62,1.12,0.02,0.17
2004-06-11,1.80,1.80,1.86,1.79,2542,989588.00,3.89,0.00,0.00,0.21
2004-06-14,1.80,1.69,1.80,1.67,4524,1680491.00,7.22,-6.11,-0.11,0.37
2004-06-15,1.69,1.75,1.76,1.68,2703,1010377.00,4.73,3.55,0.06,0.22
2004-06-16,1.72,1.74,1.78,1.70,2688,1014148.00,4.57,-0.57,-0.01,0.22
2004-06-17,1.74,1.68,1.76,1.68,1831,683300.00,4.60,-3.45,-0.06,0.15
2004-06-18,1.68,1.67,1.70,1.63,3008,1099969.00,4.17,-0.60,-0.01,0.25
2004-06-21,1.65,1.69,1.70,1.64,1717,632341.00,3.59,1.20,0.02,0.14
2004-06-22,1.69,1.72,1.73,1.69,1870,697847.00,2.37,1.78,0.03,0.15
2004-06-23,1.74,1.70,1.74,1.66,920,340713.00,4.65,-1.16,-0.02,0.08
2004-06-24,1.67,1.68,1.70,1.67,1541,568980.00,1.76,-1.18,-0.02,0.13
2004-06-25,1.68,1.63,1.68,1.63,1792,652659.00,2.98,-2.98,-0.05,0.15
2004-06-28,1.61,1.54,1.61,1.54,2228,782501.00,4.29,-5.52,-0.09,0.18
2004-06-29,1.55,1.57,1.58,1.52,2193,764750.00,3.90,1.95,0.03,0.18
2004-06-30,1.57,1.55,1.57,1.55,1336,467476.00,1.27,-1.27,-0.02,0.11
2004-07-01,1.58,1.62,1.63,1.54,3141,1122014.00,5.81,4.52,0.07,0.26
2004-07-02,1.60,1.61,1.63,1.59,2194,783382.00,2.47,-0.62,-0.01,0.18
2004-07-05,1.61,1.64,1.64,1.56,2124,759820.00,4.97,1.86,0.03,0.17
2004-07-06,1.64,1.66,1.68,1.64,2041,743513.00,2.44,1.22,0.02,0.17
2004-07-07,1.65,1.61,1.65,1.59,1322,472367.00,3.61,-3.01,-0.05,0.11
2004-07-08,1.61,1.61,1.63,1.59,1730,617419.00,2.48,0.00,0.00,0.14
2004-07-09,1.61,1.58,1.64,1.57,1481,528430.00,4.35,-1.86,-0.03,0.12
2004-07-12,1.60,1.54,1.65,1.52,1817,632508.00,8.23,-2.53,-0.04,0.15
2004-07-13,1.53,1.52,1.54,1.50,2401,825198.00,2.60,-1.30,-0.02,0.20
2004-07-14,1.53,1.44,1.54,1.36,1948,653520.00,11.84,-5.26,-0.08,0.16
2004-07-15,1.45,1.49,1.52,1.44,2255,758555.00,5.56,3.47,0.05,0.19
2004-07-16,1.50,1.55,1.56,1.47,3491,1204510.00,6.04,4.03,0.06,0.29
2004-07-19,1.56,1.53,1.56,1.49,2388,823336.00,4.52,-1.29,-0.02,0.20
2004-07-20,1.53,1.53,1.55,1.50,1991,684028.00,3.27,0.00,0.00,0.16
2004-07-21,1.53,1.53,1.55,1.51,1065,367966.00,2.61,0.00,0.00,0.09
2004-07-22,1.54,1.46,1.55,1.45,1343,460150.00,6.54,-4.58,-0.07,0.11
2004-07-23,1.46,1.47,1.49,1.41,1520,507028.00,5.48,0.68,0.01,0.12
2004-07-26,1.45,1.42,1.46,1.41,2897,958051.00,3.40,-3.40,-0.05,0.24
2004-07-27,1.42,1.40,1.43,1.36,2801,908640.00,4.93,-1.41,-0.02,0.23
2004-07-28,1.41,1.39,1.43,1.36,2719,883616.00,5.00,-0.71,-0.01,0.22
2004-07-29,1.39,1.43,1.44,1.38,3015,982568.00,4.32,2.88,0.04,0.25
2004-07-30,1.43,1.41,1.43,1.39,1971,645688.00,2.80,-1.40,-0.02,0.16
2004-08-02,1.41,1.38,1.41,1.37,1533,494788.00,2.84,-2.13,-0.03,0.13
2004-08-03,1.40,1.38,1.40,1.37,738,238229.00,2.17,0.00,0.00,0.06
2004-08-04,1.38,1.45,1.47,1.38,4590,1517984.00,6.52,5.07,0.07,0.38
2004-08-05,1.44,1.47,1.48,1.41,3757,1249782.00,4.83,1.38,0.02,0.31
2004-08-06,1.47,1.51,1.53,1.47,10328,3528055.00,4.08,2.72,0.04,0.85
2004-08-09,1.51,1.48,1.51,1.47,2605,882298.00,2.65,-1.99,-0.03,0.21
2004-08-10,1.48,1.48,1.49,1.43,1550,518770.00,4.05,0.00,0.00,0.13
2004-08-11,1.48,1.47,1.48,1.43,2483,829628.00,3.38,-0.68,-0.01,0.20
2004-08-12,1.43,1.42,1.46,1.41,2382,785301.00,3.40,-3.40,-0.05,0.20
2004-08-13,1.41,1.42,1.46,1.41,1053,347594.00,3.52,0.00,0.00,0.09
2004-08-16,1.41,1.39,1.45,1.38,2262,736274.00,4.93,-2.11,-0.03,0.19
2004-08-17,1.38,1.39,1.40,1.36,2669,859207.00,2.88,0.00,0.00,0.22
2004-08-18,1.38,1.33,1.41,1.31,1666,532755.00,7.19,-4.32,-0.06,0.14
2004-08-19,1.30,1.24,1.30,1.22,4425,1344402.00,6.02,-6.77,-0.09,0.36
2004-08-20,1.25,1.36,1.43,1.24,10736,3442894.00,15.32,9.68,0.12,0.88
2004-08-23,1.35,1.39,1.42,1.32,6871,2211020.00,7.35,2.21,0.03,0.56
2004-08-24,1.40,1.55,1.60,1.40,23301,8024608.00,14.39,11.51,0.16,1.91
2004-08-25,1.55,1.48,1.55,1.47,9057,3077189.00,5.16,-4.52,-0.07,0.74
2004-08-26,1.48,1.45,1.48,1.41,5035,1667461.00,4.73,-2.03,-0.03,0.41
2004-08-27,1.41,1.36,1.45,1.33,5091,1637772.00,8.28,-6.21,-0.09,0.42
2004-08-30,1.36,1.38,1.40,1.35,2317,747209.00,3.68,1.47,0.02,0.19
2004-08-31,1.43,1.46,1.53,1.41,5663,1897735.00,8.70,5.80,0.08,0.47
2004-09-01,1.45,1.40,1.45,1.39,2234,735594.00,4.11,-4.11,-0.06,0.18
2004-09-02,1.40,1.49,1.53,1.38,7711,2589064.00,10.71,6.43,0.09,0.63
2004-09-03,1.55,1.51,1.59,1.50,13630,4720588.00,6.04,1.34,0.02,1.12
2004-09-06,1.51,1.57,1.58,1.50,8456,2941945.00,5.30,3.97,0.06,0.69
2004-09-07,1.57,1.57,1.57,1.51,4353,1514701.00,3.82,0.00,0.00,0.36
2004-09-08,1.57,1.53,1.58,1.51,5000,1728194.00,4.46,-2.55,-0.04,0.41
2004-09-09,1.50,1.55,1.64,1.50,17064,6019602.00,9.15,1.31,0.02,1.40
2004-09-10,1.54,1.63,1.66,1.50,16570,5906112.00,10.32,5.16,0.08,1.36
2004-09-13,1.63,1.70,1.74,1.59,25156,9217473.00,9.20,4.29,0.07,2.07
2004-09-14,1.70,1.78,1.79,1.69,33471,12657056.00,5.88,4.71,0.08,2.75
2004-09-15,1.78,1.90,2.01,1.73,42886,16983566.00,15.73,6.74,0.12,3.52
2004-09-16,1.89,1.86,1.90,1.81,24034,9467082.00,4.74,-2.11,-0.04,1.98
2004-09-17,1.85,1.89,1.91,1.80,24812,9782172.00,5.91,1.61,0.03,2.04
2004-09-20,1.91,1.95,1.97,1.86,30509,12346895.00,5.82,3.17,0.06,2.51
2004-09-21,1.95,1.90,1.95,1.83,28230,11291593.00,6.15,-2.56,-0.05,2.32
2004-09-22,1.89,1.80,1.89,1.80,18173,7107477.00,4.74,-5.26,-0.10,1.49
2004-09-23,1.80,2.05,2.05,1.80,51073,21087060.00,13.89,13.89,0.25,4.20
2004-09-24,2.05,1.88,2.10,1.88,37874,15693641.00,10.73,-8.29,-0.17,3.11
2004-09-27,1.88,1.83,1.98,1.81,11886,4717273.00,9.04,-2.66,-0.05,0.98
2004-09-28,1.84,1.82,1.88,1.73,14470,5575730.00,8.20,-0.55,-0.01,1.19
2004-09-29,1.85,1.76,1.85,1.76,9050,3476258.00,4.95,-3.30,-0.06,0.74
2004-09-30,1.76,1.68,1.78,1.66,9049,3372349.00,6.82,-4.55,-0.08,0.74
2004-10-08,1.72,1.84,1.85,1.68,7954,3020810.00,10.12,9.52,0.16,0.65
2004-10-11,1.83,1.80,1.88,1.77,9604,3735068.00,5.98,-2.17,-0.04,0.79
2004-10-12,1.76,1.72,1.80,1.70,5792,2179623.00,5.56,-4.44,-0.08,0.48
2004-10-13,1.68,1.74,1.76,1.66,5854,2180540.00,5.81,1.16,0.02,0.48
2004-10-14,1.75,1.70,1.88,1.69,17950,6908449.00,10.92,-2.30,-0.04,1.48
2004-10-15,1.66,1.55,1.69,1.45,9465,3300692.00,14.12,-8.82,-0.15,0.78
2004-10-18,1.57,1.57,1.59,1.51,3246,1133911.00,5.16,1.29,0.02,0.27
2004-10-19,1.57,1.53,1.63,1.51,5165,1823485.00,7.64,-2.55,-0.04,0.42
2004-10-20,1.53,1.45,1.53,1.39,6830,2272684.00,9.15,-5.23,-0.08,0.56
2004-10-21,1.47,1.34,1.47,1.30,9059,2897922.00,11.72,-7.59,-0.11,0.74
2004-10-22,1.34,1.40,1.43,1.25,5639,1788227.00,13.43,4.48,0.06,0.46
2004-10-25,1.43,1.32,1.45,1.30,4407,1403170.00,10.71,-5.71,-0.08,0.36
2004-10-26,1.36,1.39,1.42,1.26,8210,2584099.00,12.12,5.30,0.07,0.67
2004-10-27,1.39,1.46,1.46,1.37,10640,3492378.00,6.47,5.04,0.07,0.87
2004-10-28,1.46,1.43,1.51,1.42,7636,2558933.00,6.16,-2.05,-0.03,0.63
2004-10-29,1.39,1.40,1.47,1.30,6122,2001476.00,11.89,-2.10,-0.03,0.50
2004-11-01,1.40,1.35,1.43,1.34,3611,1158887.00,6.43,-3.57,-0.05,0.30
2004-11-02,1.39,1.36,1.39,1.34,2068,659584.00,3.70,0.74,0.01,0.17
2004-11-03,1.38,1.46,1.46,1.36,6637,2185404.00,7.35,7.35,0.10,0.55
2004-11-04,1.47,1.48,1.49,1.40,8184,2728244.00,6.16,1.37,0.02,0.67
2004-11-05,1.48,1.41,1.48,1.41,3404,1127413.00,4.73,-4.73,-0.07,0.28
2004-11-08,1.38,1.43,1.47,1.38,2306,763566.00,6.38,1.42,0.02,0.19
2004-11-09,1.42,1.41,1.46,1.39,1199,394119.00,4.90,-1.40,-0.02,0.10
2004-11-10,1.40,1.49,1.53,1.40,8019,2694491.00,9.22,5.67,0.08,0.66
2004-11-11,1.49,1.47,1.53,1.45,9385,3194621.00,5.37,-1.34,-0.02,0.77
2004-11-12,1.46,1.47,1.49,1.43,4552,1521653.00,4.08,0.00,0.00,0.37
2004-11-15,1.46,1.50,1.51,1.45,3713,1258721.00,4.08,2.04,0.03,0.31
2004-11-16,1.50,1.51,1.55,1.49,5061,1733471.00,4.00,0.67,0.01,0.42
2004-11-17,1.54,1.51,1.54,1.46,3367,1140763.00,5.30,0.00,0.00,0.28
2004-11-18,1.51,1.52,1.53,1.47,3663,1249604.00,3.97,0.66,0.01,0.30
2004-11-19,1.56,1.55,1.56,1.52,5944,2064974.00,2.63,1.97,0.03,0.49
2004-11-22,1.58,1.59,1.62,1.57,9330,3307956.00,3.23,2.58,0.04,0.77
2004-11-23,1.58,1.63,1.63,1.53,11408,4008406.00,6.29,2.52,0.04,0.94
2004-11-24,1.63,1.53,1.63,1.50,7121,2516935.00,7.98,-6.13,-0.10,0.59
2004-11-25,1.54,1.50,1.54,1.48,4584,1564061.00,3.92,-1.96,-0.03,0.38
2004-11-26,1.50,1.53,1.55,1.48,5120,1757199.00,4.67,2.00,0.03,0.42
2004-11-29,1.51,1.47,1.51,1.46,3067,1037439.00,3.27,-3.92,-0.06,0.25
2004-11-30,1.45,1.47,1.49,1.45,1929,647405.00,2.72,0.00,0.00,0.16
2004-12-01,1.47,1.44,1.47,1.43,3804,1264725.00,2.72,-2.04,-0.03,0.31
2004-12-02,1.43,1.49,1.49,1.42,4117,1383351.00,4.86,3.47,0.05,0.34
2004-12-03,1.49,1.52,1.53,1.48,3388,1164237.00,3.36,2.01,0.03,0.28
2004-12-06,1.55,1.53,1.55,1.49,3334,1148005.00,3.95,0.66,0.01,0.27
2004-12-07,1.53,1.47,1.53,1.46,2513,855821.00,4.58,-3.92,-0.06,0.21
2004-12-08,1.48,1.49,1.53,1.45,1861,630144.00,5.44,1.36,0.02,0.15
2004-12-09,1.50,1.49,1.52,1.47,2840,968324.00,3.36,0.00,0.00,0.23
2004-12-10,1.48,1.43,1.51,1.40,3508,1166677.00,7.38,-4.03,-0.06,0.29
2004-12-13,1.43,1.37,1.43,1.35,3551,1145148.00,5.59,-4.20,-0.06,0.29
2004-12-14,1.38,1.39,1.42,1.36,1599,515820.00,4.38,1.46,0.02,0.13
2004-12-15,1.40,1.36,1.40,1.33,2508,802712.00,5.04,-2.16,-0.03,0.21
2004-12-16,1.39,1.35,1.39,1.34,2274,725680.00,3.68,-0.74,-0.01,0.19
2004-12-17,1.38,1.36,1.39,1.34,1256,401973.00,3.70,0.74,0.01,0.10
2004-12-20,1.36,1.34,1.36,1.26,3184,998072.00,7.35,-1.47,-0.02,0.26
2004-12-21,1.38,1.36,1.38,1.34,1236,394319.00,2.99,1.49,0.02,0.10
2004-12-22,1.35,1.44,1.48,1.35,7261,2404459.00,9.56,5.88,0.08,0.60
2004-12-23,1.46,1.38,1.46,1.38,2880,942252.00,5.56,-4.17,-0.06,0.24
2004-12-24,1.38,1.39,1.41,1.36,1492,482123.00,3.62,0.72,0.01,0.12
2004-12-27,1.40,1.40,1.41,1.36,2396,776456.00,3.60,0.72,0.01,0.20
2004-12-28,1.41,1.39,1.41,1.35,1491,480099.00,4.29,-0.71,-0.01,0.12
2004-12-29,1.37,1.34,1.39,1.33,2140,681793.00,4.32,-3.60,-0.05,0.18
2004-12-30,1.33,1.30,1.36,1.30,2260,707006.00,4.48,-2.99,-0.04,0.19
2004-12-31,1.30,1.28,1.33,1.28,2462,762807.00,3.85,-1.54,-0.02,0.20