2017-01-03,12.94,14.10,14.10,12.61,809508,1074946960.00,11.62,9.98,1.28,18.99
2017-01-04,14.84,15.51,15.51,14.60,344901,520783264.00,6.45,10.00,1.41,8.09
2017-01-05,16.77,16.36,17.06,15.87,1343016,2226790032.00,7.67,5.48,0.85,31.50
2017-01-06,16.35,15.13,16.54,14.78,1090244,1716280448.00,10.76,-7.52,-1.23,25.57
2017-01-09,14.95,14.81,15.19,14.40,719335,1064295568.00,5.22,-2.12,-0.32,16.87
2017-01-10,14.65,14.83,15.62,14.65,809277,1215936144.00,6.55,0.14,0.02,18.98
2017-01-11,14.29,14.06,14.74,13.74,632147,900325904.00,6.74,-5.19,-0.77,14.83
2017-01-12,14.09,14.01,14.32,13.80,396794,557653392.00,3.70,-0.36,-0.05,9.31
2017-01-13,14.00,12.80,14.02,12.70,482267,648103456.00,9.42,-8.64,-1.21,11.31
2017-01-16,12.89,11.86,13.03,11.52,524514,642270448.00,11.80,-7.34,-0.94,12.30
2017-01-17,11.86,12.18,12.68,11.72,535998,651429712.00,8.09,2.70,0.32,12.57
2017-01-18,12.22,12.58,13.26,12.12,690215,873132240.00,9.36,3.28,0.40,16.19
2017-01-19,12.15,12.25,12.57,11.99,478037,586745680.00,4.61,-2.62,-0.33,11.21
2017-01-20,12.28,12.57,12.99,12.15,481928,608214592.00,6.86,2.61,0.32,11.30
2017-01-23,12.25,12.98,13.08,12.24,481551,605287072.00,6.68,3.26,0.41,11.29
2017-01-24,12.82,12.35,13.03,12.29,385774,487894176.00,5.70,-4.85,-0.63,9.05
2017-01-25,12.14,11.92,12.28,11.79,337411,405830624.00,3.97,-3.48,-0.43,7.91
2017-01-26,11.94,12.00,12.43,11.74,272763,330914656.00,5.79,0.67,0.08,6.40
2017-02-03,11.99,12.04,12.25,11.89,168221,203391455.00,3.00,0.33,0.04,3.95
2017-02-06,12.22,12.81,13.09,12.22,517138,657232288.00,7.23,6.40,0.77,12.13
2017-02-07,12.61,12.91,13.05,12.58,438606,560842912.00,3.67,0.78,0.10,10.29
2017-02-08,12.77,12.83,12.88,12.57,263396,335705760.00,2.40,-0.62,-0.08,6.18
2017-02-09,12.76,12.86,12.92,12.69,245818,314498992.00,1.79,0.23,0.03,5.77
2017-02-10,12.88,12.71,13.39,12.69,460020,600873712.00,5.44,-1.17,-0.15,10.79
2017-02-13,12.39,12.29,12.42,12.01,343401,419861024.00,3.23,-3.30,-0.42,8.05
2017-02-14,12.30,12.44,12.48,12.15,240469,296694112.00,2.69,1.22,0.15,5.64
2017-02-15,12.33,11.94,12.43,11.89,253141,307673376.00,4.34,-4.02,-0.50,5.94
2017-02-16,11.90,12.29,12.44,11.81,250856,305378544.00,5.28,2.93,0.35,5.88
2017-02-17,12.28,11.97,12.28,11.91,172457,208399672.00,3.01,-2.60,-0.32,4.05
2017-02-20,11.94,11.99,12.12,11.68,164460,195385765.00,3.68,0.17,0.02,3.86
2017-02-21,12.05,12.18,12.27,11.89,170761,206736573.00,3.17,1.58,0.19,4.01
2017-02-22,12.16,12.16,12.33,12.02,160637,195408315.00,2.55,-0.16,-0.02,3.77
2017-02-23,12.11,11.78,12.19,11.73,189704,225514657.00,3.78,-3.13,-0.38,4.45
2017-02-24,11.63,11.92,11.99,11.56,191787,226070600.00,3.65,1.19,0.14,4.50
2017-02-27,11.83,11.87,12.05,11.78,129350,153940968.00,2.27,-0.42,-0.05,3.03
2017-02-28,11.96,12.04,12.14,11.79,139019,166482401.00,2.95,1.43,0.17,3.26
2017-03-01,12.01,12.38,12.54,11.85,369026,452702752.00,5.73,2.82,0.34,8.66
2017-03-02,12.29,12.34,12.49,12.15,269343,332084528.00,2.75,-0.32,-0.04,6.32
2017-03-03,12.36,13.58,13.58,12.22,646962,833810560.00,11.02,10.05,1.24,15.17
2017-03-06,13.78,14.94,14.94,13.59,896085,1272281216.00,9.94,10.01,1.36,21.02
2017-03-07,14.97,14.05,14.99,13.87,769227,1098978448.00,7.50,-5.96,-0.89,18.04
2017-03-08,14.13,15.46,15.46,14.02,808981,1221119328.00,10.25,10.04,1.41,18.97
2017-03-09,15.49,16.07,16.98,14.86,1230272,1948860112.00,13.71,3.95,0.61,28.86
2017-03-10,15.59,15.33,16.20,15.22,741887,1159072544.00,6.10,-4.60,-0.74,17.40
2017-03-13,15.01,14.75,15.04,14.49,614521,905431888.00,3.59,-3.78,-0.58,14.41
2017-03-14,14.71,14.57,14.87,14.54,454180,666385920.00,2.24,-1.22,-0.18,10.65
2017-03-15,14.44,13.95,14.44,13.92,504521,710231600.00,3.57,-4.26,-0.62,11.83
2017-03-16,14.04,14.02,14.24,13.89,413502,582689520.00,2.51,0.50,0.07,9.70
2017-03-17,13.98,14.35,14.84,13.81,656835,946723568.00,7.35,2.35,0.33,15.41
2017-03-20,14.34,14.73,14.77,14.05,525090,764723056.00,5.02,2.65,0.38,12.32
2017-03-21,14.55,14.14,14.66,14.08,403403,577229968.00,3.94,-4.01,-0.59,9.46
2017-03-22,13.99,15.56,15.56,13.82,719571,1061685920.00,12.31,10.04,1.42,16.88
2017-03-23,15.96,16.29,17.09,15.69,1217784,1996344896.00,9.00,4.69,0.73,28.56
2017-03-24,16.79,17.92,17.92,16.65,1160255,2029402736.00,7.80,10.01,1.63,27.21
2017-03-29,17.41,17.25,17.61,16.29,944082,1608356432.00,7.37,-3.74,-0.67,22.14
2017-03-30,17.04,15.52,17.97,15.52,1016864,1644152848.00,14.20,-10.03,-1.73,23.85
2017-03-31,14.98,13.97,15.15,13.97,675029,968562672.00,7.60,-9.99,-1.55,15.83
2017-04-05,13.84,14.09,14.38,13.83,433122,613983760.00,3.94,0.86,0.12,10.16
2017-04-06,13.95,14.34,14.80,13.84,517562,745651840.00,6.81,1.77,0.25,12.14
2017-04-07,14.20,14.10,14.47,13.97,345092,489649360.00,3.49,-1.67,-0.24,8.09
2017-04-10,13.89,12.83,14.09,12.69,543005,712521344.00,9.93,-9.01,-1.27,12.74
2017-04-11,12.74,13.61,13.77,12.74,467120,620264272.00,8.03,6.08,0.78,10.96
2017-04-12,13.49,13.00,13.56,12.99,279211,369657920.00,4.19,-4.48,-0.61,6.55
2017-04-13,12.96,14.05,14.29,12.88,608380,841586336.00,10.85,8.08,1.05,14.27
2017-04-14,13.79,14.03,14.10,13.51,381563,525310912.00,4.20,-0.14,-0.02,8.95
2017-04-17,13.85,13.73,13.98,13.27,251692,347009696.00,5.06,-2.14,-0.30,5.90
2017-04-18,13.57,13.62,14.26,13.49,291224,405169664.00,5.61,-0.80,-0.11,6.83
2017-04-19,13.49,13.08,13.49,12.79,271601,355054240.00,5.14,-3.96,-0.54,6.37
2017-04-20,12.95,12.18,13.26,11.77,330059,413511984.00,11.39,-6.88,-0.90,7.74
2017-04-21,12.15,12.46,12.69,11.65,289751,353317312.00,8.54,2.30,0.28,6.80
2017-04-24,12.19,12.11,12.34,11.79,166971,202255038.00,4.41,-2.81,-0.35,3.92
2017-04-25,12.25,12.04,12.35,11.85,170824,207227965.00,4.13,-0.58,-0.07,4.01
2017-04-26,12.04,12.28,12.46,11.86,211790,258935029.00,4.98,1.99,0.24,4.97
2017-04-27,12.09,12.43,12.59,11.89,250048,309096336.00,5.70,1.22,0.15,5.86
2017-04-28,12.30,12.83,13.14,12.25,298683,381939824.00,7.16,3.22,0.40,7.01
2017-05-02,12.64,12.75,12.81,12.52,182571,231169511.00,2.26,-0.62,-0.08,4.28
2017-05-03,12.71,12.85,13.23,12.69,232884,301606160.00,4.24,0.78,0.10,5.46
2017-05-04,12.79,12.45,12.79,12.41,190423,238919972.00,2.96,-3.11,-0.40,4.47
2017-05-05,12.28,11.74,12.35,11.69,218174,261904077.00,5.30,-5.70,-0.71,5.12
2017-05-08,11.79,11.68,11.96,11.60,122009,144016112.00,3.07,-0.51,-0.06,2.86
2017-05-09,11.79,11.90,11.91,11.60,97175,114905936.00,2.65,1.88,0.22,2.28
2017-05-10,11.90,10.72,12.14,10.71,265099,300381776.00,12.02,-9.92,-1.18,6.22
2017-05-11,10.41,10.38,10.58,9.71,254201,258761276.00,8.12,-3.17,-0.34,5.96
2017-05-12,10.27,10.12,10.48,10.09,126711,130128032.00,3.76,-2.50,-0.26,2.97
2017-05-15,10.48,10.14,10.48,10.03,125531,128810060.00,4.45,0.20,0.02,2.94
2017-05-16,10.05,10.29,10.37,9.56,207631,206297220.00,7.99,1.48,0.15,4.87
2017-05-17,10.43,11.32,11.32,10.29,251069,274396880.00,10.01,10.01,1.03,5.89
2017-05-18,11.49,11.79,12.27,11.32,499995,589130624.00,8.39,4.15,0.47,11.73
2017-05-19,11.59,11.35,11.64,11.13,263316,299313504.00,4.33,-3.73,-0.44,6.18
2017-05-22,11.35,11.53,12.16,11.29,304691,359587360.00,7.67,1.59,0.18,7.15
2017-05-23,11.59,10.49,11.69,10.39,269104,295742208.00,11.27,-9.02,-1.04,6.31
2017-05-24,10.03,11.13,11.26,10.03,241076,261748082.00,11.73,6.10,0.64,5.65
2017-05-25,11.16,11.28,11.40,10.81,216744,241238203.00,5.30,1.35,0.15,5.08
2017-05-26,11.30,11.17,11.76,11.09,220098,252372261.00,5.94,-0.98,-0.11,5.16
2017-05-31,11.41,10.95,11.58,10.84,173731,194662706.00,6.62,-1.97,-0.22,4.07
2017-06-01,10.98,10.74,11.24,10.44,170139,184333642.00,7.31,-1.92,-0.21,3.99
2017-06-02,10.64,10.95,11.08,10.49,152659,164940713.00,5.49,1.96,0.21,3.58
2017-06-05,11.02,11.49,11.63,10.80,244552,275706832.00,7.58,4.93,0.54,5.74
2017-06-06,11.30,11.56,11.69,11.29,185062,212445666.00,3.48,0.61,0.07,4.34
2017-06-07,11.42,11.84,12.00,11.41,263959,310384912.00,5.10,2.42,0.28,6.19
2017-06-08,11.89,11.76,11.96,11.55,186428,218698801.00,3.46,-0.68,-0.08,4.37
2017-06-09,11.60,11.56,11.75,11.33,163095,187866216.00,3.57,-1.70,-0.20,3.83
2017-06-12,11.51,12.72,12.72,11.44,487910,597550224.00,11.07,10.03,1.16,11.44
2017-06-13,12.90,12.91,13.31,12.43,637241,822442864.00,6.92,1.49,0.19,14.95
2017-06-14,12.74,13.18,13.64,12.60,573539,756851376.00,8.06,2.09,0.27,13.45
2017-06-15,12.89,13.18,13.22,12.69,364069,471133600.00,4.02,0.00,0.00,8.54
2017-06-16,13.29,12.87,13.42,12.85,246163,320521072.00,4.32,-2.35,-0.31,5.77
2017-06-19,12.73,13.05,13.32,12.65,247624,320561104.00,5.21,1.40,0.18,5.81
2017-06-20,12.90,12.81,13.03,12.70,195783,251500944.00,2.53,-1.84,-0.24,4.59
2017-06-21,12.79,12.85,12.97,12.69,153819,197563804.00,2.19,0.31,0.04,3.61
2017-06-22,12.82,12.12,12.94,12.11,301488,374844512.00,6.46,-5.68,-0.73,7.07
2017-06-23,12.25,12.38,12.56,12.11,195777,242045105.00,3.71,2.15,0.26,4.59
2017-06-26,12.46,12.47,12.64,12.36,143335,178838078.00,2.26,0.73,0.09,3.36
2017-06-27,12.41,12.78,12.87,12.24,261911,329325232.00,5.05,2.49,0.31,6.14
2017-06-28,12.68,12.64,12.99,12.49,200430,254942601.00,3.91,-1.10,-0.14,4.70
2017-06-29,12.65,12.66,12.83,12.53,134285,170337314.00,2.37,0.16,0.02,3.15
2017-06-30,12.54,13.93,13.93,12.51,499723,673039840.00,11.22,10.03,1.27,11.72
2017-07-03,14.00,13.94,14.19,13.65,565319,786537328.00,3.88,0.07,0.01,13.26
2017-07-04,13.93,13.69,13.98,13.42,323615,442373056.00,4.02,-1.79,-0.25,7.59
2017-07-05,13.58,13.70,13.87,13.50,253195,346799456.00,2.70,0.07,0.01,5.94
2017-07-06,13.58,13.64,13.76,13.35,259843,352663392.00,2.99,-0.44,-0.06,6.09
2017-07-07,13.49,13.79,14.32,13.43,549975,770194416.00,6.52,1.10,0.15,12.90
2017-07-10,13.57,13.27,13.66,13.20,311177,416158288.00,3.34,-3.77,-0.52,7.30
2017-11-30,14.60,14.60,14.60,13.34,389442,565618128.00,9.50,10.02,1.33,9.13
2017-12-01,14.61,14.32,14.92,14.03,598328,865192112.00,6.10,-1.92,-0.28,14.03
2017-12-04,14.48,12.89,14.48,12.89,211309,283742960.00,11.10,-9.99,-1.43,4.96
2017-12-05,11.68,11.60,12.09,11.60,403641,474004960.00,3.80,-10.01,-1.29,9.47
2017-12-06,11.30,10.76,11.32,10.44,438461,471569584.00,7.59,-7.24,-0.84,10.28
2017-12-07,10.57,10.88,11.03,10.20,355743,379951872.00,7.71,1.12,0.12,8.34
2017-12-08,10.74,11.41,11.80,10.57,420146,469592592.00,11.31,4.87,0.53,9.85
2017-12-11,11.39,11.21,11.54,11.09,305115,344287936.00,3.94,-1.75,-0.20,7.16
2017-12-12,11.16,10.56,11.17,10.50,259383,281743088.00,5.98,-5.80,-0.65,6.08
2017-12-13,10.65,10.50,10.74,10.23,213414,223185137.00,4.83,-0.57,-0.06,5.01
2017-12-14,10.41,10.75,10.85,10.31,234997,249247318.00,5.14,2.38,0.25,5.51
2017-12-15,10.67,10.31,10.71,10.25,194840,203809580.00,4.28,-4.09,-0.44,4.57
2017-12-18,10.16,9.79,10.28,9.77,185964,186072481.00,4.95,-5.04,-0.52,4.36
2017-12-19,9.89,9.89,10.04,9.72,123388,122268560.00,3.27,1.02,0.10,2.89
2017-12-20,9.91,10.17,10.29,9.80,180947,181657793.00,4.95,2.83,0.28,4.24
2017-12-21,10.07,9.97,10.22,9.90,145245,145978685.00,3.15,-1.97,-0.20,3.41
2017-12-22,9.93,10.08,10.34,9.87,167365,170190812.00,4.71,1.10,0.11,3.93
2017-12-25,10.04,9.75,10.07,9.70,123495,122084948.00,3.67,-3.27,-0.33,2.90
2017-12-26,9.71,9.83,9.86,9.67,92315,90436434.00,1.95,0.82,0.08,2.17
2017-12-27,9.86,9.99,10.45,9.58,226322,226635222.00,8.85,1.63,0.16,5.31
2017-12-28,9.92,10.03,10.28,9.83,159311,160546585.00,4.50,0.40,0.04,3.74
2017-12-29,10.00,10.31,10.47,9.99,237372,244569542.00,4.79,2.79,0.28,5.57