MjAxOC0wMS0wMiwyNS4yOCwyNS42NCwyNS43NSwyNS4yNSwyMjAyNCwxMTI2MDAwODguMDAsMS45NywwLjk0LDAuMjQsMC42Nw==
2018-01-03,25.48,26.28,26.37,25.42,34052,176659745.00,3.71,2.50,0.64,1.04
2018-01-04,26.53,26.09,26.54,26.02,24532,128046534.00,1.98,-0.72,-0.19,0.75
2018-01-05,26.13,26.13,26.28,25.87,21529,111734374.00,1.57,0.15,0.04,0.66
2018-01-08,26.07,26.15,26.23,26.01,23237,121166204.00,0.84,0.08,0.02,0.71
2018-01-09,26.17,26.32,26.52,25.92,39595,207271604.00,2.29,0.65,0.17,1.21
2018-01-10,26.30,25.77,26.30,25.50,28390,146615695.00,3.04,-2.09,-0.55,0.87
2018-01-11,25.71,25.80,25.82,25.43,21020,107672318.00,1.51,0.12,0.03,0.64
2018-01-12,25.71,25.49,25.77,25.44,20445,104471462.00,1.28,-1.20,-0.31,0.62
2018-01-15,25.52,24.68,25.53,24.59,29256,147152961.00,3.69,-3.18,-0.81,0.89
2018-01-16,24.69,24.58,24.85,24.38,20112,99829134.00,1.90,-0.41,-0.10,0.61
2018-01-17,24.78,25.01,25.10,24.48,26873,134099896.00,2.52,1.75,0.43,0.82
2018-01-18,24.98,24.88,25.05,24.83,15415,77088608.00,0.88,-0.52,-0.13,0.47
2018-01-19,27.26,26.02,27.26,25.86,98763,520923392.00,5.63,4.58,1.14,3.01
2018-01-22,25.88,25.42,25.88,25.20,58976,299879136.00,2.61,-2.31,-0.60,1.80
2018-01-23,25.53,25.42,25.63,25.28,35843,182435905.00,1.38,0.00,0.00,1.09
2018-01-24,25.48,25.43,25.54,25.13,34791,176735223.00,1.61,0.04,0.01,1.06
2018-01-25,25.33,25.18,25.71,25.16,48100,244600809.00,2.16,-0.98,-0.25,1.47
2018-01-26,25.18,25.18,25.32,25.04,25429,128552657.00,1.11,0.00,0.00,0.78
2018-01-29,25.30,24.87,25.42,24.79,29454,148052232.00,2.50,-1.23,-0.31,0.90
2018-01-30,24.86,24.95,25.14,24.72,24784,123751474.00,1.69,0.32,0.08,0.76
2018-01-31,24.94,24.50,24.94,24.40,25983,128956882.00,2.16,-1.80,-0.45,0.79
2018-02-01,24.56,23.43,24.66,23.42,34097,165035526.00,5.06,-4.37,-1.07,1.04
2018-02-02,23.44,23.41,23.71,22.94,19305,91338305.00,3.29,-0.09,-0.02,0.59
2018-02-05,23.11,24.13,24.59,22.97,28730,139254594.00,6.92,3.08,0.72,0.88
2018-02-06,23.71,22.98,23.86,22.97,26576,126296408.00,3.69,-4.77,-1.15,0.81
2018-02-07,23.41,23.30,23.65,22.98,28520,135146936.00,2.92,1.39,0.32,0.87
2018-02-08,23.36,23.55,23.93,23.36,20900,99996046.00,2.45,1.07,0.25,0.64
2018-02-09,23.07,22.40,23.07,22.11,30802,141754146.00,4.08,-4.88,-1.15,0.94
2018-02-12,22.59,22.81,23.03,22.58,20155,93667118.00,2.01,1.83,0.41,0.61
2018-02-13,22.99,24.01,24.77,22.98,43403,211170923.00,7.85,5.26,1.20,1.32
2018-02-14,24.14,25.48,25.48,23.89,67955,341651632.00,6.62,6.12,1.47,2.07
2018-02-22,25.48,25.36,25.48,25.01,48529,245692022.00,1.84,-0.47,-0.12,1.48
2018-02-23,25.24,24.78,25.24,24.62,47040,235135886.00,2.44,-2.29,-0.58,1.43
2018-02-26,24.98,25.33,25.48,24.71,50517,254690097.00,3.11,2.22,0.55,1.54
2018-02-27,25.32,24.94,25.33,24.90,36904,185702449.00,1.70,-1.54,-0.39,1.13
2018-02-28,24.71,24.82,25.17,24.61,30300,151299990.00,2.25,-0.48,-0.12,0.92
2018-03-01,24.71,25.04,25.11,24.64,30545,152921694.00,1.89,0.89,0.22,0.93
2018-03-02,24.83,25.13,25.24,24.69,32660,164043436.00,2.20,0.36,0.09,1.00
2018-03-05,25.13,25.83,26.06,25.13,57953,297925744.00,3.70,2.79,0.70,1.77
2018-03-06,25.84,25.76,26.07,25.61,45039,232232608.00,1.78,-0.27,-0.07,1.37
2018-03-07,25.72,25.14,26.03,25.13,52272,267358908.00,3.49,-2.41,-0.62,1.59
2018-03-08,25.19,25.52,25.65,24.92,43525,220735171.00,2.90,1.51,0.38,1.33
2018-03-09,25.63,26.29,26.37,25.48,64149,332458400.00,3.49,3.02,0.77,1.96
2018-03-12,26.42,26.57,26.84,26.13,53234,280517472.00,2.70,1.07,0.28,1.62
2018-03-13,26.38,25.95,26.49,25.95,38486,200776023.00,2.03,-2.33,-0.62,1.17
2018-03-14,25.89,26.62,26.84,25.79,51527,271052944.00,4.05,2.58,0.67,1.57
2018-03-15,26.66,26.46,27.13,26.11,58253,308840544.00,3.83,-0.60,-0.16,1.78
2018-03-16,26.34,25.98,26.51,25.95,35500,185639042.00,2.12,-1.81,-0.48,1.08
2018-03-19,25.90,26.23,26.42,25.71,30494,158871973.00,2.73,0.96,0.25,0.93
2018-03-20,26.01,27.31,27.40,25.87,97419,521248976.00,5.83,4.12,1.08,2.97
2018-03-21,27.20,26.69,27.26,26.67,62614,335219872.00,2.16,-2.27,-0.62,1.91
2018-03-22,26.82,26.53,27.14,26.24,47762,253225876.00,3.37,-0.60,-0.16,1.46
2018-03-23,25.84,24.59,26.21,23.72,75347,381219840.00,9.39,-7.31,-1.94,2.30
2018-03-26,24.09,25.06,25.17,23.94,37312,185272543.00,5.00,1.91,0.47,1.14
2018-03-27,25.33,25.66,25.98,25.32,44269,227277716.00,2.63,2.39,0.60,1.35
2018-03-28,25.40,25.29,26.00,25.20,36716,187262599.00,3.12,-1.44,-0.37,1.12
2018-03-29,25.39,25.52,25.72,25.31,29874,152565260.00,1.62,0.91,0.23,0.91
2018-03-30,25.66,25.94,26.05,25.52,37743,194957915.00,2.08,1.65,0.42,1.15
2018-04-02,26.28,26.23,26.95,26.21,53861,284224320.00,2.85,1.12,0.29,1.64
2018-04-03,25.83,25.46,25.83,25.28,40845,208823600.00,2.10,-2.94,-0.77,1.25
2018-04-04,25.84,25.85,26.62,25.78,56889,296382656.00,3.30,1.53,0.39,1.74
2018-04-09,25.76,25.56,26.03,25.23,37940,193804282.00,3.09,-1.12,-0.29,1.16
2018-04-10,25.48,25.46,25.69,25.07,41896,212317232.00,2.43,-0.39,-0.10,1.28
2018-04-11,25.48,25.54,25.63,25.27,34659,176693688.00,1.41,0.31,0.08,1.06
2018-04-12,25.42,25.09,25.45,25.07,32874,166612833.00,1.49,-1.76,-0.45,1.00
2018-04-13,25.13,24.69,25.42,24.68,40340,202418132.00,2.95,-1.59,-0.40,1.23
2018-04-16,24.65,24.19,24.84,24.06,32146,157952007.00,3.16,-2.03,-0.50,0.98
2018-04-17,24.20,23.66,24.37,23.65,30118,146244933.00,2.98,-2.19,-0.53,0.92
2018-04-18,23.82,23.98,24.07,23.18,28987,138697669.00,3.76,1.35,0.32,0.88
2018-04-19,23.94,24.11,24.17,23.82,21039,102195786.00,1.46,0.54,0.13,0.64
2018-04-20,24.06,23.49,24.11,23.41,20772,99726343.00,2.90,-2.57,-0.62,0.63
2018-04-23,23.45,23.20,23.64,22.98,19932,94056136.00,2.81,-1.23,-0.29,0.61
2018-04-24,23.30,23.97,24.05,23.24,23623,113559947.00,3.49,3.32,0.77,0.72
2018-04-25,23.77,24.08,24.17,23.76,20168,97842318.00,1.71,0.46,0.11,0.62
2018-04-26,24.04,23.40,24.23,23.40,19860,95359688.00,3.45,-2.82,-0.68,0.61
2018-04-27,23.50,24.82,24.88,23.46,49226,241290552.00,6.07,6.07,1.42,1.50
2018-05-02,24.35,24.44,24.68,24.13,35670,175185434.00,2.22,-1.53,-0.38,1.09
2018-05-03,24.40,24.10,24.43,23.48,32641,157788659.00,3.89,-1.39,-0.34,1.00
2018-05-04,23.88,24.15,24.35,23.76,26405,128547773.00,2.45,0.21,0.05,0.81
2018-05-07,24.23,24.63,24.72,24.23,29305,144923789.00,2.03,1.99,0.48,0.89
2018-05-08,24.63,25.00,25.36,24.49,45517,228628003.00,3.53,1.50,0.37,1.39
2018-05-09,25.00,25.10,25.46,24.91,32387,163482118.00,2.20,0.40,0.10,0.99
2018-05-10,25.19,25.19,25.21,24.83,31342,157381854.00,1.51,0.36,0.09,0.96
2018-05-11,25.47,24.85,25.47,24.75,30746,154509508.00,2.86,-1.35,-0.34,0.94
2018-05-14,24.68,24.76,24.81,24.30,26979,133296268.00,2.05,-0.36,-0.09,0.82
2018-05-15,25.47,25.26,25.75,25.08,62283,316321456.00,2.71,2.02,0.50,1.90
2018-05-16,25.13,27.88,28.25,25.07,323199,1761760320.00,12.59,10.37,2.62,9.86
2018-05-17,27.54,27.29,27.71,26.84,162592,877487168.00,3.12,-2.12,-0.59,4.96
2018-05-18,27.26,26.96,27.37,26.58,116418,622362752.00,2.89,-1.21,-0.33,3.55
2018-05-21,27.05,27.13,27.23,26.84,102718,550393232.00,1.45,0.63,0.17,3.13
2018-05-22,27.08,26.75,27.08,26.37,89912,477094192.00,2.62,-1.40,-0.38,2.74
2018-05-23,26.55,26.90,27.76,26.50,150630,813951264.00,4.71,0.56,0.15,4.59
2018-05-24,26.79,26.91,27.40,26.71,84251,452559168.00,2.57,0.04,0.01,2.57
2018-05-25,26.79,27.80,28.16,26.79,158559,867689312.00,5.09,3.31,0.89,4.84
2018-05-28,27.76,28.69,28.81,27.76,156115,874550960.00,3.78,3.20,0.89,4.76
2018-05-29,28.50,26.65,28.79,26.59,160738,885355376.00,7.67,-7.11,-2.04,4.90
2018-05-30,26.07,25.44,26.21,25.20,119336,615170848.00,3.79,-4.54,-1.21,3.64
2018-05-31,25.82,26.69,26.81,25.82,107123,561752864.00,3.89,4.91,1.25,3.27
2018-06-01,26.54,26.13,27.02,25.73,90002,472317424.00,4.83,-2.10,-0.56,2.75
2018-06-04,26.52,25.84,26.63,25.77,56860,295477792.00,3.29,-1.11,-0.29,1.73
2018-06-05,26.01,26.55,26.60,25.92,65794,344864032.00,2.63,2.75,0.71,2.01
2018-06-06,26.48,26.34,26.53,26.10,47551,249126369.00,1.62,-0.79,-0.21,1.45
2018-06-07,26.43,26.24,26.65,26.16,49282,258931260.00,1.86,-0.38,-0.10,1.50
2018-06-08,26.02,25.63,26.13,25.48,67824,348971984.00,2.48,-2.32,-0.61,2.07
2018-06-11,25.42,24.65,25.42,24.59,65616,328362784.00,3.24,-3.82,-0.98,2.00
2018-06-12,24.70,24.97,25.05,24.37,39097,194797599.00,2.76,1.30,0.32,1.19
2018-06-13,24.93,24.20,24.97,24.11,44605,220018911.00,3.44,-3.08,-0.77,1.36
2018-06-14,24.04,24.23,24.47,23.91,26538,129635480.00,2.31,0.12,0.03,0.81
2018-06-15,24.23,23.76,24.45,23.53,35035,169480472.00,3.80,-1.94,-0.47,1.07
2018-06-19,23.30,21.35,23.56,20.92,70428,320692240.00,11.11,-10.14,-2.41,2.15
2018-06-20,21.36,21.57,21.93,21.35,50609,225313424.00,2.72,1.03,0.22,1.54
2018-06-21,21.62,20.73,21.92,20.64,50728,222510898.00,5.93,-3.89,-0.84,1.55
2018-06-22,20.52,21.19,21.21,20.29,32883,142030928.00,4.44,2.22,0.46,1.00
2018-06-25,21.40,20.94,21.50,20.90,28954,126809583.00,2.83,-1.18,-0.25,0.88
2018-06-26,20.63,21.00,21.10,20.48,35466,153072865.00,2.96,0.29,0.06,1.08
2018-06-27,21.04,20.67,21.21,20.53,37652,162865359.00,3.24,-1.57,-0.33,1.15
2018-06-28,20.69,20.08,20.85,19.98,38778,165279973.00,4.21,-2.85,-0.59,1.18
2018-06-29,20.10,20.62,20.66,20.04,54361,230272590.00,3.09,2.69,0.54,1.66
2018-07-02,20.56,20.17,20.83,20.01,42709,181579615.00,3.98,-2.18,-0.45,1.30
2018-07-03,20.32,21.01,21.03,20.13,50090,213938985.00,4.46,4.16,0.84,1.53
2018-07-04,20.86,20.46,20.86,20.37,36686,156529775.00,2.33,-2.62,-0.55,1.12
2018-07-05,20.42,20.04,20.50,20.00,28817,121219846.00,2.44,-2.05,-0.42,0.88
2018-07-06,20.04,20.21,20.50,19.39,36675,153555170.00,5.54,0.85,0.17,1.12
2018-07-09,20.21,20.75,20.82,20.16,33965,145471882.00,3.27,2.67,0.54,1.04
2018-07-10,20.82,20.99,21.00,20.58,33584,144659157.00,2.02,1.16,0.24,1.02
2018-07-11,20.63,20.37,20.63,20.09,35704,151236218.00,2.57,-2.95,-0.62,1.09
2018-07-12,20.33,20.98,21.05,20.26,43362,187184729.00,3.88,2.99,0.61,1.32
2018-07-13,21.13,21.60,22.19,21.08,57503,256887355.00,5.29,2.96,0.62,1.75
2018-07-16,21.52,21.73,21.92,21.43,33496,149575884.00,2.27,0.60,0.13,1.02
2018-07-17,21.68,21.55,21.77,21.16,30735,135371925.00,2.81,-0.83,-0.18,0.94
2018-07-18,21.55,21.33,21.74,21.33,23378,103721982.00,1.90,-1.02,-0.22,0.71
2018-07-19,21.27,21.20,21.50,21.10,18468,81020208.00,1.88,-0.61,-0.13,0.56
2018-07-20,21.01,21.45,21.53,20.82,25695,112479469.00,3.35,1.18,0.25,0.78
2018-07-23,20.75,20.30,20.78,19.98,74819,315573856.00,3.73,-5.36,-1.15,2.28
2018-07-24,20.10,20.69,20.71,20.05,51885,220400162.00,3.25,1.92,0.39,1.58
2018-07-25,20.63,20.61,20.79,20.51,33833,144825846.00,1.35,-0.39,-0.08,1.03
2018-07-26,20.64,20.74,20.97,20.62,30377,130695330.00,1.70,0.63,0.13,0.93
2018-07-27,20.63,20.56,20.74,20.46,18257,78091592.00,1.35,-0.87,-0.18,0.56
2018-07-30,20.50,20.16,20.66,20.04,32704,137564720.00,3.02,-1.95,-0.40,1.00
2018-07-31,20.08,20.19,20.26,19.92,15698,65934973.00,1.69,0.15,0.03,0.48
2018-08-01,20.17,19.66,20.27,19.65,26311,109655371.00,3.07,-2.63,-0.53,0.80
2018-08-02,19.56,18.77,19.56,18.32,45780,182103409.00,6.31,-4.53,-0.89,1.40
2018-08-03,18.76,18.41,18.85,18.39,18530,73082971.00,2.45,-1.92,-0.36,0.57
2018-08-06,18.33,17.62,18.33,17.49,37268,142170544.00,4.56,-4.29,-0.79,1.14
2018-08-07,17.66,18.05,18.05,17.52,27035,102931969.00,3.01,2.44,0.43,0.82
2018-08-08,17.97,17.61,18.03,17.61,23320,88673896.00,2.33,-2.44,-0.44,0.71
2018-08-09,17.44,18.08,18.23,17.32,33557,128681035.00,5.17,2.67,0.47,1.02
2018-08-10,18.65,19.27,19.70,18.39,62641,253050580.00,7.25,6.58,1.19,1.91
2018-08-13,18.91,19.41,19.45,18.80,33866,136630601.00,3.37,0.73,0.14,1.03
2018-08-14,19.49,19.26,19.49,19.19,21556,87437158.00,1.55,-0.77,-0.15,0.66
2018-08-15,19.37,18.94,19.45,18.85,30186,121700223.00,3.12,-1.66,-0.32,0.92
2018-08-16,18.38,18.68,18.96,18.32,38554,152340840.00,3.38,-1.37,-0.26,1.18
2018-08-17,18.60,17.71,18.77,17.70,35199,100876257.00,5.73,-5.19,-0.97,0.83
2018-08-20,17.67,17.30,17.87,16.89,48314,131470143.00,5.53,-2.32,-0.41,1.13
2018-08-21,17.30,17.52,17.71,17.24,30973,85595563.00,2.72,1.27,0.22,0.73
2018-08-22,17.63,17.22,17.63,17.02,26944,73857594.00,3.48,-1.71,-0.30,0.63
2018-08-23,17.10,17.38,17.51,17.10,22806,62576305.00,2.38,0.93,0.16,0.54
2018-08-24,17.37,17.20,17.37,17.05,25303,68931387.00,1.84,-1.04,-0.18,0.59
2018-08-27,17.17,17.63,17.70,17.17,33485,92578204.00,3.08,2.50,0.43,0.79
2018-08-28,17.74,17.70,18.00,17.51,51611,143973993.00,2.78,0.40,0.07,1.21
2018-08-29,17.67,17.42,17.68,17.34,39183,107817316.00,1.92,-1.58,-0.28,0.92
2018-08-30,17.34,17.24,17.51,17.24,23165,63427954.00,1.55,-1.03,-0.18,0.54
2018-08-31,17.24,17.02,17.30,16.99,26631,72186808.00,1.80,-1.28,-0.22,0.62
2018-09-03,16.90,17.20,17.27,16.90,21815,59019608.00,2.17,1.06,0.18,0.51
2018-09-04,17.17,17.41,17.46,17.13,26810,73520671.00,1.92,1.22,0.21,0.63
2018-09-05,17.40,17.06,17.40,17.05,28569,77699231.00,2.01,-2.01,-0.35,0.67
2018-09-06,17.03,16.89,17.24,16.86,27598,74478470.00,2.23,-1.00,-0.17,0.65
2018-09-07,16.94,17.02,17.22,16.90,21790,58978555.00,1.89,0.77,0.13,0.51
2018-09-10,17.00,16.72,17.16,16.71,21283,57044360.00,2.64,-1.76,-0.30,0.50
2018-09-11,16.77,17.17,17.31,16.76,35937,97393245.00,3.29,2.69,0.45,0.84
2018-09-12,17.03,16.99,17.24,16.94,25512,68937243.00,1.75,-1.05,-0.18,0.60
2018-09-13,17.12,17.13,17.15,16.77,32121,86579997.00,2.24,0.82,0.14,0.75
2018-09-14,17.16,17.09,17.21,17.00,26991,73180418.00,1.23,-0.23,-0.04,0.63
2018-09-17,17.07,16.51,17.07,16.51,31767,84456432.00,3.28,-3.39,-0.58,0.75
2018-09-18,16.34,16.74,16.77,16.26,31240,82228414.00,3.09,1.39,0.23,0.73
2018-09-19,16.73,16.91,17.05,16.65,35967,96443762.00,2.39,1.02,0.17,0.84
2018-09-20,16.88,16.86,17.00,16.82,25292,67801233.00,1.06,-0.30,-0.05,0.59
2018-09-21,16.96,17.20,17.26,16.80,41047,110954027.00,2.73,2.02,0.34,0.96
2018-09-25,17.10,16.84,17.13,16.77,39626,106371992.00,2.09,-2.09,-0.36,0.93
2018-09-26,16.87,17.26,17.31,16.78,52437,141995184.00,3.15,2.49,0.42,1.23
2018-09-27,18.90,18.27,19.13,18.22,175556,510538992.00,5.27,5.85,1.01,4.12
2018-09-28,18.23,18.64,18.85,18.23,89213,258983128.00,3.39,2.03,0.37,2.09
2018-10-08,18.21,17.71,18.21,17.71,69357,195491894.00,2.68,-4.99,-0.93,1.63
2018-10-09,17.80,17.81,17.92,17.47,45084,125983617.00,2.54,0.56,0.10,1.06
2018-10-10,17.81,17.84,18.03,17.65,32855,92244648.00,2.13,0.17,0.03,0.77
2018-10-11,17.20,16.04,17.25,15.85,89851,237704690.00,7.85,-10.09,-1.80,2.11
2018-10-12,16.06,15.99,16.23,15.07,61495,155843198.00,7.23,-0.31,-0.05,1.44
2018-10-15,16.07,15.43,16.10,15.38,43308,109497329.00,4.50,-3.50,-0.56,1.02
2018-10-16,15.60,15.33,15.79,15.17,31059,77761522.00,4.02,-0.65,-0.10,0.73
2018-10-17,15.54,15.68,15.78,15.30,37960,95459382.00,3.13,2.28,0.35,0.89
2018-10-18,15.61,15.04,15.61,14.97,35328,87381971.00,4.08,-4.08,-0.64,0.83
2018-10-19,14.87,15.82,15.82,14.84,49173,122591474.00,6.52,5.19,0.78,1.15
2018-10-22,15.96,16.65,16.94,15.96,72464,190710807.00,6.19,5.25,0.83,1.70
2018-10-23,16.73,16.55,17.18,16.45,68718,183790231.00,4.38,-0.60,-0.10,1.61
2018-10-24,16.50,16.70,16.91,16.34,38288,101369147.00,3.44,0.91,0.15,0.90
2018-10-25,16.25,17.00,17.00,16.01,46190,120895709.00,5.93,1.80,0.30,1.08
2018-10-26,17.17,16.80,17.20,16.58,50343,134880260.00,3.65,-1.18,-0.20,1.18
2018-10-29,16.87,16.67,16.97,16.50,33255,88835404.00,2.80,-0.77,-0.13,0.78
2018-10-30,16.67,16.84,17.08,16.55,45160,121038900.00,3.18,1.02,0.17,1.06
2018-10-31,16.94,17.23,17.45,16.86,50264,136911144.00,3.50,2.32,0.39,1.18
2018-11-01,17.41,17.13,17.60,17.11,57360,157095205.00,2.84,-0.58,-0.10,1.35
2018-11-02,17.34,17.67,17.69,17.30,68012,187870847.00,2.28,3.15,0.54,1.60
2018-11-05,17.65,17.69,17.97,17.44,64191,178742797.00,3.00,0.11,0.02,1.51
2018-11-06,17.74,17.56,17.74,17.38,38665,106959449.00,2.04,-0.73,-0.13,0.91
2018-11-07,17.55,17.37,17.77,17.32,48742,134992919.00,2.56,-1.08,-0.19,1.14
2018-11-08,17.54,17.23,17.60,17.20,32921,90653518.00,2.30,-0.81,-0.14,0.77
2018-11-09,17.24,17.05,17.38,17.03,39481,107498741.00,2.03,-1.04,-0.18,0.93
2018-11-12,17.04,17.65,17.66,17.04,46848,129278633.00,3.64,3.52,0.60,1.10
2018-11-13,17.43,17.90,17.92,17.43,67334,187771852.00,2.78,1.42,0.25,1.58
2018-11-14,17.86,17.65,17.94,17.61,47991,134365058.00,1.84,-1.40,-0.25,1.13
2018-11-15,17.69,18.10,18.16,17.61,61165,172367887.00,3.12,2.55,0.45,1.44
2018-11-16,18.10,18.14,18.39,18.04,73461,209572244.00,1.93,0.22,0.04,1.72
2018-11-19,18.07,18.11,18.18,17.78,50188,141623048.00,2.21,-0.17,-0.03,1.18
2018-11-20,17.95,17.72,17.97,17.70,48555,136151395.00,1.49,-2.15,-0.39,1.14
2018-11-21,17.57,17.74,17.77,17.34,40061,110907570.00,2.43,0.11,0.02,0.94
2018-11-22,17.74,17.84,18.07,17.61,47089,132241107.00,2.59,0.56,0.10,1.10
2018-11-23,17.80,17.21,17.85,16.85,60150,164125808.00,5.61,-3.53,-0.63,1.41
2018-11-26,17.15,17.19,17.33,16.95,29322,79491036.00,2.21,-0.12,-0.02,0.69
2018-11-27,17.24,17.07,17.30,16.94,26858,72871263.00,2.09,-0.70,-0.12,0.63
2018-11-28,17.03,17.16,17.27,16.64,39323,105976584.00,3.69,0.53,0.09,0.92
2018-11-29,17.40,16.94,17.64,16.93,63907,174722821.00,4.14,-1.28,-0.22,1.50
2018-11-30,16.80,16.79,16.94,16.34,61644,163312702.00,3.54,-0.89,-0.15,1.45
2018-12-03,17.21,17.74,17.77,17.21,81555,225408205.00,3.34,5.66,0.95,1.91
2018-12-04,17.76,18.20,18.31,17.66,99786,283788320.00,3.66,2.59,0.46,2.34
2018-12-05,17.84,18.33,18.55,17.80,98467,282286000.00,4.12,0.71,0.13,2.31
2018-12-06,18.24,17.96,18.61,17.90,84785,241912279.00,3.87,-2.02,-0.37,1.99
2018-12-07,18.08,17.32,18.17,17.17,89457,246843888.00,5.57,-3.56,-0.64,2.10
2018-12-10,17.07,16.78,17.12,16.77,50838,136443565.00,2.02,-3.12,-0.54,1.19
2018-12-11,16.83,16.83,16.99,16.67,38545,102916857.00,1.91,0.30,0.05,0.90
2018-12-12,16.90,16.60,16.92,16.51,45910,122122500.00,2.44,-1.37,-0.23,1.08
2018-12-13,16.60,16.74,16.88,16.47,42558,113290663.00,2.47,0.84,0.14,1.00
2018-12-14,16.74,16.27,16.77,16.27,51764,136008116.00,2.99,-2.81,-0.47,1.21
2018-12-17,16.18,16.43,16.50,15.73,64178,165388339.00,4.73,0.98,0.16,1.51
2018-12-18,16.19,16.17,16.29,16.04,37475,96958292.00,1.52,-1.58,-0.26,0.88
2018-12-19,16.19,15.78,16.27,15.72,34972,89596483.00,3.40,-2.41,-0.39,0.82
2018-12-20,15.73,15.90,15.96,15.72,36908,94082858.00,1.52,0.76,0.12,0.87
2018-12-21,15.81,15.70,15.94,15.58,31993,80831121.00,2.26,-1.26,-0.20,0.75
2018-12-24,15.78,15.84,15.94,15.70,36003,91600938.00,1.53,0.89,0.14,0.84
2018-12-25,15.67,15.81,15.94,15.18,57798,144705378.00,4.80,-0.19,-0.03,1.36
2018-12-26,15.62,15.87,16.00,15.60,26741,68127011.00,2.53,0.38,0.06,0.63
2018-12-27,16.18,15.69,16.22,15.69,33070,84507816.00,3.34,-1.13,-0.18,0.78
2018-12-28,15.68,15.70,15.80,15.59,33968,85887108.00,1.34,0.06,0.01,0.80