2001-01-02,7.17,7.46,7.60,7.03,60329,116053000.00,7.96,4.19,0.30,0.00
2001-01-03,7.46,7.64,7.79,7.40,46705,93251000.00,5.23,2.41,0.18,0.00
2001-01-04,7.68,7.45,7.75,7.45,28468,56958000.00,3.93,-2.49,-0.19,0.00
2001-01-05,7.56,7.78,7.88,7.56,22665,46098000.00,4.30,4.43,0.33,0.00
2001-01-08,7.80,7.70,7.85,7.63,18330,37078000.00,2.83,-1.03,-0.08,0.00
2001-01-09,7.64,7.56,7.83,7.52,14904,29831000.00,4.03,-1.82,-0.14,0.00
2001-01-10,7.56,7.65,7.80,7.49,23242,46188000.00,4.10,1.19,0.09,0.00
2001-01-11,7.64,7.51,7.70,7.48,16398,32375000.00,2.88,-1.83,-0.14,0.00
2001-01-12,7.52,7.38,7.58,7.37,15356,29992000.00,2.80,-1.73,-0.13,0.00
2001-01-15,7.34,7.21,7.34,7.19,14150,26810000.00,2.03,-2.30,-0.17,0.00
2001-01-16,7.01,7.34,7.38,7.01,9058,17215000.00,5.13,1.80,0.13,0.00
2001-01-17,7.29,7.40,7.61,7.29,16581,32468000.00,4.36,0.82,0.06,0.00
2001-01-18,7.52,7.48,7.60,7.44,8284,16390000.00,2.16,1.08,0.08,0.00
2001-01-19,7.52,7.60,7.67,7.48,6802,13540000.00,2.54,1.60,0.12,0.00
2001-02-05,7.68,7.40,7.71,7.25,7306,14405000.00,6.05,-2.63,-0.20,0.00
2001-02-06,7.38,7.29,7.51,7.21,18772,36089000.00,4.05,-1.49,-0.11,0.00
2001-02-07,7.36,7.42,7.51,7.31,4446,8638000.00,2.74,1.78,0.13,0.00
2001-02-08,7.41,7.25,7.42,7.21,3236,6194000.00,2.83,-2.29,-0.17,0.00
2001-02-09,7.25,7.42,7.44,7.25,7980,15374000.00,2.62,2.34,0.17,0.00
2001-02-12,7.42,7.44,7.47,7.29,2332,4520000.00,2.43,0.27,0.02,0.00
2001-02-13,7.47,7.40,7.50,7.33,1991,3881000.00,2.28,-0.54,-0.04,0.00
2001-02-14,7.37,7.46,7.47,7.27,3430,6622000.00,2.70,0.81,0.06,0.00
2001-02-15,7.48,7.33,7.48,7.31,1727,3337000.00,2.28,-1.74,-0.13,0.00
2001-02-16,7.34,7.45,7.48,7.25,2799,5354000.00,3.14,1.64,0.12,0.00
2001-02-19,7.48,7.56,7.63,7.36,4785,9461000.00,3.62,1.48,0.11,0.00
2001-02-20,7.58,7.45,7.60,7.43,4369,8565000.00,2.25,-1.46,-0.11,0.00
2001-02-21,7.51,7.56,7.60,7.37,3578,6980000.00,3.09,1.48,0.11,0.00
2001-02-22,7.53,7.59,7.66,7.44,6751,13419000.00,2.91,0.40,0.03,0.00
2001-02-23,7.62,7.59,7.68,7.57,8688,17361000.00,1.45,0.00,0.00,0.00
2001-02-26,7.68,7.99,8.04,7.65,24784,51402000.00,5.14,5.27,0.40,0.00
2001-02-27,7.93,8.00,8.03,7.88,6658,13829000.00,1.88,0.13,0.01,0.00
2001-02-28,8.00,7.93,8.23,7.92,13487,28441000.00,3.88,-0.88,-0.07,0.00
2001-03-01,7.95,8.11,8.19,7.84,13598,28269000.00,4.41,2.27,0.18,0.00
2001-03-02,8.15,8.13,8.18,8.04,6003,12725000.00,1.73,0.25,0.02,0.00
2001-03-05,7.98,8.01,8.15,7.98,6497,13716000.00,2.09,-1.48,-0.12,0.00
2001-03-06,7.88,7.98,8.03,7.88,5148,10691000.00,1.87,-0.37,-0.03,0.00
2001-03-07,8.00,7.96,8.18,7.92,4587,9656000.00,3.26,-0.25,-0.02,0.00
2001-03-08,7.93,7.95,8.02,7.93,3770,7848000.00,1.13,-0.13,-0.01,0.00
2001-03-09,7.92,7.95,8.03,7.89,6807,14143000.00,1.76,0.00,0.00,0.00
2001-03-13,7.84,7.58,7.94,7.58,19011,38419000.00,4.53,-4.65,-0.37,0.00
2001-03-14,7.56,7.74,7.87,7.53,9126,18547000.00,4.49,2.11,0.16,0.00
2001-03-15,7.68,7.80,7.84,7.68,5980,12152000.00,2.07,0.78,0.06,0.00
2001-03-16,7.78,7.75,7.86,7.75,3508,7148000.00,1.41,-0.64,-0.05,0.00
2001-03-19,7.74,7.75,7.78,7.60,10080,20314000.00,2.32,0.00,0.00,0.00
2001-03-20,7.76,8.05,8.05,7.68,9558,19655000.00,4.77,3.87,0.30,0.00
2001-03-21,8.04,8.10,8.14,8.00,5446,11491000.00,1.74,0.62,0.05,0.00
2001-03-22,8.10,8.06,8.17,7.96,5781,12184000.00,2.59,-0.49,-0.04,0.00
2001-03-23,8.07,7.92,8.11,7.91,5077,10587000.00,2.48,-1.74,-0.14,0.00
2001-03-26,7.90,8.09,8.15,7.90,6218,13054000.00,3.16,2.15,0.17,0.00
2001-03-27,8.08,8.19,8.28,7.96,7462,15886000.00,3.96,1.24,0.10,0.00
2001-03-28,8.18,8.35,8.43,8.15,11692,25477000.00,3.42,1.95,0.16,0.00
2001-03-29,8.35,8.51,8.58,8.31,15035,33400000.00,3.23,1.92,0.16,0.00
2001-03-30,8.47,8.60,8.62,8.47,11478,25668000.00,1.76,1.06,0.09,0.00
2001-04-02,8.63,8.52,8.69,8.51,15724,35230000.00,2.09,-0.93,-0.08,0.00
2001-04-03,8.55,8.55,8.59,8.40,7423,16469000.00,2.23,0.35,0.03,0.00
2001-04-04,8.55,8.74,8.87,8.44,15398,35020000.00,5.03,2.22,0.19,0.00
2001-04-05,8.75,8.85,8.94,8.64,13025,30011000.00,3.43,1.26,0.11,0.00
2001-04-06,8.87,8.78,8.98,8.74,6385,14708000.00,2.71,-0.79,-0.07,0.00
2001-04-09,8.83,8.81,8.87,8.65,6040,13740000.00,2.51,0.34,0.03,0.00
2001-04-10,8.87,8.79,8.87,8.71,4711,10773000.00,1.82,-0.23,-0.02,0.00
2001-04-11,8.83,8.73,8.98,8.67,6015,13797000.00,3.53,-0.68,-0.06,0.00
2001-04-12,8.75,8.77,8.83,8.69,5399,12310000.00,1.60,0.46,0.04,0.00
2001-04-13,8.77,8.79,8.79,8.69,6354,14469000.00,1.14,0.23,0.02,0.00
2001-04-16,8.77,9.01,9.02,8.73,10951,25504000.00,3.30,2.50,0.22,0.00
2001-04-17,9.02,8.72,9.02,8.72,12951,29754000.00,3.33,-3.22,-0.29,0.00
2001-04-18,8.75,8.81,8.90,8.58,15196,34580000.00,3.67,1.03,0.09,0.00
2001-04-19,8.81,8.74,8.81,8.62,6178,13971000.00,2.16,-0.79,-0.07,0.00
2001-04-20,8.73,8.67,8.83,8.67,5630,12801000.00,1.83,-0.80,-0.07,0.00
2001-04-23,8.58,8.38,8.63,8.27,12391,27211000.00,4.15,-3.34,-0.29,0.00
2001-04-24,8.38,8.59,8.63,8.04,7497,16520000.00,7.04,2.51,0.21,0.00
2001-04-25,8.57,8.41,8.67,8.26,7363,16069000.00,4.77,-2.10,-0.18,0.00
2001-04-26,8.33,8.40,8.43,8.23,3412,7424000.00,2.38,-0.12,-0.01,0.00
2001-04-27,8.35,8.27,8.38,8.26,3792,8213000.00,1.43,-1.55,-0.13,0.00
2001-04-30,8.28,8.29,8.35,8.19,3372,7257000.00,1.93,0.24,0.02,0.00
2001-05-08,8.29,8.43,8.49,8.26,2172,4747021.00,2.77,1.69,0.14,0.00
2001-05-09,8.39,8.43,8.51,8.33,3906,8592000.00,2.14,0.00,0.00,0.00
2001-05-10,8.43,8.33,8.43,8.23,1987,4334000.00,2.37,-1.19,-0.10,0.00
2001-05-11,8.33,8.50,8.52,8.33,2294,5058000.00,2.28,2.04,0.17,0.00
2001-05-14,8.63,8.63,8.63,8.43,2810,6282000.00,2.35,1.53,0.13,0.00
2001-05-15,8.71,8.74,8.81,8.63,8557,19450000.00,2.09,1.27,0.11,0.00
2001-05-16,8.75,9.02,9.12,8.75,14291,33459000.00,4.23,3.20,0.28,0.00
2001-05-17,9.06,9.06,9.09,8.90,6170,14486000.00,2.11,0.44,0.04,0.00
2001-05-18,9.06,9.10,9.14,8.90,8760,20638000.00,2.65,0.44,0.04,0.00
2001-05-21,9.12,9.26,9.32,9.00,22118,53099000.00,3.52,1.76,0.16,0.00
2001-05-22,9.26,9.06,9.26,9.02,8960,21300000.00,2.59,-2.16,-0.20,0.00
2001-05-23,9.10,8.94,9.12,8.74,6125,14146000.00,4.19,-1.32,-0.12,0.00
2001-05-24,8.94,8.87,9.02,8.79,6099,14121000.00,2.57,-0.78,-0.07,0.00
2001-05-25,8.87,8.83,9.01,8.77,3327,7676000.00,2.71,-0.45,-0.04,0.00
2001-05-28,8.81,8.99,9.20,8.75,11239,26335000.00,5.10,1.81,0.16,0.00
2001-05-30,8.98,9.00,9.09,8.87,4836,11302000.00,2.45,0.11,0.01,0.00
2001-05-31,9.05,8.90,9.08,8.77,7486,17274000.00,3.44,-1.11,-0.10,0.00
2001-06-01,8.83,8.83,9.05,8.78,10977,25247000.00,3.03,-0.79,-0.07,0.00
2001-06-04,8.85,8.89,9.02,8.78,5876,13527000.00,2.72,0.68,0.06,0.00
2001-06-05,8.90,9.12,9.18,8.83,18336,43207000.00,3.94,2.59,0.23,0.00
2001-06-06,9.25,9.20,9.36,9.02,18621,44411000.00,3.73,0.88,0.08,0.00
2001-06-07,9.22,9.20,9.28,8.92,11208,26605000.00,3.91,0.00,0.00,0.00
2001-06-08,9.10,9.06,9.14,8.90,7254,16997000.00,2.61,-1.52,-0.14,0.00
2001-06-11,9.16,9.07,9.20,8.94,6871,16281000.00,2.87,0.11,0.01,0.00
2001-06-12,9.09,8.98,9.14,8.96,3659,8577000.00,1.98,-0.99,-0.09,0.00
2001-06-13,9.02,9.11,9.13,8.98,8256,19451000.00,1.67,1.45,0.13,0.00
2001-06-14,9.20,8.75,9.21,8.75,11953,27860000.00,5.05,-3.95,-0.36,0.00
2001-06-15,8.75,8.78,8.83,8.60,12711,28836000.00,2.63,0.34,0.03,0.00
2001-06-18,8.79,8.79,8.81,8.47,10120,22733000.00,3.87,0.11,0.01,0.00
2001-06-19,8.57,8.74,8.74,8.57,3182,7190000.00,1.93,-0.57,-0.05,0.00
2001-06-20,8.63,8.71,8.83,8.58,2037,4617000.00,2.86,-0.34,-0.03,0.00
2001-06-21,8.71,8.83,8.87,8.67,1998,4579000.00,2.30,1.38,0.12,0.00
2001-06-22,8.82,8.79,8.86,8.75,4479,10288000.00,1.25,-0.45,-0.04,0.00
2001-06-25,8.80,8.89,8.90,8.80,7853,18109000.00,1.14,1.14,0.10,0.00
2001-06-26,8.88,8.75,8.94,8.72,5325,12194000.00,2.47,-1.57,-0.14,0.00
2001-06-27,8.79,8.67,8.79,8.54,9351,21002000.00,2.86,-0.91,-0.08,0.00
2001-06-28,8.74,8.55,8.74,8.51,3980,8888000.00,2.65,-1.38,-0.12,0.00
2001-06-29,8.62,8.59,8.63,8.52,3060,6839000.00,1.29,0.47,0.04,0.00
2001-07-02,8.55,8.41,8.58,8.37,4722,10368000.00,2.44,-2.10,-0.18,0.00
2001-07-03,8.41,8.33,8.43,8.19,7440,16029000.00,2.85,-0.95,-0.08,0.00
2001-07-04,8.40,8.25,8.40,8.20,4382,9455000.00,2.40,-0.96,-0.08,0.00
2001-07-05,8.24,8.28,8.35,8.21,2497,5382000.00,1.70,0.36,0.03,0.00
2001-07-06,8.29,8.28,8.39,8.26,1698,3678000.00,1.57,0.00,0.00,0.00
2001-07-09,8.30,8.23,8.34,8.23,1564,3369000.00,1.33,-0.60,-0.05,0.00
2001-07-10,8.26,8.47,8.47,8.25,2417,5204000.00,2.67,2.92,0.24,0.00
2001-07-11,8.46,8.24,8.46,8.24,3991,8581000.00,2.60,-2.72,-0.23,0.00
2001-07-12,8.23,8.25,8.27,8.08,1563,3344000.00,2.31,0.12,0.01,0.00
2001-07-13,8.21,8.23,8.31,8.07,4221,8914708.00,2.91,-0.24,-0.02,0.00
2001-07-16,8.23,8.19,8.31,8.00,7053,14845000.00,3.77,-0.49,-0.04,0.00
2001-07-17,8.08,8.14,8.14,8.00,1476,3094000.00,1.71,-0.61,-0.05,0.00
2001-07-18,8.08,7.95,8.08,7.92,5155,10664000.00,1.97,-2.33,-0.19,0.00
2001-07-19,7.96,7.80,7.97,7.68,12645,25461000.00,3.65,-1.89,-0.15,0.00
2001-07-20,7.91,7.89,7.93,7.71,16163,32833000.00,2.82,1.15,0.09,0.00
2001-07-23,7.91,7.92,7.95,7.82,4966,10198000.00,1.65,0.38,0.03,0.00
2001-07-24,7.88,7.74,7.88,7.68,7307,14730000.00,2.53,-2.27,-0.18,0.00
2001-07-25,7.74,7.61,7.76,7.61,6010,11984000.00,1.94,-1.68,-0.13,0.00
2001-07-26,7.60,7.33,7.63,7.29,11181,21598000.00,4.47,-3.68,-0.28,0.00
2001-07-27,7.33,7.38,7.46,7.27,6333,12111000.00,2.59,0.68,0.05,0.00
2001-07-30,7.84,7.19,7.84,7.19,6893,13321000.00,8.81,-2.57,-0.19,0.00
2001-07-31,7.21,7.12,7.38,7.03,7366,13747000.00,4.87,-0.97,-0.07,0.00
2001-08-01,7.12,7.40,7.44,7.12,7318,13911000.00,4.49,3.93,0.28,0.00
2001-08-02,7.40,7.31,7.40,7.13,4320,8173000.00,3.65,-1.22,-0.09,0.00
2001-08-03,7.29,7.34,7.38,7.17,1849,3508000.00,2.87,0.41,0.03,0.00
2001-08-06,7.29,7.10,7.29,6.87,8672,15801000.00,5.72,-3.27,-0.24,0.00
2001-08-07,7.01,7.08,7.17,6.87,3861,7051000.00,4.23,-0.28,-0.02,0.00
2001-08-08,6.96,6.97,7.14,6.96,2511,4622000.00,2.54,-1.55,-0.11,0.00
2001-08-09,6.97,7.29,7.33,6.97,7823,14701000.00,5.16,4.59,0.32,0.00
2001-08-10,7.30,7.34,7.44,7.27,14641,28062000.00,2.33,0.69,0.05,0.00
2001-08-13,7.38,7.36,7.40,7.29,4848,9256000.00,1.50,0.27,0.02,0.00
2001-08-14,7.38,7.25,7.38,7.15,3391,6447000.00,3.13,-1.49,-0.11,0.00
2001-08-15,7.21,7.31,7.32,7.19,1121,2124000.00,1.79,0.83,0.06,0.00
2001-08-16,7.29,7.13,7.34,7.13,2689,5045000.00,2.87,-2.46,-0.18,0.00
2001-08-17,7.13,7.09,7.19,7.02,3670,6797000.00,2.38,-0.56,-0.04,0.00
2001-08-20,7.13,7.28,7.29,7.05,2129,3987000.00,3.39,2.68,0.19,0.00
2001-08-21,7.29,7.29,7.38,7.27,3190,6082000.00,1.51,0.14,0.01,0.00
2001-08-22,7.25,7.15,7.25,7.04,3260,6038000.00,2.88,-1.92,-0.14,0.00
2001-08-23,7.07,7.24,7.25,7.02,1866,3470000.00,3.22,1.26,0.09,0.00
2001-08-24,7.23,7.23,7.34,7.07,2411,4553000.00,3.73,-0.14,-0.01,0.00
2001-08-27,7.19,6.89,7.19,6.81,10058,18295000.00,5.26,-4.70,-0.34,0.00
2001-08-28,6.81,6.86,6.88,6.60,2983,5249000.00,4.06,-0.44,-0.03,0.00
2001-08-29,6.87,6.91,7.03,6.71,2035,3667000.00,4.66,0.73,0.05,0.00
2001-08-30,6.79,6.89,6.91,6.79,806,1444000.00,1.74,-0.29,-0.02,0.00
2001-08-31,6.73,6.93,6.93,6.73,586,1052000.00,2.90,0.58,0.04,0.00
2001-09-03,6.85,6.77,6.85,6.73,972,1724000.00,1.73,-2.31,-0.16,0.00
2001-09-04,6.78,6.92,6.94,6.77,3775,6798000.00,2.51,2.22,0.15,0.00
2001-09-05,6.93,6.97,7.08,6.93,4322,7902000.00,2.17,0.72,0.05,0.00
2001-09-06,6.97,6.99,7.05,6.93,1181,2151000.00,1.72,0.29,0.02,0.00
2001-09-07,6.93,6.77,6.93,6.77,2099,3735000.00,2.29,-3.15,-0.22,0.00
2001-09-10,6.69,7.08,7.09,6.65,2376,4329000.00,6.50,4.58,0.31,0.00
2001-09-11,7.07,7.10,7.16,7.01,1789,3304000.00,2.12,0.28,0.02,0.00
2001-09-12,6.73,6.96,7.01,6.58,2371,4266000.00,6.06,-1.97,-0.14,0.00
2001-09-13,6.97,6.97,7.07,6.89,2304,4205000.00,2.59,0.14,0.01,0.00
2001-09-14,7.00,6.89,7.01,6.81,1357,2449000.00,2.87,-1.15,-0.08,0.00
2001-09-17,6.89,6.84,6.89,6.65,3295,5862000.00,3.48,-0.73,-0.05,0.00
2001-09-18,6.83,6.89,6.92,6.79,1435,2580000.00,1.90,0.73,0.05,0.00
2001-09-19,6.85,7.00,7.01,6.82,1993,3598000.00,2.76,1.60,0.11,0.00
2001-09-20,7.01,7.10,7.20,6.97,7129,13188000.00,3.29,1.43,0.10,0.00
2001-09-21,7.09,7.07,7.15,7.04,2552,4721000.00,1.55,-0.42,-0.03,0.00
2001-09-24,7.09,7.19,7.26,7.05,3142,5881000.00,2.97,1.70,0.12,0.00
2001-09-25,7.19,7.16,7.25,7.14,3059,5748000.00,1.53,-0.42,-0.03,0.00
2001-09-26,7.19,7.09,7.20,7.07,2255,4194000.00,1.82,-0.98,-0.07,0.00
2001-09-27,7.09,7.09,7.19,6.93,2398,4436000.00,3.67,0.00,0.00,0.00
2001-09-28,7.10,7.13,7.16,6.97,2726,5027000.00,2.68,0.56,0.04,0.00
2001-10-08,7.13,6.83,7.15,6.81,2596,4697000.00,4.77,-4.21,-0.30,0.00
2001-10-09,6.77,6.91,7.01,6.77,1390,2499000.00,3.51,1.17,0.08,0.00
2001-10-10,6.84,6.69,6.89,6.42,8417,14418000.00,6.80,-3.18,-0.22,0.00
2001-10-11,6.50,6.48,6.61,6.25,3806,6406000.00,5.38,-3.14,-0.21,0.00
2001-10-12,6.50,6.65,6.65,6.19,5610,9461000.00,7.10,2.62,0.17,0.00
2001-10-15,6.61,6.49,6.68,6.42,2346,4013000.00,3.91,-2.41,-0.16,0.00
2001-10-16,6.42,6.34,6.49,6.26,1797,2979000.00,3.54,-2.31,-0.15,0.00
2001-10-17,6.22,6.34,6.42,6.22,1166,1934000.00,3.15,0.00,0.00,0.00
2001-10-18,6.30,6.16,6.34,5.97,8842,14129000.00,5.84,-2.84,-0.18,0.00
2001-10-19,5.99,5.52,6.10,5.52,16380,24117000.00,9.42,-10.39,-0.64,0.00
2001-10-22,5.34,5.35,5.47,5.27,4805,6762000.00,3.62,-3.08,-0.17,0.00
2001-10-23,5.91,5.91,5.91,5.75,20183,31221000.00,2.99,10.47,0.56,0.00
2001-10-24,6.12,6.32,6.48,6.03,26068,42877000.00,7.61,6.94,0.41,0.00
2001-10-25,6.26,6.08,6.32,6.07,9269,14959000.00,3.96,-3.80,-0.24,0.00
2001-10-26,6.06,5.96,6.10,5.82,4981,7778000.00,4.61,-1.97,-0.12,0.00
2001-10-29,5.94,5.98,6.11,5.94,4318,6830000.00,2.85,0.34,0.02,0.00
2001-10-30,6.02,5.82,6.03,5.82,4334,6725000.00,3.51,-2.68,-0.16,0.00
2001-10-31,5.82,5.79,5.83,5.67,3632,5466000.00,2.75,-0.52,-0.03,0.00
2001-11-01,5.82,5.97,6.02,5.79,3960,6171000.00,3.97,3.11,0.18,0.00
2001-11-02,5.93,6.02,6.14,5.93,3926,6240000.00,3.52,0.84,0.05,0.00
2001-11-05,6.01,5.98,6.22,5.90,3309,5209000.00,5.32,-0.66,-0.04,0.00
2001-11-06,5.94,5.91,6.06,5.90,1044,1640000.00,2.68,-1.17,-0.07,0.00
2001-11-07,5.91,5.59,5.91,5.51,4603,6814000.00,6.77,-5.41,-0.32,0.00
2001-11-08,5.57,5.59,5.69,5.43,1967,2862000.00,4.65,0.00,0.00,0.00
2001-11-09,5.59,5.65,5.70,5.49,1800,2649000.00,3.76,1.07,0.06,0.00
2001-11-12,5.53,5.60,5.71,5.53,911,1345000.00,3.19,-0.88,-0.05,0.00
2001-11-13,5.55,5.54,5.59,5.47,1302,1888000.00,2.14,-1.07,-0.06,0.00
2001-11-14,5.55,5.60,5.60,5.51,831,1213000.00,1.62,1.08,0.06,0.00
2001-11-15,5.59,5.60,5.63,5.53,1378,2017000.00,1.79,0.00,0.00,0.00
2001-11-16,6.02,5.71,6.14,5.60,6365,9782000.00,9.64,1.96,0.11,0.00
2001-11-19,5.71,5.87,5.87,5.68,6366,9782387.00,3.33,2.80,0.16,0.00
2001-11-20,5.88,6.01,6.09,5.88,2849,4352305.00,3.58,2.39,0.14,0.00
2001-11-21,6.05,6.10,6.10,5.99,4060,6441243.00,1.83,1.50,0.09,0.00
2001-11-22,6.12,6.04,6.12,5.98,3642,5763000.00,2.30,-0.98,-0.06,0.00
2001-11-23,6.01,6.02,6.06,5.91,2115,3323000.00,2.48,-0.33,-0.02,0.00
2001-11-26,5.98,5.94,5.98,5.88,1751,2716000.00,1.66,-1.33,-0.08,0.00
2001-11-27,5.94,6.01,6.01,5.90,1494,2338000.00,1.85,1.18,0.07,0.00
2001-11-28,6.05,6.11,6.14,6.03,5045,8074000.00,1.83,1.66,0.10,0.00
2001-11-29,6.08,6.11,6.12,6.04,2350,3755000.00,1.31,0.00,0.00,0.00
2001-11-30,6.10,6.20,6.21,6.10,4098,6627000.00,1.80,1.47,0.09,0.00
2001-12-03,6.20,6.28,6.31,6.18,8783,14357000.00,2.10,1.29,0.08,0.00
2001-12-04,6.26,6.24,6.28,6.16,4095,6662000.00,1.91,-0.64,-0.04,0.00
2001-12-05,6.22,6.07,6.26,6.07,5986,9648010.00,3.04,-2.72,-0.17,0.00
2001-12-06,6.06,6.09,6.13,6.05,2990,4769103.00,1.32,0.33,0.02,0.00
2001-12-07,6.10,6.08,6.12,6.04,2132,3396088.00,1.31,-0.16,-0.01,0.00
2001-12-10,6.04,6.07,6.08,5.99,1328,2105478.00,1.48,-0.16,-0.01,0.00
2001-12-11,6.06,6.03,6.12,5.90,4027,6369638.00,3.62,-0.66,-0.04,0.00
2001-12-12,5.94,5.97,6.04,5.94,1114,1747832.00,1.66,-1.00,-0.06,0.00
2001-12-13,5.97,5.90,6.00,5.90,2368,3683718.00,1.68,-1.17,-0.07,0.00
2001-12-14,5.90,5.79,5.90,5.78,2254,3448879.00,2.03,-1.86,-0.11,0.00
2001-12-17,5.78,5.78,5.80,5.76,1828,2775676.00,0.69,-0.17,-0.01,0.00
2001-12-18,5.84,5.90,5.90,5.76,1033,1581012.00,2.42,2.08,0.12,0.00
2001-12-19,5.94,5.77,5.94,5.77,1196,1832395.00,2.88,-2.20,-0.13,0.00
2001-12-20,5.73,5.73,5.77,5.65,3505,5255218.00,2.08,-0.69,-0.04,0.00
2001-12-21,5.72,5.75,5.76,5.67,1233,1853144.00,1.57,0.35,0.02,0.00
2001-12-24,5.77,5.62,5.77,5.57,1812,2691525.00,3.48,-2.26,-0.13,0.00
2001-12-25,5.63,5.66,5.69,5.59,2231,3308445.00,1.78,0.71,0.04,0.00
2001-12-26,5.63,5.72,5.75,5.63,1378,2061198.00,2.12,1.06,0.06,0.00
2001-12-27,5.71,5.76,5.86,5.70,1460,2219133.00,2.80,0.70,0.04,0.00
2001-12-28,5.76,5.77,5.78,5.66,2690,4039693.00,2.08,0.17,0.01,0.00
2001-12-31,5.77,5.77,5.86,5.75,4293,6523087.00,1.91,0.00,0.00,0.00