MjAyMy0wMS0wMywyNy4xMCwyNy4zNywyNy41NywyNy4wMiw5Mzk2LDI1NzM1Nzg5LjAwLDIuMDMsMC44MSwwLjIyLDAuODc=
2023-01-04,27.21,27.05,27.51,26.96,9363,25409180.00,2.01,-1.17,-0.32,0.87
2023-01-05,27.30,27.18,27.37,26.85,8960,24325383.00,1.92,0.48,0.13,0.83
2023-01-06,27.14,26.94,27.15,26.64,15995,42968216.00,1.88,-0.88,-0.24,1.49
2023-01-09,26.98,27.17,27.39,26.82,17547,47600451.00,2.12,0.85,0.23,1.63
2023-01-10,27.33,27.03,27.33,26.70,9704,26154499.00,2.32,-0.52,-0.14,0.90
2023-01-11,27.03,27.65,28.00,26.78,18516,51099363.00,4.51,2.29,0.62,1.72
2023-01-12,27.59,27.27,27.68,27.09,9065,24812339.00,2.13,-1.37,-0.38,0.84
2023-01-13,27.24,28.22,28.40,27.23,16385,45748170.00,4.29,3.48,0.95,1.52
2023-01-16,28.25,28.38,29.19,28.00,19945,57226956.00,4.22,0.57,0.16,1.86
2023-01-17,28.49,28.53,29.29,27.97,12359,35247299.00,4.65,0.53,0.15,1.15
2023-01-18,28.70,28.49,29.06,28.24,9157,26279503.00,2.87,-0.14,-0.04,0.85
2023-01-19,28.66,28.76,28.84,28.30,6092,17422246.00,1.90,0.95,0.27,0.57
2023-01-20,28.69,28.84,29.07,28.53,8867,25562710.00,1.88,0.28,0.08,0.82
2023-01-30,29.28,29.09,29.55,28.91,12571,36705058.00,2.22,0.87,0.25,1.17
2023-01-31,29.00,29.47,29.58,28.84,15753,46118132.00,2.54,1.31,0.38,1.47
2023-02-01,29.40,29.30,29.76,29.02,12724,37248698.00,2.51,-0.58,-0.17,1.18
2023-02-02,29.21,30.03,30.44,29.00,22088,66081834.00,4.91,2.49,0.73,2.05
2023-02-03,29.82,29.37,29.88,28.98,15255,44795524.00,3.00,-2.20,-0.66,1.42
2023-02-06,29.08,30.35,30.70,28.93,18706,55899424.00,6.03,3.34,0.98,1.74
2023-02-07,30.37,30.05,30.77,29.86,14551,43961150.00,3.00,-0.99,-0.30,1.35
2023-02-08,30.00,30.29,30.64,29.99,14742,44731238.00,2.16,0.80,0.24,1.37
2023-02-09,30.08,31.35,31.66,30.05,19139,59718829.00,5.32,3.50,1.06,1.78
2023-02-10,31.28,30.80,31.34,30.75,11027,34158395.00,1.88,-1.75,-0.55,1.03
2023-02-13,30.79,30.85,31.12,30.44,9203,28332743.00,2.21,0.16,0.05,0.86
2023-02-14,31.00,30.54,31.03,30.34,8907,27206943.00,2.24,-1.00,-0.31,0.83
2023-02-15,30.69,29.99,30.69,29.70,9644,28981293.00,3.24,-1.80,-0.55,0.90
2023-02-16,30.00,29.49,30.46,29.33,11949,35879408.00,3.77,-1.67,-0.50,1.11
2023-02-17,29.48,29.51,30.00,29.46,5554,16503557.00,1.83,0.07,0.02,0.52
2023-02-20,29.35,30.02,30.33,29.24,6675,19898353.00,3.69,1.73,0.51,0.62
2023-02-21,30.11,30.18,30.31,29.90,7067,21244020.00,1.37,0.53,0.16,0.66
2023-02-22,30.11,30.23,30.49,29.83,6830,20637900.00,2.19,0.17,0.05,0.64
2023-02-23,30.44,30.55,30.95,29.92,9899,30158563.00,3.41,1.06,0.32,0.92
2023-02-24,30.50,30.45,30.61,30.01,7771,23599229.00,1.96,-0.33,-0.10,0.72
2023-02-27,30.30,30.06,30.68,30.02,11460,34713506.00,2.17,-1.28,-0.39,1.07
2023-02-28,30.07,30.22,30.42,29.76,8308,24969111.00,2.20,0.53,0.16,0.77
2023-03-01,30.37,30.58,31.31,30.08,15699,48011893.00,4.07,1.19,0.36,1.46
2023-03-02,30.62,30.97,31.19,30.51,11850,36611480.00,2.22,1.28,0.39,1.10
2023-03-03,30.97,31.15,31.30,30.71,8384,26057261.00,1.91,0.58,0.18,0.78
2023-03-06,31.13,31.12,31.79,30.85,10744,33602685.00,3.02,-0.10,-0.03,1.00
2023-03-07,31.10,30.26,31.43,30.19,13668,42095875.00,3.98,-2.76,-0.86,1.27
2023-03-08,30.12,30.30,30.48,29.97,9812,29651510.00,1.69,0.13,0.04,0.91
2023-03-09,30.15,30.38,31.02,30.03,10451,31918974.00,3.27,0.26,0.08,0.97
2023-03-10,30.38,29.53,30.46,29.51,10320,30803059.00,3.13,-2.80,-0.85,0.96
2023-03-13,29.62,30.84,30.87,29.31,19645,59629637.00,5.28,4.44,1.31,1.83
2023-03-14,30.83,30.56,30.83,30.03,17638,53524593.00,2.59,-0.91,-0.28,1.64
2023-03-15,30.70,30.48,31.03,30.12,19286,58847083.00,2.98,-0.26,-0.08,1.79
2023-03-16,30.34,29.96,30.48,29.81,9276,27887577.00,2.20,-1.71,-0.52,0.86
2023-03-17,29.97,29.26,30.37,29.02,16025,47532117.00,4.51,-2.34,-0.70,1.49
2023-03-20,29.26,28.56,29.43,28.35,13676,39230423.00,3.69,-2.39,-0.70,1.27
2023-03-21,28.73,28.79,29.00,28.45,6956,19977723.00,1.93,0.81,0.23,0.65
2023-03-22,28.95,29.40,29.98,28.75,8015,23632437.00,4.27,2.12,0.61,0.75
2023-03-23,29.40,29.77,29.99,29.06,11399,33777995.00,3.16,1.26,0.37,1.06
2023-03-24,29.54,29.73,30.64,29.52,8550,25712991.00,3.76,-0.13,-0.04,0.80
2023-03-27,29.81,29.50,30.60,29.16,13537,40177683.00,4.84,-0.77,-0.23,1.26
2023-03-28,29.45,29.20,29.67,29.11,9706,28455850.00,1.90,-1.02,-0.30,0.90
2023-03-29,29.16,28.43,29.43,28.39,12216,35065647.00,3.56,-2.64,-0.77,1.14
2023-03-30,28.69,28.85,28.86,28.00,8761,24890580.00,3.02,1.48,0.42,0.82
2023-03-31,28.60,29.53,29.65,28.52,10987,32039695.00,3.92,2.36,0.68,1.02
2023-04-03,29.62,29.85,29.89,29.29,10306,30567015.00,2.03,1.08,0.32,0.96
2023-04-04,29.90,29.70,29.93,29.08,10509,30995485.00,2.85,-0.50,-0.15,0.98
2023-04-06,29.59,29.22,29.66,29.11,7056,20687145.00,1.85,-1.62,-0.48,0.66
2023-04-07,29.39,30.20,30.28,29.18,10472,31415697.00,3.76,3.35,0.98,0.97
2023-04-10,30.65,30.13,30.76,29.82,8472,25602536.00,3.11,-0.23,-0.07,0.79
2023-04-11,30.15,29.76,30.47,29.31,9037,26861259.00,3.85,-1.23,-0.37,0.84
2023-04-12,29.90,30.09,30.09,29.57,4932,14756981.00,1.75,1.11,0.33,0.46
2023-04-13,30.08,29.60,30.08,29.51,4637,13769590.00,1.89,-1.63,-0.49,0.43
2023-04-14,29.78,29.77,29.88,29.51,5053,15014552.00,1.25,0.57,0.17,0.47
2023-04-17,29.87,30.11,30.28,29.76,10603,31925952.00,1.75,1.14,0.34,0.99
2023-04-18,30.02,30.44,30.74,29.65,9176,27818611.00,3.62,1.10,0.33,0.85
2023-04-19,30.49,28.66,30.49,28.45,18360,53381500.00,6.70,-5.85,-1.78,1.71
2023-04-20,28.67,26.11,28.68,25.55,39603,106549484.00,10.92,-8.90,-2.55,3.68
2023-04-21,26.21,25.49,26.52,25.22,25839,66489319.00,4.98,-2.37,-0.62,2.40
2023-04-24,25.12,23.68,25.20,23.50,32830,78931655.00,6.67,-7.10,-1.81,3.05
2023-04-25,23.82,23.18,23.95,22.89,16703,38838373.00,4.48,-2.11,-0.50,1.55
2023-04-26,23.03,23.30,23.88,23.03,24621,57963156.00,3.67,0.52,0.12,2.29
2023-04-27,23.30,23.09,23.55,23.03,18003,41841135.00,2.23,-0.90,-0.21,1.67
2023-04-28,23.29,23.70,23.73,23.23,15278,35848557.00,2.17,2.64,0.61,1.42
2023-05-04,23.65,23.09,23.65,22.60,22449,51722509.00,4.43,-2.57,-0.61,2.09
2023-05-05,23.10,23.22,23.78,22.42,25103,57931238.00,5.89,0.56,0.13,2.34
2023-05-08,22.90,22.60,22.99,22.25,22619,51049161.00,3.19,-2.67,-0.62,2.10
2023-05-09,22.60,22.24,22.74,22.21,13867,31111879.00,2.35,-1.59,-0.36,1.29
2023-05-10,22.20,22.24,22.53,22.02,11858,26368943.00,2.29,0.00,0.00,1.10
2023-05-11,22.48,23.32,23.59,22.31,29509,68399139.00,5.76,4.86,1.08,2.75
2023-05-12,23.12,23.01,23.87,22.86,20558,47828930.00,4.33,-1.33,-0.31,1.91
2023-05-15,23.00,22.89,23.01,22.36,16822,38141212.00,2.82,-0.52,-0.12,1.56
2023-05-16,23.11,22.13,23.11,22.10,22337,50120892.00,4.41,-3.32,-0.76,2.08
2023-05-17,22.19,22.17,22.39,21.96,14018,31050198.00,1.94,0.18,0.04,1.30
2023-05-18,22.15,22.43,22.53,21.77,26081,57752387.00,3.43,1.17,0.26,2.43
2023-05-19,22.30,22.07,22.39,21.52,27026,59134500.00,3.88,-1.60,-0.36,2.51
2023-05-22,22.20,22.90,23.49,22.19,60258,137769159.00,5.89,3.76,0.83,5.61
2023-05-23,22.53,22.07,22.56,21.80,42044,93212512.00,3.32,-3.62,-0.83,3.91
2023-05-24,22.12,21.54,22.12,21.21,26934,57846593.00,4.12,-2.40,-0.53,2.51
2023-05-25,21.41,21.54,21.64,21.11,16534,35369162.00,2.46,0.00,0.00,1.54
2023-05-26,21.55,21.44,21.65,21.27,9375,20096884.00,1.76,-0.46,-0.10,0.87
2023-05-29,21.35,21.56,21.80,21.33,10923,23501792.00,2.19,0.56,0.12,1.02
2023-05-30,21.61,21.34,21.61,21.01,12865,27327841.00,2.78,-1.02,-0.22,1.20
2023-05-31,21.21,21.08,21.38,20.95,9588,20252828.00,2.01,-1.22,-0.26,0.89
2023-06-01,21.00,21.10,21.40,20.83,18131,38309569.00,2.70,0.09,0.02,1.69
2023-06-02,21.14,21.63,21.74,21.10,23217,50010660.00,3.03,2.51,0.53,2.16
2023-06-05,21.77,21.81,21.85,21.45,12936,28003622.00,1.85,0.83,0.18,1.20
2023-06-06,21.80,21.37,21.87,21.30,11956,25777461.00,2.61,-2.02,-0.44,1.11
2023-06-07,21.30,21.14,21.58,21.08,10840,23023246.00,2.34,-1.08,-0.23,1.01
2023-06-08,21.19,21.52,21.65,21.12,13552,29062985.00,2.51,1.80,0.38,1.26
2023-06-09,21.60,21.47,21.74,21.33,8968,19286985.00,1.91,-0.23,-0.05,0.83
2023-06-12,21.67,21.59,21.74,21.05,13334,28562955.00,3.21,0.56,0.12,1.24
2023-06-13,21.66,21.50,21.80,21.47,10285,22193453.00,1.53,-0.42,-0.09,0.96
2023-06-14,21.44,21.28,21.55,21.21,8854,18915778.00,1.58,-1.02,-0.22,0.82
2023-06-15,21.33,21.12,21.44,20.88,16422,34598897.00,2.63,-0.75,-0.16,1.53
2023-06-16,21.13,21.28,21.29,21.03,11555,24495916.83,1.23,0.76,0.16,1.07