MjAxOS0wMS0wMiw0LjE5LDQuMTIsNC4xOSw0LjA3LDE2NjUwLDY5OTc5MzQuMDAsMi45MiwwLjI0LDAuMDEsMC4zNg==
2019-01-03,4.12,4.21,4.36,4.10,30445,13221310.00,6.31,2.18,0.09,0.66
2019-01-04,4.13,4.30,4.32,4.06,41745,18041041.00,6.18,2.14,0.09,0.90
2019-01-07,4.30,4.57,4.60,4.25,76039,34727281.00,8.14,6.28,0.27,1.65
2019-01-08,4.52,4.48,4.56,4.42,49034,22307657.00,3.06,-1.97,-0.09,1.06
2019-01-09,4.50,4.46,4.58,4.45,43658,20164532.00,2.90,-0.45,-0.02,0.94
2019-01-10,4.43,4.50,4.52,4.43,27027,12376057.00,2.02,0.90,0.04,0.58
2019-01-11,4.37,4.55,4.56,4.37,27427,12632860.00,4.22,1.11,0.05,0.59
2019-01-14,4.56,4.58,4.61,4.47,28739,13340048.00,3.08,0.66,0.03,0.62
2019-01-15,4.57,4.62,4.62,4.52,24858,11625157.00,2.18,0.87,0.04,0.54
2019-01-16,4.63,4.53,4.63,4.53,15718,7319462.00,2.16,-1.95,-0.09,0.34
2019-01-17,4.58,4.53,4.64,4.53,23193,10837075.00,2.43,0.00,0.00,0.50
2019-01-18,4.52,4.55,4.56,4.47,19202,8849066.00,1.99,0.44,0.02,0.42
2019-01-21,4.57,4.56,4.60,4.52,19188,8933772.00,1.76,0.22,0.01,0.42
2019-01-22,4.55,4.62,4.93,4.53,66021,31718814.00,8.77,1.32,0.06,1.43
2019-01-23,4.52,4.57,4.68,4.52,46566,21740285.00,3.46,-1.08,-0.05,1.01
2019-01-24,4.61,5.04,5.04,4.58,128124,63977990.00,10.07,10.28,0.47,2.77
2019-01-25,5.21,5.55,5.55,5.17,277993,151203221.00,7.54,10.12,0.51,6.02
2019-01-28,5.81,5.60,6.11,5.25,414881,242336552.00,15.50,0.90,0.05,8.98
2019-01-29,5.33,5.21,5.47,5.03,303718,158044665.00,7.86,-6.96,-0.39,6.57
2019-01-30,4.81,4.68,5.00,4.68,185994,91219989.00,6.14,-10.17,-0.53,4.03
2019-01-31,4.30,4.21,4.52,4.21,158609,70448381.00,6.62,-10.04,-0.47,3.43
2019-02-01,4.25,4.30,4.34,4.24,67317,29520313.00,2.38,2.14,0.09,1.46
2019-02-11,4.31,4.43,4.44,4.27,80281,35847138.00,3.95,3.02,0.13,1.74
2019-02-12,4.40,4.56,4.65,4.40,105889,49032130.00,5.64,2.93,0.13,2.29
2019-02-13,4.56,4.64,4.65,4.48,118143,55147169.00,3.73,1.75,0.08,2.56
2019-02-14,4.62,4.77,4.91,4.56,150067,72088742.00,7.54,2.80,0.13,3.25
2019-02-15,4.72,4.70,4.81,4.66,97900,47138405.00,3.14,-1.47,-0.07,2.12
2019-02-18,4.72,4.85,4.90,4.72,107861,52913919.00,3.83,3.19,0.15,2.33
2019-02-19,4.88,5.02,5.16,4.81,164009,82477262.00,7.22,3.51,0.17,3.55
2019-02-20,4.95,4.97,5.12,4.86,108065,54731483.00,5.18,-1.00,-0.05,2.34
2019-02-21,4.96,4.96,5.07,4.88,119032,60329050.00,3.82,-0.20,-0.01,2.58
2019-02-22,4.96,5.01,5.01,4.90,79957,40471555.00,2.22,1.01,0.05,1.73
2019-02-25,5.01,5.20,5.23,5.00,160348,83666598.00,4.59,3.79,0.19,3.47
2019-02-26,5.16,5.16,5.29,5.09,134356,71180501.00,3.85,-0.77,-0.04,2.91
2019-02-27,5.16,5.18,5.36,5.13,118962,63420192.00,4.46,0.39,0.02,2.57
2019-02-28,5.19,5.20,5.24,5.11,82933,43605405.00,2.51,0.39,0.02,1.79
2019-03-01,5.21,5.22,5.26,5.14,86004,45563790.00,2.31,0.38,0.02,1.86
2019-03-04,5.22,5.26,5.34,5.19,122777,65800637.00,2.87,0.77,0.04,2.66
2019-03-05,5.25,5.46,5.48,5.22,125153,68163208.00,4.94,3.80,0.20,2.71
2019-03-06,5.50,5.52,5.56,5.34,135182,75166787.00,4.03,1.10,0.06,2.93
2019-03-07,5.51,5.63,5.79,5.44,124817,71217819.00,6.34,1.99,0.11,2.70
2019-03-08,5.53,5.24,5.55,5.19,124228,68326986.00,6.39,-6.93,-0.39,2.69
2019-03-11,5.23,5.56,5.58,5.23,98340,54361304.00,6.68,6.11,0.32,2.13
2019-03-12,5.65,5.58,5.67,5.45,112432,63691746.00,3.96,0.36,0.02,2.43
2019-03-13,5.58,5.47,5.67,5.46,93448,52936891.00,3.76,-1.97,-0.11,2.02
2019-03-14,5.38,5.39,5.58,5.23,63527,34788658.00,6.40,-1.46,-0.08,1.37
2019-03-15,5.38,5.48,5.55,5.38,66412,36975672.00,3.15,1.67,0.09,1.44
2019-03-18,5.51,5.60,5.65,5.49,70758,40008012.00,2.92,2.19,0.12,1.53
2019-03-19,5.61,5.56,5.61,5.51,63250,35740461.00,1.79,-0.71,-0.04,1.37
2019-03-20,5.56,5.63,5.75,5.46,99445,56749643.00,5.22,1.26,0.07,2.15
2019-03-21,5.56,5.69,5.73,5.56,87312,50319017.00,3.02,1.07,0.06,1.89
2019-03-22,5.69,5.88,5.91,5.57,127562,74684765.00,5.98,3.34,0.19,2.76
2019-03-25,5.73,6.48,6.48,5.72,148027,94826239.00,12.93,10.20,0.60,3.20
2019-03-26,6.89,6.09,6.89,5.91,357508,232469980.00,15.12,-6.02,-0.39,7.74
2019-03-27,5.94,5.75,5.97,5.61,195190,114423613.00,5.91,-5.58,-0.34,4.22
2019-03-28,5.71,5.53,6.00,5.53,146831,86156412.00,8.17,-3.83,-0.22,3.18
2019-03-29,5.48,5.67,5.77,5.32,121693,68556743.00,8.14,2.53,0.14,2.63
2019-04-01,5.63,5.99,6.20,5.63,164079,98397679.00,10.05,5.64,0.32,3.55
2019-04-02,6.01,6.03,6.18,5.93,161707,99115572.00,4.17,0.67,0.04,3.50
2019-04-03,6.01,6.07,6.12,5.93,114921,70274405.00,3.15,0.66,0.04,2.49
2019-04-04,6.21,6.10,6.30,6.01,105048,65113689.00,4.78,0.49,0.03,2.27
2019-04-08,6.10,5.92,6.15,5.80,111966,67741093.00,5.74,-2.95,-0.18,2.42
2019-04-09,5.93,5.99,6.00,5.83,77166,46438044.00,2.87,1.18,0.07,1.67
2019-04-10,5.97,6.08,6.10,5.88,90455,55182639.00,3.67,1.50,0.09,1.96
2019-04-11,6.06,6.26,6.38,6.03,192759,121846584.00,5.76,2.96,0.18,4.17
2019-04-12,6.41,6.90,6.90,6.31,191577,131665155.00,9.42,10.22,0.64,4.15
2019-04-15,6.97,6.28,7.07,6.26,406276,274186336.00,11.74,-8.99,-0.62,8.79
2019-04-16,6.03,6.49,6.58,6.03,246529,156563434.00,8.76,3.34,0.21,5.34
2019-04-17,6.46,6.85,6.99,6.31,345546,234624802.00,10.48,5.55,0.36,7.48
2019-04-18,6.62,6.48,6.75,6.45,211665,141095905.00,4.38,-5.40,-0.37,4.58
2019-04-19,6.37,6.42,6.49,6.27,113406,73251505.00,3.40,-0.93,-0.06,2.45
2019-04-22,6.39,6.28,6.57,6.23,120661,78112704.00,5.30,-2.18,-0.14,2.61
2019-04-23,6.22,6.01,6.25,5.96,98361,60710010.00,4.62,-4.30,-0.27,2.13
2019-04-24,6.04,6.10,6.13,5.98,69019,42457146.00,2.50,1.50,0.09,1.49
2019-04-25,6.14,5.72,6.14,5.66,88692,53038654.00,7.87,-6.23,-0.38,1.92
2019-04-26,5.72,5.56,5.72,5.56,61376,35134946.00,2.80,-2.80,-0.16,1.33
2019-04-29,5.59,5.27,5.61,5.23,74446,40696486.00,6.83,-5.22,-0.29,1.61
2019-04-30,5.28,5.31,5.39,5.26,45606,24682209.00,2.47,0.76,0.04,0.99
2019-05-06,5.11,4.89,5.17,4.77,74936,37755239.00,7.53,-7.91,-0.42,1.62
2019-05-07,4.90,4.95,5.03,4.86,41297,20792172.00,3.48,1.23,0.06,0.89
2019-05-08,4.87,4.98,5.07,4.73,39989,20161309.00,6.87,0.61,0.03,0.87
2019-05-09,4.97,4.96,5.05,4.92,36177,18367023.00,2.61,-0.40,-0.02,0.78
2019-05-10,4.97,5.18,5.20,4.93,77590,40104826.00,5.44,4.44,0.22,1.68
2019-05-13,5.10,5.10,5.22,5.08,32985,17229108.00,2.70,-1.54,-0.08,0.71
2019-05-14,5.08,5.07,5.16,5.05,31293,16266689.00,2.16,-0.59,-0.03,0.68
2019-05-15,5.11,5.16,5.19,5.10,36990,19387468.00,1.78,1.78,0.09,0.80
2019-05-16,5.18,5.26,5.26,5.18,46278,24577141.00,1.55,1.94,0.10,1.00
2019-05-17,5.23,4.91,5.26,4.83,63529,32708481.00,8.17,-6.65,-0.35,1.37
2019-05-20,4.94,5.03,5.04,4.88,41010,20726256.00,3.26,2.44,0.12,0.89
2019-05-21,5.01,5.27,5.35,5.01,63138,33216196.00,6.76,4.77,0.24,1.37
2019-05-22,5.22,5.04,5.23,5.02,61975,32212639.00,3.98,-4.36,-0.23,1.34
2019-05-23,5.04,4.91,5.05,4.86,36747,18497927.00,3.77,-2.58,-0.13,0.80
2019-05-24,4.91,4.91,4.97,4.86,24112,12054399.00,2.24,0.00,0.00,0.52
2019-05-27,4.95,5.02,5.03,4.87,28882,14615133.00,3.26,2.24,0.11,0.63
2019-05-28,5.01,5.02,5.08,5.01,28680,14717326.00,1.39,0.00,0.00,0.62
2019-05-29,5.01,5.15,5.16,4.99,45342,23558479.00,3.39,2.59,0.13,0.98
2019-05-30,5.10,5.03,5.11,4.97,33265,17008354.00,2.72,-2.33,-0.12,0.72
2019-05-31,5.04,5.00,5.09,4.99,21867,11189972.00,1.99,-0.60,-0.03,0.47
2019-06-03,4.99,4.93,5.06,4.91,19768,10015161.00,3.00,-1.40,-0.07,0.43
2019-06-04,4.96,4.97,5.12,4.96,41809,21383217.00,3.25,0.81,0.04,0.90
2019-06-05,5.00,4.94,5.04,4.92,26350,13350438.00,2.41,-0.60,-0.03,0.57
2019-06-06,4.91,4.86,4.97,4.85,22939,11443210.00,2.43,-1.62,-0.08,0.50
2019-06-10,4.90,4.84,4.94,4.74,23225,11427386.00,4.12,-0.41,-0.02,0.50
2019-06-11,4.87,5.02,5.02,4.83,35611,17954398.00,3.93,3.72,0.18,0.77
2019-06-12,4.99,4.99,5.05,4.97,26936,13722637.00,1.59,-0.60,-0.03,0.58
2019-06-13,4.96,5.01,5.05,4.95,26460,13487676.00,2.00,0.40,0.02,0.57
2019-06-14,5.06,4.99,5.10,4.95,34460,17661483.00,2.99,-0.40,-0.02,0.75
2019-06-17,5.01,4.95,5.01,4.94,19650,9932526.00,1.40,-0.80,-0.04,0.43
2019-06-18,4.94,4.99,5.01,4.91,18146,9165496.00,2.02,0.81,0.04,0.39
2019-06-19,5.07,5.03,5.09,5.00,29024,14887982.00,1.80,0.80,0.04,0.63
2019-06-20,5.01,5.09,5.11,4.99,42490,21936885.00,2.39,1.19,0.06,0.92
2019-06-21,5.09,5.17,5.21,5.09,38995,20502341.00,2.36,1.57,0.08,0.84
2019-06-24,5.18,5.31,5.35,5.13,62983,33702445.00,4.26,2.71,0.14,1.36
2019-06-25,5.26,5.17,5.29,5.10,42701,22503655.00,3.58,-2.64,-0.14,0.92
2019-06-26,5.16,5.26,5.43,5.15,50061,26987983.00,5.42,1.74,0.09,1.08
2019-06-27,5.26,5.20,5.32,5.17,33928,18068756.00,2.85,-1.14,-0.06,0.73
2019-06-28,5.20,5.12,5.23,5.07,23377,12185794.00,3.08,-1.54,-0.08,0.51
2019-07-01,5.18,5.26,5.26,5.18,30113,16006388.00,1.56,2.73,0.14,0.65
2019-07-02,5.26,5.25,5.34,5.24,32190,17283297.00,1.90,-0.19,-0.01,0.70
2019-07-03,5.20,5.25,5.30,5.13,32150,17012588.00,3.24,0.00,0.00,0.70
2019-07-04,5.41,5.78,5.78,5.41,73975,43199271.00,7.05,10.10,0.53,1.60
2019-07-05,5.80,5.66,6.11,5.57,331237,198286794.00,9.34,-2.08,-0.12,7.17
2019-07-08,5.31,5.19,5.41,5.09,187818,99699533.00,5.65,-8.30,-0.47,4.06
2019-07-09,5.11,5.03,5.13,4.91,104341,53265728.00,4.24,-3.08,-0.16,2.26
2019-07-10,4.98,5.05,5.10,4.94,57975,29668448.00,3.18,0.40,0.02,1.25
2019-07-11,5.09,4.93,5.10,4.87,64613,32731970.00,4.55,-2.38,-0.12,1.40
2019-07-12,4.87,4.92,4.96,4.85,31329,15637513.00,2.23,-0.20,-0.01,0.68
2019-07-15,4.92,4.96,5.01,4.85,36953,18578192.00,3.25,0.81,0.04,0.80
2019-07-16,4.94,4.99,5.03,4.92,30054,15248649.00,2.22,0.60,0.03,0.65
2019-07-17,4.98,5.09,5.10,4.97,46270,23723475.00,2.61,2.00,0.10,1.00
2019-07-18,5.04,4.94,5.06,4.93,34165,17288673.00,2.55,-2.95,-0.15,0.74
2019-07-19,4.95,4.96,5.04,4.94,26600,13486918.00,2.02,0.40,0.02,0.58
2019-07-22,4.99,4.83,5.00,4.80,35687,17590649.00,4.03,-2.62,-0.13,0.77
2019-07-23,4.81,4.89,4.90,4.79,24126,11933757.00,2.28,1.24,0.06,0.52
2019-07-24,4.91,4.97,5.00,4.90,27446,13873298.00,2.04,1.64,0.08,0.59
2019-07-25,4.98,4.96,5.01,4.94,21495,10893412.00,1.41,-0.20,-0.01,0.47
2019-07-26,4.96,4.98,5.00,4.93,13890,7029664.00,1.41,0.40,0.02,0.30
2019-07-29,4.98,5.03,5.05,4.94,22108,11257627.00,2.21,1.00,0.05,0.48
2019-07-30,5.02,5.01,5.04,4.99,15172,7747907.00,0.99,-0.40,-0.02,0.33
2019-07-31,5.01,4.95,5.01,4.93,16915,8530663.00,1.60,-1.20,-0.06,0.37
2019-08-01,4.94,4.95,4.98,4.91,13856,6963605.00,1.41,0.00,0.00,0.30
2019-08-02,4.87,4.79,4.87,4.76,33528,16372106.00,2.22,-3.23,-0.16,0.73
2019-08-05,4.83,4.75,4.84,4.75,17095,8341167.00,1.88,-0.84,-0.04,0.37
2019-08-06,4.69,4.50,4.69,4.39,34803,15985021.00,6.32,-5.26,-0.25,0.75
2019-08-07,4.53,4.51,4.63,4.51,16699,7766427.00,2.67,0.22,0.01,0.36
2019-08-08,4.58,4.58,4.59,4.53,18293,8520108.00,1.33,1.55,0.07,0.40
2019-08-09,4.59,4.51,4.64,4.50,15138,7038326.00,3.06,-1.53,-0.07,0.33
2019-08-12,4.55,4.55,4.57,4.49,10990,5067256.00,1.77,0.89,0.04,0.24
2019-08-13,4.51,4.53,4.55,4.42,11958,5468329.00,2.86,-0.44,-0.02,0.26
2019-08-14,4.58,4.56,4.58,4.51,17517,8120155.00,1.55,0.66,0.03,0.38
2019-08-15,4.43,4.50,4.52,4.41,18593,8486978.00,2.41,-1.32,-0.06,0.40
2019-08-16,4.49,4.49,4.53,4.46,15999,7341652.00,1.56,-0.22,-0.01,0.35
2019-08-19,4.51,4.61,4.62,4.47,26889,12528783.00,3.34,2.67,0.12,0.58
2019-08-20,4.63,4.62,4.67,4.59,23488,11080257.00,1.74,0.22,0.01,0.51
2019-08-21,4.60,4.65,4.67,4.60,20257,9572097.00,1.52,0.65,0.03,0.44
2019-08-22,4.65,4.80,4.92,4.63,58862,28755201.00,6.24,3.23,0.15,1.27
2019-08-23,4.75,4.74,4.82,4.68,36763,17782853.00,2.92,-1.25,-0.06,0.80
2019-08-26,4.61,5.22,5.22,4.53,275514,144562146.00,14.56,10.13,0.48,5.96
2019-08-27,5.23,5.31,5.35,5.06,298839,157203412.00,5.56,1.72,0.09,6.47
2019-08-28,5.17,5.09,5.47,5.09,212438,113405836.00,7.16,-4.14,-0.22,4.60
2019-08-29,5.09,5.01,5.17,4.97,127325,65105277.00,3.93,-1.57,-0.08,2.76
2019-08-30,5.01,4.91,5.07,4.83,113391,57256603.00,4.79,-2.00,-0.10,2.45
2019-09-02,4.94,5.08,5.13,4.93,119752,61632641.00,4.07,3.46,0.17,2.59
2019-09-03,5.09,5.02,5.09,4.98,92680,47415308.00,2.17,-1.18,-0.06,2.01
2019-09-04,5.06,5.04,5.09,4.98,56675,29040833.00,2.19,0.40,0.02,1.23
2019-09-05,5.05,5.06,5.11,5.04,76721,39651787.00,1.39,0.40,0.02,1.66
2019-09-06,5.06,5.08,5.10,5.03,52715,27179890.00,1.38,0.40,0.02,1.14
2019-09-09,5.09,5.12,5.12,5.03,61996,32077607.00,1.77,0.79,0.04,1.34
2019-09-10,5.12,5.17,5.18,5.08,56462,29503842.00,1.95,0.98,0.05,1.22
2019-09-11,5.15,5.18,5.20,5.08,65678,34383405.00,2.32,0.19,0.01,1.42
2019-09-12,5.19,5.15,5.19,5.12,32385,16972328.00,1.35,-0.58,-0.03,0.70
2019-09-16,5.15,5.06,5.17,5.05,48786,25315110.00,2.33,-1.75,-0.09,1.06
2019-09-17,5.03,4.92,5.06,4.89,48640,24562274.00,3.36,-2.77,-0.14,1.05
2019-09-18,4.92,4.93,4.97,4.89,26261,13187411.00,1.63,0.20,0.01,0.57
2019-09-19,4.95,5.04,5.07,4.89,31870,16180969.00,3.65,2.23,0.11,0.69
2019-09-20,5.04,4.97,5.05,4.96,32721,16669478.00,1.79,-1.39,-0.07,0.71
2019-09-23,4.98,4.94,4.98,4.86,22304,11148222.00,2.41,-0.60,-0.03,0.48
2019-09-24,4.93,4.96,4.98,4.91,23299,11745582.00,1.42,0.40,0.02,0.50
2019-09-25,4.92,4.82,4.96,4.82,27460,13606081.00,2.82,-2.82,-0.14,0.59
2019-09-26,4.81,4.71,4.86,4.69,24747,12000150.00,3.53,-2.28,-0.11,0.54
2019-09-27,4.74,4.78,4.84,4.71,13706,6696533.00,2.76,1.49,0.07,0.30
2019-09-30,4.74,4.73,4.84,4.72,17035,8262360.00,2.51,-1.05,-0.05,0.37
2019-10-08,4.73,4.69,4.76,4.66,15539,7463097.00,2.11,-0.85,-0.04,0.34
2019-10-09,4.69,4.76,4.76,4.67,16264,7821745.00,1.92,1.49,0.07,0.35
2019-10-10,4.79,4.82,4.83,4.73,11431,5578043.00,2.10,1.26,0.06,0.25
2019-10-11,4.80,4.80,4.83,4.73,25002,12178250.00,2.07,-0.41,-0.02,0.54
2019-10-14,4.82,4.89,4.89,4.80,26950,13333658.00,1.88,1.88,0.09,0.58
2019-10-15,4.89,4.83,4.89,4.79,23528,11541434.00,2.04,-1.23,-0.06,0.51
2019-10-16,4.83,4.75,4.86,4.72,19561,9526495.00,2.90,-1.66,-0.08,0.42
2019-10-17,4.51,4.74,4.84,4.51,15659,7558189.00,6.95,-0.21,-0.01,0.34
2019-10-18,4.71,4.63,4.79,4.57,22937,10864024.00,4.64,-2.32,-0.11,0.50
2019-10-21,4.64,4.62,4.66,4.57,12942,6076229.00,1.94,-0.22,-0.01,0.28
2019-10-22,4.61,4.69,4.69,4.61,15138,7184862.00,1.73,1.52,0.07,0.33
2019-10-23,4.69,4.66,4.72,4.63,12934,6154103.00,1.92,-0.64,-0.03,0.28
2019-10-24,4.64,4.70,4.82,4.64,31262,15025080.00,3.86,0.86,0.04,0.68
2019-10-25,4.68,4.74,4.74,4.63,16298,7783051.00,2.34,0.85,0.04,0.35
2019-10-28,4.75,4.76,4.77,4.68,26952,13013852.00,1.90,0.42,0.02,0.58
2019-10-29,4.74,4.67,4.78,4.67,19796,9540510.00,2.31,-1.89,-0.09,0.43
2019-10-30,4.63,4.59,4.68,4.57,15802,7425654.00,2.36,-1.71,-0.08,0.34
2019-10-31,4.58,4.52,4.63,4.49,16283,7557010.00,3.05,-1.53,-0.07,0.35
2019-11-01,4.51,4.55,4.57,4.46,14353,6626241.00,2.43,0.66,0.03,0.31
2019-11-04,4.58,4.58,4.64,4.57,15400,7233341.00,1.54,0.66,0.03,0.33
2019-11-05,4.58,4.52,4.61,4.50,22219,10251063.00,2.40,-1.31,-0.06,0.48
2019-11-06,4.52,4.45,4.53,4.41,20333,9291430.00,2.65,-1.55,-0.07,0.44
2019-11-07,4.45,4.46,4.50,4.41,17230,7823439.00,2.02,0.22,0.01,0.37
2019-11-08,4.47,4.49,4.55,4.47,20144,9285439.00,1.79,0.67,0.03,0.44
2019-11-11,4.50,4.31,4.50,4.30,23096,10297627.00,4.45,-4.01,-0.18,0.50
2019-11-12,4.31,4.36,4.37,4.26,14330,6308098.00,2.55,1.16,0.05,0.31
2019-11-13,4.35,4.36,4.37,4.32,7444,3308450.00,1.15,0.00,0.00,0.16
2019-11-14,4.33,4.36,4.38,4.33,8309,3696127.00,1.15,0.00,0.00,0.18
2019-11-15,4.37,4.26,4.37,4.26,14079,6179295.00,2.52,-2.29,-0.10,0.30
2019-11-18,4.26,4.28,4.31,4.23,19543,8511582.00,1.88,0.47,0.02,0.42
2019-11-19,4.28,4.35,4.36,4.27,15568,6867490.00,2.10,1.64,0.07,0.34
2019-11-20,4.36,4.35,4.42,4.31,13800,6159353.00,2.53,0.00,0.00,0.30
2019-11-21,4.34,4.34,4.38,4.32,10445,4632409.00,1.38,-0.23,-0.01,0.23
2019-11-22,4.34,4.31,4.39,4.30,19068,8440500.00,2.07,-0.69,-0.03,0.41
2019-11-25,4.31,4.35,4.36,4.26,17069,7513176.00,2.32,0.93,0.04,0.37
2019-11-26,4.36,4.33,4.36,4.30,12582,5548616.00,1.38,-0.46,-0.02,0.27
2019-11-27,4.33,4.33,4.37,4.31,12847,5688112.00,1.39,0.00,0.00,0.28
2019-11-28,4.32,4.37,4.37,4.31,15031,6663120.00,1.39,0.92,0.04,0.33
2019-11-29,4.35,4.40,4.41,4.34,16923,7558879.00,1.60,0.69,0.03,0.37
2019-12-02,4.41,4.41,4.43,4.37,18410,8255207.00,1.36,0.23,0.01,0.40
2019-12-03,4.40,4.48,4.50,4.35,18800,8494028.00,3.40,1.59,0.07,0.41
2019-12-04,4.49,4.51,4.64,4.48,36465,16960964.00,3.57,0.67,0.03,0.79
2019-12-05,4.48,4.54,4.55,4.46,19468,8975609.00,2.00,0.67,0.03,0.42
2019-12-06,4.54,4.53,4.55,4.49,17242,7934074.00,1.32,-0.22,-0.01,0.37
2019-12-09,4.53,4.51,4.56,4.51,10754,4972243.00,1.10,-0.44,-0.02,0.23
2019-12-10,4.51,4.54,4.54,4.46,21171,9702292.00,1.77,0.67,0.03,0.46
2019-12-11,4.52,4.56,4.70,4.48,50321,23613176.00,4.85,0.44,0.02,1.09
2019-12-12,4.56,4.50,4.57,4.48,23661,10902932.00,1.97,-1.32,-0.06,0.51
2019-12-13,4.53,4.52,4.55,4.47,21208,9743482.00,1.78,0.44,0.02,0.46
2019-12-16,4.53,4.57,4.58,4.50,26028,12047496.00,1.77,1.11,0.05,0.56
2019-12-17,4.56,4.62,4.64,4.54,31599,14822653.00,2.19,1.09,0.05,0.68
2019-12-18,4.64,4.64,4.67,4.61,20535,9706285.00,1.30,0.43,0.02,0.44
2019-12-19,4.61,4.67,4.70,4.61,22722,10792789.00,1.94,0.65,0.03,0.49
2019-12-20,4.70,4.61,4.73,4.59,19393,9218541.00,3.00,-1.28,-0.06,0.42
2019-12-23,4.63,4.52,4.64,4.51,22748,10609763.00,2.82,-1.95,-0.09,0.49
2019-12-24,4.54,4.62,4.62,4.51,20142,9394401.00,2.43,2.21,0.10,0.44
2019-12-25,4.61,4.63,4.69,4.59,24585,11642976.00,2.16,0.22,0.01,0.53
2019-12-26,4.61,4.66,4.66,4.60,15784,7464326.00,1.30,0.65,0.03,0.34
2019-12-27,4.69,4.63,4.69,4.60,20046,9526000.00,1.93,-0.64,-0.03,0.43
2019-12-30,4.59,4.68,4.69,4.55,19062,9019884.00,3.02,1.08,0.05,0.41
2019-12-31,4.68,4.71,4.71,4.66,19102,9119141.00,1.07,0.64,0.03,0.41