2024-01-02,19.45,19.33,19.45,19.22,10609,20509779.00,1.19,-0.21,-0.04,1.06
2024-01-03,19.34,19.21,19.42,19.00,12925,24794998.00,2.17,-0.62,-0.12,1.30
2024-01-04,19.25,19.05,19.25,18.94,8057,15336785.00,1.61,-0.83,-0.16,0.81
2024-01-05,19.13,18.77,19.32,18.61,9818,18548347.00,3.73,-1.47,-0.28,0.99
2024-01-08,18.78,18.14,18.78,18.00,11636,21423133.00,4.16,-3.36,-0.63,1.17
2024-01-09,18.20,18.36,18.60,18.18,11484,21122286.00,2.32,1.21,0.22,1.15
2024-01-10,18.37,18.15,18.47,17.90,10654,19367905.00,3.10,-1.14,-0.21,1.07
2024-01-11,18.24,18.52,18.54,18.09,8818,16177583.00,2.48,2.04,0.37,0.89
2024-01-12,18.50,18.16,18.57,18.11,9522,17475358.00,2.48,-1.94,-0.36,0.96
2024-01-15,18.17,18.15,18.31,17.98,9477,17183552.00,1.82,-0.06,-0.01,0.95
2024-01-16,18.15,17.95,18.28,17.65,10937,19541605.00,3.47,-1.10,-0.20,1.10
2024-01-17,17.95,17.61,18.06,17.55,9319,16566964.00,2.84,-1.89,-0.34,0.94
2024-01-18,17.77,17.64,17.84,16.93,15182,26309690.00,5.17,0.17,0.03,1.52
2024-01-19,17.64,17.18,17.64,17.16,12573,21804649.00,2.72,-2.61,-0.46,1.26
2024-01-22,17.15,16.04,17.41,15.80,14113,23426497.00,9.37,-6.64,-1.14,1.42
2024-01-23,15.98,15.83,16.48,15.56,14813,23344079.00,5.74,-1.31,-0.21,1.49
2024-01-24,15.82,15.82,16.06,15.15,16340,25512918.00,5.75,-0.06,-0.01,1.61
2024-01-25,15.88,16.73,16.77,15.69,16641,27203821.00,6.83,5.75,0.91,1.64
2024-01-26,16.78,16.69,16.86,16.52,12538,20920630.00,2.03,-0.24,-0.04,1.24
2024-01-29,16.68,16.00,16.77,15.84,13375,21544202.00,5.57,-4.13,-0.69,1.32
2024-01-30,16.00,15.30,16.00,15.00,11231,17441756.00,6.25,-4.38,-0.70,1.11
2024-01-31,15.50,14.15,15.50,14.14,21713,31619712.00,8.89,-7.52,-1.15,2.15
2024-02-01,14.15,13.93,14.50,13.51,18167,25218325.00,7.00,-1.55,-0.22,1.80
2024-02-02,13.92,13.00,14.31,12.22,23005,30384319.00,15.00,-6.68,-0.93,2.27
2024-02-05,12.88,10.40,12.99,10.40,56600,61467499.00,19.92,-20.00,-2.60,5.59
2024-02-06,9.42,10.25,10.66,8.65,61436,58953741.00,19.33,-1.44,-0.15,6.07
2024-02-07,10.02,9.41,10.49,8.61,50622,47665036.00,18.34,-8.20,-0.84,5.00
2024-02-08,9.22,10.42,10.68,9.01,39082,38577629.00,17.75,10.73,1.01,3.86
2024-02-19,10.51,11.64,11.95,10.50,42375,48390922.00,13.92,11.71,1.22,4.19
2024-02-20,11.63,11.76,11.84,11.28,24420,28257367.00,4.81,1.03,0.12,2.41
2024-02-21,11.70,12.13,12.61,11.51,22856,27989497.00,9.35,3.15,0.37,2.26
2024-02-22,12.09,12.80,12.85,12.09,23717,29769025.00,6.27,5.52,0.67,2.34
2024-02-23,12.88,13.38,13.48,12.88,23777,31448542.00,4.69,4.53,0.58,2.35
2024-02-26,13.64,13.93,14.55,13.18,30101,41912985.00,10.24,4.11,0.55,2.97
2024-02-27,13.84,15.04,15.17,13.80,28364,41397533.00,9.83,7.97,1.11,2.80
2024-02-28,15.20,13.13,15.70,13.13,51259,73063245.00,17.09,-12.70,-1.91,5.07
2024-02-29,13.03,13.69,13.97,13.03,29360,39975226.00,7.16,4.27,0.56,2.90
2024-03-01,13.69,14.32,14.32,13.63,26375,37289449.00,5.04,4.60,0.63,2.61
2024-03-04,14.39,14.15,14.68,13.75,20334,28781375.00,6.49,-1.19,-0.17,2.01
2024-03-05,14.20,13.93,14.50,13.92,19599,27664127.00,4.10,-1.55,-0.22,1.94
2024-03-06,13.88,13.93,14.18,13.46,21093,29152401.00,5.17,0.00,0.00,2.08
2024-03-07,13.90,13.83,14.36,13.81,17863,25141942.00,3.95,-0.72,-0.10,1.77
2024-03-08,13.85,14.42,14.45,13.76,19037,27102018.00,4.99,4.27,0.59,1.88
2024-03-11,14.28,14.40,14.59,14.08,15459,22115146.00,3.54,-0.14,-0.02,1.53
2024-03-12,14.42,14.62,14.78,14.31,15156,22100704.00,3.26,1.53,0.22,1.50
2024-03-13,14.59,14.84,15.03,14.56,17754,26218352.00,3.21,1.50,0.22,1.75
2024-03-14,14.80,14.58,14.95,14.38,11823,17344615.00,3.84,-1.75,-0.26,1.17
2024-03-15,14.61,14.85,14.87,14.50,10469,15368495.00,2.54,1.85,0.27,1.03
2024-03-18,15.00,15.96,16.08,15.00,23371,36476761.00,7.27,7.47,1.11,2.31
2024-03-19,16.01,15.53,16.16,15.46,21214,33267875.00,4.39,-2.69,-0.43,2.10
2024-03-20,15.54,15.66,15.68,15.51,10148,15834540.00,1.09,0.84,0.13,1.00
2024-03-21,15.70,15.67,15.79,15.44,11585,18109099.00,2.23,0.06,0.01,1.14
2024-03-22,15.55,15.31,15.67,15.20,12392,19051710.00,3.00,-2.30,-0.36,1.22
2024-03-25,15.60,14.84,15.65,14.81,21805,32943006.00,5.49,-3.07,-0.47,2.16
2024-03-26,14.81,14.71,15.15,14.57,14028,20815939.00,3.91,-0.88,-0.13,1.39
2024-03-27,14.65,14.02,14.75,14.01,13987,20150747.00,5.03,-4.69,-0.69,1.38
2024-03-28,14.02,14.96,15.09,14.02,15211,22421937.00,7.63,6.70,0.94,1.50
2024-03-29,14.70,15.27,15.30,14.66,14367,21556693.00,4.28,2.07,0.31,1.42
2024-04-01,15.39,15.42,15.62,15.15,19665,30252554.00,3.08,0.98,0.15,1.94
2024-04-02,15.42,15.60,15.78,15.27,18348,28483446.00,3.31,1.17,0.18,1.81
2024-04-03,15.61,15.29,15.63,14.95,16252,24763073.00,4.36,-1.99,-0.31,1.61
2024-04-08,15.17,14.36,15.18,14.30,18390,26869819.00,5.76,-6.08,-0.93,1.82
2024-04-09,14.36,14.47,14.73,14.25,13482,19473344.00,3.34,0.77,0.11,1.33
2024-04-10,14.41,13.84,14.51,13.70,12041,16803199.00,5.60,-4.35,-0.63,1.19
2024-04-11,13.81,13.92,14.34,13.78,8844,12455212.00,4.05,0.58,0.08,0.87
2024-04-12,13.88,13.98,14.35,13.88,8409,11870590.00,3.38,0.43,0.06,0.83
2024-04-15,13.81,12.58,14.29,12.52,22796,29570896.00,12.66,-10.01,-1.40,2.25
2024-04-16,12.61,10.94,12.99,10.63,29136,32426803.00,18.76,-13.04,-1.64,2.88
2024-04-17,11.22,12.53,12.55,11.22,22356,26983705.00,12.16,14.53,1.59,2.21
2024-04-18,12.34,12.19,12.62,12.03,18408,22596814.00,4.71,-2.71,-0.34,1.82
2024-04-19,12.29,12.23,12.35,11.76,14834,17873688.00,4.84,0.33,0.04,1.47
2024-04-22,12.23,12.02,12.28,11.49,12421,14845157.00,6.46,-1.72,-0.21,1.23
2024-04-23,12.10,12.64,12.70,12.02,20403,25337768.00,5.66,5.16,0.62,2.02
2024-04-24,12.61,13.14,13.27,12.50,14578,18939508.00,6.09,3.96,0.50,1.44
2024-04-25,13.14,13.37,13.51,12.94,12564,16757905.00,4.34,1.75,0.23,1.24
2024-04-26,13.45,13.78,13.95,13.37,14952,20503254.00,4.34,3.07,0.41,1.48
2024-04-29,13.77,14.27,14.35,13.63,13288,18717168.00,5.22,3.56,0.49,1.31
2024-04-30,14.27,14.30,14.48,14.05,11302,16103307.00,3.01,0.21,0.03,1.12
2024-05-06,14.30,14.71,14.73,14.19,11459,16619661.84,3.78,2.87,0.41,1.13