MjAxOC0wMS0wMiw0LjU4LDQuNTksNC42Niw0LjU2LDEwNTcxMiw0ODc5MTUzMy4wMCwyLjE4LDAuMjIsMC4wMSwwLjY0
2018-01-03,4.60,4.65,4.71,4.57,137880,64043011.00,3.05,1.31,0.06,0.84
2018-01-04,4.63,4.62,4.66,4.61,70953,32826864.00,1.08,-0.65,-0.03,0.43
2018-01-05,4.61,4.63,4.69,4.59,121580,56531172.00,2.16,0.22,0.01,0.74
2018-01-08,4.67,4.72,4.80,4.66,152478,71705556.00,3.02,1.94,0.09,0.93
2018-01-09,4.69,4.71,4.78,4.67,130490,61584869.00,2.33,-0.21,-0.01,0.79
2018-01-10,4.69,4.65,4.70,4.61,95424,44352866.00,1.91,-1.27,-0.06,0.58
2018-01-11,4.63,4.65,4.66,4.61,71311,33074348.00,1.08,0.00,0.00,0.43
2018-01-12,4.63,4.72,4.75,4.63,153056,71964622.00,2.58,1.51,0.07,0.93
2018-01-15,4.70,4.57,4.70,4.57,129231,59683161.00,2.75,-3.18,-0.15,0.79
2018-01-16,4.56,4.60,4.64,4.54,77113,35439808.00,2.19,0.66,0.03,0.47
2018-01-17,4.61,4.61,4.64,4.53,70419,32280027.00,2.39,0.22,0.01,0.43
2018-01-18,4.61,4.64,4.66,4.58,69396,32155962.00,1.74,0.65,0.03,0.42
2018-01-19,4.64,4.69,4.72,4.61,120022,56067927.00,2.37,1.08,0.05,0.73
2018-01-22,4.71,4.82,4.84,4.66,198863,94839535.00,3.84,2.77,0.13,1.21
2018-01-23,4.82,4.76,4.82,4.74,130126,61924654.00,1.66,-1.24,-0.06,0.79
2018-01-24,4.76,4.71,4.76,4.69,111613,52566438.00,1.47,-1.05,-0.05,0.68
2018-01-25,4.70,4.71,4.73,4.67,78061,36714131.00,1.27,0.00,0.00,0.48
2018-01-26,4.70,4.67,4.73,4.66,78059,36613912.00,1.49,-0.85,-0.04,0.48
2018-01-29,4.36,4.22,4.36,4.20,419672,178891424.00,3.43,-9.64,-0.45,2.56
2018-01-30,4.18,4.21,4.23,4.16,98074,41192272.00,1.66,-0.24,-0.01,0.60
2018-01-31,4.21,4.04,4.21,4.01,175078,71852837.00,4.75,-4.04,-0.17,1.07
2018-02-01,4.04,3.64,4.07,3.64,361969,135745439.00,10.64,-9.90,-0.40,2.20
2018-02-02,3.54,3.59,3.63,3.47,151831,54278928.00,4.40,-1.37,-0.05,0.92
2018-02-05,3.55,3.58,3.61,3.51,81152,28955359.00,2.79,-0.28,-0.01,0.49
2018-02-06,3.52,3.49,3.65,3.48,138628,49550671.00,4.75,-2.51,-0.09,0.84
2018-02-07,3.55,3.58,3.58,3.43,129520,45943359.00,4.30,2.58,0.09,0.79
2018-02-08,3.58,3.62,3.66,3.57,91746,33201214.00,2.51,1.12,0.04,0.56
2018-02-09,3.55,3.44,3.57,3.42,122855,42601115.00,4.14,-4.97,-0.18,0.75
2018-02-12,3.45,3.53,3.58,3.45,80284,28313571.00,3.78,2.62,0.09,0.49
2018-02-13,3.53,3.51,3.58,3.51,63909,22633276.00,1.98,-0.57,-0.02,0.39
2018-02-14,3.52,3.65,3.65,3.51,97357,34904661.00,3.99,3.99,0.14,0.59
2018-02-22,3.68,3.69,3.81,3.62,152308,56529747.00,5.21,1.10,0.04,0.93
2018-02-23,3.67,3.66,3.69,3.61,107582,39171039.00,2.17,-0.81,-0.03,0.66
2018-02-26,3.67,3.71,3.72,3.66,99506,36761823.00,1.64,1.37,0.05,0.61
2018-02-27,3.71,3.72,3.75,3.69,82228,30585989.00,1.62,0.27,0.01,0.50
2018-02-28,3.69,3.72,3.76,3.67,76927,28627193.00,2.42,0.00,0.00,0.47
2018-03-01,3.70,3.81,3.85,3.69,138100,52471616.00,4.30,2.42,0.09,0.84
2018-03-02,3.76,3.89,3.97,3.72,243246,93513662.00,6.56,2.10,0.08,1.48
2018-03-05,3.86,3.88,3.94,3.83,115978,45034279.00,2.83,-0.26,-0.01,0.71
2018-03-06,3.88,3.92,3.99,3.85,106264,41674121.00,3.61,1.03,0.04,0.65
2018-03-07,3.92,3.92,3.98,3.90,74897,29496984.00,2.04,0.00,0.00,0.46
2018-03-08,3.93,3.89,3.96,3.85,87536,34179204.00,2.81,-0.77,-0.03,0.53
2018-03-09,3.88,3.94,3.94,3.85,83357,32495603.00,2.31,1.29,0.05,0.51
2018-03-12,3.92,3.96,3.98,3.92,104050,41105751.00,1.52,0.51,0.02,0.63
2018-03-13,3.94,4.02,4.15,3.93,164292,66369429.00,5.56,1.52,0.06,1.00
2018-03-14,4.00,3.93,4.00,3.91,103271,40794926.00,2.24,-2.24,-0.09,0.63
2018-03-15,3.93,3.92,4.01,3.90,87039,34345105.00,2.80,-0.25,-0.01,0.53
2018-03-16,3.89,4.31,4.31,3.89,241110,100511644.00,10.71,9.95,0.39,1.47
2018-03-19,4.19,4.25,4.41,4.11,408532,173843680.00,6.96,-1.39,-0.06,2.49
2018-03-20,4.18,4.08,4.20,4.06,225295,92809064.00,3.29,-4.00,-0.17,1.37
2018-03-21,4.08,4.08,4.18,4.06,146934,60573410.00,2.94,0.00,0.00,0.89
2018-03-22,4.05,4.05,4.08,4.00,101026,40837982.00,1.96,-0.74,-0.03,0.62
2018-03-23,3.96,3.75,3.96,3.69,176763,67848218.00,6.67,-7.41,-0.30,1.08
2018-03-26,3.65,3.77,3.80,3.61,82136,30635960.00,5.07,0.53,0.02,0.50
2018-03-27,3.81,3.88,3.91,3.79,84399,32630424.00,3.18,2.92,0.11,0.51
2018-03-28,3.82,3.90,3.95,3.80,113771,44221751.00,3.87,0.52,0.02,0.69
2018-03-29,3.90,3.92,3.93,3.86,60095,23442514.00,1.79,0.51,0.02,0.37
2018-03-30,3.93,4.04,4.06,3.92,123588,49423256.00,3.57,3.06,0.12,0.75
2018-04-02,3.99,4.08,4.13,3.99,150139,61418835.00,3.47,0.99,0.04,0.91
2018-04-03,4.02,4.19,4.20,4.01,253466,104792095.00,4.66,2.70,0.11,1.54
2018-04-04,4.19,4.04,4.22,4.03,182374,74721955.00,4.53,-3.58,-0.15,1.11
2018-04-09,4.20,4.44,4.44,4.01,345569,149322741.00,10.64,9.90,0.40,2.10
2018-04-10,4.57,4.45,4.88,4.42,1109555,512290640.00,10.36,0.23,0.01,6.76
2018-04-11,4.10,4.32,4.44,4.06,722001,304968224.00,8.54,-2.92,-0.13,4.40
2018-04-12,4.23,4.39,4.45,4.23,447499,193768217.00,5.09,1.62,0.07,2.73
2018-04-13,4.30,4.17,4.33,4.14,306096,129517428.00,4.33,-5.01,-0.22,1.86
2018-04-16,4.59,4.59,4.59,4.59,123336,56611224.00,0.00,10.07,0.42,0.75
2018-04-17,4.69,4.25,4.80,4.13,854528,378933248.00,14.60,-7.41,-0.34,5.20
2018-04-18,4.10,4.12,4.17,3.95,375662,153531768.00,5.18,-3.06,-0.13,2.29
2018-04-19,4.12,4.09,4.19,4.08,247615,102336635.00,2.67,-0.73,-0.03,1.51
2018-04-20,4.04,3.89,4.04,3.88,246053,96959476.00,3.91,-4.89,-0.20,1.50
2018-04-23,3.90,3.81,3.91,3.77,132625,50988455.00,3.60,-2.06,-0.08,0.81
2018-04-24,3.84,3.88,3.94,3.82,106796,41382374.00,3.15,1.84,0.07,0.65
2018-04-25,3.85,3.90,3.93,3.81,113357,43854847.00,3.09,0.52,0.02,0.69
2018-04-26,3.86,3.76,3.89,3.76,108646,41584079.00,3.33,-3.59,-0.14,0.66
2018-04-27,3.78,3.79,3.86,3.77,68974,26275323.00,2.39,0.80,0.03,0.42
2018-05-02,3.83,3.73,3.83,3.67,80126,30126244.00,4.22,-1.58,-0.06,0.49
2018-05-03,3.73,3.79,3.83,3.70,91349,34560250.00,3.49,1.61,0.06,0.56
2018-05-04,3.78,3.77,3.80,3.76,56186,21224178.00,1.06,-0.53,-0.02,0.34
2018-05-07,3.78,3.83,3.84,3.78,62421,23831587.00,1.59,1.59,0.06,0.38
2018-05-08,3.84,3.91,3.92,3.82,113898,44155390.00,2.61,2.09,0.08,0.69
2018-05-09,3.90,3.89,3.95,3.86,97121,37909870.00,2.30,-0.51,-0.02,0.59
2018-05-10,3.89,3.90,3.95,3.86,100613,39246682.00,2.31,0.26,0.01,0.61
2018-05-11,3.89,3.93,4.01,3.83,184180,72282446.00,4.62,0.77,0.03,1.12
2018-05-14,3.88,3.82,3.89,3.80,107130,41197273.00,2.29,-2.80,-0.11,0.65
2018-05-15,3.83,3.84,3.86,3.79,72364,27703777.00,1.83,0.52,0.02,0.44
2018-05-16,3.84,3.83,3.90,3.81,95083,36727359.00,2.34,-0.26,-0.01,0.58
2018-05-17,3.81,3.76,3.84,3.75,104431,39611985.00,2.35,-1.83,-0.07,0.64
2018-05-18,3.74,3.83,3.85,3.74,89987,34236671.00,2.93,1.86,0.07,0.55
2018-05-21,3.85,3.94,4.00,3.82,193754,76262295.00,4.70,2.87,0.11,1.18
2018-05-22,3.94,3.90,3.94,3.86,119429,46487256.00,2.03,-1.02,-0.04,0.73
2018-05-23,3.90,4.09,4.26,3.87,551906,226821852.00,10.00,4.87,0.19,3.36
2018-05-24,4.06,4.29,4.40,4.02,642337,273749984.00,9.29,4.89,0.20,3.91
2018-05-25,4.22,4.13,4.30,4.10,391480,163918934.00,4.66,-3.73,-0.16,2.38
2018-05-28,4.12,4.00,4.19,3.93,266490,107373069.00,6.30,-3.15,-0.13,1.62
2018-05-29,4.00,3.85,4.06,3.85,225889,89263353.00,5.25,-3.75,-0.15,1.38
2018-05-30,3.82,3.74,3.89,3.66,176604,66925038.00,5.97,-2.86,-0.11,1.08
2018-05-31,3.75,3.82,3.85,3.75,123359,46815890.00,2.67,2.14,0.08,0.75
2018-06-01,3.79,3.75,3.83,3.70,93492,35309973.00,3.40,-1.83,-0.07,0.57
2018-06-04,3.93,4.06,4.13,3.82,455313,184482664.00,8.27,8.27,0.31,2.77
2018-06-05,4.00,3.98,4.00,3.91,286803,113509852.00,2.22,-1.97,-0.08,1.75
2018-06-06,3.96,3.85,3.97,3.85,193727,75491470.00,3.02,-3.27,-0.13,1.18
2018-06-07,3.85,3.95,3.98,3.83,172005,67136840.00,3.90,2.60,0.10,1.05
2018-06-08,3.91,3.87,3.93,3.83,134713,52124763.00,2.53,-2.03,-0.08,0.82
2018-06-11,3.84,3.78,3.85,3.76,108138,40998497.00,2.33,-2.33,-0.09,0.66
2018-06-12,3.80,3.82,3.84,3.75,70506,26810790.00,2.38,1.06,0.04,0.43
2018-06-13,3.80,3.85,3.93,3.78,152233,58829007.00,3.93,0.79,0.03,0.93
2018-06-14,3.82,3.79,3.86,3.77,86621,32979545.00,2.34,-1.56,-0.06,0.53
2018-06-15,3.78,3.65,3.84,3.60,183811,67657276.00,6.33,-3.69,-0.14,1.12
2018-06-19,3.59,3.32,3.59,3.29,225015,76087643.00,8.22,-9.04,-0.33,1.37
2018-06-20,3.31,3.40,3.50,3.30,136653,46134544.00,6.02,2.41,0.08,0.83
2018-06-21,3.38,3.31,3.44,3.30,95691,32105152.00,4.12,-2.65,-0.09,0.58
2018-06-22,3.31,3.35,3.36,3.26,76772,25518909.00,3.02,1.21,0.04,0.47
2018-06-25,3.39,3.31,3.39,3.31,59868,20067566.00,2.39,-1.19,-0.04,0.36
2018-06-26,3.30,3.36,3.45,3.22,88596,29712137.00,6.95,1.51,0.05,0.54
2018-06-27,3.35,3.36,3.46,3.34,99557,33812428.00,3.57,0.00,0.00,0.61
2018-06-28,3.37,3.34,3.39,3.31,64472,21602324.00,2.38,-0.60,-0.02,0.39
2018-06-29,3.36,3.43,3.44,3.32,93389,31786367.00,3.59,2.69,0.09,0.57
2018-07-02,3.44,3.41,3.54,3.35,140178,48442620.00,5.54,-0.58,-0.02,0.85
2018-07-03,3.40,3.42,3.44,3.34,92408,31379990.00,2.93,0.29,0.01,0.56
2018-07-04,3.42,3.35,3.42,3.34,55045,18547904.00,2.34,-2.05,-0.07,0.34
2018-07-05,3.35,3.29,3.45,3.28,99135,33338202.00,5.07,-1.79,-0.06,0.60
2018-07-06,3.31,3.16,3.32,3.01,174779,55191334.00,9.42,-3.95,-0.13,1.06
2018-07-09,3.15,3.19,3.21,3.12,56222,17850260.00,2.85,0.95,0.03,0.34
2018-07-10,3.18,3.21,3.21,3.17,54217,17311806.00,1.25,0.63,0.02,0.33
2018-07-11,3.17,3.10,3.17,3.05,80675,24971750.00,3.74,-3.43,-0.11,0.49
2018-07-12,3.09,3.15,3.18,3.08,63951,20112459.00,3.23,1.61,0.05,0.39
2018-07-13,3.17,3.18,3.19,3.15,47365,15021170.00,1.27,0.95,0.03,0.29
2018-07-16,3.15,3.12,3.15,3.07,79344,24585324.00,2.52,-1.89,-0.06,0.48
2018-07-17,3.12,3.12,3.18,3.08,96523,30272865.00,3.21,0.00,0.00,0.59
2018-07-18,3.12,3.12,3.15,3.09,135724,42339909.00,1.92,0.00,0.00,0.83
2018-07-19,3.12,3.04,3.12,3.03,94310,29036266.00,2.88,-2.56,-0.08,0.57
2018-07-20,3.03,3.03,3.14,2.98,142808,43617233.00,5.26,-0.33,-0.01,0.87
2018-07-23,3.01,3.05,3.12,3.01,174066,53087903.00,3.63,0.66,0.02,1.06
2018-07-24,3.03,3.10,3.13,3.03,200344,61960486.00,3.28,1.64,0.05,1.22
2018-07-25,3.09,3.19,3.25,3.08,275134,86805130.00,5.48,2.90,0.09,1.68
2018-07-26,3.17,3.17,3.21,3.13,223843,70969478.00,2.51,-0.63,-0.02,1.36
2018-07-27,3.17,3.28,3.49,3.16,406171,135797256.00,10.41,3.47,0.11,2.47
2018-07-30,3.22,3.11,3.24,3.07,264195,83023572.00,5.18,-5.18,-0.17,1.61
2018-07-31,3.09,3.12,3.15,3.09,107747,33568768.00,1.93,0.32,0.01,0.66
2018-08-01,3.14,3.08,3.15,3.08,101730,31721253.00,2.24,-1.28,-0.04,0.62
2018-08-02,3.09,3.00,3.09,2.89,149291,44719292.00,6.49,-2.60,-0.08,0.91
2018-08-03,3.00,3.00,3.04,2.98,75628,22761512.00,2.00,0.00,0.00,0.46
2018-08-06,2.98,2.92,2.99,2.91,83668,24657963.00,2.67,-2.67,-0.08,0.51
2018-08-07,2.92,3.00,3.01,2.92,72436,21483858.00,3.08,2.74,0.08,0.44
2018-08-08,3.01,2.96,3.01,2.96,55746,16636012.00,1.67,-1.33,-0.04,0.34
2018-08-09,2.96,3.00,3.03,2.94,69323,20805855.00,3.04,1.35,0.04,0.42
2018-08-10,3.00,3.01,3.01,2.96,72114,21566482.00,1.67,0.33,0.01,0.44
2018-08-13,2.98,2.98,2.99,2.93,59557,17596459.00,1.99,-1.00,-0.03,0.36
2018-08-14,2.97,2.98,3.00,2.95,44021,13085127.00,1.68,0.00,0.00,0.27
2018-08-15,2.98,2.94,2.99,2.93,42286,12466412.00,2.01,-1.34,-0.04,0.26
2018-08-16,2.93,2.90,2.94,2.89,50011,14571769.00,1.70,-1.36,-0.04,0.30
2018-08-17,2.92,2.78,2.94,2.77,71862,20482545.00,5.86,-4.14,-0.12,0.44
2018-08-20,2.78,2.81,2.82,2.74,73286,20415272.00,2.88,1.08,0.03,0.45
2018-08-21,2.81,2.81,2.85,2.78,45512,12817732.00,2.49,0.00,0.00,0.28
2018-08-22,2.80,2.87,2.97,2.79,118817,34029265.00,6.41,2.14,0.06,0.72
2018-08-23,2.85,2.86,2.88,2.82,63950,18257305.00,2.09,-0.35,-0.01,0.39
2018-08-24,2.85,2.91,2.94,2.84,89337,25908651.00,3.50,1.75,0.05,0.54
2018-08-27,2.92,2.92,2.93,2.87,84152,24432155.00,2.06,0.34,0.01,0.51
2018-08-28,2.91,2.90,2.93,2.88,51697,14996194.00,1.71,-0.68,-0.02,0.31
2018-08-29,2.91,2.85,2.91,2.85,32282,9265214.00,2.07,-1.72,-0.05,0.20
2018-08-30,2.85,2.78,2.88,2.78,56799,15973290.00,3.51,-2.46,-0.07,0.35
2018-08-31,2.79,2.78,2.80,2.75,41147,11435993.00,1.80,0.00,0.00,0.25
2018-09-03,2.78,2.80,2.81,2.75,47301,13147212.00,2.16,0.72,0.02,0.29
2018-09-04,2.80,2.81,2.84,2.79,44677,12569013.00,1.79,0.36,0.01,0.27
2018-09-05,2.81,2.79,2.84,2.78,39664,11156330.00,2.14,-0.71,-0.02,0.24
2018-09-06,2.79,2.74,2.81,2.70,47525,13131964.00,3.94,-1.79,-0.05,0.29
2018-09-07,2.74,2.74,2.78,2.70,80159,22014792.00,2.92,0.00,0.00,0.49
2018-09-10,2.74,2.64,2.76,2.64,63877,17237799.00,4.38,-3.65,-0.10,0.39
2018-09-11,2.60,2.68,2.72,2.60,76162,20353328.00,4.55,1.52,0.04,0.46
2018-09-12,2.68,2.68,2.71,2.61,49243,13208190.00,3.73,0.00,0.00,0.30
2018-09-13,2.69,2.73,2.74,2.69,66814,18196051.00,1.87,1.87,0.05,0.41
2018-09-14,2.85,2.73,2.93,2.73,122198,34338230.00,7.33,0.00,0.00,0.74
2018-09-17,2.72,2.61,2.74,2.60,136925,36346758.00,5.13,-4.40,-0.12,0.83
2018-09-18,2.62,2.61,2.63,2.56,153032,39687562.00,2.68,0.00,0.00,0.93
2018-09-19,2.59,2.64,2.66,2.59,123822,32511665.00,2.68,1.15,0.03,0.75
2018-09-20,2.63,2.66,2.66,2.62,83788,22148399.00,1.52,0.76,0.02,0.51
2018-09-21,2.66,2.71,2.75,2.63,167793,45274558.00,4.51,1.88,0.05,1.02
2018-09-25,2.69,2.70,2.72,2.67,88664,23878370.00,1.85,-0.37,-0.01,0.54
2018-09-26,2.70,2.70,2.74,2.68,85282,23057203.00,2.22,0.00,0.00,0.52
2018-09-27,2.71,2.64,2.74,2.64,102439,27667810.00,3.70,-2.22,-0.06,0.62
2018-09-28,2.64,2.68,2.69,2.63,87322,23319271.00,2.27,1.52,0.04,0.53
2018-10-08,2.64,2.65,2.70,2.62,87197,23176231.00,2.99,-1.12,-0.03,0.53
2018-10-09,2.65,2.60,2.67,2.57,79820,20935110.00,3.77,-1.89,-0.05,0.49
2018-10-10,2.60,2.58,2.62,2.58,53980,13995193.00,1.54,-0.77,-0.02,0.33
2018-10-11,2.50,2.32,2.50,2.32,174015,41205220.00,6.98,-10.08,-0.26,1.06
2018-10-12,2.28,2.20,2.30,2.13,238359,52420828.00,7.33,-5.17,-0.12,1.45
2018-10-15,2.19,2.09,2.20,2.06,153698,33119069.00,6.36,-5.00,-0.11,0.94
2018-10-16,2.11,2.08,2.15,2.05,122013,25786889.00,4.78,-0.48,-0.01,0.74
2018-10-17,2.21,2.14,2.25,2.10,185708,40118838.00,7.21,2.88,0.06,1.13
2018-10-18,2.12,2.01,2.13,1.99,153124,31314358.00,6.54,-6.07,-0.13,0.93
2018-10-19,1.96,2.05,2.07,1.95,115560,23471474.00,5.97,1.99,0.04,0.70
2018-10-22,2.08,2.15,2.18,2.07,169307,36223607.00,5.37,4.88,0.10,1.03
2018-10-23,2.17,2.15,2.22,2.14,137840,29960481.00,3.72,0.00,0.00,0.84
2018-10-24,2.14,2.14,2.18,2.12,89349,19215373.00,2.79,-0.47,-0.01,0.54
2018-10-25,2.09,2.19,2.27,2.07,202512,44084064.00,9.35,2.34,0.05,1.23
2018-10-26,2.21,2.22,2.25,2.17,158167,34990577.00,3.65,1.37,0.03,0.96
2018-10-29,2.21,2.13,2.21,2.12,126797,27327813.00,4.05,-4.05,-0.09,0.77
2018-10-30,2.14,2.22,2.22,2.13,131220,28558429.00,4.23,4.23,0.09,0.80
2018-10-31,2.22,2.23,2.26,2.20,134748,30100455.00,2.70,0.45,0.01,0.82
2018-11-01,2.21,2.24,2.27,2.21,112134,25176072.00,2.69,0.45,0.01,0.68
2018-11-02,2.27,2.27,2.28,2.24,158470,35887008.00,1.79,1.34,0.03,0.97
2018-11-05,2.26,2.33,2.33,2.26,139567,32089345.00,3.08,2.64,0.06,0.85
2018-11-06,2.31,2.28,2.32,2.25,170380,38766413.00,3.00,-2.15,-0.05,1.04
2018-11-07,2.30,2.28,2.32,2.25,141306,32444049.00,3.07,0.00,0.00,0.86
2018-11-08,2.31,2.31,2.35,2.28,136118,31448067.00,3.07,1.32,0.03,0.83
2018-11-09,2.30,2.26,2.30,2.25,118160,26835624.00,2.16,-2.16,-0.05,0.72
2018-11-12,2.27,2.40,2.42,2.27,292648,68912124.00,6.64,6.19,0.14,1.78
2018-11-13,2.36,2.49,2.50,2.36,266951,65240526.00,5.83,3.75,0.09,1.63
2018-11-14,2.51,2.51,2.66,2.50,358904,92570891.00,6.43,0.80,0.02,2.19
2018-11-15,2.57,2.56,2.68,2.52,284839,73768867.00,6.37,1.99,0.05,1.73
2018-11-16,2.57,2.53,2.60,2.52,197894,50471205.00,3.13,-1.17,-0.03,1.21
2018-11-19,2.58,2.56,2.63,2.51,182193,46506399.00,4.74,1.19,0.03,1.11
2018-11-20,2.53,2.40,2.55,2.40,197562,48731676.00,5.86,-6.25,-0.16,1.20
2018-11-21,2.37,2.45,2.47,2.37,143494,34977619.00,4.17,2.08,0.05,0.87
2018-11-22,2.49,2.53,2.62,2.45,229848,57726078.00,6.94,3.27,0.08,1.40
2018-11-23,2.54,2.33,2.56,2.33,223066,54003718.00,9.09,-7.91,-0.20,1.36
2018-11-26,2.32,2.36,2.44,2.32,185377,44179160.00,5.15,1.29,0.03,1.13
2018-11-27,2.37,2.41,2.44,2.36,112553,27087059.00,3.39,2.12,0.05,0.69
2018-11-28,2.43,2.49,2.52,2.37,204665,50294960.00,6.22,3.32,0.08,1.25
2018-11-29,2.51,2.38,2.53,2.35,175736,42869637.00,7.23,-4.42,-0.11,1.07
2018-11-30,2.39,2.36,2.41,2.31,106589,25162395.00,4.20,-0.84,-0.02,0.65
2018-12-03,2.40,2.60,2.60,2.40,313980,78944897.00,8.47,10.17,0.24,1.91
2018-12-04,2.71,2.67,2.80,2.66,777949,211925075.00,5.38,2.69,0.07,4.74
2018-12-05,2.53,2.59,2.74,2.51,542915,140182149.00,8.61,-3.00,-0.08,3.31
2018-12-06,2.59,2.48,2.63,2.48,312521,79256399.00,5.79,-4.25,-0.11,1.90
2018-12-07,2.51,2.44,2.54,2.43,207347,51256791.00,4.44,-1.61,-0.04,1.26
2018-12-10,2.42,2.68,2.68,2.41,553212,143925520.00,11.07,9.84,0.24,3.37
2018-12-11,2.66,2.59,2.68,2.58,640778,167669900.00,3.73,-3.36,-0.09,3.90
2018-12-12,2.61,2.60,2.72,2.57,505415,133198901.00,5.79,0.39,0.01,3.08
2018-12-13,2.60,2.57,2.62,2.51,372217,94943558.00,4.23,-1.15,-0.03,2.27
2018-12-14,2.54,2.55,2.67,2.53,385938,99912128.00,5.45,-0.78,-0.02,2.35
2018-12-17,2.55,2.50,2.57,2.46,316149,78862595.00,4.31,-1.96,-0.05,1.93
2018-12-18,2.45,2.49,2.54,2.42,264527,65314833.00,4.80,-0.40,-0.01,1.61
2018-12-19,2.47,2.34,2.48,2.34,283971,68193060.00,5.62,-6.02,-0.15,1.73
2018-12-20,2.34,2.31,2.36,2.28,199533,46189395.00,3.42,-1.28,-0.03,1.22
2018-12-21,2.31,2.26,2.35,2.25,149086,33840315.00,4.33,-2.16,-0.05,0.91
2018-12-24,2.27,2.24,2.28,2.23,115318,25980313.00,2.21,-0.88,-0.02,0.70
2018-12-25,2.22,2.18,2.22,2.10,206348,44362599.00,5.36,-2.68,-0.06,1.26
2018-12-26,2.18,2.16,2.19,2.14,116525,25241713.00,2.29,-0.92,-0.02,0.71
2018-12-27,2.20,2.10,2.21,2.10,137002,29524644.00,5.09,-2.78,-0.06,0.83
2018-12-28,2.09,2.13,2.15,2.08,124117,26315568.00,3.33,1.43,0.03,0.76