2025-01-02,23.39,25.00,25.72,22.53,470004,1175891063.05,13.64,6.93,1.62,26.47
2025-01-03,24.28,22.50,24.80,22.50,311571,724090253.22,9.20,-10.00,-2.50,17.55
2025-01-06,21.59,20.25,21.85,20.25,187509,383590184.76,7.11,-10.00,-2.25,10.56
2025-01-07,19.61,20.79,20.84,19.51,197624,399687944.52,6.57,2.67,0.54,11.13
2025-01-08,20.30,20.10,20.55,19.22,178807,356159437.60,6.40,-3.32,-0.69,10.07
2025-01-09,19.85,19.99,20.59,19.70,123194,248674107.28,4.43,-0.55,-0.11,6.94
2025-01-10,19.78,19.02,20.20,19.01,131096,256914260.89,5.95,-4.85,-0.97,7.38
2025-01-13,18.80,18.78,19.00,18.20,85777,159948354.00,4.21,-1.26,-0.24,4.83
2025-01-14,19.03,19.97,19.98,18.93,154202,302148938.33,5.59,6.34,1.19,8.68
2025-01-15,20.27,20.13,20.48,19.91,117557,237256773.78,2.85,0.80,0.16,6.62
2025-01-16,20.26,20.74,21.00,20.01,183440,376350242.29,4.92,3.03,0.61,10.33
2025-01-17,20.59,20.46,20.82,20.14,122558,250206378.00,3.28,-1.35,-0.28,6.90