MjAwMC0wMS0wNCwtMS45NCwtMS44OCwtMS44OCwtMS45NiwyMDM0LDE1MjcwMDAuMDAsLTQuMTAsMy41OSwwLjA3LDAuMzM=
2000-01-05,-1.88,-1.89,-1.85,-1.92,2589,1989000.00,-3.72,-0.53,-0.01,0.41
2000-01-06,-1.92,-1.83,-1.83,-1.92,3190,2444000.00,-4.76,3.17,0.06,0.51
2000-01-07,-1.82,-1.75,-1.74,-1.82,10263,8354000.00,-4.37,4.37,0.08,1.64
2000-01-10,-1.73,-1.75,-1.73,-1.81,6731,5455000.00,-4.57,0.00,0.00,1.08
2000-01-11,-1.75,-1.87,-1.74,-1.89,5474,4362000.00,-8.57,-6.86,-0.12,0.88
2000-01-12,-1.89,-1.92,-1.84,-1.92,4121,3136000.00,-4.28,-2.67,-0.05,0.66
2000-01-13,-1.92,-1.91,-1.89,-1.92,1962,1483000.00,-1.56,0.52,0.01,0.31
2000-01-14,-1.90,-1.95,-1.90,-1.95,2052,1528000.00,-2.62,-2.09,-0.04,0.33
2000-01-17,-1.95,-1.95,-1.95,-2.00,2743,2006000.00,-2.56,0.00,0.00,0.44
2000-01-18,-1.94,-1.96,-1.94,-1.99,3543,2583000.00,-2.56,-0.51,-0.01,0.57
2000-01-19,-1.97,-1.97,-1.96,-1.99,2743,1997000.00,-1.53,-0.51,-0.01,0.44
2000-01-20,-1.99,-1.95,-1.94,-1.99,3148,2311000.00,-2.54,1.02,0.02,0.50
2000-01-21,-1.95,-1.93,-1.81,-1.95,4006,3015000.00,-7.18,1.03,0.02,0.64
2000-01-24,-1.94,-2.00,-1.94,-2.02,6598,4743000.00,-4.15,-3.63,-0.07,1.06
2000-01-25,-2.00,-1.97,-1.96,-2.02,6221,4481000.00,-3.00,1.50,0.03,1.00
2000-01-26,-1.88,-1.85,-1.81,-1.93,9062,7029000.00,-6.09,6.09,0.12,1.45
2000-01-27,-1.84,-1.88,-1.81,-1.90,9900,7673000.00,-4.86,-1.62,-0.03,1.59
2000-01-28,-1.88,-1.90,-1.87,-1.94,7490,5634000.00,-3.72,-1.06,-0.02,1.20
2000-02-14,-1.86,-1.74,-1.74,-1.87,12174,9752000.00,-6.84,8.42,0.16,1.95
2000-02-15,-1.73,-1.82,-1.70,-1.83,16126,13061000.00,-7.47,-4.60,-0.08,2.58
2000-02-16,-1.84,-1.87,-1.84,-1.90,12779,9790000.00,-3.30,-2.75,-0.05,2.05
2000-02-17,-1.86,-1.79,-1.69,-1.89,25991,20776000.00,-10.70,4.28,0.08,4.17
2000-02-18,-1.80,-1.85,-1.80,-1.86,9048,7066000.00,-3.35,-3.35,-0.06,1.45
2000-02-21,-1.85,-1.80,-1.76,-1.88,12972,10202000.00,-6.49,2.70,0.05,2.08
2000-02-22,-1.80,-1.78,-1.73,-1.81,12588,10159000.00,-4.44,1.11,0.02,2.02
2000-02-23,-1.75,-1.76,-1.70,-1.80,13891,11362000.00,-5.62,1.12,0.02,2.23
2000-02-24,-1.75,-1.80,-1.73,-1.81,7260,5838000.00,-4.55,-2.27,-0.04,1.16
2000-02-25,-1.80,-1.84,-1.78,-1.86,6838,5368000.00,-4.44,-2.22,-0.04,1.10
2000-02-29,-1.78,-1.76,-1.73,-1.82,8932,7199000.00,-4.89,4.35,0.08,1.43
2000-03-01,-1.75,-1.78,-1.75,-1.80,8189,6608000.00,-2.84,-1.14,-0.02,1.31
2000-03-02,-1.79,-1.69,-1.69,-1.79,16813,13810000.00,-5.62,5.06,0.09,2.69
2000-03-03,-1.68,-1.72,-1.67,-1.75,15692,13104000.00,-4.73,-1.78,-0.03,2.51
2000-03-06,-1.69,-1.75,-1.64,-1.75,17380,14658000.00,-6.40,-1.74,-0.03,2.79
2000-03-07,-1.76,-1.79,-1.76,-1.83,8364,6696000.00,-4.00,-2.29,-0.04,1.34
2000-03-08,-1.78,-1.80,-1.76,-1.83,7428,5957000.00,-3.91,-0.56,-0.01,1.19
2000-03-09,-1.78,-1.79,-1.78,-1.82,8182,6534000.00,-2.22,0.56,0.01,1.31
2000-03-10,-1.70,-1.59,-1.59,-1.71,82202,71541000.00,-6.70,11.17,0.20,13.17
2000-03-13,-1.58,-1.55,-1.51,-1.65,72029,64748000.00,-8.81,2.52,0.04,11.54
2000-03-14,-1.65,-1.64,-1.58,-1.73,32775,28147000.00,-9.68,-5.81,-0.09,5.25
2000-03-15,-1.63,-1.63,-1.59,-1.65,19357,16902000.00,-3.66,0.61,0.01,3.10
2000-03-16,-1.63,-1.77,-1.63,-1.79,14579,12069000.00,-9.82,-8.59,-0.14,2.34
2000-03-17,-1.78,-1.71,-1.68,-1.80,14443,11864000.00,-6.78,3.39,0.06,2.31
2000-03-20,-1.75,-1.67,-1.64,-1.77,12538,10562000.00,-7.60,2.34,0.04,2.01
2000-03-21,-1.66,-1.68,-1.63,-1.72,12988,11054000.00,-5.39,-0.60,-0.01,2.08
2000-03-22,-1.69,-1.55,-1.55,-1.72,32756,28487000.00,-10.12,7.74,0.13,5.25
2000-03-23,-1.55,-1.56,-1.54,-1.60,25606,22794000.00,-3.87,-0.65,-0.01,4.10
2000-03-24,-1.55,-1.62,-1.51,-1.63,24557,22024000.00,-7.69,-3.85,-0.06,3.94
2000-03-27,-1.62,-1.52,-1.51,-1.63,28533,25819000.00,-7.41,6.17,0.10,4.57
2000-03-28,-1.49,-1.50,-1.48,-1.55,23905,21921000.00,-4.61,1.32,0.02,3.83
2000-03-29,-1.51,-1.56,-1.50,-1.60,14544,12992000.00,-6.67,-4.00,-0.06,2.33
2000-03-30,-1.56,-1.55,-1.52,-1.59,12358,11095000.00,-4.49,0.64,0.01,1.98
2000-03-31,-1.55,-1.61,-1.55,-1.64,14135,12486000.00,-5.81,-3.87,-0.06,2.27
2000-04-03,-1.61,-1.55,-1.51,-1.62,15301,13806000.00,-6.83,3.73,0.06,2.45
2000-04-04,-1.56,-1.64,-1.55,-1.64,9876,8670000.00,-5.81,-5.81,-0.09,1.58
2000-04-05,-1.65,-1.61,-1.60,-1.66,6800,5903000.00,-3.66,1.83,0.03,1.09
2000-04-06,-1.61,-1.57,-1.57,-1.62,11625,10269000.00,-3.11,2.48,0.04,1.86
2000-04-07,-1.56,-1.46,-1.43,-1.57,30996,28520000.00,-8.92,7.01,0.11,4.97
2000-04-10,-1.45,-1.48,-1.44,-1.49,19803,18480000.00,-3.42,-1.37,-0.02,3.17
2000-04-11,-1.48,-1.53,-1.44,-1.53,15111,14069000.00,-6.08,-3.38,-0.05,2.42
2000-04-12,-1.53,-1.55,-1.50,-1.58,10070,9074000.00,-5.23,-1.31,-0.02,1.61
2000-04-13,-1.55,-1.48,-1.45,-1.56,15139,13970000.00,-7.10,4.52,0.07,2.43
2000-04-14,-1.48,-1.53,-1.47,-1.53,9890,9057000.00,-4.05,-3.38,-0.05,1.58
2000-04-17,-1.53,-1.46,-1.43,-1.55,27258,25348000.00,-7.84,4.58,0.07,4.37
2000-04-18,-1.46,-1.46,-1.37,-1.48,26154,24954000.00,-7.53,0.00,0.00,4.19
2000-04-19,-1.46,-1.42,-1.40,-1.47,13756,13036000.00,-4.79,2.74,0.04,2.20
2000-04-20,-1.42,-1.43,-1.38,-1.46,14319,13699000.00,-5.63,-0.70,-0.01,2.29
2000-04-21,-1.42,-1.48,-1.41,-1.49,5798,5448432.00,-5.59,-3.50,-0.05,0.93
2000-04-24,-1.48,-1.45,-1.43,-1.52,8916,8281000.00,-6.08,2.03,0.03,1.43
2000-04-25,-1.45,-1.45,-1.41,-1.46,10196,9668000.00,-3.45,0.00,0.00,1.63
2000-04-26,-1.44,-1.48,-1.43,-1.50,6936,6439000.00,-4.83,-2.07,-0.03,1.11
2000-04-27,-1.45,-1.54,-1.45,-1.54,10329,9444000.00,-6.08,-4.05,-0.06,1.66
2000-04-28,-1.55,-1.55,-1.53,-1.59,10005,8959000.00,-3.90,-0.65,-0.01,1.60
2000-05-08,-1.51,-1.58,-1.51,-1.58,4562,4090000.00,-4.52,-1.94,-0.03,0.73
2000-05-09,-1.57,-1.60,-1.55,-1.62,5658,5029000.00,-4.43,-1.27,-0.02,0.91
2000-05-10,-1.60,-1.68,-1.60,-1.70,7524,6423000.00,-6.25,-5.00,-0.08,1.21
2000-05-11,-1.69,-1.70,-1.63,-1.70,4550,3882000.00,-4.17,-1.19,-0.02,0.73
2000-05-12,-1.69,-1.71,-1.64,-1.73,4300,3647000.00,-5.29,-0.59,-0.01,0.69
2000-05-15,-1.71,-1.75,-1.71,-1.76,3051,2515000.00,-2.92,-2.34,-0.04,0.49
2000-05-16,-1.73,-1.71,-1.71,-1.73,1863,1552000.00,-1.14,2.29,0.04,0.30
2000-05-17,-1.71,-1.71,-1.70,-1.72,1859,1553000.00,-1.17,0.00,0.00,0.30
2000-05-18,-1.72,-1.68,-1.67,-1.73,3389,2842000.00,-3.51,1.75,0.03,0.54
2000-05-19,-1.68,-1.65,-1.64,-1.71,4762,4039000.00,-4.17,1.79,0.03,0.76
2000-05-22,-1.63,-1.56,-1.56,-1.65,10225,8970000.00,-5.45,5.45,0.09,1.64
2000-05-23,-1.52,-1.59,-1.52,-1.60,5689,5059000.00,-5.13,-1.92,-0.03,0.91
2000-05-24,-1.59,-1.56,-1.53,-1.59,6073,5443000.00,-3.77,1.89,0.03,0.97
2000-05-25,-1.56,-1.53,-1.51,-1.56,10409,9434000.00,-3.21,1.92,0.03,1.67
2000-05-26,-1.53,-1.41,-1.40,-1.56,37733,35534000.00,-10.46,7.84,0.12,6.05
2000-05-29,-1.35,-1.18,-1.18,-1.35,42047,43579000.00,-12.06,16.31,0.23,6.74
2000-05-30,-1.06,-1.18,-0.97,-1.18,173022,186445000.00,-17.80,0.00,0.00,27.73
2000-05-31,-1.18,-1.11,-1.11,-1.28,44172,45980000.00,-14.41,5.93,0.07,7.08
2000-06-01,-1.09,-1.15,-1.06,-1.16,46835,50323000.00,-9.01,-3.60,-0.04,7.51
2000-06-02,-1.16,-1.23,-1.15,-1.26,48402,49986000.00,-9.57,-6.96,-0.08,7.76
2000-06-05,-1.16,-1.23,-1.13,-1.26,19173,18689000.00,-10.57,0.00,0.00,2.36
2000-06-06,-1.23,-1.20,-1.20,-1.30,8845,8380000.00,-8.13,2.44,0.03,1.09
2000-06-07,-1.20,-1.22,-1.17,-1.23,8276,7974000.00,-5.00,-1.67,-0.02,1.02
2000-06-08,-1.22,-1.26,-1.20,-1.28,7468,7100000.00,-6.56,-3.28,-0.04,0.92
2000-06-09,-1.26,-1.17,-1.15,-1.26,15615,15084000.00,-8.73,7.14,0.09,1.93
2000-06-12,-1.18,-0.96,-0.92,-1.25,32798,33120000.00,-28.21,17.95,0.21,4.04
2000-06-13,-0.94,-0.98,-0.88,-1.03,31372,32554000.00,-15.63,-2.08,-0.02,3.87
2000-06-14,-0.97,-1.00,-0.95,-1.03,12789,13207000.00,-8.16,-2.04,-0.02,1.58
2000-06-15,-1.00,-1.03,-1.00,-1.10,12968,13185000.00,-10.00,-3.00,-0.03,1.60
2000-06-16,-1.03,-1.07,-0.96,-1.08,15780,16161000.00,-11.65,-3.88,-0.04,1.95
2000-06-19,-1.07,-1.05,-0.97,-1.07,8909,9129000.00,-9.35,1.87,0.02,1.10
2000-06-20,-1.05,-0.97,-0.95,-1.05,16598,17091000.00,-9.52,7.62,0.08,2.05
2000-06-21,-0.97,-0.94,-0.89,-1.00,15404,16168000.00,-11.34,3.09,0.03,1.90
2000-06-22,-0.94,-0.96,-0.91,-1.03,7138,7384000.00,-12.77,-2.13,-0.02,0.88
2000-06-23,-0.97,-1.01,-0.95,-1.05,8212,8427000.00,-10.42,-5.21,-0.05,1.01
2000-06-26,-1.02,-1.02,-0.99,-1.05,9086,9297000.00,-5.94,-0.99,-0.01,1.12
2000-06-27,-1.01,-1.04,-1.01,-1.05,7035,7169000.00,-3.92,-1.96,-0.02,0.87
2000-06-28,-1.04,-0.99,-0.95,-1.04,8085,8334000.00,-8.65,4.81,0.05,1.00
2000-06-29,-0.98,-1.04,-0.97,-1.04,6520,6669000.00,-7.07,-5.05,-0.05,0.80
2000-06-30,-1.06,-1.08,-1.03,-1.09,9002,9079000.00,-5.77,-3.85,-0.04,1.11
2000-07-03,-1.16,-1.23,-1.13,-1.25,13754,13331000.00,-11.11,-13.89,-0.15,1.70
2000-07-04,-1.26,-1.24,-1.23,-1.28,7406,7040000.00,-4.07,-0.81,-0.01,0.91
2000-07-05,-1.23,-1.24,-1.20,-1.24,7556,7256000.00,-3.23,0.00,0.00,0.93
2000-07-06,-1.24,-1.25,-1.23,-1.29,8380,7936000.00,-4.84,-0.81,-0.01,1.03
2000-07-07,-1.26,-1.19,-1.18,-1.27,6663,6414000.00,-7.20,4.80,0.06,0.82
2000-07-10,-1.19,-1.24,-1.18,-1.26,9429,9023000.00,-6.72,-4.20,-0.05,1.16
2000-07-11,-1.24,-1.16,-1.16,-1.24,8966,8696000.00,-6.45,6.45,0.08,1.11
2000-07-12,-1.15,-1.19,-1.15,-1.23,8985,8705000.00,-6.90,-2.59,-0.03,1.11
2000-07-13,-1.19,-1.23,-1.14,-1.24,8052,7845051.00,-8.40,-3.36,-0.04,0.99
2000-07-14,-1.23,-1.22,-1.20,-1.26,8548,8166000.00,-4.88,0.81,0.01,1.05
2000-07-17,-1.22,-1.28,-1.22,-1.29,10745,10146000.00,-5.74,-4.92,-0.06,1.32
2000-07-18,-1.28,-1.20,-1.16,-1.29,5809,5621000.00,-10.16,6.25,0.08,0.72
2000-07-19,-1.18,-1.21,-1.18,-1.23,7031,6799000.00,-4.17,-0.83,-0.01,0.87
2000-07-20,-1.20,-1.11,-1.10,-1.20,19098,18899000.00,-8.26,8.26,0.10,2.35
2000-07-21,-1.10,-1.13,-1.07,-1.15,9580,9557000.00,-7.21,-1.80,-0.02,1.18
2000-07-24,-1.14,-1.18,-1.13,-1.20,6425,6257000.00,-6.19,-4.42,-0.05,0.79
2000-07-25,-1.16,-1.17,-1.13,-1.21,4998,4888000.00,-6.78,0.85,0.01,0.62
2000-07-26,-1.16,-1.09,-1.08,-1.17,14883,14805000.00,-7.69,6.84,0.08,1.83
2000-07-27,-1.09,-1.12,-1.08,-1.16,10683,10632000.00,-7.34,-2.75,-0.03,1.32
2000-07-28,-1.13,-1.06,-1.04,-1.15,20645,20766000.00,-9.82,5.36,0.06,2.54
2000-07-31,-1.05,-1.01,-0.99,-1.08,21396,21875000.00,-8.49,4.72,0.05,2.64
2000-08-01,-1.00,-1.06,-0.98,-1.06,10579,10805000.00,-7.92,-4.95,-0.05,1.30
2000-08-02,-1.05,-1.08,-1.03,-1.11,9338,9394000.00,-7.55,-1.89,-0.02,1.15
2000-08-03,-1.08,-1.11,-1.07,-1.13,10711,10691000.00,-5.56,-2.78,-0.03,1.32
2000-08-04,-1.11,-1.10,-1.04,-1.13,11763,11756000.00,-8.11,0.90,0.01,1.45
2000-08-07,-1.10,-1.00,-0.98,-1.10,21732,22214000.00,-10.91,9.09,0.10,2.68
2000-08-08,-0.99,-1.03,-0.99,-1.10,13535,13720000.00,-11.00,-3.00,-0.03,1.67
2000-08-09,-1.01,-0.98,-0.94,-1.06,29324,30361000.00,-11.65,4.85,0.05,3.61
2000-08-10,-0.98,-1.02,-0.95,-1.03,11016,11334000.00,-8.16,-4.08,-0.04,1.36
2000-08-11,-1.02,-1.07,-1.00,-1.10,11426,11557000.00,-9.80,-4.90,-0.05,1.41
2000-08-14,-1.07,-1.04,-1.02,-1.08,8908,9037000.00,-5.61,2.80,0.03,1.10
2000-08-15,-1.03,-1.06,-1.02,-1.07,8124,8226000.00,-4.81,-1.92,-0.02,1.00
2000-08-16,-1.05,-0.98,-0.97,-1.08,17595,18044000.00,-10.38,7.55,0.08,2.17
2000-08-17,-0.96,-0.83,-0.78,-1.01,60302,64479000.00,-23.47,15.31,0.15,7.43
2000-08-18,-0.83,-0.86,-0.79,-0.88,35547,38386000.00,-10.84,-3.61,-0.03,4.38
2000-08-22,-0.74,-0.89,-0.74,-0.90,44739,48977000.00,-18.60,-3.49,-0.03,5.52
2000-08-23,-0.90,-0.95,-0.84,-1.11,41505,43187000.00,-30.34,-6.74,-0.06,5.12
2000-08-24,-0.95,-0.97,-0.90,-1.01,21321,22190000.00,-11.58,-2.11,-0.02,2.63
2000-08-25,-0.97,-0.93,-0.90,-0.99,12612,13188000.00,-9.28,4.12,0.04,1.55
2000-08-28,-0.92,-0.80,-0.79,-0.93,23073,24824000.00,-15.05,13.98,0.13,2.84
2000-08-29,-0.78,-0.83,-0.78,-0.89,17734,19192000.00,-13.75,-3.75,-0.03,2.19
2000-08-30,-0.83,-0.93,-0.83,-0.94,14141,15028000.00,-13.25,-12.05,-0.10,1.74
2000-08-31,-0.97,-1.08,-0.95,-1.08,22146,22611000.00,-13.98,-16.13,-0.15,2.73
2000-09-01,-1.10,-1.09,-1.03,-1.11,13463,13551000.00,-7.41,-0.93,-0.01,1.66
2000-09-04,-1.10,-1.05,-1.05,-1.11,8160,8198000.00,-5.50,3.67,0.04,1.01
2000-09-05,-1.03,-1.18,-1.03,-1.20,6569,6559000.00,-16.19,-12.38,-0.13,0.81
2000-09-06,-1.19,-1.33,-1.18,-1.33,9518,9083000.00,-12.71,-12.71,-0.15,1.17
2000-09-07,-1.32,-1.28,-1.23,-1.32,5920,5586000.00,-6.77,3.76,0.05,0.73
2000-09-08,-1.26,-1.27,-1.24,-1.29,3914,3694000.00,-3.91,0.78,0.01,0.48
2000-09-11,-1.29,-1.24,-1.23,-1.29,3800,3620000.00,-4.72,2.36,0.03,0.47
2000-09-12,-1.24,-1.19,-1.18,-1.26,3488,3339000.00,-6.45,4.03,0.05,0.43
2000-09-13,-1.21,-1.23,-1.20,-1.26,4385,4204000.00,-5.04,-3.36,-0.04,0.54
2000-09-14,-1.25,-1.23,-1.21,-1.25,2711,2596000.00,-3.25,0.00,0.00,0.33
2000-09-15,-1.24,-1.27,-1.24,-1.32,4008,3771000.00,-6.50,-3.25,-0.04,0.49
2000-09-18,-1.28,-1.32,-1.24,-1.32,3508,3306000.00,-6.30,-3.94,-0.05,0.43
2000-09-19,-1.32,-1.44,-1.32,-1.45,7260,6572000.00,-9.85,-9.09,-0.12,0.89
2000-09-20,-1.44,-1.40,-1.38,-1.47,3662,3289000.00,-6.25,2.78,0.04,0.45
2000-09-21,-1.39,-1.45,-1.39,-1.45,3105,2790000.00,-4.29,-3.57,-0.05,0.38
2000-09-22,-1.45,-1.42,-1.38,-1.46,3954,3555000.00,-5.52,2.07,0.03,0.49
2000-09-25,-1.32,-1.24,-1.13,-1.32,24682,23776000.00,-13.38,12.68,0.18,3.04
2000-09-26,-1.25,-1.29,-1.24,-1.32,5355,5063000.00,-6.45,-4.03,-0.05,0.66
2000-09-27,-1.29,-1.20,-1.16,-1.29,6957,6749000.00,-10.08,6.98,0.09,0.86
2000-09-28,-1.23,-1.26,-1.18,-1.26,3834,3668000.00,-6.67,-5.00,-0.06,0.47
2000-09-29,-1.19,-1.21,-1.19,-1.24,3891,3759000.00,-3.97,3.97,0.05,0.48
2000-10-09,-1.19,-1.15,-1.15,-1.27,6128,5930000.00,-9.92,4.96,0.06,0.76
2000-10-10,-1.03,-1.04,-0.97,-1.10,13253,13509000.00,-11.30,9.57,0.11,1.63
2000-10-11,-1.04,-1.09,-0.98,-1.10,11536,11789000.00,-11.54,-4.81,-0.05,1.42
2000-10-12,-1.09,-1.07,-1.05,-1.13,7372,7405000.00,-7.34,1.83,0.02,0.91
2000-10-13,-1.07,-1.10,-1.03,-1.11,5970,6013000.00,-7.48,-2.80,-0.03,0.74
2000-10-16,-1.10,-1.19,-1.09,-1.19,5228,5114000.00,-9.09,-8.18,-0.09,0.64
2000-10-17,-1.18,-1.14,-1.11,-1.19,2471,2429000.00,-6.72,4.20,0.05,0.30
2000-10-18,-1.13,-1.10,-1.06,-1.13,3689,3697000.00,-6.14,3.51,0.04,0.45
2000-10-19,-1.07,-1.17,-1.07,-1.17,3003,2958000.00,-9.09,-6.36,-0.07,0.37
2000-10-20,-1.18,-1.11,-1.08,-1.18,4575,4517000.00,-8.55,5.13,0.06,0.56
2000-10-23,-1.12,-1.07,-1.07,-1.13,5927,5928000.00,-5.41,3.60,0.04,0.73
2000-10-24,-1.07,-1.04,-0.99,-1.10,10388,10623000.00,-10.28,2.80,0.03,1.28
2000-10-25,-1.05,-1.04,-1.03,-1.06,5412,5506000.00,-2.88,0.00,0.00,0.67
2000-10-26,-1.04,-1.08,-1.02,-1.10,5163,5208000.00,-7.69,-3.85,-0.04,0.64
2000-10-27,-1.08,-1.04,-1.01,-1.08,7832,7964000.00,-6.48,3.70,0.04,0.97
2000-10-30,-1.02,-1.01,-0.98,-1.10,9403,9660000.00,-11.54,2.88,0.03,1.16
2000-10-31,-1.01,-1.08,-1.01,-1.09,5487,5582000.00,-7.92,-6.93,-0.07,0.68
2000-11-01,-1.08,-1.05,-1.02,-1.08,4602,4678000.00,-5.56,2.78,0.03,0.57
2000-11-02,-1.02,-1.04,-0.99,-1.05,7268,7436000.00,-5.71,0.95,0.01,0.90
2000-11-03,-1.03,-1.08,-1.03,-1.08,4708,4754000.00,-4.81,-3.85,-0.04,0.58
2000-11-06,-1.08,-1.01,-1.00,-1.08,7612,7743000.00,-7.41,6.48,0.07,0.94
2000-11-07,-1.01,-1.00,-0.99,-1.10,7510,7683000.00,-10.89,0.99,0.01,0.93
2000-11-08,-1.01,-0.96,-0.94,-1.04,14711,15257000.00,-10.00,4.00,0.04,1.81
2000-11-09,-0.95,-0.93,-0.88,-0.96,19845,20904000.00,-8.33,3.13,0.03,2.45
2000-11-10,-0.93,-0.95,-0.92,-0.97,11383,11900000.00,-5.38,-2.15,-0.02,1.40
2000-11-13,-0.94,-0.92,-0.86,-0.95,17661,18711000.00,-9.47,3.16,0.03,2.18
2000-11-14,-0.92,-0.90,-0.90,-0.96,11945,12554000.00,-6.52,2.17,0.02,1.47
2000-11-15,-0.91,-0.93,-0.88,-0.94,9826,10380000.00,-6.67,-3.33,-0.03,1.21
2000-11-16,-0.93,-0.92,-0.90,-0.95,10233,10758000.00,-5.38,1.08,0.01,1.26
2000-11-17,-0.90,-0.84,-0.76,-0.92,35187,38137000.00,-17.39,8.70,0.08,4.34
2000-11-20,-0.84,-0.82,-0.79,-0.90,13355,14418000.00,-13.10,2.38,0.02,1.65
2000-11-21,-0.78,-0.71,-0.69,-0.81,43146,48088000.00,-14.63,13.41,0.11,5.32
2000-11-22,-0.71,-0.65,-0.60,-0.78,38725,43745000.00,-25.35,8.45,0.06,4.77
2000-11-23,-0.62,-0.60,-0.49,-0.64,49445,57625000.00,-23.08,7.69,0.05,6.10
2000-11-24,-0.60,-0.79,-0.51,-0.80,48833,55666000.00,-48.33,-31.67,-0.19,6.02
2000-11-27,-0.81,-0.63,-0.62,-0.86,40301,45349000.00,-30.38,20.25,0.16,4.97
2000-11-28,-0.62,-0.61,-0.58,-0.65,22595,25948000.00,-11.11,3.17,0.02,2.79
2000-11-29,-0.61,-0.68,-0.59,-0.73,17120,19319000.00,-22.95,-11.48,-0.07,2.11
2000-11-30,-0.69,-0.71,-0.68,-0.76,13167,14647000.00,-11.76,-4.41,-0.03,1.62
2000-12-01,-0.71,-0.67,-0.61,-0.72,10591,12041000.00,-15.49,5.63,0.04,1.31
2000-12-04,-0.65,-0.61,-0.61,-0.69,15446,17643000.00,-11.94,8.96,0.06,1.90
2000-12-05,-0.58,-0.54,-0.42,-0.58,63366,75588000.00,-26.23,11.48,0.07,7.81
2000-12-06,-0.52,-0.54,-0.47,-0.58,25479,29988000.00,-20.37,0.00,0.00,3.14
2000-12-07,-0.55,-0.65,-0.54,-0.70,21402,24546000.00,-29.63,-20.37,-0.11,2.64
2000-12-08,-0.65,-0.63,-0.59,-0.71,10475,11941000.00,-18.46,3.08,0.02,1.29
2000-12-11,-0.65,-0.74,-0.61,-0.74,13735,15451000.00,-20.63,-17.46,-0.11,1.69
2000-12-12,-0.74,-0.72,-0.69,-0.78,10746,11938000.00,-12.16,2.70,0.02,1.32
2000-12-13,-0.74,-0.65,-0.61,-0.74,8443,9597000.00,-18.06,9.72,0.07,1.04
2000-12-14,-0.62,-0.65,-0.61,-0.68,6659,7587000.00,-10.77,0.00,0.00,0.82
2000-12-15,-0.65,-0.66,-0.62,-0.68,8004,9130000.00,-9.23,-1.54,-0.01,0.99
2000-12-18,-0.68,-0.55,-0.48,-0.68,25848,30276000.00,-30.30,16.67,0.11,3.19
2000-12-19,-0.52,-0.49,-0.43,-0.56,31625,37641000.00,-23.64,10.91,0.06,3.90
2000-12-20,-0.45,-0.51,-0.45,-0.57,16228,19177000.00,-24.49,-4.08,-0.02,2.00
2000-12-21,-0.49,-0.47,-0.37,-0.50,24492,29462000.00,-25.49,7.84,0.04,3.02
2000-12-22,-0.47,-0.53,-0.42,-0.55,15511,18382000.00,-27.66,-12.77,-0.06,1.91
2000-12-25,-0.49,-0.52,-0.45,-0.56,11239,13279000.00,-20.75,1.89,0.01,1.39
2000-12-26,-0.52,-0.53,-0.49,-0.56,10420,12251000.00,-13.46,-1.92,-0.01,1.28
2000-12-27,-0.51,-0.41,-0.37,-0.51,28313,34150000.00,-26.42,22.64,0.12,3.49
2000-12-28,-0.39,-0.42,-0.37,-0.45,15378,18674000.00,-19.51,-2.44,-0.01,1.90
2000-12-29,-0.41,-0.37,-0.36,-0.44,15152,18481000.00,-19.05,11.90,0.05,1.87