2002-01-04,6.90,7.00,7.25,6.89,10237,7214933.00,4.97,-3.45,-0.25,0.00
2002-01-07,6.95,7.08,7.09,6.90,4249,2966821.00,2.71,1.14,0.08,0.00
2002-01-08,7.05,6.89,7.11,6.89,2969,2080052.00,3.11,-2.68,-0.19,0.00
2002-01-09,6.81,6.55,6.85,6.55,7535,4976708.00,4.35,-4.93,-0.34,0.00
2002-01-10,6.31,6.31,6.45,6.22,10293,6452314.00,3.51,-3.66,-0.24,0.00
2002-01-11,6.30,5.99,6.30,5.99,13336,8063790.00,4.91,-5.07,-0.32,0.00
2002-01-14,5.72,5.69,5.82,5.69,8294,4735281.00,2.17,-5.01,-0.30,0.00
2002-01-15,5.43,5.44,5.65,5.41,11022,6044049.00,4.22,-4.39,-0.25,0.00
2002-01-16,5.36,5.57,5.63,5.35,6495,3585205.00,5.15,2.39,0.13,0.00
2002-01-17,5.45,5.29,5.62,5.29,8717,4720188.00,5.92,-5.03,-0.28,0.00
2002-01-18,5.11,5.03,5.18,5.03,9113,4609883.00,2.84,-4.91,-0.26,0.00
2002-01-21,4.80,4.78,4.80,4.78,946,452515.00,0.40,-4.97,-0.25,0.00
2002-01-22,4.54,4.54,4.54,4.54,341,154814.00,0.00,-5.02,-0.24,0.00
2002-01-23,4.31,4.67,4.72,4.31,34388,15072963.00,9.03,2.86,0.13,0.00
2002-01-24,4.44,4.80,4.90,4.44,38337,17890325.00,9.85,2.78,0.13,0.00
2002-01-25,4.90,4.97,5.04,4.85,19423,9659385.00,3.96,3.54,0.17,0.00
2002-01-28,4.81,4.72,5.04,4.72,13262,6337549.00,6.44,-5.03,-0.25,0.00
2002-01-29,4.48,4.66,4.72,4.48,18907,8589690.00,5.08,-1.27,-0.06,0.00
2002-01-30,4.60,4.87,4.88,4.53,12796,6074323.00,7.51,4.51,0.21,0.00
2002-01-31,4.90,5.11,5.11,4.87,26580,13436896.00,4.93,4.93,0.24,0.00
2002-02-01,5.20,5.17,5.30,5.11,18928,9841635.00,3.72,1.17,0.06,0.00
2002-02-04,5.20,5.43,5.43,5.12,16429,8789260.00,6.00,5.03,0.26,0.00
2002-02-05,5.45,5.62,5.68,5.45,21375,11881885.00,4.24,3.50,0.19,0.00
2002-02-06,5.62,5.34,5.65,5.34,21152,11399982.00,5.52,-4.98,-0.28,0.00
2002-02-07,5.29,5.42,5.54,5.25,9712,5275395.00,5.43,1.50,0.08,0.00
2002-02-08,5.45,5.47,5.65,5.40,13533,7487219.00,4.61,0.92,0.05,0.00
2002-02-25,5.50,5.74,5.74,5.32,35534,19859989.00,7.68,4.94,0.27,0.00
2002-02-26,5.71,5.90,5.97,5.68,28208,16432819.00,5.05,2.79,0.16,0.00
2002-02-27,5.90,5.79,5.95,5.73,18390,10740023.00,3.73,-1.86,-0.11,0.00
2002-02-28,5.84,6.00,6.05,5.78,25477,15221736.00,4.66,3.63,0.21,0.00
2002-03-01,6.02,5.70,6.08,5.70,28773,16684022.00,6.33,-5.00,-0.30,0.00
2002-03-04,5.56,5.72,5.79,5.42,21314,11879024.00,6.49,0.35,0.02,0.00
2002-03-05,5.70,5.81,5.88,5.63,17629,10249840.00,4.37,1.57,0.09,0.00
2002-03-06,5.82,6.10,6.10,5.82,33430,20060908.00,4.82,4.99,0.29,0.00
2002-03-07,6.10,6.24,6.29,6.05,22986,14231355.00,3.93,2.30,0.14,0.00
2002-03-08,6.29,6.41,6.47,6.18,32444,20444811.00,4.65,2.72,0.17,0.00
2002-03-11,6.45,6.73,6.73,6.36,34041,22570696.00,5.77,4.99,0.32,0.00
2002-03-12,6.75,6.73,7.05,6.73,46369,31917662.00,4.75,0.00,0.00,0.00
2002-03-13,6.68,6.51,6.84,6.49,38547,25583138.00,5.20,-3.27,-0.22,0.00
2002-03-14,6.45,6.82,6.83,6.43,18714,12324239.00,6.14,4.76,0.31,0.00
2002-03-15,6.99,6.60,6.99,6.55,20245,13791284.00,6.45,-3.23,-0.22,0.00
2002-03-18,6.68,6.59,6.85,6.41,10741,7091267.00,6.67,-0.15,-0.01,0.00
2002-03-19,6.50,6.83,6.85,6.48,11456,7606315.00,5.61,3.64,0.24,0.00
2002-03-20,7.03,7.17,7.17,7.03,8922,6396221.00,2.05,4.98,0.34,0.00
2002-03-21,7.49,7.23,7.49,7.11,26771,19425555.00,5.30,0.84,0.06,0.00
2002-03-22,7.19,7.03,7.19,6.95,13425,9459802.00,3.32,-2.77,-0.20,0.00
2002-03-25,7.05,7.16,7.20,7.01,7702,5475877.00,2.70,1.85,0.13,0.00
2002-03-26,7.18,7.07,7.29,7.00,11525,8190972.00,4.05,-1.26,-0.09,0.00
2002-03-27,7.02,6.95,7.10,6.82,8065,5603600.00,3.96,-1.70,-0.12,0.00
2002-03-28,6.90,6.98,7.12,6.88,5823,4082076.00,3.45,0.43,0.03,0.00
2002-03-29,6.96,6.64,6.98,6.63,9889,6622232.00,5.01,-4.87,-0.34,0.00
2002-04-01,6.60,6.81,6.83,6.50,8751,5832874.00,4.97,2.56,0.17,0.00
2002-04-02,6.79,6.65,6.89,6.56,5764,3872055.00,4.85,-2.35,-0.16,0.00
2002-04-03,6.65,6.82,6.85,6.62,7359,4987635.00,3.46,2.56,0.17,0.00
2002-04-04,6.78,7.02,7.07,6.70,8077,5585339.00,5.43,2.93,0.20,0.00
2002-04-05,7.02,6.88,7.10,6.87,6972,4853878.00,3.28,-1.99,-0.14,0.00
2002-04-08,6.90,7.18,7.19,6.88,16196,11509233.00,4.51,4.36,0.30,0.00
2002-04-09,7.18,7.20,7.25,7.06,13470,9629746.00,2.65,0.28,0.02,0.00
2002-04-10,7.20,7.26,7.30,7.15,11052,8004888.00,2.08,0.83,0.06,0.00
2002-04-11,7.20,7.04,7.27,7.02,8008,5690886.00,3.44,-3.03,-0.22,0.00
2002-04-12,7.04,7.12,7.19,7.02,5606,3982124.00,2.41,1.14,0.08,0.00
2002-04-15,7.09,7.02,7.18,6.92,4652,3274123.00,3.65,-1.40,-0.10,0.00
2002-04-16,7.05,6.96,7.12,6.88,3657,2554012.00,3.42,-0.85,-0.06,0.00
2002-04-17,6.92,6.98,7.05,6.90,3410,2371061.00,2.16,0.29,0.02,0.00
2002-04-18,7.03,6.75,7.04,6.75,5499,3771026.00,4.15,-3.30,-0.23,0.00
2002-04-19,6.41,6.76,6.77,6.41,10969,7200951.00,5.33,0.15,0.01,0.00
2002-04-22,6.71,6.74,6.85,6.54,5996,4057669.00,4.59,-0.30,-0.02,0.00
2002-04-23,6.74,6.64,6.81,6.61,3695,2473655.00,2.97,-1.48,-0.10,0.00
2002-04-24,6.36,6.43,6.60,6.36,5607,3613560.00,3.61,-3.16,-0.21,0.00
2002-04-25,6.38,6.59,6.64,6.36,5198,3394554.00,4.35,2.49,0.16,0.00
2002-04-26,6.60,6.67,6.78,6.60,7504,5044469.00,2.73,1.21,0.08,0.00
2002-04-29,6.68,7.00,7.00,6.68,17477,12191622.00,4.80,4.95,0.33,0.00
2002-04-30,7.06,7.13,7.15,7.02,14091,9986024.00,1.86,1.86,0.13,0.00
2002-05-08,7.15,7.15,7.20,7.02,8637,6162981.00,2.52,0.28,0.02,0.00
2002-05-09,7.10,7.51,7.51,7.10,39519,29385783.00,5.73,5.03,0.36,0.00
2002-05-10,7.57,7.43,7.62,7.29,21514,15920309.00,4.39,-1.07,-0.08,0.00
2002-05-13,7.43,7.35,7.55,7.30,18585,13835233.00,3.36,-1.08,-0.08,0.00
2002-05-14,7.31,7.35,7.45,7.30,10127,7446767.00,2.04,0.00,0.00,0.00
2002-05-15,7.35,7.08,7.37,7.07,13668,9804851.00,4.08,-3.67,-0.27,0.00
2002-05-16,7.01,6.73,7.05,6.73,13529,9240374.00,4.52,-4.94,-0.35,0.00
2002-05-17,6.70,6.81,6.84,6.61,8295,5576977.00,3.42,1.19,0.08,0.00
2002-05-21,7.15,7.15,7.15,7.15,8146,5824276.00,0.00,4.99,0.34,0.00
2002-05-22,7.39,7.16,7.39,7.12,23009,16643178.00,3.78,0.14,0.01,0.00
2002-05-23,7.13,7.18,7.29,7.12,7048,5087233.00,2.37,0.28,0.02,0.00
2002-05-24,7.16,7.11,7.28,7.06,5979,4271083.00,3.06,-0.97,-0.07,0.00
2002-05-27,7.24,7.15,7.24,7.04,3371,2392478.00,2.81,0.56,0.04,0.00
2002-05-28,7.11,7.24,7.28,7.10,4468,3221669.00,2.52,1.26,0.09,0.00
2002-05-29,7.19,6.88,7.24,6.88,9557,6651777.00,4.97,-4.97,-0.36,0.00
2002-05-30,6.90,6.82,6.99,6.70,6502,4430197.00,4.22,-0.87,-0.06,0.00
2002-05-31,6.81,6.80,6.93,6.72,3531,2416462.00,3.08,-0.29,-0.02,0.00
2002-06-03,6.74,6.47,6.74,6.46,6212,4062931.00,4.12,-4.85,-0.33,0.00
2002-06-04,6.47,6.46,6.58,6.29,4270,2741778.00,4.48,-0.15,-0.01,0.00
2002-06-05,6.43,6.14,6.43,6.14,4864,3030174.00,4.49,-4.95,-0.32,0.00
2002-06-06,6.14,6.45,6.45,6.01,9563,5996716.00,7.17,5.05,0.31,0.00
2002-06-07,6.46,6.61,6.77,6.38,10299,6821093.00,6.05,2.48,0.16,0.00
2002-06-10,6.62,6.53,6.63,6.46,3667,2394289.00,2.57,-1.21,-0.08,0.00
2002-06-11,6.53,6.61,6.67,6.53,2558,1688777.00,2.14,1.23,0.08,0.00
2002-06-12,6.65,6.52,6.68,6.40,3574,2323965.00,4.24,-1.36,-0.09,0.00
2002-06-13,6.55,6.50,6.64,6.45,2020,1320186.00,2.91,-0.31,-0.02,0.00
2002-06-14,6.40,6.37,6.50,6.30,2446,1561273.00,3.08,-2.00,-0.13,0.00
2002-06-17,6.28,6.32,6.37,6.24,1886,1188099.00,2.04,-0.78,-0.05,0.00
2002-06-18,6.32,6.48,6.52,6.32,2948,1910747.00,3.16,2.53,0.16,0.00
2002-06-19,6.48,6.35,6.48,6.35,1377,882220.00,2.01,-2.01,-0.13,0.00
2002-06-20,6.36,6.45,6.54,6.36,3394,2188937.00,2.83,1.57,0.10,0.00
2002-06-21,6.48,6.70,6.73,6.45,12232,8134128.00,4.34,3.88,0.25,0.00
2002-06-24,7.04,7.04,7.04,6.90,22470,15786848.00,2.09,5.07,0.34,0.00
2002-06-25,7.37,7.12,7.37,7.06,28446,20495024.00,4.40,1.14,0.08,0.00
2002-06-26,7.05,7.13,7.17,7.03,10682,7574160.00,1.97,0.14,0.01,0.00
2002-06-27,7.16,7.18,7.37,7.13,15518,11240000.00,3.37,0.70,0.05,0.00
2002-07-01,7.10,6.82,7.11,6.82,11992,8252210.00,4.04,-5.01,-0.36,0.00
2002-07-02,6.80,6.91,6.96,6.75,6830,4708466.00,3.08,1.32,0.09,0.00
2002-07-03,6.91,6.94,6.98,6.83,5474,3788264.00,2.17,0.43,0.03,0.00
2002-07-04,6.90,6.76,6.94,6.70,7388,5035527.00,3.46,-2.59,-0.18,0.00
2002-07-05,6.75,6.81,6.87,6.68,6412,4336480.00,2.81,0.74,0.05,0.00
2002-07-08,6.81,6.83,6.90,6.75,6665,4548171.00,2.20,0.29,0.02,0.00
2002-07-09,6.86,6.84,6.92,6.82,4477,3079821.00,1.46,0.15,0.01,0.00
2002-07-10,6.80,6.75,6.88,6.72,5401,3670731.00,2.34,-1.32,-0.09,0.00
2002-07-11,6.75,6.74,6.80,6.66,4639,3117720.00,2.07,-0.15,-0.01,0.00
2002-07-12,6.72,6.91,6.96,6.72,8409,5788386.00,3.56,2.52,0.17,0.00
2002-07-15,6.90,7.02,7.09,6.83,11258,7868857.00,3.76,1.59,0.11,0.00
2002-07-16,7.02,6.96,7.05,6.92,4738,3301996.00,1.85,-0.85,-0.06,0.00
2002-07-17,6.98,7.05,7.05,6.94,4824,3378516.00,1.58,1.29,0.09,0.00
2002-07-18,6.90,6.99,7.05,6.82,11508,8032339.00,3.26,-0.85,-0.06,0.00
2002-07-19,7.00,7.12,7.16,6.94,12413,8792887.00,3.15,1.86,0.13,0.00
2002-07-22,7.12,7.04,7.19,7.00,13639,9663537.00,2.67,-1.12,-0.08,0.00
2002-07-23,7.03,6.87,7.08,6.86,6704,4649046.00,3.13,-2.41,-0.17,0.00
2002-07-24,6.90,6.76,6.91,6.73,5352,3653631.00,2.62,-1.60,-0.11,0.00
2002-07-25,6.75,6.77,6.85,6.75,4568,3100068.00,1.48,0.15,0.01,0.00
2002-07-26,6.80,6.67,6.83,6.66,3530,2376822.00,2.51,-1.48,-0.10,0.00
2002-07-29,6.66,6.68,6.70,6.57,4715,3119745.00,1.95,0.15,0.01,0.00
2002-07-30,6.70,6.74,6.80,6.65,3186,2147793.00,2.25,0.90,0.06,0.00
2002-07-31,6.68,6.69,6.77,6.67,2165,1452821.00,1.48,-0.74,-0.05,0.00
2002-08-01,6.69,6.73,6.80,6.60,2568,1719178.00,2.99,0.60,0.04,0.00
2002-08-02,6.77,6.84,6.85,6.72,2811,1907559.00,1.93,1.63,0.11,0.00
2002-08-05,6.83,6.77,6.84,6.74,2157,1462000.00,1.46,-1.02,-0.07,0.00
2002-08-06,6.75,6.74,6.83,6.70,4041,2727027.00,1.92,-0.44,-0.03,0.00
2002-08-07,6.74,6.74,6.79,6.70,2466,1661272.00,1.34,0.00,0.00,0.00
2002-08-08,6.73,6.62,6.77,6.60,4678,3112843.00,2.52,-1.78,-0.12,0.00
2002-08-09,6.60,6.54,6.63,6.52,4338,2849702.00,1.66,-1.21,-0.08,0.00
2002-08-12,6.51,6.42,6.51,6.42,2754,1779863.00,1.38,-1.83,-0.12,0.00
2002-08-13,6.43,6.45,6.54,6.41,1568,1016457.00,2.02,0.47,0.03,0.00
2002-08-14,6.68,6.58,6.68,6.53,1892,1241857.00,2.33,2.02,0.13,0.00
2002-08-15,6.52,6.53,6.60,6.52,1436,940967.00,1.22,-0.76,-0.05,0.00
2002-08-16,6.52,6.55,6.60,6.43,2414,1564655.00,2.60,0.31,0.02,0.00
2002-08-19,6.52,6.48,6.53,6.45,1672,1083728.00,1.22,-1.07,-0.07,0.00
2002-08-20,6.48,6.63,6.64,6.45,1924,1262499.00,2.93,2.31,0.15,0.00
2002-08-21,6.60,6.66,6.70,6.60,2752,1829360.00,1.51,0.45,0.03,0.00
2002-08-22,6.65,6.68,6.73,6.62,3052,2037332.00,1.65,0.30,0.02,0.00
2002-08-23,6.62,6.63,6.68,6.62,1682,1116708.00,0.90,-0.75,-0.05,0.00
2002-08-26,6.64,6.62,6.78,6.59,2559,1700917.00,2.87,-0.15,-0.01,0.00
2002-08-27,6.60,6.65,6.72,6.60,2761,1843589.00,1.81,0.45,0.03,0.00
2002-08-28,6.70,6.61,6.70,6.60,2074,1377000.00,1.50,-0.60,-0.04,0.00
2002-08-29,6.62,6.67,6.76,6.61,5887,3944019.00,2.27,0.91,0.06,0.00
2002-08-30,6.58,6.61,6.68,6.58,2659,1759163.00,1.50,-0.90,-0.06,0.00
2002-09-02,6.62,6.60,6.65,6.55,2282,1505760.00,1.51,-0.15,-0.01,0.00
2002-09-03,6.60,6.64,6.68,6.60,1685,1118364.00,1.21,0.61,0.04,0.00
2002-09-04,6.68,6.60,6.68,6.56,2957,1946526.00,1.81,-0.60,-0.04,0.00
2002-09-05,6.56,6.47,6.59,6.46,3207,2086484.00,1.97,-1.97,-0.13,0.00
2002-09-06,6.46,6.46,6.52,6.44,2806,1819176.00,1.24,-0.15,-0.01,0.00
2002-09-09,6.46,6.28,6.46,6.26,4203,2663487.00,3.10,-2.79,-0.18,0.00
2002-09-10,6.27,6.31,6.34,6.27,1905,1198472.00,1.11,0.48,0.03,0.00
2002-09-11,6.32,6.30,6.35,6.25,1599,1005140.00,1.58,-0.16,-0.01,0.00
2002-09-12,6.30,6.38,6.40,6.27,1541,980945.00,2.06,1.27,0.08,0.00
2002-09-13,6.38,6.40,6.45,6.35,1159,742356.00,1.57,0.31,0.02,0.00
2002-09-16,6.44,6.24,6.44,6.22,2215,1388116.00,3.44,-2.50,-0.16,0.00
2002-09-17,6.22,6.05,6.28,5.93,5584,3377941.00,5.61,-3.04,-0.19,0.00
2002-09-18,6.00,5.90,6.01,5.83,3806,2247569.00,2.98,-2.48,-0.15,0.00
2002-09-19,5.85,6.03,6.04,5.85,4098,2434907.00,3.22,2.20,0.13,0.00
2002-09-20,6.03,5.93,6.04,5.92,2053,1226742.00,1.99,-1.66,-0.10,0.00
2002-09-23,5.86,5.94,5.96,5.86,951,562799.00,1.69,0.17,0.01,0.00
2002-09-24,5.92,5.70,5.97,5.65,3888,2253298.00,5.39,-4.04,-0.24,0.00
2002-09-25,5.65,5.71,5.80,5.55,5133,2907771.00,4.39,0.18,0.01,0.00
2002-09-26,5.70,5.61,5.75,5.60,2684,1516609.00,2.63,-1.75,-0.10,0.00
2002-09-27,5.60,5.61,5.69,5.56,2103,1180823.00,2.32,0.00,0.00,0.00
2002-10-08,5.51,5.52,5.57,5.45,1854,1025071.00,2.14,-1.60,-0.09,0.00
2002-10-09,5.52,5.54,5.60,5.46,4144,2291406.00,2.54,0.36,0.02,0.00
2002-10-10,5.55,5.82,5.82,5.49,22697,13172136.00,5.96,5.05,0.28,0.00
2002-10-11,5.80,5.82,5.96,5.73,17489,10259152.00,3.95,0.00,0.00,0.00
2002-10-14,5.77,5.91,5.94,5.77,11339,6659718.00,2.92,1.55,0.09,0.00
2002-10-15,5.91,5.90,6.00,5.82,6400,3784820.00,3.05,-0.17,-0.01,0.00
2002-10-16,5.85,5.91,5.96,5.77,8681,5083164.00,3.22,0.17,0.01,0.00
2002-10-17,5.88,5.69,5.93,5.61,8750,5016548.00,5.41,-3.72,-0.22,0.00
2002-10-18,5.66,5.91,5.95,5.65,12945,7556029.00,5.27,3.87,0.22,0.00
2002-10-21,5.89,6.11,6.21,5.88,24979,15225761.00,5.58,3.38,0.20,0.00
2002-10-22,6.11,6.16,6.18,6.05,14012,8572914.00,2.13,0.82,0.05,0.00
2002-10-23,6.11,6.16,6.28,6.06,10029,6191663.00,3.57,0.00,0.00,0.00
2002-10-24,6.16,6.08,6.23,6.06,16860,10328568.00,2.76,-1.30,-0.08,0.00
2002-10-25,5.98,5.92,6.15,5.87,7486,4471029.00,4.61,-2.63,-0.16,0.00
2002-10-28,5.90,5.81,6.01,5.79,4843,2851341.00,3.72,-1.86,-0.11,0.00
2002-10-29,5.78,5.91,5.95,5.73,4344,2535565.00,3.79,1.72,0.10,0.00
2002-10-30,5.86,6.06,6.15,5.85,7721,4652580.00,5.08,2.54,0.15,0.00
2002-10-31,6.09,5.98,6.13,5.96,4324,2614152.00,2.81,-1.32,-0.08,0.00
2002-11-01,5.97,5.92,6.00,5.83,3579,2112104.00,2.84,-1.00,-0.06,0.00
2002-11-04,5.95,5.96,6.00,5.89,3413,2023596.00,1.86,0.68,0.04,0.00
2002-11-05,5.96,6.12,6.21,5.96,9966,6040758.00,4.19,2.68,0.16,0.00
2002-11-06,6.13,6.03,6.15,6.01,4237,2567121.00,2.29,-1.47,-0.09,0.00
2002-11-07,6.02,6.04,6.08,5.97,4242,2556792.00,1.82,0.17,0.01,0.00
2002-11-08,6.12,5.77,6.13,5.75,6916,4075200.00,6.29,-4.47,-0.27,0.00
2002-11-11,5.77,5.64,5.87,5.60,6214,3533916.00,4.68,-2.25,-0.13,0.00
2002-11-12,5.68,5.36,5.68,5.36,12788,6931894.00,5.67,-4.96,-0.28,0.00
2002-11-13,5.32,5.35,5.38,5.12,6101,3188297.00,4.85,-0.19,-0.01,0.00
2002-11-14,5.30,5.11,5.34,5.10,5276,2750923.00,4.49,-4.49,-0.24,0.00
2002-11-15,5.15,5.17,5.23,5.05,3763,1941974.00,3.52,1.17,0.06,0.00
2002-11-18,5.25,5.09,5.28,5.05,3348,1714269.00,4.45,-1.55,-0.08,0.00
2002-11-19,5.11,5.23,5.27,5.10,4462,2316884.00,3.34,2.75,0.14,0.00
2002-11-20,5.23,4.97,5.23,4.97,4405,2220384.00,4.97,-4.97,-0.26,0.00
2002-11-21,4.89,4.72,4.94,4.72,8016,3810060.00,4.43,-5.03,-0.25,0.00
2002-11-22,4.66,4.67,4.78,4.48,8398,3865913.00,6.36,-1.06,-0.05,0.00
2002-11-25,4.88,4.74,4.88,4.69,4810,2298965.00,4.07,1.50,0.07,0.00
2002-11-26,4.82,4.50,4.83,4.50,5587,2584338.00,6.96,-5.06,-0.24,0.00
2002-11-27,4.48,4.55,4.58,4.36,4171,1860201.00,4.89,1.11,0.05,0.00
2002-11-28,4.50,4.73,4.74,4.50,6241,2896356.00,5.27,3.96,0.18,0.00
2002-11-29,4.73,4.82,4.90,4.71,8241,3966818.00,4.02,1.90,0.09,0.00
2002-12-02,4.81,4.64,4.85,4.63,3554,1678803.00,4.56,-3.73,-0.18,0.00
2002-12-03,4.58,4.78,4.79,4.56,2972,1399106.00,4.96,3.02,0.14,0.00
2002-12-04,4.75,4.85,4.93,4.75,5939,2888518.00,3.77,1.46,0.07,0.00
2002-12-05,4.78,4.79,4.87,4.68,3571,1703059.00,3.92,-1.24,-0.06,0.00
2002-12-06,4.70,4.75,4.81,4.70,2316,1102361.00,2.30,-0.84,-0.04,0.00
2002-12-09,4.75,4.76,4.83,4.70,1762,839983.00,2.74,0.21,0.01,0.00
2002-12-10,4.78,4.60,4.80,4.59,3980,1852138.00,4.41,-3.36,-0.16,0.00
2002-12-11,4.56,4.63,4.65,4.54,2536,1163658.00,2.39,0.65,0.03,0.00
2002-12-12,4.65,4.69,4.72,4.60,2446,1145487.00,2.59,1.30,0.06,0.00
2002-12-13,4.61,4.83,4.83,4.60,4567,2162316.00,4.90,2.99,0.14,0.00
2002-12-16,4.82,4.88,4.89,4.78,4168,2018105.00,2.28,1.04,0.05,0.00
2002-12-17,4.84,4.94,4.97,4.84,6801,3344790.00,2.66,1.23,0.06,0.00
2002-12-18,4.94,4.85,4.97,4.82,5411,2641541.00,3.04,-1.82,-0.09,0.00
2002-12-19,4.83,4.90,4.90,4.77,3574,1729145.00,2.68,1.03,0.05,0.00
2002-12-20,4.86,5.01,5.05,4.86,7030,3508093.00,3.88,2.24,0.11,0.00
2002-12-23,5.01,5.06,5.24,4.98,5069,2575704.00,5.19,1.00,0.05,0.00
2002-12-24,5.04,5.07,5.07,4.95,4331,2172911.00,2.37,0.20,0.01,0.00
2002-12-25,5.08,5.13,5.28,5.06,10227,5281127.00,4.34,1.18,0.06,0.00
2002-12-26,5.08,4.87,5.15,4.87,8590,4271969.00,5.46,-5.07,-0.26,0.00
2002-12-27,4.81,4.85,4.90,4.74,5025,2417924.00,3.29,-0.41,-0.02,0.00
2002-12-30,4.78,4.76,4.87,4.75,2462,1183959.00,2.47,-1.86,-0.09,0.00
2002-12-31,4.75,4.64,4.80,4.60,5289,2494903.00,4.20,-2.52,-0.12,0.00