2003-01-02,8.77,8.53,8.79,8.48,3071,3888063.00,3.53,-2.74,-0.24,0.96
2003-01-03,8.52,8.57,8.64,8.50,1259,1584897.00,1.64,0.47,0.04,0.39
2003-01-06,8.57,8.65,8.71,8.49,828,1047057.00,2.57,0.93,0.08,0.26
2003-01-07,8.57,8.81,9.18,8.57,6121,8028051.00,7.05,1.85,0.16,1.91
2003-01-08,8.77,9.05,9.11,8.75,2916,3815832.00,4.09,2.72,0.24,0.91
2003-01-09,9.13,9.22,9.29,8.96,6775,9087881.00,3.65,1.88,0.17,2.12
2003-01-10,9.23,9.05,9.28,9.01,4705,6325144.00,2.93,-1.84,-0.17,1.47
2003-01-13,8.93,9.03,9.09,8.91,2825,3727521.00,1.99,-0.22,-0.02,0.88
2003-01-14,8.94,9.51,9.61,8.94,10390,14313839.00,7.42,5.32,0.48,3.25
2003-01-15,9.56,9.53,9.71,9.36,11583,16222335.00,3.68,0.21,0.02,3.62
2003-01-16,9.50,9.86,9.88,9.49,10792,15322782.00,4.09,3.46,0.33,3.37
2003-01-17,9.85,9.68,9.93,9.64,5880,8367934.00,2.94,-1.83,-0.18,1.84
2003-01-20,9.68,9.68,9.72,9.57,4601,6486769.00,1.55,0.00,0.00,1.44
2003-01-21,9.75,9.43,9.81,9.43,5335,7463815.00,3.93,-2.58,-0.25,1.67
2003-01-22,9.39,9.44,9.49,9.36,2866,3942090.00,1.38,0.11,0.01,0.90
2003-01-23,9.39,9.34,9.48,9.32,2250,3085053.00,1.69,-1.06,-0.10,0.70
2003-01-24,9.34,9.49,9.54,9.32,1961,2705953.00,2.36,1.61,0.15,0.61
2003-01-27,9.48,9.68,9.77,9.48,4090,5785728.00,3.06,2.00,0.19,1.28
2003-01-28,9.68,9.74,9.77,9.64,3218,4568079.00,1.34,0.62,0.06,1.01
2003-01-29,9.74,9.73,9.79,9.70,3403,4848976.00,0.92,-0.10,-0.01,1.06
2003-02-10,9.71,9.47,9.71,9.46,1420,1976550.00,2.57,-2.67,-0.26,0.44
2003-02-11,9.46,9.60,9.61,9.41,2289,3187967.00,2.11,1.37,0.13,0.72
2003-02-12,9.56,9.71,9.71,9.49,2091,2954694.00,2.29,1.15,0.11,0.65
2003-02-13,9.71,9.67,9.77,9.66,4111,5840359.00,1.13,-0.41,-0.04,1.28
2003-02-14,9.67,9.81,9.84,9.62,7685,10911450.00,2.28,1.45,0.14,2.40
2003-02-17,9.82,9.60,9.82,9.56,5659,8008349.00,2.65,-2.14,-0.21,1.77
2003-02-18,9.60,9.60,9.61,9.48,1579,2203560.00,1.35,0.00,0.00,0.49
2003-02-19,9.58,9.71,9.71,9.54,1855,2614784.00,1.77,1.15,0.11,0.58
2003-02-20,9.71,9.66,9.75,9.64,1497,2119855.00,1.13,-0.51,-0.05,0.47
2003-02-21,9.69,9.43,9.69,9.42,3342,4642277.00,2.80,-2.38,-0.23,1.04
2003-02-24,9.41,9.51,9.61,9.40,2207,3078858.00,2.23,0.85,0.08,0.69
2003-02-25,9.51,9.87,9.93,9.51,13258,18991651.00,4.42,3.79,0.36,4.14
2003-02-26,9.90,9.89,9.91,9.79,5634,8117188.00,1.22,0.20,0.02,1.76
2003-02-27,9.89,10.05,10.08,9.85,11373,16606804.00,2.33,1.62,0.16,3.55
2003-02-28,10.06,10.05,10.12,9.85,7213,10516974.00,2.69,0.00,0.00,2.25
2003-03-03,10.07,10.25,10.27,10.04,11993,17809510.00,2.29,1.99,0.20,3.75
2003-03-04,10.21,10.16,10.25,10.06,8535,12607419.00,1.85,-0.88,-0.09,2.67
2003-03-05,10.16,10.01,10.18,9.91,4994,7280373.00,2.66,-1.48,-0.15,1.56
2003-03-06,9.99,9.80,10.00,9.73,4809,6923119.00,2.70,-2.10,-0.21,1.50
2003-03-07,9.74,9.79,9.85,9.71,4226,6037479.00,1.43,-0.10,-0.01,1.32
2003-03-10,9.79,9.52,9.85,9.50,4375,6182436.00,3.58,-2.76,-0.27,1.37
2003-03-11,9.50,9.51,9.57,9.44,2828,3933430.00,1.37,-0.11,-0.01,0.88
2003-03-12,9.61,9.64,9.66,9.46,2896,4050669.00,2.10,1.37,0.13,0.90
2003-03-13,9.66,9.61,9.70,9.57,2639,3712181.00,1.35,-0.31,-0.03,0.82
2003-03-14,9.57,9.61,9.66,9.54,1990,2795398.00,1.25,0.00,0.00,0.62
2003-03-17,9.64,9.54,9.64,9.44,2351,3261831.00,2.08,-0.73,-0.07,0.73
2003-03-18,9.51,9.49,9.61,9.46,2088,2908799.00,1.57,-0.52,-0.05,0.65
2003-03-19,9.49,9.44,9.52,9.34,2368,3267395.00,1.90,-0.53,-0.05,0.74
2003-03-20,9.44,9.31,9.45,9.29,1774,2432063.00,1.69,-1.38,-0.13,0.55
2003-03-21,9.30,9.46,9.46,9.30,1237,1700660.00,1.72,1.61,0.15,0.39
2003-03-24,9.29,9.46,9.50,9.29,885,1223818.00,2.22,0.00,0.00,0.28
2003-03-25,9.48,9.36,9.49,9.36,2029,2799276.00,1.37,-1.06,-0.10,0.63
2003-03-26,9.02,8.98,9.26,8.96,5660,7495951.00,3.21,-4.06,-0.38,1.77
2003-03-27,8.98,9.17,9.24,8.74,8436,11116764.00,5.57,2.12,0.19,2.64
2003-03-28,9.13,9.00,9.16,8.98,4207,5593738.00,1.96,-1.85,-0.17,1.31
2003-03-31,9.07,9.09,9.13,9.01,2293,3050890.00,1.33,1.00,0.09,0.72
2003-04-01,9.07,9.18,9.21,9.04,3422,4583140.00,1.87,0.99,0.09,1.07
2003-04-02,9.19,9.16,9.21,9.11,1698,2276937.00,1.09,-0.22,-0.02,0.53
2003-04-03,9.15,9.09,9.18,9.07,1797,2397935.00,1.20,-0.76,-0.07,0.56
2003-04-04,9.08,9.07,9.11,9.03,2004,2661091.00,0.88,-0.22,-0.02,0.63
2003-04-07,9.07,8.87,9.07,8.86,2740,3608227.00,2.32,-2.21,-0.20,0.86
2003-04-08,8.87,8.93,9.00,8.86,2202,2881434.00,1.58,0.68,0.06,0.69
2003-04-09,8.91,8.99,9.00,8.79,3574,4660017.00,2.35,0.67,0.06,1.12
2003-04-10,9.01,9.12,9.14,8.89,4352,5759887.00,2.78,1.45,0.13,1.36
2003-04-11,9.14,9.14,9.20,9.08,5656,7575314.00,1.32,0.22,0.02,1.77
2003-04-14,9.17,9.34,9.49,9.13,7830,10659954.00,3.94,2.19,0.20,2.45
2003-04-15,9.39,9.39,9.47,9.24,6475,8841865.00,2.46,0.54,0.05,2.02
2003-04-16,9.36,9.21,9.57,9.18,7727,10607357.00,4.15,-1.92,-0.18,2.41
2003-04-17,9.19,9.21,9.32,9.04,4768,6396768.00,3.04,0.00,0.00,1.49
2003-04-18,9.21,9.17,9.22,9.07,4930,6606421.00,1.63,-0.43,-0.04,1.54
2003-04-21,9.07,8.75,9.14,8.61,13119,16933284.00,5.78,-4.58,-0.42,4.10
2003-04-22,8.64,8.69,8.73,8.54,12409,15696693.00,2.17,-0.69,-0.06,3.88
2003-04-23,8.64,8.58,8.68,8.55,3972,5020817.00,1.50,-1.27,-0.11,1.24
2003-04-24,8.54,8.15,8.54,8.09,12505,15266719.00,5.24,-5.01,-0.43,3.91
2003-04-25,7.91,7.56,7.93,7.54,11641,13288341.00,4.79,-7.24,-0.59,3.64
2003-04-28,7.49,7.54,7.54,7.21,12081,13245922.00,4.37,-0.26,-0.02,3.78
2003-04-29,7.53,7.56,7.59,7.29,6753,7476539.00,3.98,0.27,0.02,2.11
2003-04-30,7.57,7.62,7.73,7.51,6592,7414352.00,2.91,0.79,0.06,2.06
2003-05-12,7.66,7.50,7.71,7.44,4323,4806740.00,3.54,-1.57,-0.12,1.35
2003-05-13,7.50,7.21,7.50,7.01,9256,9845108.00,6.53,-3.87,-0.29,2.89
2003-05-14,7.07,7.36,7.38,7.07,3384,3662052.00,4.30,2.08,0.15,1.06
2003-05-15,7.34,7.64,7.70,7.19,6440,7111312.00,6.93,3.80,0.28,2.01
2003-05-16,7.64,7.69,7.75,7.54,4777,5404572.00,2.75,0.65,0.05,1.49
2003-05-19,7.69,7.69,7.79,7.62,3855,4379267.00,2.21,0.00,0.00,1.20
2003-05-20,7.70,7.61,7.70,7.57,2067,2329001.00,1.69,-1.04,-0.08,0.65
2003-05-21,7.61,7.65,7.68,7.55,2552,2872380.00,1.71,0.53,0.04,0.80
2003-05-22,7.64,7.63,7.68,7.57,1758,1984138.00,1.44,-0.26,-0.02,0.55
2003-05-23,7.66,7.56,7.67,7.43,4949,5514702.00,3.15,-0.92,-0.07,1.55
2003-05-26,7.63,7.60,7.67,7.54,3437,3858874.00,1.72,0.53,0.04,1.07
2003-05-27,7.64,7.86,8.00,7.60,7419,8573109.00,5.26,3.42,0.26,2.32
2003-05-28,7.89,7.73,7.89,7.71,3969,4564269.00,2.29,-1.65,-0.13,1.24
2003-05-29,7.71,7.78,7.81,7.68,2848,3249565.00,1.68,0.65,0.05,0.89
2003-05-30,7.78,7.91,8.00,7.75,5583,6504934.00,3.21,1.67,0.13,1.74
2003-06-02,7.93,8.23,8.32,7.93,12573,15112430.00,4.93,4.05,0.32,3.93
2003-06-03,8.23,8.13,8.27,8.10,5217,6262927.00,2.07,-1.22,-0.10,1.63
2003-06-04,8.01,7.96,8.11,7.87,3325,3916992.00,2.95,-2.09,-0.17,1.04
2003-06-05,7.94,8.03,8.21,7.94,3699,4408587.00,3.39,0.88,0.07,1.16
2003-06-06,8.00,7.80,8.00,7.79,3213,3741821.00,2.62,-2.86,-0.23,1.00
2003-06-09,7.77,7.66,7.79,7.64,1958,2227535.00,1.92,-1.79,-0.14,0.61
2003-06-10,7.64,7.74,7.78,7.64,969,1104781.00,1.83,1.04,0.08,0.30
2003-06-11,7.74,7.89,7.93,7.71,1462,1687092.00,2.84,1.94,0.15,0.46
2003-06-12,7.91,7.92,7.93,7.79,1191,1384506.00,1.77,0.38,0.03,0.37
2003-06-13,7.94,7.96,8.13,7.93,2258,2673000.00,2.53,0.51,0.04,0.71
2003-06-16,7.99,7.96,8.02,7.94,1193,1403809.00,1.01,0.00,0.00,0.37
2003-06-17,7.96,7.88,7.96,7.86,1108,1290115.00,1.26,-1.01,-0.08,0.35
2003-06-18,7.86,7.88,7.96,7.86,939,1094290.00,1.27,0.00,0.00,0.29
2003-06-19,7.88,7.72,7.89,7.71,1714,1962776.00,2.28,-2.03,-0.16,0.54
2003-06-20,7.74,7.81,7.86,7.71,4535,5232863.00,1.94,1.17,0.09,1.42
2003-06-23,7.79,7.68,7.79,7.61,4757,5399197.00,2.30,-1.66,-0.13,1.49
2003-06-24,7.68,7.62,7.70,7.54,4106,4626914.00,2.08,-0.78,-0.06,1.28
2003-06-25,7.70,7.56,7.72,7.54,3976,4460131.00,2.36,-0.79,-0.06,1.24
2003-06-27,7.61,7.36,7.63,7.36,2356,2598226.00,3.57,-2.65,-0.20,0.74
2003-06-30,7.36,7.23,7.36,7.21,1161,1249735.00,2.04,-1.77,-0.13,0.36
2003-07-01,7.35,7.16,7.35,7.16,872,940035.00,2.63,-0.97,-0.07,0.27
2003-07-02,7.41,7.31,7.41,7.18,1257,1356083.00,3.21,2.09,0.15,0.39
2003-07-03,7.31,7.26,7.36,7.26,801,866160.00,1.37,-0.68,-0.05,0.25
2003-07-04,7.26,7.17,7.31,7.16,2362,2528013.00,2.07,-1.24,-0.09,0.74
2003-07-07,7.14,7.08,7.14,7.02,2336,2446634.00,1.67,-1.26,-0.09,0.73
2003-07-08,7.10,7.29,7.38,7.07,2650,2815434.00,4.38,2.97,0.21,0.83
2003-07-09,7.41,7.23,7.41,7.19,815,875561.00,3.02,-0.82,-0.06,0.25
2003-07-10,7.27,7.32,7.39,7.19,1465,1585549.00,2.77,1.24,0.09,0.46
2003-07-11,7.26,7.30,7.34,7.26,1062,1149874.00,1.09,-0.27,-0.02,0.33
2003-07-14,7.31,7.21,7.31,7.15,938,1004444.00,2.19,-1.23,-0.09,0.29
2003-07-15,7.20,7.14,7.21,7.12,908,964280.00,1.25,-0.97,-0.07,0.28
2003-07-16,7.15,7.19,7.21,7.11,903,955122.00,1.40,0.70,0.05,0.28
2003-07-17,7.18,7.15,7.24,7.13,1057,1125168.00,1.53,-0.56,-0.04,0.33
2003-07-18,7.15,7.04,7.18,7.02,2003,2104314.00,2.24,-1.54,-0.11,0.63
2003-07-21,7.00,6.84,7.00,6.75,1822,1856231.00,3.55,-2.84,-0.20,0.57
2003-07-22,6.89,6.88,6.97,6.77,1133,1152126.00,2.92,0.58,0.04,0.35
2003-07-23,6.88,6.85,6.91,6.71,949,961488.00,2.91,-0.44,-0.03,0.30
2003-07-24,6.80,6.81,6.89,6.76,480,486294.00,1.90,-0.58,-0.04,0.15
2003-07-25,6.83,6.74,6.89,6.72,1021,1030150.00,2.50,-1.03,-0.07,0.32
2003-07-28,6.76,6.74,6.76,6.71,638,640148.00,0.74,0.00,0.00,0.20
2003-07-29,6.76,6.68,6.79,6.64,1549,1541218.00,2.23,-0.89,-0.06,0.48
2003-07-30,6.70,6.71,6.71,6.63,1056,1049280.00,1.20,0.45,0.03,0.33
2003-07-31,6.64,6.71,6.77,6.64,671,670926.00,1.94,0.00,0.00,0.21
2003-08-01,6.64,6.61,6.66,6.54,2304,2264086.00,1.79,-1.49,-0.10,0.72
2003-08-04,6.57,6.71,6.71,6.50,1451,1428961.00,3.18,1.51,0.10,0.45
2003-08-05,6.71,6.75,6.75,6.64,1111,1108483.00,1.64,0.60,0.04,0.35
2003-08-06,6.75,6.71,6.75,6.66,619,618040.00,1.33,-0.59,-0.04,0.19
2003-08-07,6.71,6.75,6.76,6.68,1150,1152503.00,1.19,0.60,0.04,0.36
2003-08-08,6.81,6.69,6.82,6.69,542,542176.00,1.93,-0.89,-0.06,0.17
2003-08-11,6.69,6.69,6.69,6.59,421,416288.00,1.49,0.00,0.00,0.13
2003-08-12,6.71,6.73,6.76,6.68,1026,1025645.00,1.20,0.60,0.04,0.32
2003-08-13,6.73,6.66,6.73,6.65,682,679010.00,1.19,-1.04,-0.07,0.21
2003-08-14,6.65,6.71,6.76,6.64,1344,1344489.00,1.80,0.75,0.05,0.42
2003-08-15,6.70,6.65,6.75,6.65,595,592979.00,1.49,-0.89,-0.06,0.19
2003-08-18,6.65,6.78,6.84,6.64,1158,1166168.00,3.01,1.95,0.13,0.36
2003-08-19,6.78,6.86,6.89,6.74,1498,1526470.00,2.21,1.18,0.08,0.47
2003-08-20,6.86,6.89,6.89,6.74,1076,1091968.00,2.19,0.44,0.03,0.34
2003-08-21,6.88,6.81,6.88,6.81,903,918770.00,1.02,-1.16,-0.08,0.28
2003-08-22,6.96,6.82,6.96,6.76,391,396566.00,2.94,0.15,0.01,0.12
2003-08-25,6.79,6.57,6.79,6.57,1206,1195554.00,3.23,-3.67,-0.25,0.38
2003-08-26,6.57,6.63,6.68,6.51,633,622722.00,2.59,0.91,0.06,0.20
2003-08-27,6.63,6.66,6.66,6.54,1174,1159062.00,1.81,0.45,0.03,0.37
2003-08-28,6.71,6.61,7.13,6.54,2638,2625493.00,8.86,-0.75,-0.05,0.82
2003-08-29,6.58,6.62,6.64,6.42,2670,2584614.00,3.33,0.15,0.01,0.83
2003-09-01,6.73,6.86,6.88,6.63,2187,2200815.00,3.78,3.63,0.24,0.68
2003-09-02,6.88,6.84,6.88,6.76,1817,1830390.00,1.75,-0.29,-0.02,0.57
2003-09-03,6.86,6.93,7.01,6.86,7378,7576970.00,2.19,1.32,0.09,2.31
2003-09-04,6.94,6.82,6.96,6.81,3033,3094153.00,2.16,-1.59,-0.11,0.95
2003-09-05,6.79,6.99,7.00,6.79,5786,5905057.00,3.08,2.49,0.17,1.81
2003-09-08,7.38,7.21,7.66,7.18,24778,26887366.00,6.87,3.15,0.22,7.74
2003-09-09,7.14,7.11,7.24,7.04,5444,5736925.00,2.77,-1.39,-0.10,1.70
2003-09-10,7.08,6.98,7.08,6.86,4545,4659882.00,3.09,-1.83,-0.13,1.42
2003-09-11,6.97,6.86,6.99,6.84,3086,3136895.00,2.15,-1.72,-0.12,0.96
2003-09-12,6.86,6.81,6.93,6.79,2101,2132081.00,2.04,-0.73,-0.05,0.66
2003-09-15,6.70,6.48,6.86,6.46,3383,3309429.00,5.87,-4.85,-0.33,1.06
2003-09-16,6.48,6.59,6.62,6.48,2087,2030578.00,2.16,1.70,0.11,0.65
2003-09-17,6.54,6.46,6.54,6.45,1541,1483985.00,1.37,-1.97,-0.13,0.48
2003-09-18,6.45,6.51,6.54,6.34,2478,2363260.00,3.10,0.77,0.05,0.77
2003-09-19,6.54,6.54,6.54,6.41,1073,1034120.00,2.00,0.46,0.03,0.34
2003-09-22,6.54,6.51,6.57,6.50,709,689436.00,1.07,-0.46,-0.03,0.22
2003-09-23,6.51,6.56,6.59,6.49,849,822514.00,1.54,0.77,0.05,0.27
2003-09-24,6.60,6.54,6.60,6.39,1977,1907881.00,3.20,-0.30,-0.02,0.62
2003-09-25,6.50,6.38,6.54,6.38,1632,1554548.00,2.45,-2.45,-0.16,0.51
2003-09-26,6.38,6.31,6.38,6.24,1512,1413410.00,2.19,-1.10,-0.07,0.47
2003-09-29,6.31,6.14,6.33,6.09,1591,1455413.00,3.80,-2.69,-0.17,0.50
2003-09-30,6.13,6.13,6.29,6.07,1558,1423553.00,3.58,-0.16,-0.01,0.49
2003-10-08,6.18,6.17,6.21,6.08,552,503974.00,2.12,0.65,0.04,0.17
2003-10-09,6.19,6.12,6.19,6.11,560,512040.00,1.30,-0.81,-0.05,0.18
2003-10-10,6.11,6.21,6.24,6.09,1161,1066597.00,2.45,1.47,0.09,0.36
2003-10-13,6.21,6.23,6.29,6.18,1884,1749339.00,1.77,0.32,0.02,0.59
2003-10-14,6.23,6.23,6.24,6.16,1343,1239512.00,1.28,0.00,0.00,0.42
2003-10-15,6.29,6.18,6.29,6.17,990,912605.00,1.93,-0.80,-0.05,0.31
2003-10-16,6.09,5.90,6.16,5.89,1647,1474094.00,4.37,-4.53,-0.28,0.51
2003-10-17,5.89,5.87,5.95,5.86,1483,1302820.00,1.53,-0.51,-0.03,0.46
2003-10-20,5.85,5.85,5.95,5.84,1975,1732382.00,1.87,-0.34,-0.02,0.62
2003-10-21,5.95,5.86,5.97,5.85,1758,1551156.00,2.05,0.17,0.01,0.55
2003-10-22,5.87,6.03,6.09,5.82,1944,1742844.00,4.61,2.90,0.17,0.61
2003-10-23,6.01,5.95,6.11,5.95,1141,1027272.00,2.65,-1.33,-0.08,0.36
2003-10-24,5.96,5.95,5.99,5.93,821,729531.00,1.01,0.00,0.00,0.26
2003-10-27,5.91,5.80,5.95,5.79,1920,1681947.00,2.69,-2.52,-0.15,0.60
2003-10-28,5.75,5.59,5.79,5.50,3057,2589306.00,5.00,-3.62,-0.21,0.96
2003-10-29,5.53,5.31,5.54,5.18,3930,3160124.00,6.44,-5.01,-0.28,1.23
2003-10-30,5.29,5.16,5.32,5.16,1430,1121582.00,3.01,-2.82,-0.15,0.45
2003-10-31,5.07,5.34,5.59,5.06,1914,1541202.00,10.27,3.49,0.18,0.60
2003-11-03,5.24,5.60,5.61,5.20,4472,3680061.00,7.68,4.87,0.26,1.40
2003-11-04,5.57,5.91,5.94,5.57,6128,5315880.00,6.61,5.54,0.31,1.92
2003-11-05,5.89,5.75,5.89,5.57,2020,1733748.00,5.41,-2.71,-0.16,0.63
2003-11-06,5.82,5.32,5.82,5.25,1977,1607673.00,9.91,-7.48,-0.43,0.62
2003-11-07,5.26,5.35,5.36,5.11,1906,1495875.00,4.70,0.56,0.03,0.60
2003-11-10,5.31,5.27,5.34,5.19,446,350833.00,2.80,-1.50,-0.08,0.14
2003-11-11,5.34,5.24,5.34,5.16,823,646180.00,3.42,-0.57,-0.03,0.26
2003-11-12,5.18,5.17,5.20,5.11,552,428336.00,1.72,-1.34,-0.07,0.17
2003-11-13,5.14,5.21,5.21,5.11,643,500390.00,1.93,0.77,0.04,0.20
2003-11-14,5.16,5.18,5.26,5.11,448,350705.00,2.88,-0.58,-0.03,0.14
2003-11-17,5.12,5.20,5.24,5.12,550,427668.00,2.32,0.39,0.02,0.17
2003-11-18,5.23,5.13,5.23,5.11,394,304708.00,2.31,-1.35,-0.07,0.12
2003-11-19,5.09,5.21,5.22,5.09,1257,979285.00,2.53,1.56,0.08,0.39
2003-11-20,5.21,5.44,5.49,5.18,2022,1629359.00,5.95,4.41,0.23,0.63
2003-11-21,5.45,5.32,5.46,5.26,1855,1495394.00,3.68,-2.21,-0.12,0.58
2003-11-24,5.29,5.55,5.61,5.27,3691,3006064.00,6.39,4.32,0.23,1.15
2003-11-25,5.57,5.56,5.68,5.46,3626,3019784.00,3.96,0.18,0.01,1.13
2003-11-26,5.54,5.51,5.59,5.43,2444,2017310.00,2.88,-0.90,-0.05,0.76
2003-11-27,5.49,5.31,5.56,5.26,2229,1798947.00,5.44,-3.63,-0.20,0.70
2003-11-28,5.29,5.34,5.39,5.29,1044,835104.00,1.88,0.56,0.03,0.33
2003-12-01,5.34,5.44,5.49,5.32,1870,1522382.00,3.18,1.87,0.10,0.58
2003-12-02,5.45,5.55,5.72,5.42,5418,4541147.00,5.51,2.02,0.11,1.69
2003-12-03,5.54,5.58,5.71,5.45,4103,3449996.00,4.68,0.54,0.03,1.28
2003-12-04,5.59,5.61,5.71,5.58,3092,2607350.00,2.33,0.54,0.03,0.97
2003-12-05,5.61,5.54,5.64,5.48,1948,1620256.00,2.85,-1.25,-0.07,0.61
2003-12-08,5.56,5.44,5.60,5.41,1358,1118307.00,3.43,-1.81,-0.10,0.42
2003-12-09,5.44,5.48,5.64,5.44,1301,1075308.00,3.68,0.74,0.04,0.41
2003-12-10,5.49,5.52,5.52,5.44,1671,1371023.00,1.46,0.73,0.04,0.52
2003-12-11,5.51,5.47,5.59,5.42,1631,1337925.00,3.08,-0.91,-0.05,0.51
2003-12-12,5.53,5.61,5.64,5.47,2871,2400559.00,3.11,2.56,0.14,0.90
2003-12-15,5.61,5.59,5.66,5.48,1480,1236209.00,3.21,-0.36,-0.02,0.46
2003-12-16,5.51,5.54,5.59,5.40,1795,1481109.00,3.40,-0.89,-0.05,0.56
2003-12-17,5.57,5.64,5.72,5.46,8175,6920750.00,4.69,1.81,0.10,2.55
2003-12-18,5.64,5.59,5.75,5.48,4424,3692040.00,4.79,-0.89,-0.05,1.38
2003-12-19,5.54,5.61,5.68,5.11,9820,7987952.00,10.20,0.36,0.02,3.07
2003-12-22,5.68,6.01,6.14,5.55,17765,15587360.00,10.52,7.13,0.40,5.55
2003-12-23,6.04,5.86,6.05,5.79,2905,2544014.00,4.33,-2.50,-0.15,0.91
2003-12-24,5.89,5.89,6.01,5.80,6287,5552697.00,3.58,0.51,0.03,1.96
2003-12-25,5.88,5.95,6.14,5.85,4965,4444774.00,4.92,1.02,0.06,1.55
2003-12-26,6.00,6.11,6.16,5.64,7495,6618666.00,8.74,2.69,0.16,2.34
2003-12-29,5.96,5.86,6.09,5.75,3493,3062593.00,5.56,-4.09,-0.25,1.09
2003-12-30,5.91,5.61,6.04,5.60,12794,10945671.00,7.51,-4.27,-0.25,4.00
2003-12-31,5.56,5.63,5.68,5.18,16910,13655363.00,8.91,0.36,0.02,5.28