2006-01-04,1.18,1.20,1.21,1.18,21518,6837312.00,2.54,1.69,0.02,1.79
2006-01-05,1.20,1.23,1.24,1.18,59170,19120428.00,5.00,2.50,0.03,4.93
2006-01-06,1.23,1.24,1.26,1.22,56513,18666077.00,3.25,0.81,0.01,4.71
2006-01-09,1.24,1.27,1.28,1.22,56319,18849792.00,4.84,2.42,0.03,4.69
2006-01-10,1.29,1.29,1.31,1.25,41438,14079214.00,4.72,1.57,0.02,3.45
2006-01-11,1.30,1.29,1.35,1.29,129452,44840818.00,4.65,0.00,0.00,10.79
2006-01-12,1.28,1.30,1.30,1.26,40271,13694567.00,3.10,0.78,0.01,3.36
2006-01-13,1.30,1.27,1.31,1.26,29967,10174415.00,3.85,-2.31,-0.03,2.50
2006-01-16,1.27,1.26,1.30,1.25,29104,9872431.00,3.94,-0.79,-0.01,2.43
2006-01-17,1.25,1.36,1.39,1.24,124053,43603421.00,11.90,7.94,0.10,10.34
2006-01-18,1.36,1.43,1.43,1.33,138498,50758119.00,7.35,5.15,0.07,11.54
2006-01-19,1.44,1.42,1.48,1.40,184048,69581467.00,5.59,-0.70,-0.01,15.34
2006-01-20,1.41,1.42,1.44,1.39,61745,23050933.00,3.52,0.00,0.00,5.15
2006-02-15,1.44,1.53,1.57,1.44,147848,59387382.00,9.15,7.75,0.11,12.32
2006-02-17,1.47,1.40,1.50,1.40,107096,40578180.00,6.54,-8.50,-0.13,8.92
2006-03-20,1.07,1.02,1.08,0.99,91562,24933089.00,6.43,-27.14,-0.38,5.69
2006-03-21,1.01,1.02,1.03,0.99,65245,17784533.00,3.92,0.00,0.00,4.06
2006-03-22,1.02,1.05,1.05,1.01,80124,22252490.00,3.92,2.94,0.03,4.98
2006-03-23,1.05,1.08,1.09,1.05,131158,37810967.00,3.81,2.86,0.03,8.16
2006-03-24,1.08,1.04,1.08,1.03,58964,16675452.00,4.63,-3.70,-0.04,3.67
2006-03-27,1.01,1.05,1.06,1.01,33713,9411672.00,4.81,0.96,0.01,2.10
2006-03-28,1.04,1.05,1.06,1.03,42199,11844345.00,2.86,0.00,0.00,2.62
2006-03-29,1.05,1.06,1.08,1.05,80268,22985089.00,2.86,0.95,0.01,4.99
2006-03-30,1.05,1.04,1.05,1.02,50504,14085061.00,2.83,-1.89,-0.02,3.14
2006-03-31,1.04,1.02,1.04,1.01,39039,10713795.00,2.88,-1.92,-0.02,2.43
2006-04-03,1.02,1.03,1.03,1.00,47680,13059637.00,2.94,0.98,0.01,2.97
2006-04-04,1.02,1.02,1.02,1.00,57793,15703077.00,1.94,-0.97,-0.01,3.59
2006-04-05,1.02,1.04,1.04,1.01,65016,18016274.00,2.94,1.96,0.02,4.04
2006-04-06,1.04,1.05,1.06,1.02,85195,23947121.00,3.85,0.96,0.01,5.30
2006-04-07,1.05,1.03,1.05,1.03,49022,13598510.00,1.90,-1.90,-0.02,3.05
2006-04-10,1.03,1.05,1.06,1.02,69279,19405017.00,3.88,1.94,0.02,4.31
2006-04-11,1.05,1.04,1.06,1.03,58832,16472710.00,2.86,-0.95,-0.01,3.66
2006-04-12,1.05,1.07,1.08,1.03,107001,30475362.00,4.81,2.88,0.03,6.65
2006-04-13,1.06,1.07,1.09,1.05,138398,40012278.00,3.74,0.00,0.00,8.61
2006-04-14,1.07,1.11,1.14,1.07,189967,56609802.00,6.54,3.74,0.04,11.81
2006-04-17,1.12,1.10,1.13,1.09,81630,23964412.00,3.60,-0.90,-0.01,5.08
2006-04-18,1.10,1.08,1.11,1.07,74840,21748615.00,3.64,-1.82,-0.02,4.65
2006-04-19,1.07,1.03,1.08,1.01,79506,22176746.00,6.48,-4.63,-0.05,4.94
2006-04-20,1.03,0.97,1.04,0.96,87346,23438898.00,7.77,-5.83,-0.06,5.43
2006-04-21,0.97,0.93,0.97,0.86,100562,24727485.00,11.34,-4.12,-0.04,6.25
2006-04-24,0.92,0.87,0.92,0.87,55815,13425276.00,5.38,-6.45,-0.06,3.47
2006-04-25,0.87,0.90,0.95,0.87,39499,9729090.00,9.20,3.45,0.03,2.46
2006-04-26,0.90,0.92,0.92,0.87,45636,11177753.00,5.56,2.22,0.02,2.84
2006-04-27,0.92,0.93,0.94,0.91,50778,12768713.00,3.26,1.09,0.01,3.16
2006-04-28,0.92,0.97,0.97,0.88,78480,20021179.00,9.68,4.30,0.04,4.88
2006-05-08,1.02,1.05,1.05,0.99,161774,44541133.00,6.19,8.25,0.08,10.06
2006-05-09,1.05,1.06,1.07,1.01,149953,42069349.00,5.71,0.95,0.01,9.33
2006-05-10,1.07,1.09,1.11,1.04,158804,46113988.00,6.60,2.83,0.03,9.88
2006-05-11,1.09,1.05,1.14,1.04,181418,53402478.00,9.17,-3.67,-0.04,11.28
2006-05-12,1.04,1.06,1.07,1.01,124119,34711373.00,5.71,0.95,0.01,7.72
2006-05-15,1.07,1.13,1.14,1.07,198030,58780452.00,6.60,6.60,0.07,12.32
2006-05-16,1.13,1.19,1.23,1.08,270727,84255151.00,13.27,5.31,0.06,16.84
2006-05-17,1.20,1.19,1.24,1.15,182335,57971869.00,7.56,0.00,0.00,11.34
2006-05-18,1.20,1.25,1.25,1.17,183498,59458358.00,6.72,5.04,0.06,11.41
2006-05-19,1.24,1.26,1.30,1.22,165592,55744924.00,6.40,0.80,0.01,10.30
2006-05-22,1.26,1.31,1.36,1.24,195618,67617696.00,9.52,3.97,0.05,12.17
2006-05-23,1.31,1.17,1.31,1.17,167148,54693232.00,10.69,-10.69,-0.14,10.39
2006-05-24,1.16,1.11,1.22,1.05,130951,39229133.00,14.53,-5.13,-0.06,8.14
2006-05-25,1.11,1.11,1.14,1.07,55044,16245147.00,6.31,0.00,0.00,3.42
2006-05-29,1.14,1.19,1.21,1.13,85143,26738072.00,7.21,7.21,0.08,5.29
2006-05-30,1.20,1.22,1.23,1.16,114018,36330424.00,5.88,2.52,0.03,7.09
2006-05-31,1.22,1.27,1.31,1.19,191635,64237858.00,9.84,4.10,0.05,11.92
2006-06-01,1.25,1.36,1.36,1.24,251111,87433751.00,9.45,7.09,0.09,15.62
2006-06-02,1.40,1.50,1.50,1.40,296334,116060126.00,7.35,10.29,0.14,18.43
2006-06-05,1.56,1.38,1.56,1.35,374494,137967074.00,14.00,-8.00,-0.12,23.29
2006-06-06,1.37,1.45,1.50,1.31,271739,102102652.00,13.77,5.07,0.07,16.90
2006-06-07,1.43,1.30,1.45,1.30,162273,58087622.00,10.34,-10.34,-0.15,10.09
2006-06-08,1.27,1.27,1.29,1.19,134651,44175933.00,7.69,-2.31,-0.03,8.37
2006-06-09,1.26,1.25,1.37,1.22,157001,53815129.00,11.81,-1.57,-0.02,9.76
2006-06-12,1.22,1.25,1.27,1.20,60009,19953162.00,5.60,0.00,0.00,3.73
2006-06-13,1.25,1.30,1.31,1.19,83929,27721818.00,9.60,4.00,0.05,5.22
2006-06-14,1.29,1.34,1.34,1.25,147148,51100084.00,6.92,3.08,0.04,9.15
2006-06-15,1.33,1.29,1.36,1.26,72440,25213584.00,7.46,-3.73,-0.05,4.50
2006-06-16,1.29,1.31,1.33,1.29,56406,19558668.00,3.10,1.55,0.02,3.51
2006-06-19,1.30,1.32,1.34,1.27,58437,20242786.00,5.34,0.76,0.01,3.63
2006-06-20,1.32,1.31,1.33,1.27,57022,19572730.00,4.55,-0.76,-0.01,3.55
2006-06-21,1.29,1.27,1.30,1.26,58818,19876797.00,3.05,-3.05,-0.04,3.66
2006-06-22,1.27,1.26,1.29,1.25,36049,12162460.00,3.15,-0.79,-0.01,2.24
2006-06-23,1.25,1.24,1.25,1.20,67257,21922426.00,3.97,-1.59,-0.02,4.18
2006-06-26,1.24,1.29,1.30,1.21,61096,20420725.00,7.26,4.03,0.05,3.80
2006-06-27,1.29,1.27,1.29,1.25,45337,15230086.00,3.10,-1.55,-0.02,2.82
2006-06-28,1.26,1.30,1.31,1.25,81057,27706506.00,4.72,2.36,0.03,5.04
2006-06-29,1.31,1.33,1.34,1.30,107887,37714982.00,3.08,2.31,0.03,6.71
2006-06-30,1.34,1.30,1.36,1.29,79855,27864730.00,5.26,-2.26,-0.03,4.97
2006-07-03,1.30,1.33,1.34,1.28,68340,23725153.00,4.62,2.31,0.03,4.25
2006-07-04,1.33,1.37,1.38,1.30,133242,47197668.00,6.02,3.01,0.04,8.29
2006-07-05,1.39,1.44,1.44,1.35,289383,107649531.00,6.57,5.11,0.07,18.00
2006-07-06,1.44,1.44,1.46,1.41,116538,44129082.00,3.47,0.00,0.00,7.25
2006-07-07,1.44,1.37,1.45,1.36,119071,43974350.00,6.25,-4.86,-0.07,7.40
2006-07-10,1.37,1.40,1.42,1.36,48517,17923154.00,4.38,2.19,0.03,3.02
2006-07-11,1.39,1.37,1.39,1.35,56205,20334511.00,2.86,-2.14,-0.03,3.50
2006-07-12,1.36,1.35,1.38,1.33,62864,22506062.00,3.65,-1.46,-0.02,3.91
2006-07-13,1.35,1.22,1.35,1.21,91386,30704903.00,10.37,-9.63,-0.13,5.68
2006-07-14,1.20,1.23,1.25,1.19,48332,15736228.00,4.92,0.82,0.01,3.01
2006-07-17,1.22,1.25,1.26,1.21,39501,12984407.00,4.07,1.63,0.02,2.46
2006-07-18,1.25,1.25,1.26,1.22,37178,12264854.00,3.20,0.00,0.00,2.31
2006-07-19,1.24,1.22,1.24,1.20,40395,13100205.00,3.20,-2.40,-0.03,2.51
2006-07-20,1.21,1.21,1.23,1.19,26787,8614765.00,3.28,-0.82,-0.01,1.67
2006-07-21,1.21,1.22,1.23,1.21,19751,6402414.00,1.65,0.83,0.01,1.23
2006-07-24,1.20,1.20,1.20,1.17,27598,8707906.00,2.46,-1.64,-0.02,1.72
2006-07-25,1.20,1.22,1.23,1.19,19304,6243703.00,3.33,1.67,0.02,1.20
2006-07-26,1.22,1.23,1.25,1.21,32665,10653664.00,3.28,0.82,0.01,2.03
2006-07-27,1.23,1.21,1.24,1.20,34617,11236292.00,3.25,-1.63,-0.02,2.15
2006-07-28,1.21,1.19,1.22,1.16,26481,8416870.00,4.96,-1.65,-0.02,1.65
2006-07-31,1.17,1.23,1.26,1.17,83506,27255033.00,7.56,3.36,0.04,5.19
2006-08-01,1.23,1.23,1.25,1.20,40261,13147868.00,4.07,0.00,0.00,2.50
2006-08-02,1.23,1.21,1.24,1.19,32136,10300828.00,4.07,-1.63,-0.02,2.00
2006-08-03,1.19,1.20,1.22,1.19,19839,6334582.00,2.48,-0.83,-0.01,1.23
2006-08-04,1.20,1.19,1.21,1.17,27212,8626454.00,3.33,-0.83,-0.01,1.69
2006-08-07,1.18,1.14,1.18,1.13,34882,10672093.00,4.20,-4.20,-0.05,2.17
2006-08-08,1.18,1.16,1.18,1.14,11944,3676850.00,3.51,1.75,0.02,0.74
2006-08-09,1.16,1.17,1.18,1.13,15866,4890788.00,4.31,0.86,0.01,0.99
2006-08-10,1.17,1.18,1.19,1.15,16812,5252534.00,3.42,0.85,0.01,1.05
2006-08-11,1.17,1.19,1.21,1.17,24104,7713325.00,3.39,0.85,0.01,1.50
2006-08-14,1.19,1.17,1.20,1.16,17139,5380495.00,3.36,-1.68,-0.02,1.07
2006-08-15,1.16,1.19,1.20,1.16,8217,2588370.00,3.42,1.71,0.02,0.51
2006-08-16,1.19,1.19,1.20,1.17,15097,4776135.00,2.52,0.00,0.00,0.94
2006-08-17,1.19,1.21,1.22,1.16,18082,5734315.00,5.04,1.68,0.02,1.12
2006-08-18,1.19,1.20,1.21,1.18,22875,7269512.00,2.48,-0.83,-0.01,1.42
2006-08-21,1.16,1.21,1.22,1.16,28899,9212986.00,5.00,0.83,0.01,1.80
2006-08-22,1.20,1.23,1.24,1.20,31770,10361551.00,3.31,1.65,0.02,1.98
2006-08-23,1.23,1.27,1.28,1.23,78703,26279156.00,4.07,3.25,0.04,4.89
2006-08-24,1.27,1.32,1.32,1.25,96417,32804868.00,5.51,3.94,0.05,6.00
2006-08-25,1.32,1.34,1.41,1.31,145613,52391718.00,7.58,1.52,0.02,9.06
2006-08-28,1.34,1.35,1.37,1.31,85298,30203414.00,4.48,0.75,0.01,5.30
2006-08-29,1.36,1.33,1.39,1.32,66359,23672851.00,5.19,-1.48,-0.02,4.13
2006-08-30,1.32,1.31,1.34,1.29,52576,18293135.00,3.76,-1.50,-0.02,3.27
2006-08-31,1.33,1.34,1.36,1.31,52256,18565637.00,3.82,2.29,0.03,3.25
2006-09-01,1.35,1.31,1.35,1.28,44147,15305942.00,5.22,-2.24,-0.03,2.75
2006-09-04,1.29,1.32,1.33,1.27,47472,16438739.00,4.58,0.76,0.01,2.95
2006-09-05,1.32,1.34,1.38,1.31,82089,29467774.00,5.30,1.52,0.02,5.11
2006-09-06,1.35,1.33,1.36,1.31,37812,13368898.00,3.73,-0.75,-0.01,2.35
2006-09-07,1.33,1.31,1.36,1.29,32262,11321236.00,5.26,-1.50,-0.02,2.01
2006-09-08,1.30,1.32,1.35,1.30,21776,7624052.00,3.82,0.76,0.01,1.35
2006-09-11,1.31,1.29,1.32,1.27,28842,9850087.00,3.79,-2.27,-0.03,1.79
2006-09-12,1.30,1.29,1.30,1.27,23558,8032400.00,2.33,0.00,0.00,1.47
2006-09-13,1.29,1.27,1.31,1.25,27039,9160291.00,4.65,-1.55,-0.02,1.68
2006-09-14,1.26,1.30,1.30,1.26,28019,9558268.00,3.15,2.36,0.03,1.74
2006-09-15,1.29,1.31,1.32,1.27,29673,10216776.00,3.85,0.77,0.01,1.85
2006-09-18,1.32,1.35,1.37,1.31,58896,20940519.00,4.58,3.05,0.04,3.66
2006-09-19,1.35,1.33,1.36,1.33,44979,15998772.00,2.22,-1.48,-0.02,2.80
2006-09-20,1.32,1.31,1.33,1.29,32874,11340640.00,3.01,-1.50,-0.02,2.04
2006-09-21,1.30,1.30,1.31,1.28,21076,7233941.00,2.29,-0.76,-0.01,1.31
2006-09-22,1.30,1.26,1.30,1.24,54797,18384297.00,4.62,-3.08,-0.04,3.41
2006-09-25,1.28,1.27,1.28,1.24,18950,6335034.00,3.17,0.79,0.01,1.18
2006-09-26,1.27,1.25,1.28,1.24,18185,6036530.00,3.15,-1.57,-0.02,1.13
2006-09-27,1.25,1.27,1.27,1.25,12056,4042896.00,1.60,1.60,0.02,0.75
2006-09-28,1.27,1.27,1.28,1.25,14823,4980830.00,2.36,0.00,0.00,0.92
2006-09-29,1.27,1.29,1.30,1.26,28061,9559514.00,3.15,1.57,0.02,1.75
2006-10-09,1.29,1.30,1.32,1.28,37347,12815817.00,3.10,0.78,0.01,2.32
2006-10-10,1.31,1.37,1.39,1.27,145816,51565108.00,9.23,5.38,0.07,9.07
2006-10-11,1.35,1.36,1.38,1.33,70415,25183593.00,3.65,-0.73,-0.01,4.38
2006-10-12,1.37,1.37,1.42,1.36,175913,64783354.00,4.41,0.74,0.01,10.94
2006-10-13,1.36,1.33,1.38,1.31,80692,28548621.00,5.11,-2.92,-0.04,5.02
2006-10-16,1.32,1.34,1.37,1.32,53521,19012641.00,3.76,0.75,0.01,3.33
2006-10-17,1.34,1.32,1.35,1.31,26510,9317430.00,2.99,-1.49,-0.02,1.65
2006-10-18,1.32,1.34,1.35,1.31,31679,11163129.00,3.03,1.52,0.02,1.97
2006-10-19,1.33,1.31,1.35,1.29,46944,16257647.00,4.48,-2.24,-0.03,2.92
2006-10-20,1.30,1.30,1.31,1.28,41703,14266485.00,2.29,-0.76,-0.01,2.59
2006-10-23,1.29,1.22,1.29,1.21,50601,16830622.00,6.15,-6.15,-0.08,3.15
2006-10-24,1.22,1.25,1.26,1.22,31121,10214228.00,3.28,2.46,0.03,1.94
2006-10-25,1.26,1.22,1.27,1.20,40046,13065007.00,5.60,-2.40,-0.03,2.49
2006-10-26,1.22,1.21,1.24,1.19,36707,11753581.00,4.10,-0.82,-0.01,2.28
2006-10-27,1.21,1.19,1.21,1.17,33218,10534092.00,3.31,-1.65,-0.02,2.07
2006-10-30,1.20,1.24,1.25,1.19,47384,15541004.00,5.04,4.20,0.05,2.95
2006-10-31,1.25,1.23,1.25,1.23,21128,6937801.00,1.61,-0.81,-0.01,1.31
2006-11-01,1.23,1.23,1.24,1.20,25099,8112408.00,3.25,0.00,0.00,1.56
2006-11-02,1.22,1.25,1.26,1.21,34343,11330327.00,4.07,1.63,0.02,2.14
2006-11-03,1.25,1.24,1.25,1.22,24795,8118960.00,2.40,-0.80,-0.01,1.54
2006-11-06,1.23,1.29,1.29,1.20,74586,24903474.00,7.26,4.03,0.05,4.64
2006-11-07,1.29,1.25,1.29,1.24,39128,13049220.00,3.88,-3.10,-0.04,2.43
2006-11-08,1.25,1.23,1.25,1.21,25339,8234625.00,3.20,-1.60,-0.02,1.58
2006-11-09,1.22,1.23,1.24,1.21,16896,5514094.00,2.44,0.00,0.00,1.05
2006-11-10,1.22,1.18,1.22,1.15,49916,15816249.00,5.69,-4.07,-0.05,3.10
2006-11-13,1.16,1.13,1.19,1.11,31263,9537866.00,6.78,-4.24,-0.05,1.94
2006-11-14,1.13,1.16,1.16,1.12,25730,7838248.00,3.54,2.65,0.03,1.60
2006-11-15,1.15,1.18,1.20,1.15,41364,12989917.00,4.31,1.72,0.02,2.57
2006-11-16,1.17,1.15,1.20,1.15,36597,11411075.00,4.24,-2.54,-0.03,2.28
2006-11-17,1.13,1.15,1.15,1.13,18779,5747689.00,1.74,0.00,0.00,1.17
2006-11-20,1.15,1.14,1.16,1.12,29513,8923017.00,3.48,-0.87,-0.01,1.84
2006-11-21,1.14,1.14,1.14,1.11,24386,7336782.00,2.63,0.00,0.00,1.52
2006-11-22,1.14,1.17,1.20,1.12,32825,10141400.00,7.02,2.63,0.03,2.04
2006-11-23,1.16,1.17,1.18,1.15,21960,6854217.00,2.56,0.00,0.00,1.37
2006-11-24,1.17,1.17,1.18,1.15,22700,7056013.00,2.56,0.00,0.00,1.41
2006-11-27,1.17,1.18,1.19,1.17,27229,8576830.00,1.71,0.85,0.01,1.69
2006-11-28,1.18,1.18,1.20,1.17,28462,9014716.00,2.54,0.00,0.00,1.77
2006-11-29,1.17,1.18,1.19,1.16,23685,7398067.00,2.54,0.00,0.00,1.47
2006-11-30,1.18,1.21,1.22,1.17,44622,14264226.00,4.24,2.54,0.03,2.78
2006-12-01,1.20,1.22,1.24,1.20,58622,19091252.00,3.31,0.83,0.01,3.65
2006-12-04,1.22,1.25,1.26,1.19,97898,31441152.00,5.74,2.46,0.03,6.09
2006-12-05,1.25,1.25,1.28,1.23,92025,30595238.00,4.00,0.00,0.00,5.72
2006-12-06,1.26,1.21,1.27,1.20,73917,24183618.00,5.60,-3.20,-0.04,4.60
2006-12-07,1.21,1.21,1.24,1.20,52874,17192716.00,3.31,0.00,0.00,3.29
2006-12-08,1.20,1.15,1.20,1.13,48415,15093649.00,5.79,-4.96,-0.06,3.01
2006-12-11,1.14,1.21,1.21,1.13,50283,15811919.00,6.96,5.22,0.06,3.13
2006-12-12,1.21,1.21,1.22,1.18,37566,12000216.00,3.31,0.00,0.00,2.34
2006-12-13,1.21,1.23,1.24,1.19,48356,15674755.00,4.13,1.65,0.02,3.01
2006-12-14,1.26,1.26,1.28,1.25,190341,63763981.00,2.44,2.44,0.03,11.84
2006-12-15,1.27,1.25,1.27,1.24,53749,17881681.00,2.38,-0.79,-0.01,3.34
2006-12-18,1.25,1.25,1.26,1.23,52956,17417763.00,2.40,0.00,0.00,3.29
2006-12-19,1.25,1.24,1.25,1.22,40657,13298490.00,2.40,-0.80,-0.01,2.53
2006-12-20,1.23,1.23,1.24,1.21,42156,13779317.00,2.42,-0.81,-0.01,2.62
2006-12-21,1.23,1.23,1.27,1.23,51889,17300645.00,3.25,0.00,0.00,3.23
2006-12-22,1.22,1.23,1.24,1.22,25355,8273501.00,1.63,0.00,0.00,1.58
2006-12-25,1.23,1.24,1.25,1.23,32835,10794955.00,1.63,0.81,0.01,2.04
2006-12-26,1.23,1.26,1.26,1.23,51312,17025900.00,2.42,1.61,0.02,3.19
2006-12-27,1.26,1.25,1.28,1.24,43641,14560061.00,3.17,-0.79,-0.01,2.71
2006-12-28,1.26,1.22,1.26,1.20,49492,16047095.00,4.80,-2.40,-0.03,3.08
2006-12-29,1.22,1.21,1.22,1.20,37832,12182057.00,1.64,-0.82,-0.01,2.35