2020-01-02,992.60,996.34,997.33,987.87,333516,296798858.00,0.96,0.78,7.68,0.59
2020-01-03,996.31,997.78,999.66,993.55,287103,274832127.00,0.61,0.14,1.44,0.51
2020-01-06,992.66,993.10,996.60,986.54,279248,240726977.00,1.01,-0.47,-4.68,0.49
2020-01-07,992.23,1009.71,1009.71,992.23,352555,333479358.00,1.76,1.67,16.61,0.62
2020-01-08,1001.81,990.51,1003.66,988.08,375624,375485942.00,1.54,-1.90,-19.20,0.66
2020-01-09,993.39,1000.30,1003.23,993.39,259374,259638628.00,0.99,0.99,9.79,0.46
2020-01-10,1001.66,1005.52,1006.51,997.26,342684,376092345.00,0.92,0.52,5.22,0.61
2020-01-13,1005.64,1013.50,1014.36,1002.79,321647,367886944.00,1.15,0.79,7.98,0.57
2020-01-14,1012.87,1008.94,1012.87,1006.48,286249,292093605.00,0.63,-0.45,-4.56,0.51
2020-01-15,1009.13,1011.00,1014.04,1004.94,279363,353053452.00,0.90,0.20,2.06,0.49
2020-01-16,1010.82,1013.82,1016.49,1010.82,267306,308422640.00,0.56,0.28,2.82,0.47
2020-01-17,1013.13,1010.65,1018.89,1009.19,331884,257603058.00,0.96,-0.31,-3.17,0.59
2020-01-20,1010.34,1011.99,1012.30,1002.79,270356,273663189.00,0.94,0.13,1.34,0.48
2020-01-21,1011.22,996.40,1013.62,996.21,289819,283811529.00,1.72,-1.54,-15.59,0.51
2020-01-22,993.64,996.78,1000.85,980.57,260985,263995627.00,2.04,0.04,0.38,0.46
2020-01-23,986.99,962.02,990.28,958.81,305607,306617621.00,3.16,-3.49,-34.76,0.54
2020-02-03,883.53,882.63,884.32,880.81,212692,191621159.00,0.36,-8.25,-79.39,0.38
2020-02-04,846.97,866.19,868.52,846.97,421521,407886340.00,2.44,-1.86,-16.44,0.74
2020-02-05,864.87,870.74,884.01,864.87,384929,327622912.00,2.21,0.53,4.55,0.68
2020-02-06,869.25,873.97,880.07,861.84,355560,303783132.00,2.09,0.37,3.23,0.63
2020-02-07,872.63,874.77,876.45,868.95,301593,254803428.00,0.86,0.09,0.80,0.53
2020-02-10,871.86,894.30,894.94,868.09,318425,319502064.00,3.07,2.23,19.53,0.56
2020-02-11,891.13,899.60,904.76,891.13,248894,254965801.00,1.52,0.59,5.30,0.44
2020-02-12,900.18,905.90,906.97,895.12,235291,230526967.00,1.32,0.70,6.30,0.42
2020-02-13,904.99,892.51,907.08,891.19,239756,212253157.00,1.75,-1.48,-13.39,0.42
2020-02-14,890.49,889.64,895.34,885.51,171712,172759965.00,1.10,-0.32,-2.87,0.30
2020-02-17,890.73,907.71,908.04,890.73,285297,258968976.00,1.95,2.03,18.07,0.50
2020-02-18,908.93,916.46,916.46,907.86,289194,271762044.00,0.95,0.96,8.75,0.51
2020-02-19,915.24,916.45,920.47,913.22,315285,311099768.00,0.79,0.00,-0.01,0.56
2020-02-20,916.74,929.77,929.83,916.74,365804,335381989.00,1.43,1.45,13.32,0.65
2020-02-21,927.31,925.50,930.66,923.03,298069,281752520.00,0.82,-0.46,-4.27,0.53
2020-02-24,923.81,933.04,934.38,920.47,414769,416722074.00,1.50,0.81,7.54,0.73
2020-02-25,921.58,920.48,926.00,903.66,490797,478092112.00,2.39,-1.35,-12.56,0.87
2020-02-26,911.84,913.93,920.40,907.62,423526,387501849.00,1.39,-0.71,-6.55,0.75
2020-02-27,913.12,915.62,920.70,910.18,341218,309933314.00,1.15,0.18,1.69,0.60
2020-02-28,897.35,878.72,900.03,878.45,409272,360398320.00,2.36,-4.03,-36.90,0.72
2020-03-02,879.56,898.74,900.34,879.56,293559,275574207.00,2.36,2.28,20.02,0.52
2020-03-03,903.49,907.31,915.39,903.19,335682,335403798.00,1.36,0.95,8.57,0.59
2020-03-04,904.91,916.46,916.46,902.79,320623,257371750.00,1.51,1.01,9.15,0.57
2020-03-05,922.36,940.31,941.53,921.89,494024,453689406.00,2.14,2.60,23.85,0.87
2020-03-06,932.99,939.94,945.26,929.55,413424,302468262.00,1.67,-0.04,-0.37,0.73
2020-03-09,929.08,918.80,932.00,917.98,387757,330720215.00,1.49,-2.25,-21.14,0.69
2020-03-10,908.23,927.27,927.27,899.86,347816,359502194.00,2.98,0.92,8.47,0.61
2020-03-11,926.63,928.14,939.04,926.63,360693,322408934.00,1.34,0.09,0.87,0.64
2020-03-12,919.05,915.96,924.37,912.49,302530,281382990.00,1.28,-1.31,-12.18,0.53
2020-03-13,882.90,911.45,911.55,882.90,355852,318286089.00,3.13,-0.49,-4.51,0.63
2020-03-16,914.07,890.77,920.46,888.98,416679,370267781.00,3.45,-2.27,-20.68,0.74
2020-03-17,889.93,884.77,896.41,864.75,327614,285178276.00,3.55,-0.67,-6.00,0.58
2020-03-18,889.82,860.46,895.89,860.46,303642,283919516.00,4.00,-2.75,-24.31,0.54
2020-03-19,858.40,851.62,860.83,834.52,321155,331646403.00,3.06,-1.03,-8.84,0.57
2020-03-20,857.42,865.22,865.22,850.20,247283,257457280.00,1.76,1.60,13.60,0.44
2020-03-23,849.48,841.64,855.22,840.19,245013,266268059.00,1.74,-2.73,-23.58,0.43
2020-03-24,851.43,860.82,861.16,845.99,237578,294786021.00,1.80,2.28,19.18,0.42
2020-03-25,875.72,877.36,878.81,869.85,265374,292242553.00,1.04,1.92,16.54,0.47
2020-03-26,877.55,877.98,884.89,871.67,253022,295565813.00,1.51,0.07,0.62,0.45
2020-03-27,884.57,884.84,892.76,881.60,236891,308968883.00,1.27,0.78,6.86,0.42
2020-03-30,876.79,869.11,876.79,863.91,261976,276293359.00,1.46,-1.78,-15.73,0.46
2020-03-31,873.03,884.45,887.38,869.57,303820,340352613.00,2.05,1.77,15.34,0.54
2020-04-01,882.66,880.28,889.23,877.87,289323,343673188.00,1.28,-0.47,-4.17,0.51
2020-04-02,875.67,887.10,887.67,873.09,194286,234842830.00,1.66,0.77,6.82,0.34
2020-04-03,885.67,889.81,896.70,885.67,255171,284032842.00,1.24,0.31,2.71,0.45
2020-04-07,902.44,913.82,914.10,899.47,387415,379690550.00,1.64,2.70,24.01,0.68
2020-04-08,910.83,914.47,917.27,908.52,332091,347653974.00,0.96,0.07,0.65,0.59
2020-04-09,914.90,921.64,925.89,914.90,292578,285948636.00,1.20,0.78,7.17,0.52
2020-04-10,920.83,912.00,924.48,908.23,334804,266739254.00,1.76,-1.05,-9.64,0.59
2020-04-13,908.02,902.86,908.02,900.30,227269,187944739.00,0.85,-1.00,-9.14,0.40
2020-04-14,904.50,915.82,917.80,901.51,208696,270242707.00,1.80,1.44,12.96,0.37
2020-04-15,914.47,903.75,916.67,902.40,260981,439223912.00,1.56,-1.32,-12.07,0.46
2020-04-16,900.43,903.44,906.25,898.33,265513,336230180.00,0.88,-0.03,-0.31,0.47
2020-04-17,907.92,899.76,908.13,899.00,249404,244543796.00,1.01,-0.41,-3.68,0.44
2020-04-20,901.32,914.42,914.46,901.32,397034,321007883.00,1.46,1.63,14.66,0.70
2020-04-21,908.85,909.77,910.58,900.84,264967,220705271.00,1.07,-0.51,-4.65,0.47
2020-04-22,905.12,927.84,928.12,904.68,409285,399599095.00,2.58,1.99,18.07,0.72
2020-04-23,927.79,931.55,938.53,927.79,382077,387276098.00,1.16,0.40,3.71,0.68
2020-04-24,940.10,936.68,949.25,934.08,458087,618229091.00,1.63,0.55,5.13,0.81
2020-04-27,933.51,924.15,938.02,923.72,432412,574002163.00,1.53,-1.34,-12.53,0.76
2020-04-28,921.36,919.93,924.72,899.29,574840,624447108.00,2.75,-0.46,-4.22,1.02
2020-04-29,909.39,915.18,922.07,907.17,407089,636862595.00,1.62,-0.52,-4.75,0.72
2020-04-30,912.30,923.85,925.16,912.30,366958,520176064.00,1.41,0.95,8.67,0.65
2020-05-06,917.66,936.10,936.16,917.66,396210,483814731.00,2.00,1.33,12.25,0.70
2020-05-07,934.68,957.60,958.31,934.68,576110,669580893.00,2.52,2.30,21.50,1.02
2020-05-08,956.96,963.38,971.22,955.91,535398,826671375.00,1.60,0.60,5.78,0.95
2020-05-11,968.54,965.63,974.95,964.06,430772,542652299.00,1.13,0.23,2.25,0.76
2020-05-12,965.93,955.42,968.38,948.78,350313,498770342.00,2.03,-1.06,-10.21,0.62
2020-05-13,954.71,967.25,969.94,954.60,347044,555543741.00,1.61,1.24,11.83,0.61
2020-05-14,960.89,966.94,972.93,958.68,346889,539432785.00,1.47,-0.03,-0.31,0.61
2020-05-15,967.46,964.07,969.91,961.53,304846,451499471.00,0.87,-0.30,-2.87,0.54
2020-05-18,960.99,970.36,974.81,958.47,448598,511016083.00,1.69,0.65,6.29,0.79
2020-05-19,971.76,972.33,973.82,966.05,278503,375731272.00,0.80,0.20,1.97,0.49
2020-05-20,973.00,960.73,976.18,957.01,308131,439326237.00,1.97,-1.19,-11.60,0.54
2020-05-21,961.37,963.95,975.70,959.74,400492,520336854.00,1.66,0.34,3.22,0.71
2020-05-22,962.26,947.67,962.26,944.46,419511,548740678.00,1.85,-1.69,-16.28,0.74
2020-05-25,947.72,961.31,967.62,942.00,435857,499553107.00,2.70,1.44,13.64,0.77
2020-05-26,962.09,971.84,972.77,958.76,387673,517350549.00,1.46,1.10,10.53,0.68
2020-05-27,978.28,996.89,997.32,978.28,699389,776076576.00,1.96,2.58,25.05,1.24
2020-05-28,998.29,1003.54,1015.31,997.49,1027934,1086669476.00,1.79,0.67,6.65,1.82
2020-05-29,998.51,1013.01,1015.01,995.96,802269,890098136.00,1.90,0.94,9.47,1.42
2020-06-01,1016.06,1016.08,1018.86,1009.50,635483,798216063.00,0.92,0.30,3.07,1.12
2020-06-02,1020.41,1001.75,1020.41,999.21,689851,964060668.00,2.09,-1.41,-14.33,1.22
2020-06-03,1003.28,1003.09,1004.48,994.34,538528,714808809.00,1.01,0.13,1.34,0.95
2020-06-04,1002.17,1013.57,1017.39,1001.00,577517,688110554.00,1.63,1.04,10.48,1.02
2020-06-05,1013.22,1008.97,1013.22,1003.76,441675,544291511.00,0.93,-0.45,-4.60,0.78
2020-06-08,1015.63,1005.17,1016.87,1004.33,463615,544518070.00,1.24,-0.38,-3.80,0.82
2020-06-09,1012.89,1027.44,1030.38,1010.12,411130,524507708.00,2.02,2.22,22.27,0.73
2020-06-10,1030.28,1027.06,1030.28,1020.48,474712,514311604.00,0.95,-0.04,-0.38,0.84
2020-06-11,1025.44,1011.36,1025.44,1006.55,384738,472437632.00,1.84,-1.53,-15.70,0.68
2020-06-12,998.96,1013.36,1017.33,995.81,392886,404284282.00,2.13,0.20,2.00,0.69
2020-06-15,1014.22,1021.99,1032.05,1012.81,387387,565543544.00,1.90,0.85,8.63,0.68
2020-06-16,1024.85,1040.18,1040.22,1024.15,371494,522471249.00,1.57,1.78,18.19,0.66
2020-06-17,1038.73,1031.54,1038.73,1026.75,335349,605413049.00,1.15,-0.83,-8.64,0.59
2020-06-18,1028.58,1028.78,1031.05,1023.63,278531,371430358.00,0.72,-0.27,-2.76,0.49
2020-06-19,1028.66,1038.04,1041.31,1028.66,357379,484572741.00,1.23,0.90,9.26,0.63
2020-06-22,1037.54,1034.07,1037.69,1029.00,348486,522931825.00,0.84,-0.38,-3.97,0.62
2020-06-23,1030.67,1056.59,1060.14,1030.04,546826,772983589.00,2.91,2.18,22.52,0.97
2020-06-24,1062.28,1057.91,1063.40,1054.16,387275,558169600.00,0.87,0.12,1.32,0.68
2020-06-29,1056.68,1058.76,1061.91,1052.30,383366,514147556.00,0.91,0.08,0.85,0.68
2020-06-30,1065.24,1083.25,1087.86,1056.33,536249,764490770.00,2.98,2.31,24.49,0.95
2020-07-01,1083.23,1101.16,1114.84,1082.19,932069,1090578057.00,3.01,1.65,17.91,1.65
2020-07-02,1098.61,1120.62,1141.18,1087.66,1248996,1386154027.00,4.86,1.77,19.46,2.21
2020-07-03,1114.56,1106.46,1114.56,1091.88,934015,1101737860.00,2.02,-1.26,-14.16,1.65
2020-07-06,1113.59,1130.00,1133.58,1108.14,860161,1047988312.00,2.30,2.13,23.54,1.52
2020-07-07,1131.69,1146.58,1160.33,1127.87,985358,1355875374.00,2.87,1.47,16.58,1.74
2020-07-08,1143.28,1152.34,1155.05,1140.92,755775,955019462.00,1.23,0.50,5.76,1.34
2020-07-09,1146.66,1156.55,1159.56,1144.64,728474,901045797.00,1.29,0.37,4.21,1.29
2020-07-10,1157.80,1174.90,1193.19,1156.79,904813,1038927509.00,3.15,1.59,18.35,1.60
2020-07-13,1178.62,1210.93,1214.84,1178.01,956702,1108037204.00,3.13,3.07,36.03,1.69
2020-07-14,1213.67,1217.83,1218.18,1193.40,830161,1075683913.00,2.05,0.57,6.90,1.47
2020-07-15,1228.15,1221.30,1239.36,1202.61,931030,1154355700.00,3.02,0.28,3.47,1.65
2020-07-16,1220.66,1149.54,1220.66,1146.27,916104,1148144444.00,6.09,-5.88,-71.76,1.62
2020-07-17,1139.40,1153.05,1161.89,1136.04,571982,722344505.00,2.25,0.31,3.51,1.01
2020-07-20,1164.34,1174.51,1174.51,1152.89,453152,693219989.00,1.88,1.86,21.46,0.80
2020-07-21,1178.70,1178.73,1185.19,1168.94,498393,675507841.00,1.38,0.36,4.22,0.88
2020-07-22,1178.81,1180.14,1191.74,1172.78,428569,555557550.00,1.61,0.12,1.41,0.76
2020-07-23,1168.44,1167.06,1177.38,1147.66,441852,635949984.00,2.52,-1.11,-13.08,0.78
2020-07-24,1155.79,1117.33,1158.70,1114.61,512918,823947030.00,3.78,-4.26,-49.73,0.91
2020-07-27,1113.33,1107.44,1124.03,1102.08,351439,616762741.00,1.96,-0.89,-9.89,0.62
2020-07-28,1111.87,1124.69,1131.47,1111.74,424769,572442000.00,1.78,1.56,17.25,0.75
2020-07-29,1119.14,1134.31,1134.77,1112.61,490155,703931909.00,1.97,0.86,9.62,0.87
2020-07-30,1134.44,1133.61,1142.69,1127.36,571626,992020662.00,1.35,-0.06,-0.70,1.01
2020-07-31,1136.92,1147.42,1150.20,1132.59,551073,845835437.00,1.55,1.22,13.81,0.97
2020-08-03,1162.46,1191.58,1191.58,1162.46,649791,955536817.00,2.54,3.85,44.16,1.15
2020-08-04,1202.74,1201.93,1214.11,1200.04,427207,658547433.00,1.18,0.87,10.35,0.75
2020-08-05,1209.79,1219.33,1225.39,1204.91,496592,665523664.00,1.70,1.45,17.40,0.88
2020-08-06,1235.45,1222.00,1236.53,1217.25,385034,529979310.00,1.58,0.22,2.67,0.68
2020-08-07,1230.35,1223.29,1236.90,1209.59,1122119,1304627380.00,2.23,0.11,1.29,1.98
2020-08-10,1213.01,1236.31,1240.30,1213.01,1218699,1453888900.00,2.23,1.06,13.02,2.15
2020-08-11,1234.55,1216.84,1244.01,1216.84,908708,1160367373.00,2.20,-1.57,-19.47,1.61
2020-08-12,1208.96,1185.55,1208.96,1172.33,657788,910267393.00,3.01,-2.57,-31.29,1.16
2020-08-13,1178.15,1188.18,1199.80,1178.15,808201,962923618.00,1.83,0.22,2.63,1.43
2020-08-14,1188.11,1204.24,1206.44,1187.20,793050,904718651.00,1.62,1.35,16.06,1.40
2020-08-17,1201.56,1222.06,1225.25,1201.56,890349,1021414057.00,1.97,1.48,17.82,1.57
2020-08-18,1221.27,1240.60,1255.00,1221.27,1241849,1596681003.00,2.76,1.52,18.54,2.19
2020-08-19,1246.95,1287.75,1296.87,1246.95,1772000,2211610150.00,4.02,3.80,47.15,3.13
2020-08-20,1260.14,1244.16,1260.14,1243.08,950980,1292141697.00,1.32,-3.38,-43.59,1.68
2020-08-21,1239.46,1270.55,1276.85,1239.46,1152059,1588187056.00,3.01,2.12,26.39,2.04
2020-08-24,1276.94,1310.23,1313.01,1276.94,1190832,1616961907.00,2.84,3.12,39.68,2.10
2020-08-25,1310.04,1306.02,1338.22,1299.18,1439991,1860322501.00,2.98,-0.32,-4.21,2.54
2020-08-26,1300.83,1265.78,1303.32,1259.67,1102686,1375590210.00,3.34,-3.08,-40.24,1.95
2020-08-27,1256.81,1269.33,1269.50,1252.80,811386,1073330656.00,1.32,0.28,3.55,1.43
2020-08-28,1253.06,1277.61,1282.33,1252.61,808637,1112728891.00,2.34,0.65,8.28,1.43
2020-08-31,1272.07,1267.78,1282.41,1265.35,753737,984477984.00,1.34,-0.77,-9.83,1.33
2020-09-01,1264.27,1249.80,1268.52,1243.21,669989,876961921.00,2.00,-1.42,-17.98,1.18
2020-09-02,1252.65,1237.48,1254.63,1232.52,611493,971348134.00,1.77,-0.99,-12.32,1.08
2020-09-03,1234.75,1250.62,1273.80,1234.75,705512,1134081488.00,3.16,1.06,13.14,1.25
2020-09-04,1229.65,1223.55,1229.65,1213.96,657353,1062293317.00,1.25,-2.16,-27.07,1.16
2020-09-07,1217.62,1186.69,1224.10,1186.69,618446,874919425.00,3.06,-3.01,-36.86,1.09
2020-09-08,1185.02,1181.07,1189.47,1167.53,490430,714536934.00,1.85,-0.47,-5.62,0.87
2020-09-09,1169.62,1152.29,1172.57,1151.53,501567,711440608.00,1.78,-2.44,-28.78,0.89
2020-09-10,1156.03,1133.26,1163.25,1128.23,482252,601316432.00,3.04,-1.65,-19.03,0.85
2020-09-11,1129.23,1150.01,1150.49,1124.05,388191,522140501.00,2.33,1.48,16.75,0.69
2020-09-14,1155.14,1152.16,1156.62,1147.28,322385,563091556.00,0.81,0.19,2.15,0.57
2020-09-15,1154.31,1154.95,1157.28,1147.80,353788,580399119.00,0.82,0.24,2.79,0.63
2020-09-16,1154.94,1149.57,1160.01,1142.14,354990,531269285.00,1.55,-0.47,-5.38,0.63
2020-09-17,1146.06,1140.57,1146.06,1131.81,352661,596067110.00,1.24,-0.78,-9.00,0.62
2020-09-18,1136.99,1148.55,1149.44,1129.13,338752,522340902.00,1.78,0.70,7.98,0.60
2020-09-21,1148.99,1140.13,1148.99,1138.84,317178,409774717.00,0.88,-0.73,-8.42,0.56
2020-09-22,1133.04,1131.79,1140.38,1124.56,280486,400418640.00,1.39,-0.73,-8.34,0.50
2020-09-23,1130.92,1134.04,1134.18,1124.11,259564,409417371.00,0.89,0.20,2.25,0.46
2020-09-24,1131.01,1108.57,1131.01,1106.13,301411,447700651.00,2.19,-2.25,-25.47,0.53
2020-09-25,1120.58,1110.61,1121.91,1108.26,264248,552486507.00,1.23,0.18,2.04,0.47
2020-09-28,1112.07,1110.29,1119.53,1108.64,322109,947926151.00,0.98,-0.03,-0.32,0.57
2020-09-29,1113.64,1112.94,1117.69,1107.54,265987,579662502.00,0.91,0.24,2.65,0.47
2020-09-30,1114.28,1116.64,1119.63,1109.14,214685,419043120.00,0.94,0.33,3.70,0.38
2020-10-09,1125.77,1131.73,1136.36,1124.91,272366,495091842.00,1.03,1.35,15.09,0.48
2020-10-12,1131.14,1148.73,1150.43,1130.41,331978,678688526.00,1.77,1.50,17.00,0.59
2020-10-13,1151.20,1153.93,1154.23,1144.35,250269,416891423.00,0.86,0.45,5.20,0.44
2020-10-14,1153.16,1151.33,1162.70,1148.91,314169,666875262.00,1.20,-0.23,-2.60,0.56
2020-10-15,1152.67,1145.82,1154.29,1145.17,222820,382692699.00,0.79,-0.48,-5.51,0.39
2020-10-16,1147.00,1143.66,1151.19,1137.92,212463,403446457.00,1.16,-0.19,-2.16,0.38
2020-10-19,1147.46,1137.12,1149.86,1135.73,207413,390675814.00,1.24,-0.57,-6.54,0.37
2020-10-20,1136.49,1155.63,1155.89,1133.96,249737,456749991.00,1.93,1.63,18.51,0.44
2020-10-21,1154.46,1149.10,1157.25,1141.74,258617,479598247.00,1.34,-0.57,-6.53,0.46
2020-10-22,1145.04,1150.77,1150.96,1133.97,303701,541630233.00,1.48,0.15,1.67,0.54
2020-10-23,1149.21,1172.40,1181.56,1145.46,650406,1065245454.00,3.14,1.88,21.63,1.15
2020-10-26,1165.95,1166.65,1167.39,1149.17,424242,650067093.00,1.55,-0.49,-5.75,0.75
2020-10-27,1158.02,1154.94,1167.65,1152.76,341243,597647877.00,1.28,-1.00,-11.71,0.60
2020-10-28,1154.36,1171.52,1174.05,1152.22,394680,762963623.00,1.89,1.44,16.58,0.70
2020-10-29,1152.73,1175.89,1183.40,1152.73,448834,723255843.00,2.62,0.37,4.37,0.79
2020-10-30,1174.44,1144.82,1174.44,1143.86,400517,651916818.00,2.60,-2.64,-31.07,0.71
2020-11-02,1142.95,1144.79,1157.44,1139.86,354221,496907732.00,1.54,0.00,-0.03,0.63
2020-11-03,1148.72,1195.50,1195.75,1148.72,641448,781349404.00,4.11,4.43,50.71,1.13
2020-11-04,1192.24,1181.49,1192.49,1177.45,544838,731023473.00,1.26,-1.17,-14.01,0.96
2020-11-05,1187.33,1214.11,1225.07,1182.80,969806,1036050077.00,3.58,2.76,32.62,1.71
2020-11-06,1214.17,1201.78,1214.17,1187.56,616643,771742925.00,2.19,-1.02,-12.33,1.09
2020-11-09,1205.39,1206.26,1207.49,1197.02,600125,768951031.00,0.87,0.37,4.48,1.06
2020-11-10,1206.22,1218.57,1227.68,1194.52,626990,993711890.00,2.75,1.02,12.31,1.11
2020-11-11,1220.25,1255.34,1271.07,1220.25,1267939,1429953880.00,4.17,3.02,36.77,2.24
2020-11-12,1257.81,1326.97,1331.55,1255.62,2415736,2475780618.00,6.05,5.71,71.63,4.27
2020-11-13,1303.06,1258.35,1303.06,1254.29,1879373,1930286536.00,3.68,-5.17,-68.62,3.32
2020-11-16,1250.00,1310.72,1312.59,1250.00,1616246,1658440239.00,4.97,4.16,52.37,2.86
2020-11-17,1309.00,1303.05,1336.57,1289.52,2127938,2114414822.00,3.59,-0.59,-7.67,3.76
2020-11-18,1286.52,1272.55,1298.72,1259.49,1305023,1542190802.00,3.01,-2.34,-30.50,2.31
2020-11-19,1264.85,1329.40,1338.24,1264.85,2269034,2681223303.00,5.77,4.47,56.85,4.01
2020-11-20,1339.92,1410.79,1413.82,1334.05,2585047,3309833428.00,6.00,6.12,81.39,4.57
2020-11-23,1432.17,1447.97,1470.00,1432.17,2473521,3550325122.00,2.68,2.64,37.18,4.37
2020-11-24,1444.14,1429.11,1444.57,1402.59,3600839,3930079772.00,2.90,-1.30,-18.86,6.36
2020-11-25,1402.68,1354.14,1402.68,1352.63,2089714,2637022846.00,3.50,-5.25,-74.97,3.69
2020-11-26,1337.03,1353.29,1371.19,1337.03,2002807,2468096878.00,2.52,-0.06,-0.85,3.54
2020-11-27,1347.61,1331.19,1347.61,1312.76,1681521,1825574312.00,2.58,-1.63,-22.10,2.97
2020-11-30,1334.32,1351.60,1357.93,1314.85,1690255,2273664538.00,3.24,1.53,20.41,2.99
2020-12-01,1351.20,1347.82,1351.20,1336.17,1552307,1832102363.00,1.11,-0.28,-3.78,2.74
2020-12-02,1345.93,1327.75,1354.62,1326.39,1372256,1721754453.00,2.09,-1.49,-20.07,2.42
2020-12-03,1328.20,1316.39,1328.20,1298.78,1274788,1496508867.00,2.22,-0.86,-11.36,2.25
2020-12-04,1316.57,1364.98,1372.89,1314.42,1882991,2079450678.00,4.44,3.69,48.59,3.33
2020-12-07,1361.60,1397.10,1411.05,1361.60,2288255,2791955238.00,3.62,2.35,32.12,4.04
2020-12-08,1387.39,1443.41,1460.26,1387.39,2990495,3370163052.00,5.22,3.31,46.31,5.28
2020-12-09,1431.27,1452.13,1469.96,1421.33,2434269,3046649854.00,3.37,0.60,8.72,4.30
2020-12-10,1443.23,1482.12,1509.80,1431.11,2597054,3412348472.00,5.42,2.07,29.99,4.59
2020-12-11,1471.84,1460.75,1508.30,1445.31,1967643,2691456163.00,4.25,-1.44,-21.37,3.48
2020-12-14,1441.82,1503.26,1505.62,1441.82,2186206,2810761734.00,4.37,2.91,42.51,3.86
2020-12-15,1490.43,1493.88,1519.75,1460.33,2524938,3181536045.00,3.95,-0.62,-9.38,4.46
2020-12-16,1476.53,1560.60,1573.55,1476.53,3430038,4315275547.00,6.49,4.47,66.72,6.06
2020-12-17,1546.91,1552.46,1589.78,1518.05,3387499,4164031871.00,4.60,-0.52,-8.14,5.99
2020-12-18,1543.39,1616.27,1628.01,1531.92,3366175,4373639778.00,6.19,4.11,63.81,5.95
2020-12-21,1606.00,1686.22,1704.29,1606.00,3057513,4072997738.00,6.08,4.33,69.95,5.40
2020-12-22,1709.91,1784.95,1796.57,1707.45,3409378,5164234813.00,5.29,5.86,98.73,6.02
2020-12-23,1816.41,1788.03,1894.24,1768.91,5911968,9142125155.00,7.02,0.17,3.08,10.45
2020-12-24,1725.48,1672.64,1725.48,1665.61,1749780,2615599349.00,3.35,-6.45,-115.39,3.09
2020-12-25,1595.36,1608.47,1670.03,1586.84,4021932,5108506482.00,4.97,-3.84,-64.17,7.11
2020-12-28,1593.60,1688.11,1688.44,1593.60,3583931,4769517070.00,5.90,4.95,79.64,6.33
2020-12-29,1691.64,1664.30,1702.06,1625.90,3452752,4937096519.00,4.51,-1.41,-23.81,6.10
2020-12-30,1654.68,1712.37,1733.91,1652.09,3211867,4733319014.00,4.92,2.89,48.07,5.68
2020-12-31,1720.15,1707.88,1752.13,1690.19,3276787,4973820295.00,3.62,-0.26,-4.49,5.79