MjAyMy0wNC0xMCwxMy41MSwxNi4zMCwyMC41MCwxMy41MCw5NTY2MTYsMTU1NzIzMDYyOS4wMCw2Ny41Nyw1Ny4zNCw1Ljk0LDYxLjY0
2023-04-11,14.60,13.69,15.11,13.60,563437,795456790.00,9.26,-16.01,-2.61,36.30
2023-04-12,13.25,13.12,13.42,12.83,394510,515724248.00,4.31,-4.16,-0.57,25.42
2023-04-13,13.10,13.00,13.35,12.76,316364,410946017.00,4.50,-0.91,-0.12,20.38
2023-04-14,12.88,12.29,12.89,12.25,319326,399217486.00,4.92,-5.46,-0.71,20.58
2023-04-17,12.17,12.02,12.22,11.90,236520,284919271.00,2.60,-2.20,-0.27,15.24
2023-04-18,11.94,11.98,12.11,11.92,138905,166681659.00,1.58,-0.33,-0.04,8.95
2023-04-19,11.99,12.12,12.19,11.93,158389,190848689.00,2.17,1.17,0.14,10.21
2023-04-20,12.05,11.64,12.06,11.62,194879,229702577.00,3.63,-3.96,-0.48,12.56
2023-04-21,11.59,11.13,11.66,11.12,158334,179932435.00,4.64,-4.38,-0.51,10.20
2023-04-24,11.09,11.13,11.20,11.03,91562,101852674.00,1.53,0.00,0.00,5.90
2023-04-25,11.14,10.83,11.15,10.68,119022,129222284.00,4.22,-2.70,-0.30,7.67
2023-04-26,10.81,10.99,11.08,10.77,93887,103069132.00,2.86,1.48,0.16,6.05
2023-04-27,11.26,11.09,11.33,11.08,120893,135416034.00,2.27,0.91,0.10,7.79
2023-04-28,11.08,11.29,11.31,11.06,99733,111843196.00,2.25,1.80,0.20,6.43
2023-05-04,11.23,11.28,11.34,11.13,81873,92257169.00,1.86,-0.09,-0.01,5.28
2023-05-05,11.27,11.11,11.31,11.06,83441,92981794.00,2.22,-1.51,-0.17,5.38
2023-05-08,11.10,11.78,11.78,11.09,209332,241352141.00,6.21,6.03,0.67,13.49
2023-05-09,11.80,12.10,12.37,11.72,315813,381324092.00,5.52,2.72,0.32,20.35
2023-05-10,12.01,11.79,12.01,11.55,179738,210892007.00,3.80,-2.56,-0.31,11.58
2023-05-11,11.69,11.51,11.75,11.50,103139,119228582.00,2.12,-2.37,-0.28,6.65
2023-05-12,11.45,11.50,11.68,11.45,67189,77709933.00,2.00,-0.09,-0.01,4.33
2023-05-15,11.50,11.70,11.70,11.33,96186,111481851.00,3.22,1.74,0.20,6.20
2023-05-16,11.71,11.47,11.71,11.47,79413,91694895.00,2.05,-1.97,-0.23,5.12
2023-05-17,11.47,11.64,11.66,11.40,69399,80085427.00,2.27,1.48,0.17,4.47
2023-05-18,11.61,11.56,11.63,11.53,61364,70982437.00,0.86,-0.69,-0.08,3.95
2023-05-19,11.50,11.60,11.65,11.45,63176,72991282.00,1.73,0.35,0.04,4.07
2023-05-22,11.53,12.08,12.16,11.51,195281,232331396.00,5.60,4.14,0.48,12.58
2023-05-23,12.01,11.77,12.04,11.73,133542,158236494.00,2.57,-2.57,-0.31,8.60
2023-05-24,11.73,11.66,11.85,11.64,80694,94830666.00,1.78,-0.93,-0.11,5.20
2023-05-25,11.66,11.64,11.74,11.46,96604,112117006.00,2.40,-0.17,-0.02,6.22
2023-05-26,11.59,11.46,11.59,11.40,79310,90864560.00,1.63,-1.55,-0.18,5.11
2023-05-29,11.49,11.50,11.52,11.41,49635,56900593.00,0.96,0.35,0.04,3.20
2023-05-30,11.46,11.39,11.50,11.27,60015,68340978.00,2.00,-0.96,-0.11,3.87
2023-05-31,11.33,11.18,11.37,11.17,71558,80405204.00,1.76,-1.84,-0.21,4.61
2023-06-01,11.13,11.30,11.45,11.13,70047,79155624.00,2.86,1.07,0.12,4.51
2023-06-02,11.40,11.41,11.44,11.29,53869,61317349.00,1.33,0.97,0.11,3.47
2023-06-05,11.41,11.42,11.45,11.32,47325,53984634.00,1.14,0.09,0.01,3.05
2023-06-06,11.43,11.17,11.43,11.15,64583,72791916.00,2.45,-2.19,-0.25,4.16
2023-06-07,11.19,11.42,11.48,11.18,75977,86422324.00,2.69,2.24,0.25,4.90
2023-06-08,11.38,11.30,11.48,11.26,52480,59566864.00,1.93,-1.05,-0.12,3.38
2023-06-09,11.30,11.23,11.34,11.19,47050,52857464.00,1.33,-0.62,-0.07,3.03
2023-06-12,11.28,11.69,11.70,11.28,168508,195340691.00,3.74,4.10,0.46,10.86
2023-06-13,11.71,11.92,12.09,11.69,199246,236805490.00,3.42,1.97,0.23,12.84
2023-06-14,11.92,13.11,13.11,11.86,434549,551568348.00,10.49,9.98,1.19,28.00
2023-06-15,13.77,13.02,13.98,12.89,674768,905554763.00,8.31,-0.69,-0.09,43.48
2023-06-16,12.73,13.38,13.46,12.73,402172,530321284.00,5.61,2.76,0.36,25.91