2023-01-03,2904.41,2952.82,2952.82,2904.41,1543939,2380217931.00,1.66,1.55,45.15,0.85
2023-01-04,2952.94,2962.26,2965.09,2941.17,1544572,2468687907.00,0.81,0.32,9.44,0.85
2023-01-05,2961.65,2972.62,2972.62,2946.46,1370134,2233655411.00,0.88,0.35,10.36,0.75
2023-01-06,2977.69,3001.28,3014.88,2976.28,2004754,3099703413.00,1.30,0.96,28.66,1.10
2023-01-09,3004.00,3010.94,3023.48,3003.34,1672155,2752063908.00,0.67,0.32,9.66,0.92
2023-01-10,3015.88,2989.93,3015.88,2985.41,1509432,2321227565.00,1.01,-0.70,-21.01,0.83
2023-01-11,2994.15,2966.92,2995.20,2963.92,1714208,2607410446.00,1.05,-0.77,-23.01,0.94
2023-01-12,2963.68,2949.41,2974.26,2944.07,1253765,1893014782.00,1.02,-0.59,-17.51,0.69
2023-01-13,2954.42,2951.97,2958.84,2936.96,1196904,1767980010.00,0.74,0.09,2.56,0.66
2023-01-16,2954.02,2983.97,2989.35,2954.02,1551990,2423479973.00,1.20,1.08,32.00,0.85
2023-01-17,2985.43,2987.14,2995.00,2979.12,1181605,1840096757.00,0.53,0.11,3.17,0.65
2023-01-18,2987.89,2999.23,3004.48,2986.45,1037286,1610525397.00,0.60,0.40,12.09,0.57
2023-01-19,2994.97,3004.59,3007.88,2988.45,1131141,1757562531.00,0.65,0.18,5.36,0.62
2023-01-20,3005.31,3034.20,3034.97,3005.31,1771767,2864766803.00,0.99,0.99,29.61,0.98
2023-01-30,3050.28,3061.66,3067.85,3050.28,2146357,3389554046.00,0.58,0.91,27.46,1.18
2023-01-31,3053.47,3077.40,3077.45,3045.75,2051926,3042401522.00,1.04,0.51,15.74,1.13
2023-02-01,3081.14,3083.73,3086.14,3060.94,2333917,3530905325.00,0.82,0.21,6.33,1.28
2023-02-02,3087.15,3077.95,3087.15,3063.66,1826560,2689249587.00,0.76,-0.19,-5.78,1.01
2023-02-03,3075.41,3082.31,3083.30,3046.96,1952825,3463335625.00,1.18,0.14,4.36,1.07
2023-02-06,3075.55,3059.79,3078.09,3053.91,1676522,3209009937.00,0.78,-0.73,-22.52,0.92
2023-02-07,3060.38,3076.97,3076.97,3053.50,1517606,2691793793.00,0.77,0.56,17.18,0.84
2023-02-08,3079.02,3080.17,3089.91,3073.36,1696619,2727418789.00,0.54,0.10,3.20,0.93
2023-02-09,3075.96,3111.08,3111.38,3075.96,2569079,3377512524.00,1.15,1.00,30.91,1.41
2023-02-10,3106.44,3125.72,3133.37,3106.44,2630071,3420068476.00,0.87,0.47,14.64,1.45
2023-02-13,3130.75,3176.57,3176.57,3130.75,4124785,5096245374.00,1.47,1.63,50.85,2.27
2023-02-14,3189.69,3174.38,3202.05,3172.89,4112246,5477280169.00,0.92,-0.07,-2.19,2.26
2023-02-15,3177.27,3153.68,3177.27,3145.39,2963497,4106378771.00,1.00,-0.65,-20.70,1.63
2023-02-16,3148.08,3092.86,3171.60,3076.81,3549922,4966147847.00,3.01,-1.93,-60.82,1.95
2023-02-17,3097.91,3098.40,3122.27,3084.71,2504942,3475196500.00,1.21,0.18,5.54,1.38
2023-02-20,3100.20,3124.84,3125.03,3083.62,2853160,4001110861.00,1.34,0.85,26.44,1.57
2023-02-21,3129.08,3151.52,3161.60,3124.65,2982189,4328349227.00,1.18,0.85,26.68,1.64
2023-02-22,3144.54,3140.23,3151.89,3129.99,1969959,2863569365.00,0.69,-0.36,-11.29,1.08
2023-02-23,3142.58,3147.19,3155.71,3132.39,2565003,3377504090.00,0.74,0.22,6.96,1.41
2023-02-24,3150.59,3144.08,3150.59,3107.41,2110768,2769737555.00,1.37,-0.10,-3.11,1.16
2023-02-27,3142.30,3150.97,3162.59,3123.46,2419948,3605246108.00,1.24,0.22,6.89,1.33
2023-02-28,3150.01,3163.75,3164.18,3133.72,2007279,3047480336.00,0.97,0.41,12.78,1.10
2023-03-01,3165.68,3162.90,3165.69,3150.23,1864788,2771853496.00,0.49,-0.03,-0.85,1.03
2023-03-02,3165.67,3147.29,3177.25,3143.72,2264164,3474876190.00,1.06,-0.49,-15.61,1.25
2023-03-03,3152.95,3136.38,3152.95,3128.86,2015790,2832332357.00,0.77,-0.35,-10.91,1.11
2023-03-06,3142.67,3135.43,3142.67,3113.51,1874189,2640391509.00,0.93,-0.03,-0.95,1.03
2023-03-07,3137.05,3083.81,3137.24,3082.49,1932000,2824183730.00,1.75,-1.65,-51.62,1.06
2023-03-08,3082.53,3090.61,3090.61,3073.78,1431587,2128335107.00,0.55,0.22,6.80,0.79
2023-03-09,3098.23,3081.52,3098.24,3077.93,1476267,2065730456.00,0.66,-0.29,-9.09,0.81
2023-03-10,3068.32,3031.16,3068.32,3027.29,1552943,2233766499.00,1.33,-1.63,-50.36,0.85
2023-03-13,3022.97,3024.74,3036.30,3006.23,1441372,2167363158.00,0.99,-0.21,-6.42,0.79
2023-03-14,3026.25,2979.94,3026.25,2954.18,1577018,2273068727.00,2.38,-1.48,-44.80,0.87
2023-03-15,2989.24,3005.76,3012.10,2989.24,1378729,1968039765.00,0.77,0.87,25.82,0.76
2023-03-16,2997.69,2973.87,3014.33,2971.24,1617792,2534290410.00,1.43,-1.06,-31.89,0.89
2023-03-17,2986.01,2975.47,2997.36,2971.32,1658032,2391911188.00,0.88,0.05,1.60,0.91
2023-03-20,2979.49,2955.62,2979.49,2944.10,1636848,2489596690.00,1.19,-0.67,-19.85,0.90
2023-03-21,2959.40,2991.46,2991.60,2956.62,1825856,2308731314.00,1.18,1.21,35.84,1.01
2023-03-22,2993.82,2995.38,3008.81,2984.60,1887275,2451591573.00,0.81,0.13,3.92,1.04
2023-03-23,2995.48,2982.41,2995.48,2973.26,1781147,2626306975.00,0.74,-0.43,-12.97,0.98
2023-03-24,2984.66,2968.56,2988.57,2964.49,2038983,2722814458.00,0.81,-0.46,-13.85,1.12
2023-03-27,2967.71,2923.85,2967.71,2920.41,2305733,2936602275.00,1.59,-1.51,-44.71,1.27
2023-03-28,2926.30,2921.28,2933.22,2908.43,1870691,2577565113.00,0.85,-0.09,-2.57,1.03
2023-03-29,2919.26,2901.43,2920.21,2898.60,1888610,2595994606.00,0.74,-0.68,-19.85,1.04
2023-03-30,2910.36,2893.42,2910.36,2878.91,1832478,2592571868.00,1.08,-0.28,-8.01,1.01
2023-03-31,2893.34,2904.86,2919.55,2893.34,1477341,2260352994.00,0.91,0.40,11.44,0.81
2023-04-03,2908.29,2895.00,2908.29,2881.68,1813768,2762147413.00,0.92,-0.34,-9.86,1.00
2023-04-04,2891.19,2845.97,2891.19,2837.00,2039952,3047342745.00,1.87,-1.69,-49.03,1.12
2023-04-06,2841.65,2837.54,2843.37,2824.25,1445381,2015638930.00,0.67,-0.30,-8.43,0.80
2023-04-07,2838.39,2860.01,2860.01,2833.20,1166302,1711277417.00,0.94,0.79,22.47,0.64
2023-04-10,2853.80,2818.30,2853.80,2814.25,1439325,2057817665.00,1.38,-1.46,-41.71,0.79
2023-04-11,2815.42,2804.93,2815.42,2794.23,1401017,1979763673.00,0.75,-0.47,-13.37,0.77
2023-04-12,2806.00,2799.82,2813.97,2791.82,1445986,1952255799.00,0.79,-0.18,-5.11,0.80
2023-04-13,2794.59,2792.75,2800.64,2785.90,1453859,1767052383.00,0.53,-0.25,-7.07,0.80
2023-04-14,2793.11,2796.80,2800.86,2785.43,1426843,1796379291.00,0.55,0.15,4.05,0.79
2023-04-17,2786.24,2792.26,2799.67,2785.12,1805571,2436157058.00,0.52,-0.16,-4.54,0.99
2023-04-18,2790.66,2783.27,2790.66,2772.55,1573465,2266408910.00,0.65,-0.32,-8.99,0.87
2023-04-19,2780.14,2772.35,2780.14,2761.47,1732258,2168278928.00,0.67,-0.39,-10.92,0.95
2023-04-20,2772.09,2742.88,2772.09,2730.28,1703176,2143879182.00,1.51,-1.06,-29.47,0.94
2023-04-21,2742.10,2690.53,2749.07,2690.53,2004368,2391809012.00,2.13,-1.91,-52.35,1.10
2023-04-24,2688.09,2687.85,2698.90,2669.22,1656444,2016616365.00,1.10,-0.10,-2.68,0.91
2023-04-25,2682.15,2629.16,2682.15,2595.57,1963140,2597460939.00,3.22,-2.18,-58.69,1.08
2023-04-26,2620.78,2665.93,2672.56,2620.78,1468426,1849107263.00,1.97,1.40,36.77,0.81
2023-04-27,2661.50,2674.53,2692.88,2650.31,1802917,2307046163.00,1.60,0.32,8.60,0.99
2023-04-28,2673.67,2707.26,2707.43,2673.67,1725560,2108035756.00,1.26,1.22,32.73,0.95
2023-05-04,2692.48,2714.55,2714.83,2692.48,2247058,2495807532.00,0.83,0.27,7.29,1.24
2023-05-05,2715.45,2677.87,2715.45,2663.74,1613309,2131012593.00,1.90,-1.35,-36.68,0.89
2023-05-08,2676.59,2693.02,2696.57,2676.59,1641883,2018284905.00,0.75,0.57,15.15,0.90
2023-05-09,2689.67,2663.38,2691.72,2662.07,1717556,2141041491.00,1.10,-1.10,-29.64,0.95
2023-05-10,2657.08,2663.42,2673.32,2650.07,1378760,1728383180.00,0.87,0.00,0.04,0.76
2023-05-11,2668.38,2686.14,2686.14,2664.38,1269566,1662447610.00,0.82,0.85,22.72,0.70
2023-05-12,2682.98,2648.22,2685.87,2643.76,1140018,1384871043.00,1.57,-1.41,-37.92,0.63
2023-05-15,2644.53,2673.37,2673.38,2638.77,1478796,1782623885.00,1.31,0.95,25.15,0.81
2023-05-16,2676.84,2658.67,2676.84,2656.86,1548820,1825669595.00,0.75,-0.55,-14.70,0.85
2023-05-17,2655.56,2669.00,2671.10,2653.67,1243438,1623635858.00,0.66,0.39,10.33,0.68
2023-05-18,2677.47,2661.64,2677.64,2648.66,1134754,1542395800.00,1.09,-0.28,-7.36,0.62
2023-05-19,2664.30,2676.89,2676.90,2652.35,956791,1248663393.00,0.92,0.57,15.25,0.53
2023-05-22,2680.67,2729.01,2729.76,2676.73,1523206,2045035686.00,1.98,1.95,52.12,0.84
2023-05-23,2732.96,2739.69,2758.40,2732.66,1808586,2485328503.00,0.94,0.39,10.68,1.00
2023-05-24,2732.69,2731.36,2746.49,2714.38,1565322,2051975573.00,1.17,-0.30,-8.33,0.86
2023-05-25,2719.82,2708.39,2723.57,2688.73,1615616,1925769547.00,1.28,-0.84,-22.97,0.89
2023-05-26,2706.60,2706.50,2707.10,2679.48,1301168,1615033891.00,1.02,-0.07,-1.89,0.72
2023-05-29,2708.06,2702.74,2713.47,2693.14,1479277,2013956962.00,0.75,-0.14,-3.76,0.81
2023-05-30,2694.13,2682.91,2694.13,2658.77,1284369,1651900004.00,1.31,-0.73,-19.83,0.71
2023-05-31,2675.09,2659.12,2675.59,2655.14,1127066,1554292160.00,0.76,-0.89,-23.79,0.62
2023-06-01,2657.69,2672.60,2687.29,2654.65,1102516,1495459208.00,1.23,0.51,13.48,0.61
2023-06-02,2681.20,2711.06,2712.67,2681.20,1301414,1683918073.00,1.18,1.44,38.46,0.72
2023-06-05,2713.66,2706.83,2713.66,2695.93,1053725,1347211786.00,0.65,-0.16,-4.23,0.58
2023-06-06,2711.50,2666.16,2711.50,2664.75,1148726,1465710351.00,1.73,-1.50,-40.67,0.63
2023-06-07,2663.71,2647.51,2663.71,2642.05,1100876,1256962991.00,0.81,-0.70,-18.65,0.61
2023-06-08,2642.99,2649.38,2654.28,2636.60,1339094,1525103425.00,0.67,0.07,1.87,0.74
2023-06-09,2648.14,2640.94,2652.85,2629.25,1209126,1526767036.00,0.89,-0.32,-8.44,0.67
2023-06-12,2635.20,2656.97,2664.26,2626.55,1528875,1680029255.00,1.43,0.61,16.03,0.84
2023-06-13,2657.89,2633.45,2660.19,2631.03,1074947,1323251438.00,1.10,-0.89,-23.52,0.59
2023-06-14,2633.98,2636.85,2641.97,2614.51,1621556,1466987105.00,1.04,0.13,3.40,0.89
2023-06-15,2638.83,2659.91,2661.17,2626.91,2188351,1882185881.00,1.30,0.87,23.06,1.20
2023-06-16,2661.92,2656.86,2670.79,2654.94,1313556,1330671316.00,0.60,-0.11,-3.05,0.72
2023-06-19,2671.06,2650.99,2676.53,2650.52,1397058,1486780104.00,0.98,-0.22,-5.87,0.77
2023-06-20,2657.72,2638.19,2657.72,2635.38,1648245,1559388362.00,0.84,-0.48,-12.80,0.91
2023-06-21,2632.15,2613.76,2644.24,2613.76,1530368,1493353529.00,1.16,-0.93,-24.43,0.84
2023-06-26,2601.39,2596.25,2627.97,2592.91,2200755,1766558845.00,1.34,-0.67,-17.51,1.21
2023-06-27,2598.87,2656.30,2657.57,2598.87,1904060,1890545412.00,2.26,2.31,60.05,1.05
2023-06-28,2651.01,2648.91,2651.01,2622.20,1522081,1821660153.00,1.08,-0.28,-7.39,0.84
2023-06-29,2647.87,2659.71,2664.69,2639.94,1394686,1570233816.00,0.93,0.41,10.80,0.77
2023-06-30,2660.99,2698.67,2704.51,2660.99,1762253,1839858989.00,1.64,1.46,38.96,0.97
2023-07-03,2708.56,2721.17,2733.03,2708.56,1518729,1761910241.00,0.91,0.83,22.50,0.84
2023-07-04,2723.55,2719.16,2727.72,2713.00,1101292,1359699045.00,0.54,-0.07,-2.01,0.61
2023-07-05,2723.27,2727.06,2739.87,2716.97,1436497,1708121065.00,0.84,0.29,7.90,0.79
2023-07-06,2721.96,2723.01,2729.19,2711.35,1345101,1578561497.00,0.65,-0.15,-4.05,0.74
2023-07-07,2716.95,2718.16,2726.78,2703.71,1175971,1535086544.00,0.85,-0.18,-4.85,0.65
2023-07-10,2722.53,2737.67,2741.58,2718.82,2200273,1983993833.00,0.84,0.72,19.51,1.21
2023-07-11,2739.46,2759.21,2759.21,2722.99,2940079,2172861415.00,1.32,0.79,21.54,1.62
2023-07-12,2762.04,2748.25,2767.10,2745.99,3544952,2670597198.00,0.77,-0.40,-10.96,1.95
2023-07-13,2746.98,2763.79,2766.48,2746.98,2792098,2200920922.00,0.71,0.57,15.54,1.54
2023-07-14,2761.08,2775.49,2775.63,2753.95,4037884,2567034247.00,0.78,0.42,11.70,2.22
2023-07-17,2771.86,2764.21,2771.86,2748.92,3797702,2949984403.00,0.83,-0.41,-11.28,2.09
2023-07-18,2768.49,2793.62,2796.98,2760.96,3678771,3091261424.00,1.30,1.06,29.41,2.02
2023-07-19,2790.42,2786.05,2804.12,2779.15,3152802,2216242908.00,0.89,-0.27,-7.57,1.74
2023-07-20,2788.03,2781.39,2820.18,2775.31,3518744,2724339412.00,1.61,-0.17,-4.66,1.94
2023-07-21,2781.61,2781.68,2801.67,2772.35,3730070,2749000824.00,1.05,0.01,0.29,2.05
2023-07-24,2779.19,2748.62,2779.19,2745.23,3008870,2376753332.00,1.22,-1.19,-33.06,1.66
2023-07-25,2759.01,2764.79,2778.44,2752.19,2422881,2058454421.00,0.96,0.59,16.17,1.33
2023-07-26,2768.05,2787.30,2796.63,2763.29,2335747,2191167160.00,1.21,0.81,22.51,1.29
2023-07-27,2782.77,2756.15,2786.90,2752.95,2008634,2091895887.00,1.22,-1.12,-31.15,1.11
2023-07-28,2753.83,2761.91,2765.13,2741.37,2120554,1814719457.00,0.86,0.21,5.76,1.17
2023-07-31,2764.20,2771.87,2776.40,2760.86,2401246,2235082218.00,0.56,0.36,9.96,1.32
2023-08-01,2775.11,2765.15,2775.11,2755.07,2033379,1779754847.00,0.72,-0.24,-6.72,1.12
2023-08-02,2760.30,2742.84,2760.31,2732.98,1998987,1832181590.00,0.99,-0.81,-22.31,1.10
2023-08-03,2737.12,2729.89,2740.60,2723.63,1609985,1440583948.00,0.62,-0.47,-12.95,0.89
2023-08-04,2732.08,2707.81,2744.03,2705.70,1768526,1621822827.00,1.40,-0.81,-22.08,0.97
2023-08-07,2702.87,2687.36,2702.87,2683.08,1761469,1691801096.00,0.73,-0.76,-20.45,0.97
2023-08-08,2684.27,2688.42,2689.33,2655.95,1962124,1799220259.00,1.24,0.04,1.06,1.08
2023-08-09,2681.13,2670.20,2681.13,2666.45,2120823,1686151240.00,0.55,-0.68,-18.22,1.17
2023-08-10,2671.54,2702.21,2702.35,2671.54,1538970,1612570831.00,1.15,1.20,32.01,0.85
2023-08-11,2700.79,2666.23,2702.23,2663.12,1546447,1635210576.00,1.45,-1.33,-35.98,0.85
2023-08-14,2651.68,2660.77,2660.84,2627.63,1440159,1494619022.00,1.25,-0.20,-5.46,0.79
2023-08-15,2661.35,2686.58,2698.13,2656.65,2791787,2214839382.00,1.56,0.97,25.81,1.54
2023-08-16,2670.76,2642.24,2670.76,2641.04,2006299,1848112309.00,1.11,-1.65,-44.34,1.10
2023-08-17,2630.75,2642.85,2644.23,2609.53,1720830,1656650283.00,1.31,0.02,0.61,0.95
2023-08-18,2642.34,2618.17,2651.41,2617.89,1565458,1651771255.00,1.27,-0.93,-24.68,0.86
2023-08-21,2620.61,2597.46,2632.85,2596.87,1366714,1471313319.00,1.37,-0.79,-20.71,0.75
2023-08-22,2597.62,2576.37,2602.76,2536.74,1716214,1735210723.00,2.54,-0.81,-21.09,0.94
2023-08-23,2575.63,2542.25,2575.97,2541.32,1245857,1316113129.00,1.34,-1.32,-34.12,0.69
2023-08-24,2539.75,2549.02,2560.76,2519.59,1526820,1557978932.00,1.62,0.27,6.77,0.84
2023-08-25,2545.73,2522.89,2571.48,2514.37,1550654,1539807695.00,2.24,-1.03,-26.13,0.85
2023-08-28,2634.12,2540.31,2634.12,2528.93,2294208,2264718543.00,4.17,0.69,17.42,1.26
2023-08-29,2539.56,2590.72,2590.91,2539.56,1847977,2036120167.00,2.02,1.98,50.41,1.02
2023-08-30,2586.20,2591.86,2612.77,2585.07,1394638,1507601591.00,1.07,0.04,1.14,0.77
2023-08-31,2589.06,2571.74,2589.06,2565.26,1210168,1240235163.00,0.92,-0.78,-20.12,0.67
2023-09-01,2577.17,2582.02,2586.02,2564.14,1174051,1183746919.00,0.85,0.40,10.28,0.65
2023-09-04,2589.43,2631.03,2631.03,2589.43,1912239,1805863005.00,1.61,1.90,49.01,1.05
2023-09-05,2629.15,2628.50,2629.19,2613.68,1333517,1263045776.00,0.59,-0.10,-2.53,0.73
2023-09-06,2624.61,2643.40,2643.61,2611.69,1154951,1216930756.00,1.21,0.57,14.90,0.64
2023-09-07,2643.82,2598.97,2643.82,2597.93,1344132,1331258225.00,1.74,-1.68,-44.43,0.74
2023-09-08,2598.31,2588.32,2606.97,2584.84,823613,833566068.00,0.85,-0.41,-10.65,0.45
2023-09-11,2591.01,2609.55,2613.66,2580.64,1050639,1131872797.00,1.28,0.82,21.23,0.58
2023-09-12,2611.08,2620.03,2622.39,2599.50,1204617,1178408686.00,0.88,0.40,10.48,0.66
2023-09-13,2617.23,2600.67,2623.32,2587.62,1077332,1077559377.00,1.36,-0.74,-19.36,0.59
2023-09-14,2600.40,2590.44,2600.40,2579.16,945637,934813325.00,0.82,-0.39,-10.23,0.52
2023-09-15,2593.89,2587.82,2605.67,2580.07,1185327,1138659080.00,0.99,-0.10,-2.62,0.65
2023-09-18,2583.15,2605.09,2609.82,2566.83,1132768,1154801167.00,1.66,0.67,17.27,0.62
2023-09-19,2604.39,2587.73,2605.56,2580.70,1062556,1050436483.00,0.95,-0.67,-17.36,0.58
2023-09-20,2582.25,2576.02,2590.26,2575.51,1281316,1240262329.00,0.57,-0.45,-11.71,0.71
2023-09-21,2575.36,2551.69,2576.72,2549.69,1066868,1048442799.00,1.05,-0.94,-24.33,0.59
2023-09-22,2552.03,2593.39,2593.92,2542.36,1280702,1289897041.00,2.02,1.63,41.70,0.70
2023-09-25,2595.64,2589.92,2598.80,2586.51,1447962,1372017134.00,0.47,-0.13,-3.47,0.80
2023-09-26,2582.23,2570.90,2584.51,2569.65,1330150,1298942679.00,0.57,-0.73,-19.02,0.73
2023-09-27,2569.85,2577.15,2589.00,2560.09,1395501,1335286003.00,1.12,0.24,6.25,0.77
2023-09-28,2583.77,2601.56,2603.05,2583.38,1225187,1253857567.00,0.76,0.95,24.41,0.67
2023-10-09,2601.44,2570.64,2602.50,2563.77,1569544,1507360194.00,1.49,-1.19,-30.92,0.86
2023-10-10,2570.95,2554.18,2580.16,2551.64,1159517,1154676191.00,1.11,-0.64,-16.46,0.64
2023-10-11,2555.98,2551.11,2570.75,2546.44,1244245,1183125093.00,0.95,-0.12,-3.07,0.68
2023-10-12,2553.49,2575.60,2576.62,2553.49,1399519,1365855667.00,0.91,0.96,24.49,0.77
2023-10-13,2569.31,2546.21,2572.98,2542.72,1384253,1312943932.00,1.17,-1.14,-29.39,0.76
2023-10-16,2550.79,2527.77,2550.79,2520.89,1330585,1235515144.00,1.17,-0.72,-18.44,0.73
2023-10-17,2528.88,2521.92,2528.88,2513.84,1042515,944191359.00,0.59,-0.23,-5.85,0.57
2023-10-18,2517.60,2467.74,2517.60,2465.16,1241262,1181168077.00,2.08,-2.15,-54.18,0.68
2023-10-19,2459.42,2452.78,2485.66,2449.57,1151149,1075074337.00,1.46,-0.61,-14.96,0.63
2023-10-20,2447.82,2440.52,2466.08,2436.62,1049997,1050339968.00,1.20,-0.50,-12.26,0.58
2023-10-23,2437.40,2358.03,2437.40,2345.97,1510343,1466600287.00,3.75,-3.38,-82.49,0.83
2023-10-24,2355.26,2411.47,2412.65,2355.26,1514608,1467166977.00,2.43,2.27,53.44,0.83
2023-10-25,2426.27,2432.27,2444.34,2426.27,1304097,1275545349.00,0.75,0.86,20.80,0.72
2023-10-26,2428.64,2416.85,2428.68,2393.61,1528454,1276743787.00,1.44,-0.63,-15.42,0.84
2023-10-27,2413.00,2466.42,2473.50,2401.37,1599734,1579335940.00,2.98,2.05,49.57,0.88
2023-10-30,2454.09,2482.92,2488.73,2454.09,1641299,1689293958.00,1.40,0.67,16.50,0.90
2023-10-31,2478.33,2469.92,2487.31,2456.99,1457159,1550877194.00,1.22,-0.52,-13.00,0.80
2023-11-01,2465.94,2479.88,2481.91,2465.94,1189270,1203051647.00,0.65,0.40,9.96,0.65
2023-11-02,2483.61,2459.60,2489.75,2458.33,1225571,1170790610.00,1.27,-0.82,-20.28,0.67
2023-11-03,2461.71,2487.51,2494.78,2461.71,1359233,1363442800.00,1.34,1.13,27.91,0.75
2023-11-06,2496.25,2521.56,2521.77,2496.25,1595601,1583139982.00,1.03,1.37,34.05,0.88
2023-11-07,2524.12,2525.23,2529.75,2498.45,1448218,1393768908.00,1.24,0.15,3.67,0.80
2023-11-08,2525.60,2522.20,2527.66,2509.46,1352275,1350335990.00,0.72,-0.12,-3.03,0.74
2023-11-09,2523.72,2519.66,2532.96,2515.51,1212743,1183881568.00,0.69,-0.10,-2.54,0.67
2023-11-10,2514.94,2518.27,2521.96,2502.87,1057053,1104975809.00,0.76,-0.06,-1.39,0.58
2023-11-13,2525.38,2532.81,2532.81,2511.00,1138144,1209753261.00,0.87,0.58,14.54,0.63
2023-11-14,2534.28,2526.04,2537.46,2518.96,976939,1018378057.00,0.73,-0.27,-6.77,0.54
2023-11-15,2535.28,2545.03,2549.15,2534.83,1266261,1282853343.00,0.57,0.75,18.99,0.70
2023-11-16,2545.25,2520.99,2545.25,2520.57,976016,951487580.00,0.97,-0.94,-24.04,0.54
2023-11-17,2519.09,2540.77,2540.77,2515.00,1120455,1141828610.00,1.02,0.78,19.78,0.62
2023-11-20,2549.99,2562.91,2562.91,2531.93,1576444,1605533209.00,1.22,0.87,22.14,0.87
2023-11-21,2563.35,2564.70,2585.75,2561.55,1621752,1488941578.00,0.94,0.07,1.79,0.89
2023-11-22,2561.96,2557.82,2570.30,2549.59,1782207,1619362629.00,0.81,-0.27,-6.88,0.98
2023-11-23,2558.69,2581.18,2581.18,2558.69,1569634,1546809430.00,0.88,0.91,23.36,0.86
2023-11-24,2580.36,2568.25,2580.36,2556.95,1686473,1579376812.00,0.91,-0.50,-12.93,0.93
2023-11-27,2565.31,2575.82,2575.88,2562.71,2066181,1750665253.00,0.51,0.29,7.57,1.14
2023-11-28,2566.37,2594.08,2598.27,2559.87,1705044,1616532966.00,1.49,0.71,18.26,0.94
2023-11-29,2596.31,2563.55,2597.14,2560.09,1366098,1323665981.00,1.43,-1.18,-30.53,0.75
2023-11-30,2561.15,2540.03,2561.15,2522.67,1265472,1216011737.00,1.50,-0.92,-23.52,0.70
2023-12-01,2542.74,2536.60,2547.17,2524.56,1285113,1251018251.00,0.89,-0.14,-3.43,0.71
2023-12-04,2538.08,2529.92,2540.71,2526.78,1265638,1255670362.00,0.55,-0.26,-6.68,0.70
2023-12-05,2528.44,2501.77,2528.44,2501.77,1350658,1256401168.00,1.05,-1.11,-28.15,0.74
2023-12-06,2503.74,2520.78,2537.52,2503.74,1535679,1451545249.00,1.35,0.76,19.01,0.85
2023-12-07,2525.15,2499.75,2525.15,2489.15,1367139,1321492166.00,1.43,-0.83,-21.03,0.75
2023-12-08,2501.29,2466.90,2501.30,2463.92,1510206,1372868377.00,1.50,-1.31,-32.85,0.83
2023-12-11,2461.01,2483.56,2488.01,2444.87,1425773,1410231535.00,1.75,0.68,16.66,0.78
2023-12-12,2482.78,2488.86,2490.13,2463.17,1099918,1075484468.00,1.09,0.21,5.30,0.61
2023-12-13,2482.38,2483.74,2499.58,2475.52,2241205,1461293895.00,0.97,-0.21,-5.12,1.23
2023-12-14,2487.70,2492.32,2506.09,2487.70,1944493,1523462725.00,0.74,0.35,8.58,1.07
2023-12-15,2492.87,2496.77,2501.86,2485.42,1945149,1735388043.00,0.66,0.18,4.45,1.07
2023-12-18,2490.49,2451.71,2490.49,2445.49,2509464,2223726517.00,1.80,-1.80,-45.06,1.38
2023-12-19,2451.51,2450.54,2452.93,2433.49,1651011,1484872262.00,0.79,-0.05,-1.17,0.91
2023-12-20,2454.54,2439.51,2478.05,2438.16,1488117,1447660431.00,1.63,-0.45,-11.03,0.82
2023-12-21,2438.15,2446.31,2446.31,2418.34,1737472,1691363797.00,1.15,0.28,6.80,0.96
2023-12-22,2441.11,2421.67,2443.23,2409.53,1681279,1714194856.00,1.38,-1.01,-24.64,0.93
2023-12-25,2419.37,2407.05,2419.37,2382.98,1486784,1520724806.00,1.50,-0.60,-14.62,0.82
2023-12-26,2399.62,2412.88,2436.21,2399.62,1553853,1600408808.00,1.52,0.24,5.83,0.86
2023-12-27,2409.74,2417.54,2421.13,2388.10,1424421,1494701267.00,1.37,0.19,4.66,0.78
2023-12-28,2413.19,2472.64,2479.86,2407.22,1911906,1900140952.00,3.00,2.28,55.10,1.05
2023-12-29,2470.21,2492.33,2493.24,2470.21,1648504,1730793618.00,0.93,0.80,19.69,0.91