MjAyMC0wMy0yMCw4LjE0LDguMTQsOC4xNCw4LjE0LDEwLDg2NDAuMDAsMC4wMCwtNTAuOTYsLTguNDYsMC4wMA==
2020-03-24,9.50,9.50,9.50,9.50,4610,2770000.00,0.00,16.71,1.36,1.66
2020-03-26,13.70,13.76,13.76,13.70,80,113840.00,0.63,44.84,4.26,0.03
2020-03-27,13.70,13.70,13.70,13.70,80,113600.00,0.00,-0.44,-0.06,0.03
2020-03-30,13.70,13.70,13.70,13.70,40,56800.00,0.00,0.00,0.00,0.01
2020-03-31,13.71,13.71,13.71,13.71,103,146363.00,0.00,0.07,0.01,0.04
2020-04-01,13.71,13.71,13.71,13.71,56,79576.00,0.00,0.00,0.00,0.02
2020-04-02,13.71,13.71,13.71,13.71,40,56840.00,0.00,0.00,0.00,0.01
2020-04-03,13.71,13.71,13.71,13.71,30,42630.00,0.00,0.00,0.00,0.01
2020-04-09,13.71,13.71,13.71,13.71,5,7105.00,0.00,0.00,0.00,0.00
2020-04-10,13.75,13.75,13.75,13.75,11,15675.00,0.00,0.29,0.04,0.00
2020-04-15,13.75,13.75,13.75,13.75,1,1425.00,0.00,0.00,0.00,0.00
2020-04-16,13.80,13.80,13.80,13.80,10,14300.00,0.00,0.36,0.05,0.00
2020-04-17,13.85,13.85,13.85,13.85,10,14350.00,0.00,0.36,0.05,0.00
2020-04-20,13.85,13.85,13.85,13.85,10,14350.00,0.00,0.00,0.00,0.00
2020-05-27,13.85,13.85,13.85,13.85,10,14350.00,0.00,0.00,0.00,0.00
2020-06-22,14.00,14.10,14.10,14.00,20,29190.00,0.72,1.81,0.25,0.01
2020-06-29,14.10,14.11,14.11,14.10,10,14604.00,0.07,0.07,0.01,0.00
2020-07-01,14.60,14.60,14.60,14.60,20,30200.00,0.00,3.47,0.49,0.01
2020-07-03,10.20,10.20,10.20,10.20,1,1070.00,0.00,-30.14,-4.40,0.00
2020-07-07,20.50,20.50,20.50,20.50,9,18900.00,0.00,100.98,10.30,0.00
2020-07-08,29.50,27.50,29.50,27.50,16,46244.00,9.76,34.15,7.00,0.01
2020-07-09,28.30,30.38,30.38,28.30,23,68947.00,7.56,10.47,2.88,0.01
2020-07-10,30.48,30.48,30.48,30.48,2,6196.00,0.00,0.33,0.10,0.00
2020-07-13,30.18,30.19,30.19,30.18,12,36827.00,0.03,-0.95,-0.29,0.00
2020-07-14,30.19,30.19,30.19,30.19,1,3069.00,0.00,0.00,0.00,0.00
2020-07-24,30.19,30.19,30.19,30.19,1,3069.00,0.00,0.00,0.00,0.00
2020-07-27,22.00,22.03,22.03,22.00,100,225285.00,0.10,-27.03,-8.16,0.04
2020-07-28,26.40,27.38,27.38,26.40,20,55168.00,4.45,24.29,5.35,0.01
2020-07-29,27.18,27.27,27.27,27.18,33,91137.00,0.33,-0.40,-0.11,0.01
2020-08-03,21.00,21.00,21.00,21.00,100,215000.00,0.00,-22.99,-6.27,0.04
2020-08-05,21.00,27.30,27.30,21.00,19,46520.00,30.00,30.00,6.30,0.01
2020-08-07,21.10,21.96,21.96,21.10,14,31014.00,3.15,-19.56,-5.34,0.01
2020-08-10,27.00,27.00,27.00,27.00,1055,2675500.00,0.00,22.95,5.04,0.38
2020-08-14,26.90,26.90,26.90,26.90,1,2740.00,0.00,-0.37,-0.10,0.00
2020-08-20,20.50,20.50,20.50,20.50,1,2100.00,0.00,-23.79,-6.40,0.00
2020-08-21,13.36,13.36,13.36,13.36,1,1386.00,0.00,-34.83,-7.14,0.00
2020-08-25,19.50,20.50,20.50,19.50,5,10100.00,7.49,53.44,7.14,0.00
2020-08-28,21.38,21.38,21.38,21.38,10,21880.00,0.00,4.29,0.88,0.00
2020-09-03,21.38,21.40,21.40,21.38,11,23828.00,0.09,0.09,0.02,0.00
2020-09-14,22.50,22.50,22.50,22.50,19,43700.00,0.00,5.14,1.10,0.01
2020-09-24,22.50,22.50,22.50,22.50,1,2300.00,0.00,0.00,0.00,0.00
2020-10-28,18.02,22.80,22.80,17.08,3,5850.00,25.42,1.33,0.30,0.00
2020-10-30,17.05,17.05,17.05,17.05,1,1725.00,0.00,-25.22,-5.75,0.00
2020-11-02,16.30,16.30,16.30,16.30,1,1650.00,0.00,-4.40,-0.75,0.00
2020-11-04,18.30,18.30,18.30,18.30,30,55500.00,0.00,12.27,2.00,0.01
2020-11-05,19.20,19.20,19.20,19.20,2,4636.00,0.00,4.92,0.90,0.00
2020-11-18,19.20,19.20,19.20,19.20,10,19400.00,0.00,0.00,0.00,0.00
2020-11-24,28.68,28.68,28.68,28.68,10,28880.00,0.00,49.38,9.48,0.00
2020-11-27,28.80,28.80,28.80,28.80,10,29000.00,0.00,0.42,0.12,0.00
2020-12-07,31.48,31.48,31.48,31.48,13,42229.00,0.00,9.31,2.68,0.00