2013-01-04,810.50,810.50,810.50,810.50,62701,71569125.00,0.00,-2.12,-17.53,0.28
2013-01-07,821.34,821.34,821.34,821.34,55283,59043477.00,0.00,1.34,10.84,0.25
2013-01-08,836.75,836.75,836.75,836.75,84527,91264549.00,0.00,1.88,15.41,0.38
2013-01-09,831.42,831.42,831.42,831.42,88329,97518627.00,0.00,-0.64,-5.33,0.40
2013-01-10,836.67,836.67,836.67,836.67,119236,138336070.00,0.00,0.63,5.25,0.54
2013-01-11,810.34,810.34,810.34,810.34,86343,97144987.00,0.00,-3.15,-26.33,0.39
2013-01-14,880.57,880.57,880.57,880.57,219811,270681181.00,0.00,8.67,70.23,0.99
2013-01-15,959.33,959.33,959.33,959.33,192127,257419619.00,0.00,8.94,78.76,0.87
2013-01-16,994.38,994.38,994.38,994.38,112546,150208059.00,0.00,3.65,35.05,0.51
2013-01-17,1033.33,1033.33,1033.33,1033.33,317359,430032317.00,0.00,3.92,38.95,1.44
2013-01-18,1035.51,1035.51,1035.51,1035.51,253763,345525212.00,0.00,0.21,2.18,1.15
2013-01-21,1112.71,1112.71,1112.71,1112.71,204080,287970443.00,0.00,7.46,77.20,0.92
2013-01-22,1078.09,1078.09,1078.09,1078.09,263140,381735256.00,0.00,-3.11,-34.62,1.19
2013-01-23,1112.42,1112.42,1112.42,1112.42,233193,333437926.00,0.00,3.18,34.33,1.05
2013-01-24,1068.93,1068.93,1068.93,1068.93,212711,297890498.00,0.00,-3.91,-43.49,0.96
2013-01-25,1078.79,1078.79,1078.79,1078.79,199802,287696764.00,0.00,0.92,9.86,0.90
2013-01-28,1108.85,1108.85,1108.85,1108.85,182415,259746371.00,0.00,2.79,30.06,0.83
2013-01-29,1134.85,1134.85,1134.85,1134.85,267158,401556034.00,0.00,2.34,26.00,1.21
2013-01-30,1110.87,1110.87,1110.87,1110.87,186035,272927784.00,0.00,-2.11,-23.98,0.84
2013-01-31,1102.52,1102.52,1102.52,1102.52,181749,261937696.00,0.00,-0.75,-8.35,0.82
2013-02-01,1085.62,1085.62,1085.62,1085.62,131868,185591238.00,0.00,-1.53,-16.90,0.60
2013-02-04,1063.66,1063.66,1063.66,1063.66,108489,150023254.00,0.00,-2.02,-21.96,0.49
2013-02-05,1067.14,1067.14,1067.14,1067.14,95149,130740204.00,0.00,0.33,3.48,0.43
2013-02-06,1073.26,1073.26,1073.26,1073.26,87410,122031805.00,0.00,0.57,6.12,0.40
2013-02-07,1087.70,1087.70,1087.70,1087.70,117687,167305647.00,0.00,1.35,14.44,0.53
2013-02-08,1100.01,1100.01,1100.01,1100.01,122275,173061036.00,0.00,1.13,12.31,0.55
2013-02-18,1137.67,1137.67,1137.67,1137.67,173692,255550516.00,0.00,3.42,37.66,0.79
2013-02-19,1103.54,1103.54,1103.54,1103.54,111312,160557541.00,0.00,-3.00,-34.13,0.50
2013-02-20,1127.77,1127.77,1127.77,1127.77,147238,217419424.00,0.00,2.20,24.23,0.67
2013-02-21,1103.97,1103.97,1103.97,1103.97,120734,175818714.00,0.00,-2.11,-23.80,0.55
2013-02-22,1093.53,1093.53,1093.53,1093.53,93900,132689084.00,0.00,-0.95,-10.44,0.42
2013-02-25,1178.76,1178.76,1178.76,1178.76,236566,354621730.00,0.00,7.79,85.23,1.07
2013-02-26,1183.47,1183.47,1183.47,1183.47,255236,392628348.00,0.00,0.40,4.71,1.15
2013-02-27,1167.67,1167.67,1167.67,1167.67,155599,235953845.00,0.00,-1.34,-15.80,0.70
2013-02-28,1199.30,1199.30,1199.30,1199.30,236689,359652938.00,0.00,2.71,31.63,1.07
2013-03-01,1271.05,1271.05,1271.05,1271.05,329065,527196920.00,0.00,5.98,71.75,1.49
2013-03-04,1238.07,1238.07,1238.07,1238.07,297340,491126773.00,0.00,-2.59,-32.98,1.34
2013-03-05,1231.16,1231.16,1231.16,1231.16,180332,286111564.00,0.00,-0.56,-6.91,0.82
2013-03-06,1215.85,1215.85,1215.85,1215.85,146013,232673594.00,0.00,-1.24,-15.31,0.66
2013-03-07,1152.45,1152.45,1152.45,1152.45,165433,255648536.00,0.00,-5.21,-63.40,0.75
2013-03-08,1120.17,1120.17,1120.17,1120.17,107710,157667545.00,0.00,-2.80,-32.28,0.49
2013-03-11,1140.01,1140.01,1140.01,1140.01,87045,131244115.00,0.00,1.77,19.84,0.39
2013-03-12,1095.04,1095.04,1095.04,1095.04,143948,208154051.00,0.00,-3.94,-44.97,0.65
2013-03-13,1053.73,1053.73,1053.73,1053.73,115565,158735696.00,0.00,-3.77,-41.31,0.52
2013-03-14,1043.67,1043.67,1043.67,1043.67,82617,110646936.00,0.00,-0.95,-10.06,0.37
2013-03-15,1049.81,1049.81,1049.81,1049.81,121521,168167592.00,0.00,0.59,6.14,0.55
2013-03-18,1066.69,1066.69,1066.69,1066.69,113026,157344076.00,0.00,1.61,16.88,0.51
2013-03-19,1043.00,1043.00,1043.00,1043.00,90928,122454341.00,0.00,-2.22,-23.69,0.41
2013-03-20,1078.16,1078.16,1078.16,1078.16,111154,153824916.00,0.00,3.37,35.16,0.50
2013-03-21,1117.89,1117.89,1117.89,1117.89,210405,308628774.00,0.00,3.68,39.73,0.95
2013-03-22,1117.34,1117.34,1117.34,1117.34,99891,144495962.00,0.00,-0.05,-0.55,0.45
2013-03-25,1102.89,1102.89,1102.89,1102.89,80151,116450417.00,0.00,-1.29,-14.45,0.36
2013-03-26,1062.54,1062.54,1062.54,1062.54,85603,118265856.00,0.00,-3.66,-40.35,0.39
2013-03-27,1054.91,1054.91,1054.91,1054.91,64310,88887625.00,0.00,-0.72,-7.63,0.29
2013-03-28,1018.40,1018.40,1018.40,1018.40,67822,92648223.00,0.00,-3.46,-36.51,0.31
2013-03-29,1012.40,1012.40,1012.40,1012.40,54253,74750244.00,0.00,-0.59,-6.00,0.25
2013-04-01,1038.19,1038.19,1038.19,1038.19,61156,82980338.00,0.00,2.55,25.79,0.28
2013-04-02,1029.13,1029.13,1029.13,1029.13,88100,117431273.00,0.00,-0.87,-9.06,0.40
2013-04-03,982.81,982.81,982.81,982.81,77231,98935401.00,0.00,-4.50,-46.32,0.35
2013-04-08,984.89,984.89,984.89,984.89,75395,95396001.00,0.00,0.21,2.08,0.34
2013-04-09,990.90,990.90,990.90,990.90,52566,68379632.00,0.00,0.61,6.01,0.24
2013-04-10,987.17,987.17,987.17,987.17,57672,74230396.00,0.00,-0.38,-3.73,0.26
2013-04-11,995.62,995.62,995.62,995.62,62930,78818020.00,0.00,0.86,8.45,0.28
2013-04-12,974.64,974.64,974.64,974.64,36954,46228354.00,0.00,-2.11,-20.98,0.17
2013-04-15,961.98,961.98,961.98,961.98,41260,52801199.00,0.00,-1.30,-12.66,0.19
2013-04-16,988.92,988.92,988.92,988.92,52298,66037331.00,0.00,2.80,26.94,0.24
2013-04-17,992.38,992.38,992.38,992.38,51194,65918113.00,0.00,0.35,3.46,0.23
2013-04-18,1029.57,1029.57,1029.57,1029.57,122290,163752515.00,0.00,3.75,37.19,0.55
2013-04-19,1040.37,1040.37,1040.37,1040.37,103872,142088531.00,0.00,1.05,10.80,0.47
2013-04-22,1055.31,1055.31,1055.31,1055.31,82540,111517244.00,0.00,1.44,14.94,0.37
2013-04-23,1004.58,1004.58,1004.58,1004.58,72669,95388809.00,0.00,-4.81,-50.73,0.33
2013-04-24,1029.68,1029.68,1029.68,1029.68,61159,80969834.00,0.00,2.50,25.10,0.28
2013-04-25,1013.19,1013.19,1013.19,1013.19,62364,84612539.00,0.00,-1.60,-16.49,0.28
2013-04-26,983.49,983.49,983.49,983.49,61088,78790656.00,0.00,-2.93,-29.70,0.28
2013-05-02,994.50,994.50,994.50,994.50,34752,43590395.00,0.00,1.12,11.01,0.16
2013-05-03,1030.80,1030.80,1030.80,1030.80,81752,114035350.00,0.00,3.65,36.30,0.37
2013-05-06,1105.00,1105.00,1105.00,1105.00,181758,264043423.00,0.00,7.20,74.20,0.82
2013-05-07,1131.17,1131.17,1131.17,1131.17,252948,375678667.00,0.00,2.37,26.17,1.14
2013-05-08,1162.62,1162.62,1162.62,1162.62,209848,308005309.00,0.00,2.78,31.45,0.95
2013-05-09,1231.76,1231.76,1231.76,1231.76,320404,511360815.00,0.00,5.95,69.14,1.45
2013-05-10,1231.76,1231.76,1231.76,1231.76,80710,142336942.00,0.00,0.00,0.00,0.37
2013-05-13,1223.97,1223.97,1223.97,1223.97,34540,59697544.00,0.00,-0.63,-7.79,0.16
2013-05-14,1203.46,1203.46,1203.46,1203.46,46635,78491831.00,0.00,-1.68,-20.51,0.21
2013-05-15,1257.93,1257.93,1257.93,1257.93,83954,147486386.00,0.00,4.53,54.47,0.38
2013-05-16,1242.37,1242.37,1242.37,1242.37,77784,139329941.00,0.00,-1.24,-15.56,0.35
2013-05-17,1239.54,1239.54,1239.54,1239.54,62039,109420147.00,0.00,-0.23,-2.83,0.28
2013-05-20,1287.65,1287.65,1287.65,1287.65,86955,155331790.00,0.00,3.88,48.11,0.39
2013-05-21,1280.57,1280.57,1280.57,1280.57,48274,86718450.00,0.00,-0.55,-7.08,0.22
2013-05-22,1225.39,1225.39,1225.39,1225.39,76176,133657725.00,0.00,-4.31,-55.18,0.34
2013-05-23,1207.70,1207.70,1207.70,1207.70,69504,121172764.00,0.00,-1.44,-17.69,0.31
2013-05-24,1238.12,1238.12,1238.12,1238.12,37743,65352578.00,0.00,2.52,30.42,0.17
2013-05-27,1319.49,1319.49,1319.49,1319.49,86366,159688870.00,0.00,6.57,81.37,0.39
2013-05-28,1311.00,1311.00,1311.00,1311.00,47566,88612373.00,0.00,-0.64,-8.49,0.22
2013-05-29,1366.18,1366.18,1366.18,1366.18,93324,180879033.00,0.00,4.21,55.18,0.42
2013-05-30,1376.09,1376.09,1376.09,1376.09,71217,138003975.00,0.00,0.73,9.91,0.32
2013-05-31,1514.05,1514.05,1514.05,1514.05,154385,321939200.00,0.00,10.03,137.96,0.70
2013-06-03,1427.03,1427.03,1427.03,1427.03,188697,392527264.00,0.00,-5.75,-87.02,0.85
2013-06-04,1370.43,1370.43,1370.43,1370.43,125379,245908102.00,0.00,-3.97,-56.60,0.57
2013-07-01,1312.41,1312.41,1312.41,1312.41,171835,309582512.00,0.00,-4.23,-58.02,0.78
2013-07-02,1302.51,1302.51,1302.51,1302.51,113244,207539674.00,0.00,-0.75,-9.90,0.51
2013-07-03,1303.21,1303.21,1303.21,1303.21,86869,160533572.00,0.00,0.05,0.70,0.39
2013-07-04,1265.72,1265.72,1265.72,1265.72,93758,168000441.00,0.00,-2.88,-37.49,0.42
2013-07-05,1241.66,1241.66,1241.66,1241.66,53197,94633700.00,0.00,-1.90,-24.06,0.24
2013-07-08,1185.77,1185.77,1185.77,1185.77,61678,104269789.00,0.00,-4.50,-55.89,0.28
2013-07-09,1212.65,1212.65,1212.65,1212.65,32926,55401206.00,0.00,2.27,26.88,0.15
2013-07-10,1259.35,1259.35,1259.35,1259.35,72346,128229758.00,0.00,3.85,46.70,0.33
2013-07-11,1276.60,1276.60,1276.60,1276.60,261724,416225639.00,0.00,1.37,17.25,1.18
2013-07-12,1275.02,1275.02,1275.02,1275.02,211301,344384017.00,0.00,-0.12,-1.58,0.96
2013-07-15,1301.97,1301.97,1301.97,1301.97,178730,302248341.00,0.00,2.11,26.95,0.81
2013-07-16,1292.03,1292.03,1292.03,1292.03,124726,204713236.00,0.00,-0.76,-9.94,0.56
2013-07-17,1239.31,1239.31,1239.31,1239.31,134865,215866152.00,0.00,-4.08,-52.72,0.61
2013-07-18,1236.49,1236.49,1236.49,1236.49,127432,204674037.00,0.00,-0.23,-2.82,0.58
2013-07-19,1305.33,1305.33,1305.33,1305.33,283714,466592006.00,0.00,5.57,68.84,1.28
2013-07-22,1427.51,1427.51,1427.51,1427.51,270802,469426223.00,0.00,9.36,122.18,1.22
2013-07-23,1423.26,1423.26,1423.26,1423.26,230815,412828036.00,0.00,-0.30,-4.25,1.04
2013-07-24,1517.49,1517.49,1517.49,1517.49,262073,484283200.00,0.00,6.62,94.23,1.19
2013-07-25,1403.60,1403.60,1403.60,1403.60,255961,467740665.00,0.00,-7.51,-113.89,1.16
2013-07-26,1456.98,1456.98,1456.98,1456.98,205219,366675559.00,0.00,3.80,53.38,0.93
2013-07-29,1391.91,1391.91,1391.91,1391.91,143983,256035967.00,0.00,-4.47,-65.07,0.65
2013-07-30,1351.79,1351.79,1351.79,1351.79,122568,211260323.00,0.00,-2.88,-40.12,0.55
2013-07-31,1400.69,1400.69,1400.69,1400.69,152770,278250822.00,0.00,3.62,48.90,0.69
2013-08-01,1449.92,1449.92,1449.92,1449.92,167717,312917652.00,0.00,3.51,49.23,0.76
2013-08-02,1427.39,1427.39,1427.39,1427.39,154288,280585582.00,0.00,-1.55,-22.53,0.70
2013-08-05,1432.16,1432.16,1432.16,1432.16,99986,180358782.00,0.00,0.33,4.77,0.45
2013-08-06,1426.82,1426.82,1426.82,1426.82,113118,209984434.00,0.00,-0.37,-5.34,0.51
2013-08-07,1364.62,1364.62,1364.62,1364.62,132589,234156948.00,0.00,-4.36,-62.20,0.60
2013-08-08,1374.15,1374.15,1374.15,1374.15,70276,122101129.00,0.00,0.70,9.53,0.32
2013-08-09,1384.38,1384.38,1384.38,1384.38,115229,217534420.00,0.00,0.74,10.23,0.52
2013-08-12,1399.38,1399.38,1399.38,1399.38,146633,277484865.00,0.00,1.08,15.00,0.66
2013-08-13,1394.99,1394.99,1394.99,1394.99,90734,165625094.00,0.00,-0.31,-4.39,0.41
2013-08-14,1382.15,1382.15,1382.15,1382.15,61550,107927581.00,0.00,-0.92,-12.84,0.28
2013-08-15,1353.27,1353.27,1353.27,1353.27,63730,113096394.00,0.00,-2.09,-28.88,0.29
2013-08-16,1318.41,1318.41,1318.41,1318.41,87962,157335168.00,0.00,-2.58,-34.86,0.40
2013-08-19,1360.05,1360.05,1360.05,1360.05,53805,91844349.00,0.00,3.16,41.64,0.24
2013-08-20,1370.46,1370.46,1370.46,1370.46,63074,113411921.00,0.00,0.77,10.41,0.29
2013-08-21,1402.10,1402.10,1402.10,1402.10,118210,211156581.00,0.00,2.31,31.64,0.53
2013-08-22,1385.98,1385.98,1385.98,1385.98,112572,197136132.00,0.00,-1.15,-16.12,0.51
2013-08-23,1386.92,1386.92,1386.92,1386.92,104442,176721246.00,0.00,0.07,0.94,0.47
2013-08-26,1407.11,1407.11,1407.11,1407.11,107212,182177077.00,0.00,1.46,20.19,0.48
2013-08-27,1390.09,1390.09,1390.09,1390.09,99674,177666150.00,0.00,-1.21,-17.02,0.45
2013-08-28,1337.23,1337.23,1337.23,1337.23,98906,170770370.00,0.00,-3.80,-52.86,0.45
2013-08-29,1325.78,1325.78,1325.78,1325.78,70199,121334652.00,0.00,-0.86,-11.45,0.32
2013-08-30,1284.63,1284.63,1284.63,1284.63,128030,222776603.00,0.00,-3.10,-41.15,0.58
2013-09-02,1328.23,1328.23,1328.23,1328.23,95243,168047042.00,0.00,3.39,43.60,0.43
2013-09-03,1352.02,1352.02,1352.02,1352.02,83938,153863655.00,0.00,1.79,23.79,0.38
2013-09-04,1334.46,1334.46,1334.46,1334.46,57798,99583654.00,0.00,-1.30,-17.56,0.26
2013-09-05,1401.75,1401.75,1401.75,1401.75,164446,271447596.00,0.00,5.04,67.29,0.74
2013-09-06,1404.99,1404.99,1404.99,1404.99,185974,318395268.00,0.00,0.23,3.24,0.84
2013-09-09,1487.83,1487.83,1487.83,1487.83,214991,382358564.00,0.00,5.90,82.84,0.97
2013-09-10,1526.75,1526.75,1526.75,1526.75,253236,484059634.00,0.00,2.62,38.92,1.15
2013-09-11,1469.48,1469.48,1469.48,1469.48,160185,292589486.00,0.00,-3.75,-57.27,0.72
2013-09-12,1414.20,1414.20,1414.20,1414.20,159635,294584808.00,0.00,-3.76,-55.28,0.72
2013-09-13,1433.17,1433.17,1433.17,1433.17,154229,280359881.00,0.00,1.34,18.97,0.70
2013-09-16,1418.18,1418.18,1418.18,1418.18,95255,169488486.00,0.00,-1.05,-14.99,0.43
2013-09-17,1387.37,1387.37,1387.37,1387.37,89648,158267787.00,0.00,-2.17,-30.81,0.41
2013-09-18,1448.54,1448.54,1448.54,1448.54,124027,219765235.00,0.00,4.41,61.17,0.56
2013-09-23,1470.81,1470.81,1470.81,1470.81,139827,255346260.00,0.00,1.54,22.27,0.63
2013-09-24,1485.93,1485.93,1485.93,1485.93,140189,262179585.00,0.00,1.03,15.12,0.63
2013-09-25,1437.84,1437.84,1437.84,1437.84,113149,204426997.00,0.00,-3.24,-48.09,0.51
2013-09-26,1404.56,1404.56,1404.56,1404.56,77303,139340865.00,0.00,-2.31,-33.28,0.35
2013-09-27,1425.22,1425.22,1425.22,1425.22,64753,116007933.00,0.00,1.47,20.66,0.29
2013-09-30,1488.26,1488.26,1488.26,1488.26,109529,201358380.00,0.00,4.42,63.04,0.50
2013-10-08,1570.79,1570.79,1570.79,1570.79,269763,541574203.00,0.00,5.55,82.53,1.22
2013-10-09,1670.82,1670.82,1670.82,1670.82,322469,657664476.00,0.00,6.37,100.03,1.46
2013-10-10,1674.57,1674.57,1674.57,1674.57,239957,499540018.00,0.00,0.22,3.75,1.09
2013-10-11,1706.88,1706.88,1706.88,1706.88,216137,475747004.00,0.00,1.93,32.31,0.98
2013-10-14,1877.53,1877.53,1877.53,1877.53,251578,575757821.00,0.00,10.00,170.65,1.14
2013-10-15,2021.89,2021.89,2021.89,2021.89,340523,849232288.00,0.00,7.69,144.36,1.54
2013-10-16,2058.83,2058.83,2058.83,2058.83,324411,840577888.00,0.00,1.83,36.94,1.47
2013-10-17,2149.93,2149.93,2149.93,2149.93,282265,766702960.00,0.00,4.42,91.10,1.28
2013-10-18,2145.47,2145.47,2145.47,2145.47,280688,779856592.00,0.00,-0.21,-4.46,1.27
2013-10-21,2360.30,2360.30,2360.30,2360.30,236370,681514672.00,0.00,10.01,214.83,1.07
2013-10-22,2421.56,2421.56,2421.56,2421.56,430898,1371584976.00,0.00,2.60,61.26,1.95
2013-10-23,2473.45,2473.45,2473.45,2473.45,360254,1132786304.00,0.00,2.14,51.89,1.63
2013-10-24,2299.13,2299.13,2299.13,2299.13,294384,879430496.00,0.00,-7.05,-174.32,1.33
2013-10-25,2371.98,2371.98,2371.98,2371.98,345020,1068498176.00,0.00,3.17,72.85,1.56
2013-10-28,2312.60,2312.60,2312.60,2312.60,226653,682650851.00,0.00,-2.50,-59.38,1.03
2013-10-29,2177.20,2177.20,2177.20,2177.20,223766,638433384.00,0.00,-5.85,-135.40,1.01
2013-10-30,2209.35,2209.35,2209.35,2209.35,235778,663213630.00,0.00,1.48,32.15,1.07
2013-10-31,2078.88,2078.88,2078.88,2078.88,190069,522386873.00,0.00,-5.91,-130.47,0.86
2013-11-01,1984.81,1984.81,1984.81,1984.81,213472,550417245.00,0.00,-4.53,-94.07,0.97
2013-11-04,2143.22,2143.22,2143.22,2143.22,308810,829788528.00,0.00,7.98,158.41,1.40
2013-11-05,2292.66,2292.66,2292.66,2292.66,325865,894235424.00,0.00,6.97,149.44,1.47
2013-11-06,2275.51,2275.51,2275.51,2275.51,368919,1090112176.00,0.00,-0.75,-17.15,1.67
2013-11-07,2302.81,2302.81,2302.81,2302.81,242863,709931072.00,0.00,1.20,27.30,1.10
2013-11-08,2300.89,2300.89,2300.89,2300.89,212493,615914179.00,0.00,-0.08,-1.92,0.96
2013-11-11,2140.73,2140.73,2140.73,2140.73,218529,608615085.00,0.00,-6.96,-160.16,0.99
2013-11-12,2227.42,2227.42,2227.42,2227.42,194435,535584961.00,0.00,4.05,86.69,0.88
2013-11-13,2199.80,2199.80,2199.80,2199.80,210249,598854417.00,0.00,-1.24,-27.62,0.95
2013-11-14,2232.04,2232.04,2232.04,2232.04,201843,574944140.00,0.00,1.47,32.24,0.91
2013-11-15,2340.60,2340.60,2340.60,2340.60,271763,802400144.00,0.00,4.86,108.56,1.23
2013-11-18,2372.91,2372.91,2372.91,2372.91,226027,675165496.00,0.00,1.38,32.31,1.02
2013-11-19,2395.46,2395.46,2395.46,2395.46,230482,709661640.00,0.00,0.95,22.55,1.04
2013-11-20,2396.14,2396.14,2396.14,2396.14,150935,456534954.00,0.00,0.03,0.68,0.68
2013-11-21,2384.08,2384.08,2384.08,2384.08,197589,592702785.00,0.00,-0.50,-12.06,0.89
2013-11-22,2280.23,2280.23,2280.23,2280.23,178889,523910259.00,0.00,-4.36,-103.85,0.81
2013-11-25,2213.79,2213.79,2213.79,2213.79,144404,409255739.00,0.00,-2.91,-66.44,0.65
2013-11-26,2207.04,2207.04,2207.04,2207.04,133769,372437861.00,0.00,-0.30,-6.75,0.61
2013-11-27,2323.10,2323.10,2323.10,2323.10,218833,634508166.00,0.00,5.26,116.06,0.99
2013-11-28,2249.74,2249.74,2249.74,2249.74,168585,486978249.00,0.00,-3.16,-73.36,0.76
2013-11-29,2300.43,2300.43,2300.43,2300.43,152774,453528015.00,0.00,2.25,50.69,0.69
2013-12-02,2104.51,2104.51,2104.51,2104.51,172440,462683779.00,0.00,-8.52,-195.92,0.78
2013-12-03,2061.47,2061.47,2061.47,2061.47,181329,466960240.00,0.00,-2.05,-43.04,0.82
2013-12-04,2054.22,2054.22,2054.22,2054.22,156618,416123590.00,0.00,-0.35,-7.25,0.71
2013-12-05,2115.95,2115.95,2115.95,2115.95,175551,471481143.00,0.00,3.01,61.73,0.79
2013-12-06,2102.83,2102.83,2102.83,2102.83,124579,333805029.00,0.00,-0.62,-13.12,0.56
2013-12-09,2156.38,2156.38,2156.38,2156.38,125157,339035037.00,0.00,2.55,53.55,0.57
2013-12-10,2075.87,2075.87,2075.87,2075.87,119196,313806428.00,0.00,-3.73,-80.51,0.54
2013-12-11,2070.19,2070.19,2070.19,2070.19,88821,231937546.00,0.00,-0.27,-5.68,0.40
2013-12-12,2074.82,2074.82,2074.82,2074.82,81236,213230162.00,0.00,0.22,4.63,0.37
2013-12-13,2065.32,2065.32,2065.32,2065.32,60004,156216534.00,0.00,-0.46,-9.50,0.27
2013-12-16,2139.43,2139.43,2139.43,2139.43,169234,454751622.00,0.00,3.59,74.11,0.77
2013-12-17,2077.65,2077.65,2077.65,2077.65,94888,253377360.00,0.00,-2.89,-61.78,0.43
2013-12-18,2019.97,2019.97,2019.97,2019.97,68442,176262134.00,0.00,-2.78,-57.68,0.31
2013-12-19,2018.41,2018.41,2018.41,2018.41,54009,139260349.00,0.00,-0.08,-1.56,0.24
2013-12-20,2020.68,2020.68,2020.68,2020.68,48354,123057081.00,0.00,0.11,2.27,0.22
2013-12-23,1974.40,1974.40,1974.40,1974.40,67097,167351619.00,0.00,-2.29,-46.28,0.30
2013-12-24,1991.78,1991.78,1991.78,1991.78,68374,171141709.00,0.00,0.88,17.38,0.31
2013-12-25,2065.84,2065.84,2065.84,2065.84,103110,263803367.00,0.00,3.72,74.06,0.47
2013-12-26,2012.79,2012.79,2012.79,2012.79,119777,308336854.00,0.00,-2.57,-53.05,0.54
2013-12-27,2043.60,2043.60,2043.60,2043.60,74717,191978228.00,0.00,1.53,30.81,0.34
2013-12-30,2034.31,2034.31,2034.31,2034.31,23744,62369317.00,0.00,-0.45,-9.29,0.11
2013-12-31,2005.64,2005.64,2005.64,2005.64,22418,58246662.00,0.00,-1.41,-28.67,0.10