2012-01-04,5.16,4.97,5.18,4.96,14955,7830703.00,4.31,-2.55,-0.13,0.24
2012-01-05,4.97,4.75,4.97,4.73,23950,11920374.00,4.83,-4.43,-0.22,0.38
2012-01-06,4.70,4.75,4.76,4.56,21342,10249341.00,4.21,0.00,0.00,0.34
2012-01-09,4.75,4.99,5.01,4.70,22846,11454028.00,6.53,5.05,0.24,0.36
2012-01-10,4.99,5.17,5.19,4.92,40736,21439742.00,5.41,3.61,0.18,0.64
2012-01-11,5.15,5.13,5.20,5.07,24338,12874146.00,2.51,-0.77,-0.04,0.38
2012-01-12,5.09,5.12,5.19,5.08,17520,9255075.00,2.14,-0.19,-0.01,0.28
2012-01-13,5.15,5.09,5.25,5.02,28848,15228605.00,4.49,-0.59,-0.03,0.45
2012-01-16,5.02,4.85,5.10,4.82,16598,8481445.00,5.50,-4.72,-0.24,0.26
2012-01-17,4.84,5.12,5.13,4.84,19774,10160668.00,5.98,5.57,0.27,0.31
2012-01-18,5.10,5.15,5.35,5.06,36750,19630023.00,5.66,0.59,0.03,0.58
2012-01-19,5.08,5.15,5.21,5.04,15933,8408507.00,3.30,0.00,0.00,0.25
2012-01-20,5.20,5.20,5.25,5.14,18562,9903588.00,2.14,0.97,0.05,0.29
2012-01-30,5.28,5.20,5.29,5.19,16590,8899215.00,1.92,0.00,0.00,0.26
2012-01-31,5.22,5.17,5.27,5.15,24600,13141597.00,2.31,-0.58,-0.03,0.39
2012-02-01,5.17,5.09,5.22,5.07,18153,9564154.00,2.90,-1.55,-0.08,0.29
2012-02-02,5.11,5.20,5.21,5.10,20361,10770839.00,2.16,2.16,0.11,0.32
2012-02-03,5.19,5.25,5.27,5.11,27191,14576716.00,3.08,0.96,0.05,0.43
2012-02-06,5.27,5.31,5.34,5.22,29470,15974465.00,2.29,1.14,0.06,0.46
2012-02-07,5.31,5.16,5.31,5.11,31994,16997634.00,3.77,-2.82,-0.15,0.50
2012-02-08,5.16,5.29,5.30,5.11,37215,19911420.00,3.68,2.52,0.13,0.59
2012-02-09,5.29,5.32,5.37,5.26,41317,22560352.00,2.08,0.57,0.03,0.65
2012-02-10,5.34,5.40,5.49,5.30,47758,26412726.00,3.57,1.50,0.08,0.75
2012-02-13,5.36,5.48,5.48,5.33,42224,23503514.00,2.78,1.48,0.08,0.66
2012-02-14,5.46,5.43,5.49,5.38,54410,30238830.00,2.01,-0.91,-0.05,0.86
2012-02-15,5.42,5.55,5.58,5.38,47599,26791524.00,3.68,2.21,0.12,0.75
2012-02-16,5.51,5.57,5.59,5.44,42075,23843003.00,2.70,0.36,0.02,0.66
2012-02-17,5.53,5.57,5.68,5.53,53330,30630468.00,2.69,0.00,0.00,0.84
2012-02-20,5.62,5.60,5.67,5.53,45794,26283691.00,2.51,0.54,0.03,0.72
2012-02-21,5.58,5.62,5.66,5.48,33520,19139090.00,3.21,0.36,0.02,0.53
2012-02-22,5.65,5.68,5.69,5.57,34975,20215597.00,2.14,1.07,0.06,0.55
2012-02-23,5.71,5.65,5.72,5.59,35101,20314607.00,2.29,-0.53,-0.03,0.55
2012-02-24,5.67,5.68,5.71,5.61,43724,25386201.00,1.77,0.53,0.03,0.69
2012-02-27,5.70,5.71,5.80,5.67,80340,47132138.00,2.29,0.53,0.03,1.27
2012-02-28,5.70,5.65,5.71,5.60,46018,26649089.00,1.93,-1.05,-0.06,0.72
2012-02-29,5.68,5.53,5.68,5.50,37543,21501494.00,3.19,-2.12,-0.12,0.59
2012-03-01,5.53,5.56,5.59,5.51,29041,16546821.00,1.45,0.54,0.03,0.46
2012-03-02,5.57,5.63,5.66,5.56,63347,36474022.00,1.80,1.26,0.07,1.00
2012-03-05,5.66,5.62,5.69,5.59,56994,32943396.00,1.78,-0.18,-0.01,0.90
2012-03-06,5.62,5.54,5.64,5.49,62389,35531692.00,2.67,-1.42,-0.08,0.98
2012-03-07,5.47,5.50,5.57,5.47,52072,29468577.00,1.81,-0.72,-0.04,0.82
2012-03-08,5.51,6.01,6.06,5.50,295895,176730383.00,10.18,9.27,0.51,4.66
2012-03-09,5.88,5.96,6.01,5.79,221475,134084283.00,3.66,-0.83,-0.05,3.49
2012-03-12,5.89,5.87,5.93,5.82,92756,55634913.00,1.85,-1.51,-0.09,1.46
2012-03-13,5.86,5.91,5.97,5.82,101103,61058828.00,2.56,0.68,0.04,1.59
2012-03-14,5.96,5.53,5.98,5.49,117546,69888096.00,8.29,-6.43,-0.38,1.85
2012-03-15,5.54,5.94,6.06,5.50,242385,145520556.00,10.13,7.41,0.41,3.82
2012-03-16,5.88,6.15,6.29,5.84,276368,171391802.00,7.58,3.54,0.21,4.35
2012-03-19,6.13,6.18,6.19,5.97,127742,79812433.00,3.58,0.49,0.03,2.01
2012-03-20,6.14,5.99,6.14,5.98,93957,57964516.00,2.59,-3.07,-0.19,1.48
2012-03-21,6.03,5.95,6.06,5.76,116016,70083185.00,5.01,-0.67,-0.04,1.83
2012-03-22,5.88,5.88,5.95,5.80,51013,30664884.00,2.52,-1.18,-0.07,0.80
2012-03-23,5.86,5.73,5.87,5.66,58740,34693991.00,3.57,-2.55,-0.15,0.93
2012-03-26,5.72,5.80,5.80,5.63,44085,25876078.00,2.97,1.22,0.07,0.69
2012-03-27,5.81,5.81,5.94,5.76,53918,32286690.00,3.10,0.17,0.01,0.85
2012-03-28,5.80,5.37,5.81,5.36,71173,40387746.00,7.75,-7.57,-0.44,1.12
2012-03-29,5.32,5.22,5.44,5.13,45832,24910802.00,5.77,-2.79,-0.15,0.72
2012-03-30,5.24,5.07,5.30,4.93,73854,38648597.00,7.09,-2.87,-0.15,1.16
2012-04-05,5.09,5.23,5.25,5.03,52739,27966604.00,4.34,3.16,0.16,0.83
2012-04-06,5.24,5.46,5.50,5.19,98160,54185177.00,5.93,4.40,0.23,1.55
2012-04-09,5.41,5.43,5.54,5.34,50452,28226562.00,3.66,-0.55,-0.03,0.79
2012-04-10,5.42,5.48,5.49,5.14,51639,28113386.00,6.45,0.92,0.05,0.81
2012-04-11,5.32,5.47,5.48,5.32,39768,22174732.00,2.92,-0.18,-0.01,0.63
2012-04-12,5.43,5.51,5.53,5.21,84351,46691443.00,5.85,0.73,0.04,1.33
2012-04-13,5.49,5.60,5.64,5.41,79600,45270620.00,4.17,1.63,0.09,1.25
2012-04-16,5.51,5.59,5.63,5.48,45560,25955646.00,2.68,-0.18,-0.01,0.72
2012-04-17,5.56,5.43,5.60,5.38,47289,26539894.00,3.94,-2.86,-0.16,0.74
2012-04-18,5.50,5.99,5.99,5.44,405262,246545681.00,10.13,10.31,0.56,6.38
2012-04-19,5.85,5.97,6.11,5.81,194606,118026680.00,5.01,-0.33,-0.02,3.06
2012-04-20,5.84,6.58,6.58,5.66,612483,399607008.00,15.41,10.22,0.61,9.65
2012-04-23,6.46,6.60,6.71,6.44,525993,353645168.00,4.10,0.30,0.02,8.28
2012-04-24,6.49,6.53,6.67,6.18,215709,142862343.00,7.42,-1.06,-0.07,3.40
2012-04-25,6.46,6.58,6.67,6.32,296508,198641200.00,5.36,0.77,0.05,4.67
2012-04-26,6.49,6.59,6.84,6.41,336753,228286087.00,6.53,0.15,0.01,5.30
2012-04-27,6.41,6.47,6.67,6.36,205529,137197082.00,4.70,-1.82,-0.12,3.24
2012-05-02,6.56,6.35,6.58,6.32,137458,90130058.00,4.02,-1.85,-0.12,2.16
2012-05-04,6.35,6.67,6.86,6.23,369539,248916571.00,9.92,5.04,0.32,5.82
2012-05-07,6.67,6.60,6.67,6.42,114452,76598507.00,3.75,-1.05,-0.07,1.80
2012-05-08,6.59,7.27,7.27,6.53,781893,570628384.00,11.21,10.15,0.67,12.31
2012-05-09,7.07,7.16,7.36,6.94,326465,239385768.00,5.78,-1.51,-0.11,5.14
2012-05-10,7.13,7.51,7.63,7.03,552450,412914672.00,8.38,4.89,0.35,8.70
2012-05-11,7.36,7.44,7.68,7.23,453913,343445968.00,5.99,-0.93,-0.07,7.15
2012-05-14,7.42,7.40,7.50,7.24,296489,223134737.00,3.49,-0.54,-0.04,4.67
2012-05-15,7.27,7.43,7.47,7.09,127050,94318262.00,5.14,0.41,0.03,2.00
2012-05-16,7.41,7.36,7.41,7.25,95207,71081787.00,2.15,-0.94,-0.07,1.50
2012-05-17,7.30,8.11,8.11,7.29,782167,623184896.00,11.14,10.19,0.75,12.32
2012-05-18,8.06,8.11,8.28,7.74,710141,575724336.00,6.66,0.00,0.00,11.18
2012-05-21,8.11,7.97,8.31,7.84,511034,414003136.00,5.80,-1.73,-0.14,8.05
2012-05-22,7.89,7.44,7.92,7.36,773120,598220512.00,7.03,-6.65,-0.53,12.18
2012-05-23,7.39,7.13,7.39,6.91,646320,467607280.00,6.45,-4.17,-0.31,10.18
2012-05-24,7.08,6.94,7.13,6.92,275574,196732283.00,2.95,-2.66,-0.19,4.34
2012-05-25,6.96,6.81,7.06,6.71,233050,162903184.00,5.04,-1.87,-0.13,3.67
2012-05-28,6.81,6.93,6.96,6.75,227019,159470759.00,3.08,1.76,0.12,3.58
2012-05-29,6.92,6.94,7.00,6.78,231157,162091788.00,3.17,0.14,0.01,3.64
2012-05-30,6.91,6.90,7.01,6.83,160903,113433969.00,2.59,-0.58,-0.04,2.53
2012-05-31,6.86,6.95,6.99,6.82,143554,101583747.00,2.46,0.72,0.05,2.26
2012-06-01,6.97,6.77,7.00,6.75,164191,114999031.00,3.60,-2.59,-0.18,2.59
2012-06-04,6.65,6.36,6.65,6.35,166651,110423820.00,4.43,-6.06,-0.41,2.62
2012-06-05,6.37,6.48,6.52,6.28,134926,88316882.00,3.77,1.89,0.12,2.12
2012-06-06,6.48,6.40,6.54,6.37,81501,53678669.00,2.62,-1.23,-0.08,1.28
2012-06-07,6.50,6.18,6.53,6.16,98074,63565625.00,5.78,-3.44,-0.22,1.54
2012-06-08,6.27,6.19,6.38,6.17,90115,57652612.00,3.40,0.16,0.01,1.42
2012-06-11,6.18,6.35,6.36,6.17,68270,43884737.00,3.07,2.58,0.16,1.08
2012-06-12,6.32,6.26,6.38,6.24,57681,37243006.00,2.20,-1.42,-0.09,0.91
2012-06-13,6.28,6.41,6.41,6.24,84952,55116573.00,2.72,2.40,0.15,1.34
2012-06-14,6.39,6.44,6.59,6.34,133973,88719434.00,3.90,0.47,0.03,2.11
2012-06-15,6.60,6.61,6.84,6.56,221639,150883623.00,4.35,2.64,0.17,3.49
2012-06-18,6.62,6.57,6.63,6.45,107632,71589303.00,2.72,-0.61,-0.04,1.69
2012-06-19,6.52,6.40,6.53,6.37,70888,46654893.00,2.44,-2.59,-0.17,1.12
2012-06-20,6.44,6.22,6.44,6.20,74550,47988101.00,3.75,-2.81,-0.18,1.17
2012-06-21,6.17,6.08,6.22,6.07,52976,33132415.00,2.41,-2.25,-0.14,0.83
2012-06-25,6.05,5.89,6.05,5.87,54181,32942359.00,2.96,-3.13,-0.19,0.85
2012-06-26,5.83,5.95,5.96,5.81,48847,29518733.00,2.55,1.02,0.06,0.77
2012-06-27,5.93,5.86,5.98,5.84,40024,24293355.00,2.35,-1.51,-0.09,0.63
2012-06-28,5.91,5.70,5.91,5.66,65517,38568919.00,4.27,-2.73,-0.16,1.03
2012-06-29,5.65,5.75,5.78,5.62,36312,21224584.00,2.81,0.88,0.05,0.57
2012-07-02,5.82,5.93,6.02,5.77,68290,41351071.00,4.35,3.13,0.18,1.08
2012-07-03,5.90,5.90,5.99,5.88,46759,28387644.00,1.85,-0.51,-0.03,0.74
2012-07-04,5.92,6.03,6.10,5.92,92977,57259567.00,3.05,2.20,0.13,1.46
2012-07-05,6.01,5.78,6.01,5.76,55635,33219936.00,4.15,-4.15,-0.25,0.88
2012-07-06,5.83,6.01,6.02,5.78,66064,40075589.00,4.15,3.98,0.23,1.04
2012-07-09,6.01,5.85,6.08,5.79,66395,40551033.00,4.83,-2.66,-0.16,1.05
2012-07-10,5.83,5.68,5.84,5.64,51735,30313849.00,3.42,-2.91,-0.17,0.81
2012-07-11,5.69,5.77,5.78,5.66,28464,16682680.00,2.11,1.58,0.09,0.45
2012-07-12,5.76,5.93,5.99,5.66,60615,36377584.00,5.72,2.77,0.16,0.95
2012-07-13,5.93,5.86,5.97,5.85,41994,25345135.00,2.02,-1.18,-0.07,0.66
2012-07-16,5.86,5.49,5.89,5.47,55023,32004733.00,7.17,-6.31,-0.37,0.87
2012-07-17,5.51,5.54,5.58,5.47,29828,16891491.00,2.00,0.91,0.05,0.47
2012-07-18,5.55,5.55,5.58,5.40,42326,23731839.00,3.25,0.18,0.01,0.67
2012-07-19,5.53,5.68,5.77,5.50,57070,33075244.00,4.86,2.34,0.13,0.90
2012-07-20,5.65,5.59,5.69,5.56,34816,20057926.00,2.29,-1.58,-0.09,0.55
2012-07-23,5.54,5.51,5.54,5.44,25700,14455614.00,1.79,-1.43,-0.08,0.40
2012-07-24,5.51,5.63,5.65,5.47,32848,18804073.00,3.27,2.18,0.12,0.52
2012-07-25,5.58,5.57,5.69,5.54,28382,16365758.00,2.66,-1.07,-0.06,0.45
2012-07-26,5.65,5.48,5.65,5.46,30778,17398349.00,3.41,-1.62,-0.09,0.48
2012-07-27,5.51,5.49,5.52,5.44,17848,10035504.00,1.46,0.18,0.01,0.28
2012-07-30,5.49,5.30,5.54,5.28,33463,18436952.00,4.74,-3.46,-0.19,0.53
2012-07-31,5.41,5.13,5.41,5.11,27164,14517685.00,5.66,-3.21,-0.17,0.43
2012-08-01,5.14,5.22,5.25,5.14,40371,21479744.00,2.14,1.75,0.09,0.64
2012-08-02,5.20,5.13,5.21,5.06,26132,13785143.00,2.87,-1.72,-0.09,0.41
2012-08-03,5.15,5.28,5.30,5.14,34764,18587132.00,3.12,2.92,0.15,0.55
2012-08-06,5.26,5.41,5.44,5.21,48162,26445677.00,4.36,2.46,0.13,0.76
2012-08-07,5.40,5.44,5.46,5.38,41962,23343862.00,1.48,0.55,0.03,0.66
2012-08-08,5.44,5.38,5.47,5.37,31630,17553764.00,1.84,-1.10,-0.06,0.50
2012-08-09,5.38,5.56,5.57,5.36,52696,29655000.00,3.90,3.35,0.18,0.83
2012-08-10,5.56,5.53,5.63,5.48,42097,23892695.00,2.70,-0.54,-0.03,0.66
2012-08-13,5.47,5.34,5.55,5.33,35689,19926442.00,3.98,-3.44,-0.19,0.56
2012-08-14,5.31,5.39,5.39,5.18,33943,18374062.00,3.93,0.94,0.05,0.53
2012-08-15,5.36,5.70,5.93,5.35,182572,107017673.00,10.76,5.75,0.31,2.88
2012-08-16,5.58,5.62,5.71,5.57,80486,46469944.00,2.46,-1.40,-0.08,1.27
2012-08-17,5.57,5.63,5.68,5.57,44077,25378070.00,1.96,0.18,0.01,0.69
2012-08-20,5.59,5.57,5.62,5.46,39122,22188800.00,2.84,-1.07,-0.06,0.62
2012-08-21,5.54,5.60,5.66,5.52,50862,29274322.00,2.51,0.54,0.03,0.80
2012-08-22,5.60,5.47,5.60,5.45,40346,22812967.00,2.68,-2.32,-0.13,0.64
2012-08-23,5.47,5.55,5.56,5.43,30921,17447644.00,2.38,1.46,0.08,0.49
2012-08-24,5.54,5.54,5.61,5.49,41618,23719654.00,2.16,-0.18,-0.01,0.66
2012-08-27,5.46,5.27,5.49,5.26,41609,22879158.00,4.15,-4.87,-0.27,0.66
2012-08-28,5.27,5.29,5.33,5.20,29421,15907995.00,2.47,0.38,0.02,0.46
2012-08-29,5.28,5.26,5.37,5.20,28396,15416871.00,3.21,-0.57,-0.03,0.45
2012-08-30,5.24,5.20,5.28,5.09,33938,18061367.00,3.61,-1.14,-0.06,0.53
2012-08-31,5.20,5.22,5.25,5.16,23300,12464761.00,1.73,0.38,0.02,0.37
2012-09-03,5.18,5.28,5.30,5.17,20714,11178367.00,2.49,1.15,0.06,0.33
2012-09-04,5.32,5.21,5.36,5.21,27226,14766186.00,2.84,-1.33,-0.07,0.43
2012-09-05,5.21,5.24,5.25,5.10,23639,12609552.00,2.88,0.58,0.03,0.37
2012-09-06,5.28,5.30,5.34,5.22,23301,12628477.00,2.29,1.15,0.06,0.37
2012-09-07,5.34,5.49,5.61,5.33,63919,35914297.00,5.28,3.58,0.19,1.01
2012-09-10,5.48,5.76,5.99,5.46,155950,92106743.00,9.65,4.92,0.27,2.46
2012-09-11,5.69,5.67,5.79,5.60,67046,38943693.00,3.30,-1.56,-0.09,1.06
2012-09-12,5.67,5.70,5.73,5.61,44851,25985426.00,2.12,0.53,0.03,0.71
2012-09-13,5.70,5.61,5.73,5.58,47443,27479506.00,2.63,-1.58,-0.09,0.75
2012-09-14,5.66,5.60,5.70,5.56,35967,20697829.00,2.50,-0.18,-0.01,0.57
2012-09-17,5.58,5.49,5.62,5.47,39527,22498325.00,2.68,-1.96,-0.11,0.62
2012-09-18,5.49,5.46,5.62,5.44,28410,16062017.00,3.28,-0.55,-0.03,0.45
2012-09-19,5.47,5.56,5.57,5.46,24806,14060246.00,2.01,1.83,0.10,0.39
2012-09-20,5.59,5.40,5.59,5.39,27443,15333952.00,3.60,-2.88,-0.16,0.43
2012-09-21,5.38,5.23,5.40,5.19,48676,26383686.00,3.89,-3.15,-0.17,0.77
2012-09-24,5.23,5.27,5.33,5.15,33863,18249827.00,3.44,0.76,0.04,0.53
2012-09-25,5.24,5.20,5.31,5.19,17253,9290860.00,2.28,-1.33,-0.07,0.27
2012-09-26,5.20,5.12,5.26,5.11,27544,14650483.00,2.88,-1.54,-0.08,0.43
2012-09-27,5.12,5.24,5.25,5.09,37813,20163847.00,3.13,2.34,0.12,0.60
2012-09-28,5.21,5.41,5.48,5.20,45359,24973183.00,5.34,3.24,0.17,0.71
2012-10-08,5.37,5.29,5.43,5.27,35436,19406589.00,2.96,-2.22,-0.12,0.56
2012-10-09,5.29,5.43,5.45,5.29,38913,21518245.00,3.02,2.65,0.14,0.61
2012-10-10,5.43,5.51,5.52,5.41,34462,19354687.00,2.03,1.47,0.08,0.54
2012-10-11,5.50,5.36,5.51,5.30,47483,26264053.00,3.81,-2.72,-0.15,0.75
2012-10-12,5.37,5.36,5.42,5.31,23941,13183505.00,2.05,0.00,0.00,0.38
2012-10-15,5.40,5.36,5.40,5.31,17398,9539985.00,1.68,0.00,0.00,0.27
2012-10-16,5.36,5.37,5.44,5.32,33981,18785229.00,2.24,0.19,0.01,0.54
2012-10-17,5.38,5.48,5.52,5.32,47659,26526428.00,3.72,2.05,0.11,0.75
2012-10-18,5.48,5.51,5.55,5.46,55714,31439024.00,1.64,0.55,0.03,0.88
2012-10-19,5.52,5.49,5.55,5.47,25289,14265129.00,1.45,-0.36,-0.02,0.40
2012-10-22,5.46,5.52,5.53,5.44,21923,12320499.00,1.64,0.55,0.03,0.35
2012-10-23,5.53,5.43,5.54,5.42,29877,16765960.00,2.17,-1.63,-0.09,0.47
2012-10-24,5.40,5.39,5.45,5.36,24712,13674160.00,1.66,-0.74,-0.04,0.39
2012-10-25,5.38,5.39,5.48,5.36,22819,12676668.00,2.23,0.00,0.00,0.36
2012-10-26,5.37,5.21,5.41,5.19,39738,21523077.00,4.08,-3.34,-0.18,0.63
2012-10-29,5.18,5.21,5.24,5.16,18866,10061526.00,1.54,0.00,0.00,0.30
2012-10-30,5.23,5.24,5.27,5.17,24283,13044703.00,1.92,0.58,0.03,0.38
2012-10-31,5.22,5.24,5.27,5.20,13640,7319034.00,1.34,0.00,0.00,0.21
2012-11-01,5.24,5.32,5.35,5.22,24244,13218193.00,2.48,1.53,0.08,0.38
2012-11-02,5.34,5.41,5.43,5.30,32628,17971877.00,2.44,1.69,0.09,0.51
2012-11-05,5.40,5.43,5.44,5.34,24994,13819281.00,1.85,0.37,0.02,0.39
2012-11-06,5.42,5.36,5.42,5.28,21272,11668489.00,2.58,-1.29,-0.07,0.33
2012-11-07,5.36,5.52,5.54,5.33,68930,38684585.00,3.92,2.99,0.16,1.09
2012-11-08,5.46,5.28,5.48,5.25,52909,29104024.00,4.17,-4.35,-0.24,0.83
2012-11-09,5.23,5.23,5.27,5.18,25818,13846516.00,1.70,-0.95,-0.05,0.41
2012-11-12,5.23,5.27,5.28,5.19,17538,9433864.00,1.72,0.76,0.04,0.28
2012-11-13,5.27,5.17,5.27,5.14,23527,12536521.00,2.47,-1.90,-0.10,0.37
2012-11-14,5.17,5.29,5.46,5.11,68607,37377212.00,6.77,2.32,0.12,1.08
2012-11-15,5.26,5.20,5.36,5.17,42390,22941152.00,3.59,-1.70,-0.09,0.67
2012-11-16,5.21,5.08,5.25,5.07,23340,12302773.00,3.46,-2.31,-0.12,0.37
2012-11-19,5.07,5.07,5.14,4.97,18180,9437558.00,3.35,-0.20,-0.01,0.21
2012-11-20,5.11,5.11,5.21,5.07,79375,42065660.00,2.76,0.79,0.04,0.90
2012-11-21,5.11,5.15,5.15,5.02,20486,10714950.00,2.54,0.78,0.04,0.23
2012-11-22,5.15,5.07,5.15,5.05,20108,10509360.00,1.94,-1.55,-0.08,0.23
2012-11-23,5.10,5.09,5.17,5.06,28606,15027450.00,2.17,0.39,0.02,0.32
2012-11-26,5.09,5.01,5.09,5.00,18619,9633546.00,1.77,-1.57,-0.08,0.21
2012-11-27,5.01,4.84,5.01,4.84,27656,13973485.00,3.39,-3.39,-0.17,0.31
2012-11-28,4.76,4.66,4.80,4.66,19844,9611113.00,2.89,-3.72,-0.18,0.22
2012-11-29,4.68,4.49,4.71,4.48,17804,8481213.00,4.94,-3.65,-0.17,0.20
2012-11-30,4.50,4.93,4.95,4.49,109295,54418393.00,10.24,9.80,0.44,1.23
2012-12-03,4.78,4.73,4.85,4.69,77288,37919846.00,3.25,-4.06,-0.20,0.87
2012-12-04,4.67,4.65,4.69,4.41,59325,27832552.00,5.92,-1.69,-0.08,0.67
2012-12-05,4.59,4.81,4.87,4.58,45875,22551217.00,6.24,3.44,0.16,0.52
2012-12-06,4.83,4.76,4.83,4.71,23324,11447839.00,2.49,-1.04,-0.05,0.26
2012-12-07,4.73,4.84,4.87,4.72,57859,28592208.00,3.15,1.68,0.08,0.65
2012-12-10,4.84,4.92,4.93,4.80,44420,22298401.00,2.69,1.65,0.08,0.50
2012-12-11,4.90,4.88,4.97,4.87,31678,16019612.00,2.03,-0.81,-0.04,0.36
2012-12-12,4.89,4.87,4.93,4.82,25279,12622641.00,2.25,-0.20,-0.01,0.29
2012-12-13,4.86,4.75,4.87,4.73,18773,9275843.00,2.87,-2.46,-0.12,0.21
2012-12-14,4.78,4.92,4.96,4.75,42986,21648221.00,4.42,3.58,0.17,0.49
2012-12-17,4.95,5.10,5.13,4.93,63827,33017825.00,4.07,3.66,0.18,0.72
2012-12-18,5.10,5.06,5.18,5.03,48625,25417506.00,2.94,-0.78,-0.04,0.55
2012-12-19,5.02,5.06,5.16,5.02,36626,19158475.00,2.77,0.00,0.00,0.41
2012-12-20,5.04,5.11,5.13,4.98,36521,19036432.00,2.96,0.99,0.05,0.41
2012-12-21,5.06,5.20,5.46,5.06,125591,68141110.00,7.83,1.76,0.09,1.42
2012-12-24,5.12,5.09,5.24,5.06,64889,34334768.00,3.46,-2.12,-0.11,0.73
2012-12-25,5.15,5.60,5.61,5.12,279803,156923089.00,9.63,10.02,0.51,3.16
2012-12-26,5.44,6.14,6.15,5.43,544750,330957264.00,12.86,9.64,0.54,6.16
2012-12-27,5.87,6.02,6.09,5.84,265967,162324883.00,4.07,-1.95,-0.12,3.01
2012-12-28,6.01,5.96,6.04,5.89,306138,187221755.00,2.49,-1.00,-0.06,3.46
2012-12-31,5.96,6.47,6.56,5.93,546479,350504496.00,10.57,8.56,0.51,6.17